4.469652342192400457e-03
4.473038276006821058e-03
4.462043588841245467e-03
4.436938295281505490e-03
4.399181366840149675e-03
4.350801228291985637e-03
4.292618314115394067e-03
4.227029787588396613e-03
4.155424373430817962e-03
4.079287110406206764e-03
3.999666138720224355e-03
3.916983037132614441e-03
3.831500256021714516e-03
3.745452379496455771e-03
3.659953245295124134e-03
3.574583539324252459e-03
3.488408218555029243e-03
3.401157331513166449e-03
3.316542647913613834e-03
3.232070664612713903e-03
3.147460922265481794e-03
3.066122186228594296e-03
2.983424881772304624e-03
2.901103606789156610e-03
2.822179514196854980e-03
2.742691545235392651e-03
2.665149385171107586e-03
2.586983939933428130e-03
2.512194018969047832e-03
2.437045318383742210e-03
2.366937618140872203e-03
2.295323037154972396e-03
2.228335262824071659e-03
2.161129666644973080e-03
2.097832428758116680e-03
2.034366463236693054e-03
1.973510956079955157e-03
1.915098486971758985e-03
1.856650355712525461e-03
1.801189417020100441e-03
1.746642705421860755e-03
1.693780839596043279e-03
1.643168610298128196e-03
1.593555242117282358e-03
1.545256959748501002e-03
1.499146246544547176e-03
1.453496590675086835e-03
1.409673623258349620e-03
1.367422514208781756e-03
1.325376460812625109e-03
1.285501087582497986e-03
1.247026182012120907e-03
1.209640773052792460e-03
1.173066386416702625e-03
1.137751121158636939e-03
1.103577307019243045e-03
1.069936489681848086e-03
1.037456526817806795e-03
1.006422268597739192e-03
9.763895875360317951e-04
9.470359093881158515e-04
9.185198356432665171e-04
8.910855073634300341e-04
8.645305092603593243e-04
8.385868139486263783e-04
8.135754282463479722e-04
7.893273935403449923e-04
7.655805340484752274e-04
7.429265654830242115e-04
7.209031863434141752e-04
6.995423784140119769e-04
6.788617268851884377e-04
6.586526635463631684e-04
6.391275913189189278e-04
6.203880939609008379e-04
6.021668145588001926e-04
5.844856055759983489e-04
5.671445024167315937e-04
5.505897857854635900e-04
5.345302312231250312e-04
5.189111682507309940e-04
5.037541383540578401e-04
4.890309097697301439e-04
4.748100225189895917e-04
4.609246429823827033e-04
4.476683289584179842e-04
4.347641521807722427e-04
4.222280611566343054e-04
4.099371470040623811e-04
3.980311834257854362e-04
3.866755794560302033e-04
3.756525126059596605e-04
3.647867315627151643e-04
3.545788091956616822e-04
3.444263330392274337e-04
3.344653758405147334e-04
3.249889759736593786e-04
3.157488078650136278e-04
3.069243602824380294e-04
2.981608046449198178e-04
2.899867553952540505e-04
2.818500935132219531e-04
2.738989757882511031e-04
2.660185828644544281e-04
2.584670975877823820e-04
2.512725624362547173e-04
2.444269258827794157e-04
2.374583180846231642e-04
2.307100724091972822e-04
2.244814553436022141e-04
2.183150664524047626e-04
2.122048730355765201e-04
2.062634415973320660e-04
2.006552915938520330e-04
1.953841182192656738e-04
1.901468846946138781e-04
1.847259123419691209e-04
1.795865168551022265e-04
1.747972248545603729e-04
1.700592343483798869e-04
1.653761023303655729e-04
1.608918461257015419e-04
1.565284852082266410e-04
1.522304022661785628e-04
1.482340643456612767e-04
1.443066180663888645e-04
1.405634138372721111e-04
1.368013508709394063e-04
1.330375578604019637e-04
1.292997061353394473e-04
1.260259281949271286e-04
1.228284557541365891e-04
1.196440999450879131e-04
1.164038346374079915e-04
1.134022431780063871e-04
1.103417737429154616e-04
1.074658367262978421e-04
1.046894592471022881e-04
1.019079341729735132e-04
9.918793755507609349e-05
9.652701247339244214e-05
9.402083521425655898e-05
9.156879093153452872e-05
8.920984020004588230e-05
8.690486102951891728e-05
8.480654507638574798e-05
8.263943964614665644e-05
8.056265439403514071e-05
7.857561786245660423e-05
7.649468546746371789e-05
7.450722697726849288e-05
7.251964324087053593e-05
7.063279360405258804e-05
6.883170797855310769e-05
6.712298224803303094e-05
6.548766030153610972e-05
6.387811249052664634e-05
6.225176442808604091e-05
6.064785789857812240e-05
5.916851592350933837e-05
5.766125086072265265e-05
5.628204446916545886e-05
5.486247434949719935e-05
5.352205142083944262e-05
5.218267269710771009e-05
5.088661694911287089e-05
4.961373711739181766e-05
4.840315552553032445e-05
4.720210418593531005e-05
4.603414898519549815e-05
4.493117485740404229e-05
4.381376241367441148e-05
4.279017629605283142e-05
4.171106243902495965e-05
4.070882408642720118e-05
3.973472365953276554e-05
3.874347089524126899e-05
3.780626176335109042e-05
3.686307548474206938e-05
3.599720449917725708e-05
3.515027113057671049e-05
3.433278112757751299e-05
3.350612372899577934e-05
3.267946633041405924e-05
3.193812912138267859e-05
3.119253997815184156e-05
3.047378956044448538e-05
2.978923087816475018e-05
2.904033018968945321e-05
2.836631055619124941e-05
2.769540326677875678e-05
2.701964864130176585e-05
2.640608877032852854e-05
2.579252889935528784e-05
2.518261636413751808e-05
2.460281674693431516e-05
2.403091094248841175e-05
2.346433789723115497e-05
2.289073553064252276e-05
2.237632883467122083e-05
2.186741793915081592e-05
2.137071479775679218e-05
2.091183309120585030e-05
2.045746193548929440e-05
1.996861933962569273e-05
1.948338464152474302e-05
1.903714069668804534e-05
1.861952468966795353e-05
1.818342476518559867e-05
1.778211886881571709e-05
1.738081297244583213e-05
1.698024834891618653e-05
1.659593115386249769e-05
1.622043057893555754e-05
1.587342794502635498e-05
1.552367903448085562e-05
1.518727603130015992e-05
1.484323667805246341e-05
1.449408999568400799e-05
1.419521127774515033e-05
1.387359809074053220e-05
1.355973872588753609e-05
1.327338882478553661e-05
1.296897539893511056e-05
1.269119975671956052e-05
1.242588846348935558e-05
1.213852075608555480e-05
1.187538740769163755e-05
1.161425504329898102e-05
1.135320792513709212e-05
1.111040515258138607e-05
1.087301000878887970e-05
1.064616003600850602e-05
1.041996485667372383e-05
1.019376967733894504e-05
9.985369689911252221e-06
9.767219198537567583e-06
9.548011435114705177e-06
9.353039123215619650e-06
9.153566405272668287e-06
8.948998141494854570e-06
8.769647871763456605e-06
8.582484307143522454e-06
8.387606218948982960e-06
8.222742029291276795e-06
8.057877839633570630e-06
7.874866945759919455e-06
7.714084439519337455e-06
7.553301933278755456e-06
7.389079170028203386e-06
7.237173196051015629e-06
7.088720924290421850e-06
6.943678447405889256e-06
6.804674566870625043e-06
6.661582317609691780e-06
6.518490068348758518e-06
6.395057309593765031e-06
6.261836610321598450e-06
6.128615911049430176e-06
6.011643259599909047e-06
5.886726722269980799e-06
5.757019046104211262e-06
5.644695630498849001e-06
5.534205193488874365e-06
5.412193822329068349e-06
5.302761908277048983e-06
5.198597695693166322e-06
5.089825673974494694e-06
4.982485263811024470e-06
4.884484446917629016e-06
4.786483630024231868e-06
4.685034830894292690e-06
4.591733415284298347e-06
4.500370708090100779e-06
4.411552091037003688e-06
4.330339315440127914e-06
4.244923264354864782e-06
4.159507213269600803e-06
4.080485259389324440e-06
4.003118761044988911e-06
3.922695561383156239e-06
3.843051620156889076e-06
3.774374264908720290e-06
3.698668234774573955e-06
3.620891297275642745e-06
3.552347905063672194e-06
3.486841745468765328e-06
3.414166207976184068e-06
3.344204598175676379e-06
3.281465524529864561e-06
3.218726450884053168e-06
3.148420529919627097e-06
3.089242774779087297e-06
3.032661445507144460e-06
2.976080116235202046e-06
2.916347043967473838e-06
2.858624993434320767e-06
2.801926980094715066e-06
2.747855799382046426e-06
2.697614809272042049e-06
2.647026360777567918e-06
2.596437912283094211e-06
2.549768900291692711e-06
2.502258776010352987e-06
2.453774312547860175e-06
2.407336393484929327e-06
2.366505414089788107e-06
2.319568812515738181e-06
2.273129116653577871e-06
2.233366574657465868e-06
2.190983287856008010e-06
2.146601694663425343e-06
2.107526111262337222e-06
2.069324283068536747e-06
2.026599085663796181e-06
1.987920763936101100e-06
1.952766866706487784e-06
1.917589456436199038e-06
1.878009572467889197e-06
1.846026421862765745e-06
1.814043271257641870e-06
1.782060120652518630e-06
1.747890277488251829e-06
1.715344016256983777e-06
1.684612152192157649e-06
1.655277730768367258e-06
1.625280540573867210e-06
1.595283350379367374e-06
1.565286160184867326e-06
1.539341661739628172e-06
1.511945072156821268e-06
1.484548482574013941e-06
1.458180277114796890e-06
1.434630580582989658e-06
1.407307021365687430e-06
1.379983462148385202e-06
1.356247199352331231e-06
1.332512142599712191e-06
1.306558459642159702e-06
1.282339005119850209e-06
1.260749536253557375e-06
1.238416752931187647e-06
1.213243429202376475e-06
1.192119356318345584e-06
1.171952714770022783e-06
1.151786073221700195e-06
1.128095814598040524e-06
1.109793677536878689e-06
1.091491540475716854e-06
1.073189403414555019e-06
1.053675132911630187e-06
1.035095884315111446e-06
1.017065272705174612e-06
9.999745575738073164e-07
9.835896194278303357e-07
9.666908210501558346e-07
9.497920226724814395e-07
9.328932242948068325e-07
9.186843157980432620e-07
9.029626240640982882e-07
8.872409323301532085e-07
8.715192405962080229e-07
8.581590191097413681e-07
8.431971548812237292e-07
8.275928562589494581e-07
8.128284463581888798e-07
7.998594432144649386e-07
7.860640293229497768e-07
7.715777978352529229e-07
7.583747279430225610e-07
7.462818331377683355e-07
7.338895908619525963e-07
7.196825703340296149e-07
7.070341741353138832e-07
6.953755759821889780e-07
6.837169778290639669e-07
6.709732819935102184e-07
6.594674823753945068e-07
6.494711881498299373e-07
6.394748939242654736e-07
6.294785996987009041e-07
6.182839829763697898e-07
6.075920808122194475e-07
5.972956800233290684e-07
5.876885213690446040e-07
5.785739829686334380e-07
5.693194947871521476e-07
5.600650066056708573e-07
5.508105184241893552e-07
5.422357896014556375e-07
5.341287029916812225e-07
5.254438541076604582e-07
5.167590052236397998e-07
5.083703333646757771e-07
5.010115947727217637e-07
4.925091267527039836e-07
4.838699171520505347e-07
4.756166388090290144e-07
4.683709435769942221e-07
4.608409418994726658e-07
4.527935125485703015e-07
4.449799966522047718e-07
4.382150296732193871e-07
4.314500626942340554e-07
4.238836009505159590e-07
4.157777116815329694e-07
4.093695839787180246e-07
4.029958219936767737e-07
3.966220600086355758e-07
3.895085816280144596e-07
3.830755558611058527e-07
3.775836159459418922e-07
3.720916760307779846e-07
3.665997361156139711e-07
3.605134726099394109e-07
3.545554625252098952e-07
3.485974524404803795e-07
3.432060569067647586e-07
3.379487425064427144e-07
3.330594871577475890e-07
3.279940477906741581e-07
3.229286084236007800e-07
3.178631690565274020e-07
3.131709549300157700e-07
3.087417942248315484e-07
3.039923402778125949e-07
2.992428863307936413e-07
2.944934323837746348e-07
2.905150146967630578e-07
2.861858985420412577e-07
2.814558241322766084e-07
2.767257497225119061e-07
2.725518354125481659e-07
2.686433306922494401e-07
2.644679505523374928e-07
2.600867186492858540e-07
2.558540813693283733e-07
2.521227308789404274e-07
2.483913803885525344e-07
2.443793794311320335e-07
2.400296437214147200e-07
2.362309945056789848e-07
2.326914896830176722e-07
2.291519848603563861e-07
2.255164796702959855e-07
2.212964439979045408e-07
2.183074907727253686e-07
2.153822683539741773e-07
2.124570459352230124e-07
2.095318235164718210e-07
2.062310942121155118e-07
2.029858325749453327e-07
1.997405709377751537e-07
1.967576600456544719e-07
1.939491387761153614e-07
1.913013746970216722e-07
1.885540123779800876e-07
1.858066500589385295e-07
1.830592877398969449e-07
1.803119254208553603e-07
1.779710656305167115e-07
1.755053155976412352e-07
1.729624435502099472e-07
1.704195715027786857e-07
1.678766994553473978e-07
1.656781833129942234e-07
1.633454025769444883e-07
1.607717768483236269e-07
1.581981511197027656e-07
1.558115940650784170e-07
1.537030512735863841e-07
1.515591382100616415e-07
1.491483544672026415e-07
1.467375707243436415e-07
1.445842179374616677e-07
1.425781112828153810e-07
1.405720046281690943e-07
1.383694116647199266e-07
1.360523629981722612e-07
1.340464970992991391e-07
1.321667463363142464e-07
1.302869955733293537e-07
1.284072448103444609e-07
1.262069358609624725e-07
1.243054861642992353e-07
1.227346490219796488e-07
1.211638118796600623e-07
1.195929747373404494e-07
1.180221375950208761e-07
1.161558460766511962e-07
1.143946788498007957e-07
1.126335116229503687e-07
1.110522348046089539e-07
1.095507403785865863e-07
1.081289741039476185e-07
1.066811599982037994e-07
1.052233458269707298e-07
1.037655316557376602e-07
1.023077174845045906e-07
1.009472615517481077e-07
9.971376613258477046e-08
9.837068511436540590e-08
9.702760409614605457e-08
9.568452307792669002e-08
9.438608770823307961e-08
9.324578243755239518e-08
9.199332611910859511e-08
9.063976400585944360e-08
8.928620189261029209e-08
8.800239522333936062e-08
8.687311007500220164e-08
8.574382492666504267e-08
8.447781950498961055e-08
8.319039291846345905e-08
8.194927097839985764e-08
8.088786944774981231e-08
7.982646791709976698e-08
7.876506638644973489e-08
7.751622098585973625e-08
7.625367926539312008e-08
7.520008207139348690e-08
7.416746066883302362e-08
7.313483926627256035e-08
7.210221786371209708e-08
7.092212700051004835e-08
6.987828415744812203e-08
6.905102033167512023e-08
6.822375650590211842e-08
6.739649268012911661e-08
6.656922885435611481e-08
6.565977385719780990e-08
6.469808351923580046e-08
6.377030724768072861e-08
6.284253097612567000e-08
6.205649178874273812e-08
6.128065891627887814e-08
6.054572038908439414e-08
5.976760270968964695e-08
5.898909615091740589e-08
5.821058959214517145e-08
5.743208303337294362e-08
5.667552006041754650e-08
5.606086000559217429e-08
5.534301249770080881e-08
5.462458321518963729e-08
5.390615393267846577e-08
5.318772465016729425e-08
5.254014500177270351e-08
5.192944946656425189e-08
5.122283082900562467e-08
5.050066462814185473e-08
4.977849842727807817e-08
4.911259421033593688e-08
4.851683126712753584e-08
4.792106832391914142e-08
4.726161634448823344e-08
4.658694213271911782e-08
4.591226792094999558e-08
4.534054937698588399e-08
4.477081617212118968e-08
4.420108296725650861e-08
4.357792306883237234e-08
4.290441099066089950e-08
4.228122911834562038e-08
4.174417887697338176e-08
4.120712863560114976e-08
4.067007839422892438e-08
4.013302815285668576e-08
3.950785798707653364e-08
3.895622735019867595e-08
3.852894716766418321e-08
3.810166698512969708e-08
3.767438680259520434e-08
3.724710662006071822e-08
3.681982643752621886e-08
3.628281412567189774e-08
3.578432979957914432e-08
3.528584547348639091e-08
3.481529686920380250e-08
3.440279921461298852e-08
3.399030156002216791e-08
3.360679196924856577e-08
3.320173420925756695e-08
3.279667644926657474e-08
3.239161868927558254e-08
3.198656092928458372e-08
3.158547966590224234e-08
3.126201481626548472e-08
3.089470005577691777e-08
3.051880547506003408e-08
3.014291089434314377e-08
2.976701631362625677e-08
2.940278196303966967e-08
2.908141719139083467e-08
2.874353270205266268e-08
2.836638068293233040e-08
2.798922866381200143e-08
2.761207664469167245e-08
2.727369186982209475e-08
2.695653133974121649e-08
2.663937080966033161e-08
2.628611594953364649e-08
2.592597162782510269e-08
2.556582730611656220e-08
2.525989898783874772e-08
2.496190913929682098e-08
2.466391929075489423e-08
2.435931835682562444e-08
2.400607797620745505e-08
2.365283759558928235e-08
2.335483749596128652e-08
2.306847060611028025e-08
2.278210371625927727e-08
2.249573682640827430e-08
2.220582504035129064e-08
2.186441727550032849e-08
2.158244171842798045e-08
2.135952870142549127e-08
2.113661568442300209e-08
2.091370266742051291e-08
2.069078965041802373e-08
2.046787663341553455e-08
2.019407176311113125e-08
1.993288425352972944e-08
1.967169674394832431e-08
1.941050923436691588e-08
1.919141970381076752e-08
1.898201522957218572e-08
1.877261075533360062e-08
1.858058221082484805e-08
1.837344607168288132e-08
1.816611966118167989e-08
1.795879325068048507e-08
1.775146684017928695e-08
1.754414042967808552e-08
1.733681401917689071e-08
1.715739745112647227e-08
1.698245655390604470e-08
1.678974860616342802e-08
1.659704065842081134e-08
1.640433271067819466e-08
1.621162476293557798e-08
1.601891681519296461e-08
1.582137654753225879e-08
1.562309076505705154e-08
1.542480498258184098e-08
1.522699029713856374e-08
1.506150296995533426e-08
1.489601564277210809e-08
1.473023246220744780e-08
1.454488231168942136e-08
1.435953216117139823e-08
1.417418201065337178e-08
1.419480413630882446e-08
1.425695693493388309e-08
1.431910973355893841e-08
1.367729758387759760e-08
1.335798245550464521e-08
1.317056816740587336e-08
1.308704110582522576e-08
1.315185988174049347e-08
1.321667865765575622e-08
1.328149743357102393e-08
1.281347980266077309e-08
1.224174487638470434e-08
1.206420969731758599e-08
1.204820260701871169e-08
1.211369662307853700e-08
1.217919063913836396e-08
1.224468465519818762e-08
1.211088674998953072e-08
1.161418265981179487e-08
1.123524012482794003e-08
1.123081088424758010e-08
1.124940251288458835e-08
1.126799414152159493e-08
1.128658577015860152e-08
1.130517739879560645e-08
1.087246289457947387e-08
1.038398920375783891e-08
1.029897665327106764e-08
1.031142994072452044e-08
1.032388322817796993e-08
1.033633651563142272e-08
1.034878980308487387e-08
1.027694100074122764e-08
9.705044234565984294e-09
9.627760295134091793e-09
9.427006803270398668e-09
9.431385415701597623e-09
9.435764028132798231e-09
9.440142640563997186e-09
9.444521252995196140e-09
9.169176484011001691e-09
8.943140581632450754e-09
8.902358088179131689e-09
8.690307266914759818e-09
8.538436949015203012e-09
8.437817600794666403e-09
8.337198252574128139e-09
8.236578904353591530e-09
8.202389449798952587e-09
8.393567294105299162e-09
8.208449329925424947e-09
8.006946109960207013e-09
7.805442889994987425e-09
7.704057927849428480e-09
7.607152209984209391e-09
7.510246492118988648e-09
7.621428593075385078e-09
7.784826722141801139e-09
7.700496065064063669e-09
7.616165407986326199e-09
7.531834750908587074e-09
7.447504093830848777e-09
7.268131611532748864e-09
6.908071161301097932e-09
6.734558617460332192e-09
6.640154139105409859e-09
6.680049574511453662e-09
6.725490331708988364e-09
6.770931088906523067e-09
6.816371846104056942e-09
6.661627434432391280e-09
6.425475362182371738e-09
6.230749350229673330e-09
6.221341508484971817e-09
6.236299582761398807e-09
6.251257657037827451e-09
6.266215731314253614e-09
6.281173805590681431e-09
6.107058524952843826e-09
5.876387526509343072e-09
5.726378256080854584e-09
5.708554609354516393e-09
5.720211639196824070e-09
5.731868669039131747e-09
5.743525698881440251e-09
5.755182728723748756e-09
5.604510473258592348e-09
5.337358155690570921e-09
5.323487702400125633e-09
5.222684000621241627e-09
5.229548066677571875e-09
5.236412132733902122e-09
5.243276198790233197e-09
5.250140264846562618e-09
5.128135201525236424e-09
4.935437292642513453e-09
4.966489730529937103e-09
4.859413192280456937e-09
4.758190235532496690e-09
4.705001192145916110e-09
4.651812148759336356e-09
4.598623105372755775e-09
4.545434061986175195e-09
4.595630846461074884e-09
4.622138837675738829e-09
4.520009831192739286e-09
4.417880824709738088e-09
4.326014798661271784e-09
4.391997274322762512e-09
4.343404825346775621e-09
4.201488240507742643e-09
4.233473499881302210e-09
4.310377959932770657e-09
4.215638357718851627e-09
4.120898755504933425e-09
4.026159153291014395e-09
3.931419551077096192e-09
3.908849676757227028e-09
3.895635705286754771e-09
3.798635254125208611e-09
3.965981125005157404e-09
3.944228071100329735e-09
3.871155679827392932e-09
3.798083288554456957e-09
3.725010897281520568e-09
3.651938506008584179e-09
3.578866114735647790e-09
3.512376753515679753e-09
3.530739753451919484e-09
3.675988648572312137e-09
3.605576431868619917e-09
3.535164215164927283e-09
3.464751998461235063e-09
3.394339781757542430e-09
3.323927565053850623e-09
3.253515348350157990e-09
3.186361071211361087e-09
3.219070213319051491e-09
3.344699696845586591e-09
3.292453209246609863e-09
3.221481758254837823e-09
3.150510307263065783e-09
3.079538856271293743e-09
3.008567405279521289e-09
2.963311278447845305e-09
2.992708771211701930e-09
2.934418869103896235e-09
3.037027000300964373e-09
2.996164321322210504e-09
2.927218752836672151e-09
2.858273184351134213e-09
2.789327615865595860e-09
2.739275575964006947e-09
2.794558561686925373e-09
2.791832989924487247e-09
2.663973931774826625e-09
2.716804575877551959e-09
2.714068344913971031e-09
2.644225849107785205e-09
2.574383353301598966e-09
2.526149716550632859e-09
2.582740273390412201e-09
2.639330830230191957e-09
2.575408552052125762e-09
2.468804349923155062e-09
2.420340973089674186e-09
2.461187865193134843e-09
2.395002523921868588e-09
2.322904907877966641e-09
2.354391442944074744e-09
2.414648685127813431e-09
2.474905927311552532e-09
2.407909147631027465e-09
2.314590277906007554e-09
2.221271408180986817e-09
2.171260752241082541e-09
2.182313452729008994e-09
2.104726715462356302e-09
2.157998489555284425e-09
2.224909566767572833e-09
2.291820643979860826e-09
2.275812279765737948e-09
2.206044494981924274e-09
2.136276710198110186e-09
2.066508925414296925e-09
1.996741140630483251e-09
1.964445605814306311e-09
1.980132823568813280e-09
2.037448228574514279e-09
2.094763633580215278e-09
2.149331256484468220e-09
2.083006207691492453e-09
2.016681158898517101e-09
1.950356110105541748e-09
1.884031061312565981e-09
1.817706012519590628e-09
1.791220003211643441e-09
1.874416658318699814e-09
1.913429328320945151e-09
1.951660207197235149e-09
1.978247906284707798e-09
1.910916842603139290e-09
1.843585778921570368e-09
1.776254715240001447e-09
1.708923651558432525e-09
1.640738131289478628e-09
1.670642674197202766e-09
1.722351302296383820e-09
1.755553273446043831e-09
1.788755244595703841e-09
1.821957215745363852e-09
1.767139100579508761e-09
1.698601367236383173e-09
1.630063633893257791e-09
1.561525900550132410e-09
1.490841522043416260e-09
1.522459459807826926e-09
1.517342743303838837e-09
1.480911708359883005e-09
1.444480673415926967e-09
1.408109314336825272e-09
1.414235088313360652e-09
1.420360862289896032e-09
1.426486636266431204e-09
1.407507822539914774e-09
1.345824057047301155e-09
1.368950296955275764e-09
1.359068119243699711e-09
1.321897561160519761e-09
1.293030070632610498e-09
1.299617643367989463e-09
1.306205216103368222e-09
1.312792788838746980e-09
1.319380361574125738e-09
1.288494628791094675e-09
1.237790759209871906e-09
1.217921873475842221e-09
1.219224993846037627e-09
1.179671926792288955e-09
1.181754700117391433e-09
1.188978426577688280e-09
1.196202153037985127e-09
1.203425879498281974e-09
1.210649605958578615e-09
1.196519395866116018e-09
1.163513068615259612e-09
1.130506741364403000e-09
1.101259030995642770e-09
1.090992466710088066e-09
1.093659494603245352e-09
1.096326522496402638e-09
1.098993550389559718e-09
1.101660578282717004e-09
1.104327606175874084e-09
1.106994634069031370e-09
1.076833579959030692e-09
1.044205117890212394e-09
1.011576655821394096e-09
1.007245003608552953e-09
1.041134486268992175e-09
1.075023968929431397e-09
1.108913451589870826e-09
1.092873691242636903e-09
1.060056600723938659e-09
1.027239510205240622e-09
9.942298520872795807e-10
9.607171286148025217e-10
9.272044051423255662e-10
9.218993418578561836e-10
9.473385799072412486e-10
9.753597149612411110e-10
1.003380850015240973e-09
1.025411158936463566e-09
9.915316789671564641e-10
9.576521989978493621e-10
9.237727190285421566e-10
8.901024607839535555e-10
8.568054792852046825e-10
8.394540294578984938e-10
8.552587795602445704e-10
8.773105931419556887e-10
8.996514994481647069e-10
9.219924057543738286e-10
9.360721923743608299e-10
9.025105158218441991e-10
8.689488392693277751e-10
8.353871627168111442e-10
8.013613095183269964e-10
7.593451197477034451e-10
7.756468750901547676e-10
7.928750446253285502e-10
8.082727156114924806e-10
8.236703865976563075e-10
8.390680575838201345e-10
8.530548157825440964e-10
8.101710105380714310e-10
7.672872052935987657e-10
7.337235421079610964e-10
7.092454781957930763e-10
6.847674142836249528e-10
6.905637226378760458e-10
7.044048146582212875e-10
7.207565887175683463e-10
7.371083627769155084e-10
7.534601368362625672e-10
7.698119108956097293e-10
7.364222461272252823e-10
6.855254580658950286e-10
6.687600070253388010e-10
6.519945559847825734e-10
6.352291049442264492e-10
6.250989857161785262e-10
6.378001456410422630e-10
6.512459266163947141e-10
6.646917075917470618e-10
6.781374885670994095e-10
6.915832695424518606e-10
6.794885638373796737e-10
6.257946000101011007e-10
6.098066035612053096e-10
5.938186071123094151e-10
5.778306106634135205e-10
5.653987859956424554e-10
5.629717457460800914e-10
5.766923713871810721e-10
5.904129970282819494e-10
6.041336226693828268e-10
6.178542483104837041e-10
6.215167171042032258e-10
5.715604771582356954e-10
5.532458986081145190e-10
5.369202756071543205e-10
5.205946526061941219e-10
5.261424797033431395e-10
5.277194520013667429e-10
5.097560164436637822e-10
5.165440027598990637e-10
5.288601557669218900e-10
5.411763087739448197e-10
5.534924617809675426e-10
5.338837679828193290e-10
5.034518998006455840e-10
4.870883553647097565e-10
4.762793967284459266e-10
4.859593706990649466e-10
4.909710016313655209e-10
4.876193200483616189e-10
