3.573593096032337806e-03
3.577981210707936819e-03
3.573285477123114284e-03
3.559657668561887634e-03
3.537180664382022499e-03
3.507343694401128618e-03
3.471991857599930533e-03
3.430985974962267714e-03
3.384799004480720883e-03
3.334642937014256191e-03
3.282425482389644562e-03
3.227338268798543488e-03
3.170640451032576915e-03
3.112775388938522798e-03
3.054144575252286734e-03
2.994942841565901605e-03
2.934724733368714381e-03
2.874387962312955833e-03
2.815557405298381444e-03
2.754957429368340514e-03
2.696268270379580199e-03
2.636597747674695666e-03
2.577780072948134948e-03
2.519031056486709108e-03
2.460942175508090517e-03
2.402437249340176866e-03
2.344774448064905915e-03
2.287446394746448040e-03
2.231200821101297221e-03
2.175822069035538570e-03
2.121928237328386032e-03
2.069024192983527632e-03
2.016433081209784758e-03
1.965996318651418856e-03
1.916056609974321452e-03
1.866943639951323518e-03
1.820342616247517826e-03
1.773039620887571517e-03
1.727266361356952912e-03
1.683936008928396027e-03
1.640747406747431652e-03
1.598294554905903882e-03
1.556839281808441566e-03
1.516339407715718620e-03
1.477249102261997621e-03
1.439209698154863236e-03
1.402048433735481481e-03
1.365805092596666980e-03
1.330163408263254025e-03
1.295340695391392115e-03
1.261987800434945760e-03
1.229357181280474939e-03
1.197277143000385468e-03
1.166020790104412919e-03
1.135413584411774880e-03
1.106159240711502602e-03
1.077302011008513145e-03
1.049173333808224801e-03
1.022173071787021992e-03
9.955996140778384986e-04
9.697873505883500755e-04
9.446046215766663694e-04
9.200647585337044408e-04
8.964326421358971477e-04
8.731893557096454591e-04
8.504421837734875032e-04
8.284911271750107498e-04
8.071623581990223584e-04
7.861809619089643033e-04
7.658662335123980324e-04
7.461823194609023581e-04
7.270946279867320210e-04
7.083992860306792495e-04
6.902118465303042245e-04
6.723991941572913297e-04
6.552471502530392549e-04
6.386236058693269858e-04
6.221608285870998314e-04
6.062616844302498630e-04
5.907577179397538935e-04
5.757423051177659777e-04
5.612680512438120032e-04
5.469341217041553309e-04
5.330094586927297193e-04
5.194699273227102072e-04
5.063153372063763404e-04
4.937664077259182153e-04
4.812411146729743861e-04
4.688977409789155072e-04
4.570947745537658636e-04
4.456935002962601386e-04
4.344818301221365199e-04
4.236616405097830512e-04
4.130608069541481212e-04
4.027904696976791180e-04
3.928498425628065989e-04
3.831152239592270389e-04
3.735476045968675858e-04
3.643333578816641328e-04
3.551990451085588682e-04
3.467631482874776070e-04
3.382324092345961311e-04
3.297762305460105541e-04
3.215004222562143233e-04
3.135366251128081437e-04
3.057084325144470761e-04
2.986558417021052507e-04
2.912039995205090268e-04
2.840401259672733938e-04
2.773260634002051644e-04
2.706459784355358476e-04
2.640779852229073661e-04
2.577778179304158839e-04
2.514888593235189876e-04
2.452466602587428783e-04
2.392194918337895034e-04
2.336956233717289830e-04
2.282246427571307931e-04
2.227506546078290633e-04
2.172714860552528503e-04
2.120893653087835707e-04
2.070201834244389473e-04
2.022391632121464070e-04
1.976872131096780094e-04
1.930339458032339695e-04
1.883639362929990905e-04
1.838892694768095063e-04
1.796844781636861054e-04
1.754107702992494921e-04
1.712153365891178850e-04
1.672869277380435846e-04
1.634143372137910612e-04
1.595503880358292736e-04
1.559816575018277190e-04
1.523424807937518973e-04
1.487545947980998986e-04
1.453699475563082486e-04
1.420723060165393430e-04
1.388001433545029773e-04
1.355712007564656982e-04
1.323624369134994839e-04
1.294051467993059454e-04
1.265414626293880659e-04
1.236482508703780391e-04
1.208332114919820626e-04
1.180622984181390722e-04
1.153696911027011352e-04
1.127918688443158815e-04
1.102504481551330902e-04
1.076874887733209849e-04
1.052664723104241744e-04
1.029867764483205755e-04
1.006703435474721374e-04
9.838949174649566501e-05
9.619497020907061583e-05
9.405979294546433706e-05
9.203373921882248426e-05
9.000684916004537202e-05
8.794961318760286082e-05
8.602429085718603472e-05
8.413356708137185319e-05
8.227911656774802428e-05
8.054146920557121996e-05
7.878171874413345444e-05
7.699863791332539089e-05
7.536942464339601092e-05
7.375008731363275451e-05
7.214450923266850361e-05
7.060895475029233372e-05
6.909977247294630989e-05
6.757152261179638891e-05
6.611017246165848188e-05
6.470342553508878129e-05
6.328877911612630495e-05
6.189219078927334647e-05
6.063346575371994111e-05
5.937387097090096729e-05
5.805729630631022723e-05
5.680813657381164936e-05
5.561645456481966799e-05
5.442497938984815138e-05
5.325720418927618657e-05
5.218670554923820614e-05
5.110090824338706284e-05
4.999243643262107944e-05
4.895774069125956649e-05
4.796803835580174208e-05
4.697833602034391767e-05
4.595507156971641744e-05
4.504357624720393429e-05
4.410852486856688148e-05
4.317429870657274536e-05
4.224474114710273243e-05
4.140817438625743561e-05
4.057160762541213878e-05
3.973504086456684873e-05
3.892518199119944495e-05
3.816261727142199688e-05
3.740005255164454204e-05
3.661023820698143299e-05
3.582087268160350743e-05
3.512609099565741562e-05
3.443358567640562824e-05
3.374108035715384763e-05
3.303063990421818306e-05
3.238347030676167967e-05
3.173630070930517628e-05
3.108913111184867967e-05
3.043662468579416938e-05
2.982466073470859235e-05
2.923685300313022650e-05
2.865036110649731623e-05
2.808158077879751893e-05
2.751765911401496506e-05
2.697699924108941228e-05
2.645613279835372987e-05
2.594135861210292862e-05
2.542633902257916500e-05
2.494064644700476387e-05
2.445495387143036274e-05
2.396926129585596162e-05
2.350089956894176244e-05
2.305186800957160896e-05
2.260058538822098752e-05
2.215172227689937021e-05
2.171965642154685883e-05
2.129405868888148944e-05
2.087724914230252243e-05
2.046467660938670197e-05
2.007119882413269975e-05
1.970857350637662377e-05
1.933430800152583913e-05
1.895432227345645478e-05
1.857843755691446539e-05
1.822816418501715688e-05
1.788889708166786329e-05
1.757216141411293837e-05
1.723785046344088672e-05
1.689796782135846338e-05
1.656573287369100586e-05
1.626357297473607420e-05
1.595630424547391161e-05
1.564657088391188241e-05
1.535210651277510275e-05
1.507363462108449333e-05
1.480453724583351493e-05
1.452755181359980695e-05
1.425031469485076741e-05
1.397757536503070506e-05
1.372121053512143553e-05
1.347044041505744364e-05
1.322794337928167057e-05
1.298538725077294078e-05
1.274283112226420929e-05
1.250959311348655050e-05
1.229002562289500132e-05
1.207262605045040520e-05
1.185275568023289806e-05
1.161942638975036615e-05
1.140962632833830644e-05
1.120728327825045742e-05
1.100575318993738602e-05
1.080330957885731528e-05
1.060649870423359598e-05
1.042029618016311325e-05
1.023229242409299988e-05
1.004173566511548280e-05
9.864524596396700285e-06
9.693425329759221143e-06
9.522326063121742002e-06
9.350864829023036666e-06
9.179744224766077647e-06
9.023086389010611335e-06
8.864652328636329147e-06
8.704145525079437387e-06
8.543599843757904109e-06
8.397256899432353232e-06
8.256307032650745065e-06
8.108803363964027467e-06
7.969042218632860561e-06
7.815749453112400542e-06
7.687636036027454617e-06
7.559522618942508693e-06
7.423972313310778325e-06
7.285829591915403818e-06
7.164530693232765532e-06
7.046139554424788174e-06
6.927748415616810815e-06
6.808908138765198365e-06
6.680720466558221565e-06
6.576290780970972553e-06
6.461433240237823946e-06
6.350173517118988817e-06
6.238913794000153688e-06
6.128584369246775019e-06
6.039876665393831280e-06
5.937929947968892017e-06
5.829352562900419859e-06
5.723033710131768449e-06
5.621138923013012237e-06
5.535468655572147138e-06
5.449798388131282039e-06
5.357871020544905077e-06
5.260272189927337678e-06
5.170075160873143111e-06
5.089224784060692904e-06
5.008374407248242698e-06
4.927524030435791644e-06
4.840897938470650080e-06
4.750578158301990600e-06
4.676255391700231215e-06
4.599186237628433113e-06
4.524574459150037961e-06
4.449962680671641116e-06
4.369350006142065380e-06
4.307846536488261878e-06
4.237666327815403498e-06
4.167486119142545118e-06
4.097320158428060166e-06
4.027254132581724037e-06
3.962864609286880365e-06
3.901663967923111437e-06
3.836466617784177973e-06
3.771269267645244932e-06
3.706071917506311467e-06
3.646244208744436700e-06
3.590507710116641082e-06
3.531319281102612038e-06
3.472130852088582993e-06
3.413121539746385823e-06
3.362563766486491532e-06
3.310207658133492096e-06
3.260116053020515590e-06
3.210161393227647534e-06
3.160206733434779902e-06
3.110252073641911422e-06
3.053244274207397005e-06
3.002247743790432404e-06
2.957031064597316886e-06
2.911814385404200943e-06
2.866597706211085001e-06
2.821381027017969059e-06
2.772434112848743522e-06
2.730443908740890585e-06
2.688453704633037649e-06
2.646463500525184289e-06
2.604473296417330929e-06
2.562617939640335516e-06
2.525035538716669836e-06
2.487951010571245900e-06
2.447758988801248253e-06
2.407566967031250606e-06
2.367374945261253383e-06
2.334143953687311235e-06
2.298859325572135041e-06
2.267934979748949353e-06
2.230309575465572677e-06
2.192434992801516628e-06
2.159517280156111385e-06
2.131277674949116448e-06
2.094788937112374843e-06
2.063533139893904211e-06
2.029474737603235641e-06
1.998632428644163597e-06
1.972111357837437064e-06
1.945590287030710532e-06
1.912221341929245012e-06
1.882009044139417946e-06
1.860905486058184006e-06
1.836084076343883230e-06
1.805160783307803336e-06
1.774237490271723655e-06
1.743314197235643973e-06
1.718680910558566296e-06
1.697456734023031691e-06
1.676232557487497299e-06
1.647209911676507995e-06
1.617429499598089468e-06
1.592693877036155322e-06
1.570265956464597346e-06
1.549523996097523520e-06
1.529464841178617831e-06
1.505409815518741343e-06
1.477807922213732884e-06
1.458828193567223876e-06
1.440336487294506269e-06
1.415718539336936863e-06
1.396842367079393420e-06
1.373715909306738878e-06
1.351896951255627747e-06
1.336098132143116176e-06
1.319160340739349362e-06
1.296860640569205902e-06
1.274895708816173164e-06
1.255130016868563355e-06
1.237641934243536886e-06
1.221527859029059394e-06
1.205413783814582113e-06
1.187765820070550835e-06
1.168529691809382478e-06
1.153005585514481299e-06
1.141324646560666590e-06
1.129643707606851881e-06
1.111888988188994618e-06
1.090622307840509641e-06
1.071189314319115850e-06
1.057089635162399083e-06
1.042714122193502951e-06
1.031297674301737498e-06
1.019910611789588892e-06
1.004951979647329142e-06
9.856078583735407436e-07
9.732464903576422275e-07
9.607226039351626047e-07
9.452710069818951407e-07
9.323551445417376887e-07
9.213071666255182929e-07
9.045075111260805514e-07
8.928128311651884824e-07
8.848374958025863158e-07
8.750720987585731678e-07
8.587421862772335271e-07
8.422944438605688817e-07
8.303755233159359445e-07
8.186341474790611628e-07
8.091165787894887146e-07
7.995990100999163724e-07
7.897120863116645473e-07
7.758601479891949512e-07
7.622618540156219343e-07
7.530850634799187699e-07
7.440065367398096776e-07
7.349280099997005852e-07
7.258494832595913870e-07
7.167709565194821888e-07
7.034387289639188313e-07
6.940806759219841850e-07
6.861771331178913658e-07
6.782060176924368749e-07
6.702349022669824898e-07
6.622637868415281048e-07
6.517204428115394912e-07
6.392938202705381833e-07
6.311007982434155798e-07
6.231158308766952450e-07
6.151308635099750161e-07
6.070204482803617935e-07
5.988421870106974172e-07
5.906639257410330408e-07
5.827715199699298850e-07
5.793418993541035577e-07
5.717664196585587170e-07
5.621006362241907366e-07
5.524348527898227562e-07
5.447744338555564949e-07
5.355936683945843807e-07
5.315713561040950389e-07
5.279525009629656342e-07
5.215149327804676585e-07
5.131495106363898642e-07
5.038039453408066330e-07
4.944583800452234017e-07
4.894153280552834490e-07
4.853533317203632478e-07
4.812913353854429407e-07
4.752299800491197397e-07
4.682994414586877318e-07
4.607057929595189055e-07
4.513308854108311359e-07
4.472535989448967651e-07
4.430940892628081075e-07
4.389345795807193970e-07
4.341666336308607073e-07
4.292995124674973783e-07
4.244323913041341022e-07
4.143168566619942562e-07
4.074874756237462252e-07
4.027070359359089665e-07
3.978552530228507546e-07
3.929877361671369846e-07
3.881202193114232147e-07
3.832527024557093919e-07
3.783851855999955690e-07
3.717601203925648841e-07
3.672255442527830823e-07
3.626909681130012805e-07
3.581563919732194787e-07
3.536218158334376769e-07
3.490875398773250995e-07
3.445583903124048018e-07
3.393916679251821482e-07
3.351711824464297761e-07
3.309506969676774041e-07
3.267302114889250850e-07
3.225097260101727658e-07
3.182892405314203938e-07
3.141976600897064301e-07
3.115254525901951972e-07
3.094464831119987284e-07
3.076550297482412285e-07
3.058726285349656038e-07
3.007189163059668764e-07
2.950489892763410815e-07
2.893790622467152865e-07
2.848863185413208527e-07
2.824679651208743981e-07
2.803190968886210617e-07
2.788284062510872512e-07
2.763160154009952165e-07
2.712597942376986230e-07
2.662035730744020296e-07
2.619446512151207577e-07
2.585475962088141194e-07
2.559374945329904158e-07
2.541087031842926083e-07
2.530760970909777611e-07
2.487760693125506734e-07
2.440569579771486453e-07
2.402417234420831075e-07
2.370180036181161485e-07
2.342046202911255116e-07
2.316596743750503401e-07
2.288904054284366699e-07
2.261211364818229467e-07
2.233518675352092236e-07
2.205825985885955534e-07
2.178133296419818303e-07
2.147606048343794059e-07
2.119428647625406865e-07
2.094042864815977797e-07
2.068657082006548199e-07
2.043271299197119131e-07
2.017885516387689798e-07
1.992499733578260730e-07
1.967860744027464083e-07
1.951993784754157915e-07
1.944917216122984777e-07
1.923496747793229141e-07
1.895202280783652637e-07
1.866907813774075869e-07
1.838613346764499101e-07
1.810318879754922333e-07
1.795268164535152681e-07
1.774264225493914580e-07
1.763249630230742996e-07
1.746326170651694574e-07
1.720842586985794420e-07
1.695359003319894266e-07
1.669875419653994377e-07
1.654973197263119409e-07
1.641766956670927689e-07
1.618524050273915623e-07
1.601887291876199706e-07
1.588772233942825762e-07
1.565128355131117049e-07
1.539734497107563964e-07
1.520865646739619714e-07
1.508452738934794260e-07
1.495377874371755883e-07
1.473538347901966830e-07
1.454805161190741402e-07
1.441909236681621501e-07
1.419197283641597752e-07
1.403926619308087075e-07
1.397379405874639599e-07
1.390832192441191859e-07
1.382403326964590889e-07
1.352741891497596287e-07
1.323080456030601950e-07
1.306695940111123586e-07
1.289561884138003180e-07
1.274994173027174254e-07
1.260426461916345327e-07
1.245858750805516400e-07
1.231291039694687474e-07
1.216723328583858547e-07
1.203367773587540410e-07
1.198887506830002943e-07
1.195444930445668668e-07
1.192002354061334525e-07
1.188030293140361494e-07
1.163822570602114383e-07
1.139614848063866875e-07
1.115407125525619632e-07
1.104610059830051120e-07
1.091514210120601487e-07
1.087722827317657856e-07
1.083825425242060111e-07
1.077504142467253599e-07
1.063985116559817130e-07
1.040660330559556723e-07
1.020662378840710461e-07
1.015191775719170869e-07
1.006159973906186220e-07
9.906196622937595268e-08
9.824748975218993355e-08
9.768962856074470209e-08
9.702607047604630767e-08
9.531372861673558950e-08
9.341477540278391034e-08
9.301439032549835056e-08
9.215839421099352186e-08
9.125111118730617568e-08
8.967391837661581579e-08
8.871492099152494759e-08
8.782328883909241454e-08
8.642602978993426613e-08
8.566077245161275038e-08
8.544591071651017358e-08
8.523104898140758354e-08
8.501618724630499350e-08
8.332272751968316821e-08
8.142892444636356912e-08
8.012538225011869850e-08
7.891643523143248919e-08
7.860635213527534617e-08
7.833484005302519716e-08
7.806332797077504815e-08
7.779181588852491238e-08
7.688284782321215914e-08
7.498675667958540939e-08
7.309066553595865965e-08
7.240702540768937761e-08
7.185481444806197054e-08
7.130260348843457670e-08
7.075039252880718286e-08
7.019818156917977578e-08
6.964597060955239518e-08
6.863412318787892271e-08
6.712974549783204186e-08
6.668236143681730006e-08
6.597812655713161051e-08
6.588476082999139902e-08
6.579139510285118753e-08
6.569802937571096281e-08
6.503656407543606139e-08
6.368176024922936339e-08
6.203801729538546701e-08
6.153745818307900897e-08
6.093341151854896695e-08
6.019182871641207457e-08
5.952018718138478973e-08
5.931409473911979284e-08
5.910800229685480258e-08
5.890190985458981231e-08
5.756659598991746128e-08
5.627871830945481843e-08
5.617282300491683697e-08
5.549527150104675453e-08
5.481771999717667209e-08
5.414016849330657642e-08
5.355119821377003715e-08
5.335132823250464565e-08
5.305890208228556561e-08
5.172545088933663746e-08
5.149174387165334580e-08
5.113610987480803153e-08
5.051508192700477091e-08
4.989405397920151028e-08
4.927302603139825627e-08
4.865199808359500226e-08
4.814116265084540554e-08
4.768071980385925610e-08
4.723710602572993150e-08
4.717983604923776411e-08
4.712256607274559673e-08
4.706529609625342935e-08
4.700802611976126196e-08
4.606670803482088694e-08
4.489449055794079646e-08
4.372227308106071261e-08
4.333242008104518645e-08
4.305635267853434230e-08
4.278028527602349815e-08
4.250421787351265400e-08
4.222815047100180324e-08
4.195208306849095247e-08
4.159563625153523536e-08
4.063220230031089363e-08
4.004632734554817782e-08
3.991862343654653092e-08
3.978236891832323371e-08
3.964611440009993651e-08
3.950985988187663930e-08
3.937360536365334210e-08
3.923735084543004490e-08
3.840349309915679180e-08
3.732788894792522454e-08
3.675049923257273984e-08
3.666904636733150481e-08
3.650722274995466848e-08
3.634539913257783216e-08
3.618357551520099584e-08
3.602175189782416613e-08
3.585697131296934549e-08
3.514215513781845881e-08
3.442733896266756552e-08
3.348602591092822671e-08
3.351282356251941453e-08
3.314603001073789700e-08
3.274031561163401940e-08
3.233460121253014180e-08
3.192888681342627082e-08
3.180893245221221808e-08
3.177930122217245020e-08
3.131248206473629710e-08
3.058508349451949572e-08
3.057349521730046686e-08
3.039459395909193317e-08
3.002421919432224727e-08
2.965384442955256469e-08
2.928346966478287880e-08
2.891309490001319621e-08
2.854272013524351363e-08
2.848539815030320503e-08
2.803524272570870612e-08
2.829921007716490822e-08
2.856317742862110370e-08
2.815430843642831045e-08
2.767571427396087946e-08
2.719712011149344186e-08
2.671852594902600756e-08
2.623993178655857327e-08
2.576133762409113898e-08
2.584796215366584734e-08
2.598070747200235882e-08
2.611345279033886368e-08
2.600073520966376976e-08
2.563012291318175802e-08
2.525951061669974958e-08
2.488889832021773783e-08
2.437183728288115730e-08
2.379047148424482623e-08
2.360985627401203309e-08
2.358597672035777291e-08
2.355850601460749089e-08
2.352030846112335386e-08
2.348211090763922013e-08
2.344391335415508971e-08
2.340571580067095268e-08
2.289764275485848378e-08
2.225769760724628025e-08
2.164628913162377515e-08
2.164254497393613565e-08
2.160333791431683390e-08
2.155169848228272917e-08
2.150005905024862113e-08
2.144841961821451309e-08
2.139678018618040836e-08
2.115864294235635706e-08
2.058694540409483862e-08
2.005990906705395019e-08
1.970662000837322212e-08
1.972591688491822672e-08
1.971565010005642559e-08
1.966786571576551293e-08
1.962008133147460027e-08
1.957229694718368760e-08
1.952451256289277494e-08
1.913757715637713810e-08
1.873374553083571908e-08
1.832991390529430338e-08
1.795156385330717891e-08
1.797089625105905267e-08
1.797063597794195083e-08
1.793237585403275652e-08
1.789411573012356552e-08
1.785585560621437452e-08
1.760338879156875685e-08
1.724557054207648221e-08
1.688775229258421086e-08
1.652993404309193952e-08
1.654467122292722775e-08
1.682903794265725935e-08
1.677881459313743305e-08
1.650744628468130840e-08
1.623607797622518044e-08
1.596470966776905579e-08
1.569334135931292783e-08
1.542197305085680318e-08
1.515060474240067522e-08
1.510375503832080495e-08
1.527263592521683449e-08
1.544151681211286403e-08
1.536429856449226009e-08
1.510497448564665157e-08
1.484565040680104140e-08
1.458632632795543122e-08
1.432700224910982270e-08
1.406767817026421087e-08
1.385316715047391945e-08
1.380604174190641548e-08
1.383320905551820474e-08
1.385243955438208943e-08
1.385140904755164956e-08
1.385037854072120968e-08
1.384934803389076815e-08
1.384831752706032662e-08
1.357108162567789554e-08
1.321931463886081463e-08
1.286754765204373372e-08
1.261483029007275695e-08
1.260119067974682123e-08
1.258755106942088386e-08
1.259383228727120539e-08
1.260172586227822109e-08
1.260961943728523513e-08
1.261751301229225082e-08
1.245512502140810080e-08
1.213508203861701670e-08
1.181503905582593261e-08
1.158608462160892965e-08
1.144837973031585639e-08
1.143006855408964543e-08
1.142932837206623952e-08
1.145181364171955966e-08
1.147429891137287815e-08
1.149678418102619663e-08
1.141299049950577577e-08
1.113609000702950674e-08
1.085918951455323605e-08
1.064060068919557783e-08
1.044957939114449473e-08
1.044592865306278771e-08
1.047382292014940154e-08
1.048129129986712326e-08
1.048555301464070163e-08
1.048981472941427834e-08
1.044338765980862326e-08
1.023453628292493058e-08
1.002568490604123954e-08
9.816833529157548508e-09
9.607982152273857474e-09
9.643387659445713767e-09
9.928470642040376741e-09
9.777844512331919596e-09
9.627218382623462450e-09
9.476592252915005304e-09
9.325966123206548158e-09
9.175339993498091012e-09
9.024713863789632212e-09
8.874087734081175066e-09
8.723461604372716266e-09
8.800986260419814128e-09
8.976046521279190195e-09
9.058301422434945673e-09
8.913837468794461601e-09
8.769373515153977528e-09
8.624909561513491800e-09
8.480445607873006073e-09
8.335981654232522000e-09
8.191517700592036273e-09
8.069961867972918194e-09
7.968017874262468498e-09
8.010464920107565804e-09
8.052911965952663109e-09
7.984195447676799548e-09
7.874613095034722765e-09
7.765030742392647636e-09
7.655448389750572507e-09
7.545866037108497379e-09
7.466715370524017979e-09
7.441688728213434739e-09
7.416662085902851499e-09
7.304162331412501443e-09
7.297026112233351071e-09
7.308069835266938797e-09
7.324980290601855703e-09
7.345328923718088401e-09
7.365677556834321099e-09
7.386026189950552970e-09
7.322022799336141211e-09
7.150007857859730739e-09
6.977992916383319441e-09
6.806096864429697734e-09
6.700356397914763600e-09
6.610222244517188657e-09
6.615864065605984820e-09
6.626871661825824021e-09
6.658891566464482112e-09
6.690911471103139377e-09
6.722931375741795814e-09
6.670078544529597915e-09
6.517571103442301162e-09
6.365063662355001928e-09
6.221392108438279539e-09
6.119199334513628717e-09
6.017006560588978722e-09
6.019793623287910119e-09
6.043989195178481757e-09
6.070447117971333606e-09
6.096905040764186282e-09
6.123362963557038958e-09
6.068522796097149814e-09
5.937321269440866436e-09
5.806119742784583058e-09
5.685125566510338518e-09
5.587317988130814630e-09
5.489510409751289915e-09
5.501359983688448839e-09
5.665020893819759576e-09
5.828681803951069485e-09
5.992342714082378567e-09
5.951624411183503725e-09
5.789095882693842752e-09
5.626567354204182606e-09
5.464038825714521634e-09
5.301510297224861488e-09
5.138981768735201342e-09
4.987209089611023349e-09
5.210462799358856732e-09
5.261175902118377039e-09
5.183249884120316237e-09
5.105323866122255435e-09
5.027397848124193805e-09
4.949471830126133003e-09
4.871545812128072201e-09
4.793619794130011398e-09
4.715693776131950596e-09
4.637767758133889794e-09
4.608299633613223045e-09
4.596513290179342948e-09
4.638629334337007886e-09
4.632909932530220361e-09
4.570931041205694050e-09
4.508952149881168566e-09
4.446973258556643082e-09
4.384994367232116771e-09
4.323015475907591288e-09
4.282989190542124478e-09
4.272101502331681758e-09
4.261213814121239039e-09
4.198864632631390013e-09
4.192138061587412952e-09
4.211358721352155243e-09
4.233665604543695831e-09
4.258604805419772611e-09
4.283544006295850219e-09
4.308483207171927827e-09
4.227913983216565513e-09
4.138329944203170899e-09
4.048745905189776285e-09
3.959161866176380843e-09
3.887881290948552180e-09
3.833728420817064760e-09
3.787919825212175375e-09
3.801603930340823760e-09
3.821029250715330239e-09
3.857068345612326000e-09
3.893107440509321761e-09
3.910849265159496890e-09
3.828783027309551776e-09
3.746716789459605835e-09
3.664650551609661135e-09
3.585435064349771328e-09
3.535263013413967554e-09
3.485090962478163780e-09
3.435663352248504728e-09
3.455082844107838335e-09
3.485046725245104230e-09
3.515734806848306147e-09
3.546422888451508063e-09
3.543118158015944989e-09
3.471205826658239423e-09
3.399293495300533030e-09
3.327381163942827464e-09
3.266002231416289442e-09
3.217356865881630744e-09
3.168711500346972047e-09
3.120066134812313349e-09
3.113568971448072508e-09
3.086814210777480656e-09
3.060059450106889632e-09
3.033304689436297780e-09
3.006549928765706342e-09
2.979795168095114904e-09
2.953040407424523466e-09
2.926285646753931614e-09
2.899530886083340590e-09
2.872776125412749151e-09
2.852464815543477862e-09
2.855132444262561740e-09
2.892287846203913367e-09
2.929443248145265408e-09
2.966598650086617035e-09
3.003754052027968249e-09
3.040909453969320290e-09
3.078064855910671917e-09
3.115220257852023544e-09
3.105267218459529544e-09
2.947810069264921895e-09
2.790352920070313419e-09
2.633380260357817425e-09
2.619698275312108303e-09
2.656479974128307045e-09
2.693304884496060417e-09
2.730198658301625082e-09
2.756775566173409941e-09
2.779360666730887602e-09
2.801945767288365264e-09
