3.490121284463233459e-03
3.494669199094613786e-03
3.490648615208177211e-03
3.477996972605913902e-03
3.456807130444970039e-03
3.428739272967175431e-03
3.395763041155461411e-03
3.354844896420216323e-03
3.310899461391494415e-03
3.264356086193781221e-03
3.212507897473865920e-03
3.160806819097842016e-03
3.106141204950376745e-03
3.051419564422159711e-03
2.994405065541010449e-03
2.937819945029392348e-03
2.879981427666520460e-03
2.822855774269072450e-03
2.764590796067182589e-03
2.707680615505413200e-03
2.650376503413807462e-03
2.593382754012987009e-03
2.536011586456762400e-03
2.479266806775042541e-03
2.422931278649021521e-03
2.366623201650021758e-03
2.310946087465898593e-03
2.255382872276059329e-03
2.200777450097063902e-03
2.147760885587451755e-03
2.095392837670187296e-03
2.043971722994165734e-03
1.993341389644908389e-03
1.943916765619097594e-03
1.895501260042178502e-03
1.848406518601413903e-03
1.802249907644807529e-03
1.756971338619720338e-03
1.712483842126747780e-03
1.669512809660138580e-03
1.627234148356256722e-03
1.585445756671523612e-03
1.545571003207434242e-03
1.506007491550386077e-03
1.467664900770300181e-03
1.430403876440508940e-03
1.394263502874022558e-03
1.359052579281321829e-03
1.323799766973224584e-03
1.290141631960867391e-03
1.257265946092013574e-03
1.225149363081844568e-03
1.193566916755281785e-03
1.162693417667479178e-03
1.132951210880099938e-03
1.104633313555167338e-03
1.076341322022230686e-03
1.048538942235324603e-03
1.022054358997323944e-03
9.959355116254749347e-04
9.701281931143454842e-04
9.453039855706971964e-04
9.212272824232712329e-04
8.979230623655921981e-04
8.748089789773043096e-04
8.524650654110604159e-04
8.307120705409061761e-04
8.096730951246662936e-04
7.891161610147540183e-04
7.690042604611323695e-04
7.493803304498088038e-04
7.304271930112082173e-04
7.120854349998074389e-04
6.938214394153482479e-04
6.763841864411097643e-04
6.593363629735900450e-04
6.426773456991536834e-04
6.267068239717494323e-04
6.107537520022881432e-04
5.954027797608537351e-04
5.804454414650429784e-04
5.658847310625232403e-04
5.516850550590369747e-04
5.379389602223097174e-04
5.243688546358863571e-04
5.113209147030384682e-04
4.986946923351858645e-04
4.862635796601501911e-04
4.742133557229294871e-04
4.623710373074071587e-04
4.509817134514277487e-04
4.398825428215392920e-04
4.290524365613305677e-04
4.185207305631621823e-04
4.082404819014255376e-04
3.982001588368557529e-04
3.884469023377448075e-04
3.790224301496482318e-04
3.696230733546036632e-04
3.606510959918024246e-04
3.519986807301481537e-04
3.437619196142989268e-04
3.353116344519682050e-04
3.271522789674350231e-04
3.189713458565942650e-04
3.112355899629591117e-04
3.039777778400231116e-04
2.967805943547284259e-04
2.894689877893205816e-04
2.824405569310907763e-04
2.756106712180363106e-04
2.692473694556450246e-04
2.629253774133171861e-04
2.566468299951258736e-04
2.504425819093500502e-04
2.443552488831924577e-04
2.386343026112271659e-04
2.331180548183830277e-04
2.278158806516113405e-04
2.222924882228344127e-04
2.169668985445988838e-04
2.118122034532103311e-04
2.069026155571741538e-04
2.022531295085212605e-04
1.976167090354265222e-04
1.930199445135423594e-04
1.884498254356756599e-04
1.841055012930726989e-04
1.798673952773551497e-04
1.754837226015776004e-04
1.715511685266430102e-04
1.676569241218659400e-04
1.636347526366531001e-04
1.600626756986521819e-04
1.565060633798926652e-04
1.528862107553442199e-04
1.494643859015479443e-04
1.460951887895889183e-04
1.427646851137941782e-04
1.394686502399326855e-04
1.362774607209372275e-04
1.332183601892572968e-04
1.302020534539947549e-04
1.272705501578193048e-04
1.244587257792615937e-04
1.216598156023352843e-04
1.189011977751136746e-04
1.162385528257862412e-04
1.136806220458083048e-04
1.111408404340051277e-04
1.086558367882671863e-04
1.063574750583084718e-04
1.040330885830225208e-04
1.016694058123072389e-04
9.946077257568825155e-05
9.726795762781981778e-05
9.515819767944515934e-05
9.309243525180198949e-05
9.103687794070051314e-05
8.901908564435412623e-05
8.709010410102987424e-05
8.527217305898526637e-05
8.346686417198801410e-05
8.164892422379217197e-05
7.983994552419713822e-05
7.813981768624405071e-05
7.649828288783629615e-05
7.487568332889917889e-05
7.325805082018297765e-05
7.168426285094916357e-05
7.016969750387266501e-05
6.870060794986439028e-05
6.721452545787694112e-05
6.576464095754542389e-05
6.436028282205702054e-05
6.305690911766445085e-05
6.174438865162075745e-05
6.040989054900045257e-05
5.909715190762513732e-05
5.786217256219537063e-05
5.668131775314650967e-05
5.551754881977009708e-05
5.436373471021240878e-05
5.325731368438959542e-05
5.215162997140256100e-05
5.107954322211130579e-05
5.004459050014056266e-05
4.901227343649813221e-05
4.797908448849045232e-05
4.697189680401867522e-05
4.603031904345480685e-05
4.509554634359989894e-05
4.415775363736843093e-05
4.325492056885491281e-05
4.240284054109260482e-05
4.155222236742245383e-05
4.071633751943334921e-05
3.990790264976292780e-05
3.909313283115325570e-05
3.827982353085875191e-05
3.749620333986748770e-05
3.676764299846882304e-05
3.606384937481394186e-05
3.532294536014173616e-05
3.459930135203604962e-05
3.392882196267659058e-05
3.327659088944261146e-05
3.261388910011637327e-05
3.193249615353751055e-05
3.131683377334755388e-05
3.071761443016551667e-05
3.011839508698347607e-05
2.952233221735689193e-05
2.893830754132949298e-05
2.839764766840394020e-05
2.785698779547838742e-05
2.730223595285815371e-05
2.675511114566850207e-05
2.625063398316413466e-05
2.576494140758973353e-05
2.525956910690131072e-05
2.475114006969982079e-05
2.427767747258878202e-05
2.381871749510173453e-05
2.336985438378011721e-05
2.290869589691197589e-05
2.246169524609392191e-05
2.204488569951495490e-05
2.162807615293598789e-05
2.120742561161440495e-05
2.078891315639354675e-05
2.041694686270246060e-05
2.003032680917190073e-05
1.964370675564134085e-05
1.925708670211077759e-05
1.890021173980678811e-05
1.857554614879768944e-05
1.823769651375782794e-05
1.789781387167540798e-05
1.753818734632720344e-05
1.720481984716624684e-05
1.689483072307148298e-05
1.658509736150945039e-05
1.627536399994741780e-05
1.596076596766364146e-05
1.568193996947875253e-05
1.540450529094393689e-05
1.511645743775774435e-05
1.482840958457155181e-05
1.454407913392334365e-05
1.429703057699414355e-05
1.404011269432448153e-05
1.378267851592558199e-05
1.352682604354611300e-05
1.328461637375797065e-05
1.305233725603997572e-05
1.284003894806483627e-05
1.261164659773728038e-05
1.237831730725474847e-05
1.214498801677221656e-05
1.191670327352581951e-05
1.172018446756545264e-05
1.151034131710150292e-05
1.129798462461708658e-05
1.108562793213266855e-05
1.088305152552233923e-05
1.070024413498419708e-05
1.051493883199687461e-05
1.032141138989433857e-05
1.012867206563539912e-05
9.957572798997919975e-06
9.787313124775221540e-06
9.618360838105446839e-06
9.443477686092844166e-06
9.279088274220280495e-06
9.118581470663388735e-06
8.957983262728759291e-06
8.811579503510656177e-06
8.678653486356630153e-06
8.524582538859278139e-06
8.363318545622704607e-06
8.205929788692473706e-06
8.061709518548124597e-06
7.942518867527185384e-06
7.811264242097426321e-06
7.664941519879682285e-06
7.524528577047058953e-06
7.399636273165517892e-06
7.278484496926716243e-06
7.161455395349943235e-06
7.034816663869506382e-06
6.907556160227920415e-06
6.795227572636210081e-06
6.683967849517374952e-06
6.572637963751560621e-06
6.462118529075630846e-06
6.350625284399323991e-06
6.245425969884623452e-06
6.140226655369922914e-06
6.035047164448824351e-06
5.930507430399211994e-06
5.835696538319672589e-06
5.740704314145148545e-06
5.645712089970624500e-06
5.550719865796100455e-06
5.455621442147838988e-06
5.369396407783037054e-06
5.284381557502401160e-06
5.196767504972214906e-06
5.110548182437996610e-06
5.015945826381333934e-06
4.937795307492338318e-06
4.863183529013941473e-06
4.787271346001217952e-06
4.702208537893210223e-06
4.621301928737655922e-06
4.549626972217707410e-06
4.479560946371371281e-06
4.409494920525036000e-06
4.339031808155072738e-06
4.262631892789209954e-06
4.195245657523284254e-06
4.130215656275550730e-06
4.065185655027817206e-06
4.000155653780083683e-06
3.933938632276245496e-06
3.866572174987502805e-06
3.808532292387118489e-06
3.749343863373089445e-06
3.689744066291769799e-06
3.630044113212392462e-06
3.569822785067232887e-06
3.516496095145829896e-06
3.466473204009653601e-06
3.416518544216785545e-06
3.356439466801900463e-06
3.299490288129159660e-06
3.246292617023941337e-06
3.196105972784966023e-06
3.150649123526316582e-06
3.105432444333201063e-06
3.055908531259275479e-06
2.999796561596706098e-06
2.956380974852036364e-06
2.913221899183199505e-06
2.870062823514361798e-06
2.826903747845524939e-06
2.783107052086716101e-06
2.730434419857661266e-06
2.691109751595147224e-06
2.650917729825149577e-06
2.610954823253119904e-06
2.571409632403532700e-06
2.531864441553945496e-06
2.489215182776854617e-06
2.457902629801707275e-06
2.420516373906764808e-06
2.382641791242708335e-06
2.344767208578651863e-06
2.307353653993515901e-06
2.270695645102702641e-06
2.239973924695837996e-06
2.207034516969986193e-06
2.172976114679317623e-06
2.138917712388649054e-06
2.104859310097980908e-06
2.074280087891307003e-06
2.046349451409834057e-06
2.021145378322578183e-06
1.997002859576169171e-06
1.966079566540089278e-06
1.935156273504009808e-06
1.898587457227664506e-06
1.869231013647347245e-06
1.845870702377726299e-06
1.824646525842191907e-06
1.797390029432437295e-06
1.767609617354018768e-06
1.737453268393931710e-06
1.709530418109821544e-06
1.690348637906031622e-06
1.668559159936899728e-06
1.646234696743961617e-06
1.618632803438953159e-06
1.591030910133944912e-06
1.563557957647808476e-06
1.545131961360841792e-06
1.525059097113856242e-06
1.501722375913659410e-06
1.478385654713462578e-06
1.455048933513265746e-06
1.431712212313068913e-06
1.413659638854533667e-06
1.396669044643862829e-06
1.377065579060037363e-06
1.355363008135108572e-06
1.333660437210180204e-06
1.312627015802538723e-06
1.296416994883453682e-06
1.278467717417295244e-06
1.263399397485389564e-06
1.251718458531574855e-06
1.237833361611719601e-06
1.216566681263234624e-06
1.195300000914749436e-06
1.174424482049899356e-06
1.156873413530699707e-06
1.144787349785865298e-06
1.133400287273716904e-06
1.122013224761568509e-06
1.102863109809587704e-06
1.083518988535799306e-06
1.064165520002369344e-06
1.049407495527943397e-06
1.038643500858877570e-06
1.027470920318309135e-06
1.015182740343445498e-06
9.976777421044102961e-07
9.801727438653750941e-07
9.626677456263398921e-07
9.510589006386865337e-07
9.411696348591949098e-07
9.307839471369925955e-07
9.183139637483062791e-07
9.027802841418993129e-07
8.872466045354924525e-07
8.749904526093434061e-07
8.639057447435478397e-07
8.530531805823395187e-07
8.434655095372860045e-07
8.309180621938803784e-07
8.169274106957682933e-07
8.049923283585497197e-07
7.959138016184406274e-07
7.868352748783313233e-07
7.734511597110620863e-07
7.646536033963180356e-07
7.524735090296567784e-07
7.420975234539984058e-07
7.341264080285441267e-07
7.261552926030896357e-07
7.175408538003014800e-07
7.052941552783627888e-07
6.942848597518645515e-07
6.851097229490657114e-07
6.769314616794013350e-07
6.687532004097370646e-07
6.605749391400726882e-07
6.523966778704083119e-07
6.426463425054388195e-07
6.324144965763771614e-07
6.262777183919644972e-07
6.207857527905241348e-07
6.152937871890837724e-07
6.066616333232195159e-07
5.956910494856148968e-07
5.848846446944354007e-07
5.779012767952047777e-07
5.706164929104955048e-07
5.631378201360685691e-07
5.581275537851965773e-07
5.517587260039230824e-07
5.419231436606891307e-07
5.322836052444970133e-07
5.274020877679738281e-07
5.222593083462132264e-07
5.147123163931194440e-07
5.064533183548020947e-07
5.017601550077341462e-07
4.933083223352095990e-07
4.862456423947841337e-07
4.820861327126954231e-07
4.778769566009200706e-07
4.730098354375567416e-07
4.655215041458704077e-07
4.564154648666863517e-07
4.500729684302649697e-07
4.451275516984233193e-07
4.403471120105861665e-07
4.355403535070590729e-07
4.306728366513453030e-07
4.258053197956314801e-07
4.197172896389640833e-07
4.114345752121116065e-07
4.069031889756583888e-07
4.023740394107380911e-07
3.978448898458177935e-07
3.933157402808974958e-07
3.887865907159771981e-07
3.842574411510568475e-07
3.774611455245748272e-07
3.723077535441013860e-07
3.680872680653490139e-07
3.638948301062601864e-07
3.597368610993031376e-07
3.555788920923460358e-07
3.514209230853889870e-07
3.463572201628693080e-07
3.418493501739713345e-07
3.399513982819819391e-07
3.356975026310728574e-07
3.300275756014470625e-07
3.251634890487748422e-07
3.212788575655032949e-07
3.171851832855280234e-07
3.128763295970648996e-07
3.104579761766184450e-07
3.086996010689164402e-07
3.050457736602250861e-07
2.999895524969284926e-07
2.949333313336318992e-07
2.912638211293721257e-07
2.872637525779053784e-07
2.846536509020816218e-07
2.820435492262578124e-07
2.805739171108751817e-07
2.768251482157077924e-07
2.721060368803057643e-07
2.673869255449036833e-07
2.633114617299095716e-07
2.608889792683062136e-07
2.584664968067028026e-07
2.559556176511778131e-07
2.531863487045641164e-07
2.504170797579504197e-07
2.476478108113366701e-07
2.445832910375003825e-07
2.395043142854497584e-07
2.370930834666087992e-07
2.348370855441793256e-07
2.323223709452525845e-07
2.297837926643096512e-07
2.272452143833667179e-07
2.247066361024237846e-07
2.219791891247188544e-07
2.177967346928397206e-07
2.167454296602136309e-07
2.139159829592559806e-07
2.110865362582982773e-07
2.082570895573406270e-07
2.057936902802205319e-07
2.035339769264377004e-07
2.010265278626509863e-07
1.981949461584608574e-07
1.970934866321436989e-07
1.950819646936771569e-07
1.925336063270871415e-07
1.899852479604971526e-07
1.874368895939071637e-07
1.849109664366313392e-07
1.827520603850462755e-07
1.809014609692577509e-07
1.795899551759203565e-07
1.782784493825829621e-07
1.758463243478403887e-07
1.733069385454851067e-07
1.707675527431298247e-07
1.682281669407745428e-07
1.660674688582307271e-07
1.646801636020763644e-07
1.634931486231674873e-07
1.623061336442586367e-07
1.602597993460888139e-07
1.579886040420864390e-07
1.557174087380840640e-07
1.534462134340816891e-07
1.523957531405741050e-07
1.502907829859937933e-07
1.490070365591167377e-07
1.478996927599866687e-07
1.460469822581895638e-07
1.440111022338718362e-07
1.419752222095541086e-07
1.401177048094233570e-07
1.386609336983404378e-07
1.372041625872575452e-07
1.358760409039168524e-07
1.349569262662013638e-07
1.346126686277679363e-07
1.342684109893345088e-07
1.336045208326937284e-07
1.311837485788689909e-07
1.287629763250442798e-07
1.263422040712195422e-07
1.240106288410898581e-07
1.234468079222179954e-07
1.230310184031634340e-07
1.223988901256827828e-07
1.217667618482021316e-07
1.205081383712417100e-07
1.181756597712156562e-07
1.158431811711896023e-07
1.135637355491016434e-07
1.125558866137058127e-07
1.119980254222605813e-07
1.114401642308153234e-07
1.107877888561410241e-07
1.101053458924719368e-07
1.088085358606000981e-07
1.065006947668987834e-07
1.041928536731974688e-07
1.026062179508438945e-07
1.020205283203314420e-07
1.014550328130392001e-07
1.008895373057469980e-07
9.951833220128384537e-08
9.812107315212571019e-08
9.672381410296756179e-08
9.532655505380941338e-08
9.437807872115704013e-08
9.389451099899412951e-08
9.247896601006832285e-08
9.200141909081373976e-08
9.139012829857888978e-08
9.008900531481707813e-08
8.878788233105525324e-08
8.748675934729342835e-08
8.655043348762413560e-08
8.627892140537398659e-08
8.562473907793439664e-08
8.382033211448894901e-08
8.347676316825646516e-08
8.248121239228831169e-08
8.131726975276242454e-08
8.015332711323653739e-08
7.941365041135787140e-08
7.886143945173047756e-08
7.830922849210308372e-08
7.769154603433275932e-08
7.609231472448552230e-08
7.578512376552594078e-08
7.569175803838572929e-08
7.559839231124550457e-08
7.550502658410527985e-08
7.506698539472168616e-08
7.371218156851498816e-08
7.235737774230829016e-08
7.100257391610160540e-08
6.910786983095643439e-08
6.887437624209847980e-08
6.866828379983347630e-08
6.846219135756848603e-08
6.825609891530349577e-08
6.805000647303850550e-08
6.718529726493724938e-08
6.567514596397081601e-08
6.416499466300438264e-08
6.284838546218482634e-08
6.243169696099655360e-08
6.223182697973115548e-08
6.203195699846577060e-08
6.182149923979623678e-08
6.159454235636461104e-08
6.103700085751577991e-08
5.970354966456685176e-08
5.837009847161793022e-08
5.748862640147827714e-08
5.691917088885843787e-08
5.636539149951939437e-08
5.621532338103397739e-08
5.606525526254856042e-08
5.577588018005448587e-08
5.540089624839013622e-08
5.427387819313823013e-08
5.314686013788632404e-08
5.263999121087395491e-08
5.258272123438178091e-08
5.215405758148078615e-08
5.098184010460070230e-08
5.087653748285710139e-08
5.061996309218573639e-08
5.008971263946884839e-08
4.912228637747466759e-08
4.833776662332900212e-08
4.806169922081815135e-08
4.778563181830730058e-08
4.750956441579645643e-08
4.691160039870418696e-08
4.602447053059470613e-08
4.587033473637782073e-08
4.525148546306611459e-08
4.455737419480221877e-08
4.442111967657892157e-08
4.428486515835562436e-08
4.414861064013232716e-08
4.401235612190902995e-08
4.352112107581562146e-08
4.244494347499002949e-08
4.165897458292202694e-08
4.114291438816434814e-08
4.098109077078751182e-08
4.081926715341068211e-08
4.065744353603383917e-08
4.049561991865700285e-08
4.033379630128017314e-08
4.004639976150496490e-08
3.933158358635407161e-08
3.818306275500241231e-08
3.762388898267311484e-08
3.759425775263334696e-08
3.756462652259358570e-08
3.753499529255381783e-08
3.750536406251405657e-08
3.747573283247428870e-08
3.687441028487301721e-08
3.612461772755893140e-08
3.529867043376363800e-08
3.455015685963015867e-08
3.429149600705742402e-08
3.392112124228774474e-08
3.382980610496335358e-08
3.378855414249920065e-08
3.374730218003505434e-08
3.370605021757090141e-08
3.317582779341459027e-08
3.246550860745232147e-08
3.171614608677732550e-08
3.180365513291606993e-08
3.151670801189096265e-08
3.103811384942352836e-08
3.055951968695609407e-08
3.048659836284385222e-08
3.045725126044969745e-08
3.030466163176931109e-08
2.964841690238635394e-08
2.908750254800104018e-08
2.907686781413498849e-08
2.920961313247149665e-08
2.890695350869113585e-08
2.853634121220912410e-08
2.800258946344037305e-08
2.749294346051306466e-08
2.745975542300095188e-08
2.712272967442887829e-08
2.660959838912294130e-08
2.658571883546868443e-08
2.656183928181442094e-08
2.652652005966711417e-08
2.648832250618298045e-08
2.641449234809713198e-08
2.577454720048492845e-08
2.513460205287272823e-08
2.483226781884428901e-08
2.449239631209560152e-08
2.444075688006149017e-08
2.438911744802738543e-08
2.433747801599327739e-08
2.428583858395916935e-08
2.423419915192506462e-08
2.405902220437292773e-08
2.348732466611140268e-08
2.291562712784988093e-08
2.247999323158787819e-08
2.243220884729696553e-08
2.238442446300605287e-08
2.233664007871514021e-08
2.228885569442422755e-08
2.224107131013331488e-08
2.219328692584240222e-08
2.197263341429357169e-08
2.156880178875215598e-08
2.111347735752486302e-08
2.053635590711599197e-08
2.051428465295745177e-08
2.047602452904826077e-08
2.043776440513906646e-08
2.039950428122987546e-08
2.036124415732068115e-08
2.032298403341149015e-08
1.999921814563274627e-08
1.964139989614047493e-08
1.926898245197389834e-08
1.883670814927451691e-08
1.894294318667569334e-08
1.877409918524863180e-08
1.850273087679250383e-08
1.823136256833637587e-08
1.803123677669548707e-08
1.791772079748421855e-08
1.780420481827294342e-08
1.769068883906167490e-08
1.750256976571424685e-08
1.715114690851689448e-08
1.732002779541292402e-08
1.733402226262057540e-08
1.707469818377496688e-08
1.681537410492935836e-08
1.655605002608374984e-08
1.629672594723813801e-08
1.629357063148366768e-08
1.621141157747801686e-08
1.587598508836198194e-08
1.573473828619519193e-08
1.576190559980698118e-08
1.577893116663208974e-08
1.577790065980164655e-08
1.577687015297120668e-08
1.556357580409531170e-08
1.521180881727823078e-08
1.486004183046114987e-08
1.466058949773790874e-08
1.443651269852421451e-08
1.442287308819827713e-08
1.440923347787234307e-08
1.439559386754640569e-08
1.440069036425439894e-08
1.440858393926141298e-08
1.441647751426842702e-08
1.411229916662193250e-08
1.379225618383084840e-08
1.347221320103976431e-08
1.320196786117735929e-08
1.318365668495114668e-08
1.316534550872493572e-08
1.314703433249872310e-08
1.314130744342008552e-08
1.316379271307340566e-08
1.318627798272672415e-08
1.307141324840122226e-08
1.279451275592495157e-08
1.251761226344868254e-08
1.224071177097241351e-08
1.204202130895814905e-08
1.205997955242254010e-08
1.206424126719611846e-08
1.206850298196969517e-08
1.207276469674327354e-08
1.207702641151685025e-08
1.206739129510731315e-08
1.185853991822362212e-08
1.164968854133993109e-08
1.144083716445624005e-08
1.119190823600047595e-08
1.104050219512026589e-08
1.111709964789369282e-08
1.096647351818523402e-08
1.081584738847677853e-08
1.066522125876831973e-08
1.056719747023040472e-08
1.051274401890913608e-08
1.045829056758786744e-08
1.040383711626659880e-08
1.031441392898916842e-08
1.010452135946272182e-08
1.016014936455868661e-08
1.022669755080186713e-08
1.008223359716138306e-08
9.937769643520895673e-09
9.793305689880411600e-09
9.648841736239927528e-09
9.504518887028425191e-09
9.453209966425372010e-09
9.401901045822317175e-09
9.295249183699287562e-09
9.201748071535518406e-09
9.244195117380615712e-09
9.242045783564381817e-09
9.132463430922306688e-09
9.022881078280229905e-09
8.913298725638154776e-09
8.803716372996079647e-09
8.694134020354002864e-09
8.584551667711927735e-09
8.510232632838047394e-09
8.420240700136338479e-09
8.431284423169925378e-09
8.442328146203513930e-09
8.454116766111737075e-09
8.474465399227968946e-09
8.494814032344202471e-09
8.456829237569786757e-09
8.284814296093374631e-09
8.112799354616962505e-09
7.940784413140552034e-09
7.768769471664141562e-09
7.687168611947173493e-09
7.692810433035969656e-09
7.698452254124765818e-09
7.704094075213563634e-09
7.726376500635167250e-09
7.758396405273823687e-09
7.787933639559794011e-09
7.635426198472495604e-09
7.482918757385197197e-09
7.330411316297899617e-09
7.177903875210601210e-09
7.045138588729923787e-09
7.016813489497995175e-09
7.031408934481820286e-09
7.046004379465643742e-09
7.071758368731314183e-09
7.098216291524166032e-09
7.124674214317018708e-09
7.023562753207755274e-09
6.892361226551471896e-09
6.761159699895187691e-09
6.629958173238905141e-09
6.501058218450515989e-09
6.403250640070991274e-09
6.405514253500159600e-09
6.431684536287264158e-09
6.595345446418574068e-09
6.759006356549883977e-09
6.816575889633001201e-09
6.654047361143339401e-09
6.491518832653679255e-09
6.328990304164019110e-09
6.166461775674358137e-09
6.016424559224562263e-09
5.897182645466561499e-09
5.942634852577701664e-09
5.963171788328121268e-09
5.885245770330060466e-09
5.807319752331999664e-09
5.729393734333938861e-09
5.651467716335878059e-09
5.573541698337817257e-09
5.509397941180888362e-09
5.485660980125389910e-09
5.461924019069890630e-09
5.390361625324050989e-09
5.341282866272049336e-09
5.383398910429714274e-09
5.380078389102800575e-09
5.318099497778274264e-09
5.256120606453748780e-09
5.194141715129222469e-09
5.132162823804696158e-09
5.070183932480170675e-09
5.008205041155645191e-09
4.946226149831118880e-09
4.920102194421140615e-09
4.876887519530459833e-09
4.896108179295201297e-09
4.915328839059942761e-09
4.936979943335816118e-09
4.961919144211893725e-09
4.983634000181739974e-09
4.894049961168343706e-09
4.804465922154949919e-09
4.714881883141555304e-09
4.625297844128159863e-09
4.535713805114765249e-09
4.448307710347907875e-09
4.446840752350317649e-09
4.460524857478966861e-09
4.474208962607616074e-09
4.490562340966784641e-09
4.526601435863780402e-09
4.562640530760776163e-09
4.486409826348455737e-09
4.404343588498510623e-09
4.322277350648565509e-09
4.240211112798620395e-09
4.158144874948675281e-09
4.083425316424566881e-09
4.047366454191741848e-09
4.066785946051075041e-09
4.086205437910408235e-09
4.111790390318477155e-09
4.142478471921678658e-09
4.173166553524880988e-09
4.109637664585038359e-09
4.037725333227332794e-09
3.965813001869626401e-09
3.893900670511920835e-09
3.821988339154214442e-09
3.754513868735205861e-09
3.705868503200546749e-09
3.697388812612438270e-09
3.722265096280789893e-09
3.707515637597898158e-09
3.680760876927307134e-09
3.654006116256715695e-09
3.627251355586123844e-09
3.600496594915532819e-09
3.573741834244940968e-09
3.546987073574349529e-09
3.520232312903758091e-09
3.475158743310515771e-09
3.406083409661040803e-09
3.374613257083488378e-09
3.409058291722957085e-09
3.446213693664308713e-09
3.483369095605660340e-09
3.520524497547011967e-09
3.557679899488364008e-09
3.594835301429715635e-09
3.631990703371066849e-09
3.492220081823655016e-09
3.334762932629047367e-09
3.177305783434439304e-09
3.101246930861542927e-09
3.081554329830877163e-09
3.118336028647075905e-09
3.155191932396364832e-09
3.192085706201929084e-09
3.228270395810045836e-09
3.250855496367523911e-09
3.273440596925001159e-09
