3.549633425024184205e-03
3.554538382907494656e-03
3.549467805659339316e-03
3.536080651575606876e-03
3.514030845010973972e-03
3.485112952453278418e-03
3.450242242766999277e-03
3.409810330902684258e-03
3.362976504184342873e-03
3.314143514483538968e-03
3.262980456415807886e-03
3.207291946364083587e-03
3.151927497128156896e-03
3.094127545469059146e-03
3.036680022471136865e-03
2.978379136382278049e-03
2.918810822303184293e-03
2.859038327250219488e-03
2.800933843054238207e-03
2.740797922773759426e-03
2.683633070566414629e-03
2.623849710335277290e-03
2.566352146341251660e-03
2.507184621795274099e-03
2.449834534533863913e-03
2.392149214335358154e-03
2.334627231050896874e-03
2.278361101072942131e-03
2.222260286857764312e-03
2.167358006893926707e-03
2.114468451790525554e-03
2.061742101521051636e-03
2.009711240309134967e-03
1.959649837677158481e-03
1.909917531172732443e-03
1.861676561600410749e-03
1.815144450810031972e-03
1.768417093110582605e-03
1.723015705263373359e-03
1.679828567381331768e-03
1.636790533844561168e-03
1.594511283583696301e-03
1.553718736498625914e-03
1.513417691428695739e-03
1.474406413481914443e-03
1.436878203891339516e-03
1.399966537374057896e-03
1.363891495823199010e-03
1.328367403793130012e-03
1.293848474150439834e-03
1.260660035080906531e-03
1.228029415926435710e-03
1.196266577310186284e-03
1.165070589348221738e-03
1.134784094053242851e-03
1.105515453176658365e-03
1.077122599696157985e-03
1.049014240403327476e-03
1.022216119248627519e-03
9.956468753217339197e-04
9.700140952638119755e-04
9.448588525529427653e-04
9.204967438200146188e-04
8.967929147012266428e-04
8.737684612109733028e-04
8.510316373013451915e-04
8.292343069299871593e-04
8.078357951069653139e-04
7.870426868518391348e-04
7.668896458513478620e-04
7.472269608755954850e-04
7.280621170473305101e-04
7.094162484549557590e-04
6.913437847270025331e-04
6.734614226227259677e-04
6.564875865329622591e-04
6.397861819724562447e-04
6.234618044589065660e-04
6.076910278241309587e-04
5.920757054153774363e-04
5.771586671132292743e-04
5.625766054522398458e-04
5.483490484402202096e-04
5.345429562668672788e-04
5.208701379877912156e-04
5.077531986000358329e-04
4.951742114658909399e-04
4.827194953170888285e-04
4.704246611452862986e-04
4.586897763654566493e-04
4.472125493055559568e-04
4.360654331306237810e-04
4.252329869558766685e-04
4.146486758519476947e-04
4.043738847736285205e-04
3.944066260743907129e-04
3.846567134825939539e-04
3.751558929235228909e-04
3.658720576572802052e-04
3.567651568082600517e-04
3.484078075931289404e-04
3.398232360878059369e-04
3.314185783938774338e-04
3.231581351603063802e-04
3.151278203648250694e-04
3.072814704150051411e-04
3.002471877040460051e-04
2.928129402923985644e-04
2.855664972406203247e-04
2.788240192330416990e-04
2.720710137596352271e-04
2.655835613330312264e-04
2.592717027615134163e-04
2.530191138957842947e-04
2.467333845959503126e-04
2.406855762659274500e-04
2.351556451363808885e-04
2.296797853513943982e-04
2.242056501569680024e-04
2.187346721478031783e-04
2.134920373074764661e-04
2.083934587231411732e-04
2.036008377307476616e-04
1.990284303811254516e-04
1.943743775512127932e-04
1.897013832655701786e-04
1.851935897808971348e-04
1.809566802575052397e-04
1.766909440666739474e-04
1.724180281720288932e-04
1.685035405564368205e-04
1.645875784993511260e-04
1.607236293213893112e-04
1.571604775048618700e-04
1.535814039910202351e-04
1.499414091231824416e-04
1.465456641312270505e-04
1.432501351322247856e-04
1.399531730160818283e-04
1.366875897164354886e-04
1.334870347429659957e-04
1.305181922575462136e-04
1.276147054660206040e-04
1.246887630400858105e-04
1.218764037419858853e-04
1.191164728644711742e-04
1.164026451637195414e-04
1.137776860981889283e-04
1.112362654090061370e-04
1.086711413666409176e-04
1.062471573122146474e-04
1.039550158580980412e-04
1.016362982782824316e-04
9.932716982233712080e-05
9.715176642852660653e-05
9.497188802093048062e-05
9.292447650095302743e-05
9.089273283927455801e-05
8.882742394976188803e-05
8.688893825929160293e-05
8.498283780834118368e-05
8.313887758047073845e-05
8.138928707494533417e-05
7.961893053574879285e-05
7.781876813919300572e-05
7.615702818292896840e-05
7.453769085316571199e-05
7.293613522874028206e-05
7.137536608476859220e-05
6.984564147101590583e-05
6.831252403215555189e-05
6.684754613486539130e-05
6.543979935193404494e-05
6.402315652554250709e-05
6.259715652124431338e-05
6.132799842894867974e-05
6.006840364612970592e-05
5.872776101168815041e-05
5.745259058623912484e-05
5.626132042766670898e-05
5.507015501894573867e-05
5.390410289380578467e-05
5.282042110850045238e-05
5.171889044682839557e-05
5.061165168462450462e-05
4.955652832135454462e-05
4.856682598589672021e-05
4.756575705328205890e-05
4.654115682469986024e-05
4.559429069018342896e-05
4.466035603131810453e-05
4.372642137245278689e-05
4.279136811764891642e-05
4.194679126639724057e-05
4.111022450555195052e-05
4.026630620329582280e-05
3.942939075545537532e-05
3.866682603567792725e-05
3.790426131590047919e-05
3.708547669962854372e-05
3.629611117425061815e-05
3.559762984449173879e-05
3.490512452523995818e-05
3.420600524558917773e-05
3.347802166632074251e-05
3.283085206886423912e-05
3.218368247140774251e-05
3.153374668695593629e-05
3.086658185871807330e-05
3.025333195709599030e-05
2.966552422551762107e-05
2.907771649393925184e-05
2.849592693742583055e-05
2.792574300222983144e-05
2.738508312930427866e-05
2.684442325637872927e-05
2.632828142937690961e-05
2.580263536514399258e-05
2.531694278956959145e-05
2.483125021399519033e-05
2.434555763842078920e-05
2.386003346508628131e-05
2.340398404494020828e-05
2.295049608884023985e-05
2.250163297751861914e-05
2.205461243299354585e-05
2.162946444946772849e-05
2.121265490288876148e-05
2.079584535630979447e-05
2.038765711336283781e-05
2.001924397640987498e-05
1.964529801672377883e-05
1.925867796319321896e-05
1.888095659332479111e-05
1.852036340175219095e-05
1.817712120245164859e-05
1.786038553489672028e-05
1.752505809059527395e-05
1.718517544851285060e-05
1.684529280643042726e-05
1.653434305565880554e-05
1.622589771195499556e-05
1.591616435039296297e-05
1.560643098883093038e-05
1.532412118646895549e-05
1.505630454653797808e-05
1.477945832187971107e-05
1.449141046869352023e-05
1.421861026684329529e-05
1.395758106201088534e-05
1.370673667909320767e-05
1.345314737040719636e-05
1.321059124189846318e-05
1.296803511338973169e-05
1.273221997839385432e-05
1.250530873005249196e-05
1.229306682460923186e-05
1.207074849984383473e-05
1.183741920936130282e-05
1.161074137884606439e-05
1.140829097276415455e-05
1.121228584270329261e-05
1.100640575331295686e-05
1.079404906082853883e-05
1.060688228838959127e-05
1.041922417954814790e-05
1.022866742057063083e-05
1.004016278059892864e-05
9.867599340409452250e-06
9.696500073771973109e-06
9.525228793471689386e-06
9.352027563902364236e-06
9.190312500232247905e-06
9.029805696675354451e-06
8.869298893118464385e-06
8.708783590084849335e-06
8.552943723702293851e-06
8.411121745084868708e-06
8.267622140584096662e-06
8.129545907902403944e-06
7.969273284816495026e-06
7.832055355212591598e-06
7.703941938127645674e-06
7.567481752787174664e-06
7.435786487392963813e-06
7.300081353063416731e-06
7.181690214255439373e-06
7.063299075447461167e-06
6.943794816121794182e-06
6.815607143914816535e-06
6.700535563925035354e-06
6.589275840806201073e-06
6.478016117687365944e-06
6.366756394568529968e-06
6.255416712675306253e-06
6.160491545405491469e-06
6.054539987848629296e-06
5.948072469758462775e-06
5.842873155243762237e-06
5.737896482328183225e-06
5.647781655132534823e-06
5.562111387691670571e-06
5.466937466629702374e-06
5.369671957072965368e-06
5.274646107295504318e-06
5.192929021419294016e-06
5.112078644606843810e-06
5.031228267794392756e-06
4.940219720840807366e-06
4.847154231780776798e-06
4.771064097677826721e-06
4.696452319199429029e-06
4.621840540721033877e-06
4.547228762242637032e-06
4.464964235004633684e-06
4.397373770582296994e-06
4.327193561909438614e-06
4.257058962049470401e-06
4.186992936203134273e-06
4.116926910356798991e-06
4.046977121456020388e-06
3.985991856373760629e-06
3.920794506234828012e-06
3.855597156095894547e-06
3.790459271138440889e-06
3.724935980829516072e-06
3.670137660309580427e-06
3.610949231295551382e-06
3.551760802281522338e-06
3.492572373267493718e-06
3.434839276491095606e-06
3.383885111347185042e-06
3.333742094712643089e-06
3.283787434919774609e-06
3.233832775126906977e-06
3.183313622123592852e-06
3.123017473957831382e-06
3.072166479407620682e-06
3.025636784844296939e-06
2.980420105651180996e-06
2.935203426458065054e-06
2.889986747264949535e-06
2.837413997025919196e-06
2.795423792918065836e-06
2.753433588810212900e-06
2.711443384702359540e-06
2.669453180594506180e-06
2.626611699158396175e-06
2.583559606484867422e-06
2.546308734669521737e-06
2.506116712899524090e-06
2.465924691129526867e-06
2.425732669359529220e-06
2.385610294744607970e-06
2.353427884392217890e-06
2.322503538569032202e-06
2.284946830102534792e-06
2.247072247438478320e-06
2.209197664774422271e-06
2.179312704700064220e-06
2.145039630486892938e-06
2.114317910080027870e-06
2.080479112620584896e-06
2.046420710329916750e-06
2.017151624717208414e-06
1.990630553910481882e-06
1.958253794119287068e-06
1.928453132573842871e-06
1.906934691472500243e-06
1.882308294444325086e-06
1.851385001408245404e-06
1.820461708372165722e-06
1.789538415336086040e-06
1.761313097457945555e-06
1.740088920922410951e-06
1.718864744386876559e-06
1.690349428257859787e-06
1.660569016179441260e-06
1.630788604101022309e-06
1.608762377192598730e-06
1.590135544653094384e-06
1.569419941494869872e-06
1.545862023104272171e-06
1.518260129799263713e-06
1.492921826407126079e-06
1.474430120134408684e-06
1.452571922071125860e-06
1.433822724785886690e-06
1.410486003585689858e-06
1.387149282385493025e-06
1.368096578708049825e-06
1.351940585093260947e-06
1.329640884923117487e-06
1.309875324750704766e-06
1.290156232626127386e-06
1.268453661701198595e-06
1.252325058206925819e-06
1.236210982992448538e-06
1.218976070984337529e-06
1.199739942723169172e-06
1.184716412174887202e-06
1.173035473221072493e-06
1.161354534267257784e-06
1.141957849124453197e-06
1.120691168775968220e-06
1.100843807181736526e-06
1.083872860854689624e-06
1.072013901227396786e-06
1.060626838715248180e-06
1.049239776203099785e-06
1.033077132871660598e-06
1.013733011597872200e-06
9.968857558152302831e-07
9.845170533780877485e-07
9.705586887651415195e-07
9.597946940960754808e-07
9.485603306417465692e-07
9.312708322916037456e-07
9.147871321576895033e-07
9.071311029157866359e-07
8.964654115077270163e-07
8.796746006631119177e-07
8.678558154579501659e-07
8.556360029710112078e-07
8.402904787752792006e-07
8.307729100857068583e-07
8.212553413961345161e-07
8.110243519163239212e-07
7.971724135938542192e-07
7.852045449074821774e-07
7.732111685114442391e-07
7.641326417713350409e-07
7.550541150312259485e-07
7.459755882911167503e-07
7.368970615510076580e-07
7.233929056272943075e-07
7.125012017397723941e-07
7.045300863143179032e-07
6.965589708888636240e-07
6.885878554634091330e-07
6.806167400379547480e-07
6.706274776019617750e-07
6.582525385682031508e-07
6.490417617258223498e-07
6.410567943591020150e-07
6.329315567730235726e-07
6.247532955033591963e-07
6.165750342336948199e-07
6.083967729640304436e-07
5.984187329500774042e-07
5.949891123342511828e-07
5.864111777526960319e-07
5.767453943183281573e-07
5.689456368502543404e-07
5.634536712488138721e-07
5.528105729266618217e-07
5.459192343414460036e-07
5.423003792003165990e-07
5.356912506477977047e-07
5.269724766633369070e-07
5.176269113677536758e-07
5.103724398382555584e-07
5.026607269583367979e-07
4.985987306234164908e-07
4.945367342884961837e-07
4.887392415825239541e-07
4.818087029920918932e-07
4.735263071679897976e-07
4.641513996193020279e-07
4.596489623902318473e-07
4.554894527081431368e-07
4.513299430260544792e-07
4.467225047456218714e-07
4.418553835822586483e-07
4.365713250371582632e-07
4.262726078067080366e-07
4.196728472326603128e-07
4.148924075448231071e-07
4.100785710541952139e-07
4.052110541984814439e-07
4.003435373427676211e-07
3.954760204870538512e-07
3.906085036313400283e-07
3.831566809168114933e-07
3.786221047770296386e-07
3.740875286372478897e-07
3.695529524974660350e-07
3.650203152184699671e-07
3.604911656535496694e-07
3.559620160886294247e-07
3.500592166565408101e-07
3.458387311777883851e-07
3.416182456990360660e-07
3.373977602202836939e-07
3.331772747415313219e-07
3.289567892627789498e-07
3.247783358814091665e-07
3.208332360823819819e-07
3.187542666041854601e-07
3.169322213412258758e-07
3.148078099241618526e-07
3.091378828945360577e-07
3.034679558649102627e-07
2.977980288352845207e-07
2.936211774769379808e-07
2.912028240564915262e-07
2.888996528463863512e-07
2.874089622088525406e-07
2.845686915962323971e-07
2.795124704329358566e-07
2.744562492696392631e-07
2.698962264655222895e-07
2.667963652359524917e-07
2.641862635601287351e-07
2.620075028418295637e-07
2.609748967485147164e-07
2.568332191038493442e-07
2.521141077684473161e-07
2.477673749657168260e-07
2.445436551417498670e-07
2.418697517596576123e-07
2.394342066427522954e-07
2.366649376961385458e-07
2.338956687495248492e-07
2.311263998029111790e-07
2.283571308562974559e-07
2.255878619096837592e-07
2.218682811373330240e-07
2.192361918222510891e-07
2.167167599367139306e-07
2.141781816557710238e-07
2.116396033748280905e-07
2.091010250938851572e-07
2.065624468129422239e-07
2.040238685319993170e-07
2.016637175397259306e-07
2.009560606766085904e-07
1.985446366905845178e-07
1.957151899896268410e-07
1.928857432886691907e-07
1.900562965877115139e-07
1.872268498867538371e-07
1.847891953555544349e-07
1.833922193671814297e-07
1.822907598408642712e-07
1.805067299922316917e-07
1.779583716256417028e-07
1.754100132590516874e-07
1.728616548924616984e-07
1.705545367293009712e-07
1.692339126700818257e-07
1.670732730283842206e-07
1.657617672350467997e-07
1.644502614417094053e-07
1.620664159378961701e-07
1.595270301355408881e-07
1.569876443331856061e-07
1.555767032131127206e-07
1.542859689967809863e-07
1.521020163498020810e-07
1.506546781199788996e-07
1.494591429774179736e-07
1.471879476734155722e-07
1.449167523694131973e-07
1.437500604873334507e-07
1.430953391439887031e-07
1.424406178006439555e-07
1.395877335021915704e-07
1.369951620091179082e-07
1.356715875276589987e-07
1.336357075033412711e-07
1.319609641182308453e-07
1.305041930071479262e-07
1.290474218960650336e-07
1.275906507849821409e-07
1.261338796738992483e-07
1.247104781175440557e-07
1.242171119876481313e-07
1.238728543492147302e-07
1.235285967107813027e-07
1.230547851279155541e-07
1.206340128740908430e-07
1.182132406202661054e-07
1.157924683664413678e-07
1.138424222872945870e-07
1.132577973411148310e-07
1.128786590608204811e-07
1.124087642957628767e-07
1.117766360182822255e-07
1.104515280254911890e-07
1.081190494254651351e-07
1.057865708254390812e-07
1.047183129271649030e-07
1.036579558535014961e-07
1.025949710872814518e-07
1.020371098958361939e-07
1.014655594930148439e-07
1.007831165293457433e-07
9.919013695598697440e-08
9.688229586228565977e-08
9.604740357950431995e-08
9.519140746499947801e-08
9.405983505437236196e-08
9.277759755185466329e-08
9.221210204456244790e-08
9.118271167469586252e-08
8.978545262553772735e-08
8.838819357637957894e-08
8.807341192655272384e-08
8.785855019145014704e-08
8.764368845634757024e-08
8.581549344110375567e-08
8.392169036778414335e-08
8.339961956139512036e-08
8.212577665139189295e-08
8.104428889176944909e-08
8.077277680951931332e-08
8.050126472726916431e-08
8.022975264501901530e-08
7.939397225413288022e-08
7.749788111050613048e-08
7.591328783843203745e-08
7.489556225702250998e-08
7.434335129739512938e-08
7.379114033776772230e-08
7.323892937814034169e-08
7.268671841851294785e-08
7.213450745888554078e-08
7.123588465209566593e-08
6.963665334224844215e-08
6.886175089248336327e-08
6.876838516534315178e-08
6.867501943820292706e-08
6.858165371106270233e-08
6.848828798392247761e-08
6.752865124575236888e-08
6.617384741954567088e-08
6.463950648273035972e-08
6.357773394576497324e-08
6.292174661005422932e-08
6.229488686136625319e-08
6.208879441910126293e-08
6.188270197683627266e-08
6.167660953457128239e-08
6.140594326757690644e-08
5.989579196661047307e-08
5.838564066564405294e-08
5.809039066712352441e-08
5.741283916325343536e-08
5.673528765938334631e-08
5.612976881920516127e-08
5.592989883793976977e-08
5.572097780673660126e-08
5.535062571084901496e-08
5.401717451790010004e-08
5.323472099713937813e-08
5.297569627337063228e-08
5.235466832556737165e-08
5.173364037776411764e-08
5.111261242996086363e-08
5.052433368295375159e-08
5.036893103123052870e-08
4.989835476590570144e-08
4.882199660105549662e-08
4.876472662456332262e-08
4.870745664807115524e-08
4.865018667157898786e-08
4.859291669508681385e-08
4.747858881233098566e-08
4.630637133545090181e-08
4.558652059810830334e-08
4.492881687654027212e-08
4.465274947402942136e-08
4.437668207151857721e-08
4.410061466900772644e-08
4.382454726649688229e-08
4.354847986398603152e-08
4.312265678460850959e-08
4.215922283338416785e-08
4.142650705174177785e-08
4.129025253351848064e-08
4.115399801529519005e-08
4.101774349707189285e-08
4.088148897884859565e-08
4.074523446062529844e-08
4.060897994240200785e-08
3.987354120043114265e-08
3.879777232474310917e-08
3.807014463514462042e-08
3.795417323067009609e-08
3.779234961329325976e-08
3.763052599591643006e-08
3.746870237853959373e-08
3.730687876116275741e-08
3.714505514378592109e-08
3.655090847630208259e-08
3.583609230115118930e-08
3.473010897719819630e-08
3.470935818233841180e-08
3.430364378323454082e-08
3.389792938413066322e-08
3.349599380218757407e-08
3.346636257214781281e-08
3.343673134210804494e-08
3.340710011206827706e-08
3.269477693385758042e-08
3.181397720072489034e-08
3.171579862883800058e-08
3.151398627963413909e-08
3.114361151486445320e-08
3.077323675009476731e-08
3.040286198532508141e-08
3.005569433456208895e-08
3.001444237209794264e-08
2.985632022004644980e-08
2.913133448896922593e-08
2.923004329094039691e-08
2.949401064239659570e-08
2.912016393318946369e-08
2.864156977072202609e-08
2.816297560825459510e-08
2.768438144578715750e-08
2.720578728331972321e-08
2.703220069920570767e-08
2.669920860004461817e-08
2.683195391838112633e-08
2.696469923671763450e-08
2.694201085867474396e-08
2.657139856219273883e-08
2.620078626571072709e-08
2.582914495952095631e-08
2.524777916088462524e-08
2.466641336224829417e-08
2.447839719050948232e-08
2.445451763685522214e-08
2.443063808320096196e-08
2.439482062063417270e-08
2.435662306715003898e-08
2.431842551366590194e-08
2.428022796018177152e-08
2.372403887765794633e-08
2.308409373004574280e-08
2.248593454859094593e-08
2.247003119202653349e-08
2.241839175999242876e-08
2.236675232795832072e-08
2.231511289592421599e-08
2.226347346389010464e-08
2.221183403185599991e-08
2.199178224958021599e-08
2.142008471131869756e-08
2.084838717305717250e-08
2.048633299065018154e-08
2.052970470737772252e-08
2.048226047167338822e-08
2.043447608738247225e-08
2.038669170309155959e-08
2.033890731880064692e-08
2.029112293450973426e-08
1.995195230985928014e-08
1.954812068431786112e-08
1.914428905877644873e-08
1.868733126675977875e-08
1.870666366451164921e-08
1.869031347292721858e-08
1.865205334901802428e-08
1.861379322510883328e-08
1.857553310119963897e-08
1.839437915852180664e-08
1.803656090902953530e-08
1.767874265953726396e-08
1.731821877421403429e-08
1.715189441390877044e-08
1.743626113363880535e-08
1.735196378247144114e-08
1.708059547401531318e-08
1.680922716555918852e-08
1.653785885710306387e-08
1.626649054864693591e-08
1.599512224019080795e-08
1.580661199124598324e-08
1.564336079255271002e-08
1.581224167944873956e-08
1.598112256634476910e-08
1.593010533975518022e-08
1.567078126090957170e-08
1.541145718206395987e-08
1.515213310321835135e-08
1.489280902437274282e-08
1.463348494552713100e-08
1.437537330618720798e-08
1.435225953026925846e-08
1.437942684388104771e-08
1.440612384801229561e-08
1.440509334118185573e-08
1.440406283435141420e-08
1.440303232752097598e-08
1.439415053278344214e-08
1.404238354596635957e-08
1.369061655914928031e-08
1.333884957233219940e-08
1.313811193107577191e-08
1.312447232074983453e-08
1.311083271042389881e-08
1.311058816762275470e-08
1.311848174262977040e-08
1.312637531763678609e-08
1.313426889264380179e-08
1.293115135954044597e-08
1.261110837674936353e-08
1.229106539395827944e-08
1.204480270287750290e-08
1.194684124490453523e-08
1.192853006867832426e-08
1.191463859129912711e-08
1.193712386095244725e-08
1.195960913060576574e-08
1.198209440025908422e-08
1.188937550135494041e-08
1.161247500887866973e-08
1.133557451640240069e-08
1.109267776511743821e-08
1.090165646706635511e-08
1.091242190022974531e-08
1.093295907630261670e-08
1.093722079107619341e-08
1.094148250584977178e-08
1.094574422062334849e-08
1.090988570761946474e-08
1.070103433073577371e-08
1.049218295385208267e-08
1.028333157696839164e-08
1.006546836296834147e-08
1.004471139376140607e-08
1.026990652232393908e-08
1.011928039261548193e-08
9.968654262907023129e-09
9.818028133198567638e-09
9.667402003490110492e-09
9.516775873781651692e-09
9.366149744073194546e-09
9.215523614364737400e-09
9.156956023540552472e-09
9.141121992132976138e-09
9.316182252992350551e-09
9.393925371240128508e-09
9.249461417599642780e-09
9.104997463959157053e-09
8.960533510318672980e-09
8.816069556678187253e-09
8.671605603037703180e-09
8.527141649397217453e-09
8.382677695756731726e-09
8.310216162771150724e-09
8.352663208616246375e-09
8.395110254461343680e-09
8.345515283036555636e-09
8.235932930394480507e-09
8.126350577752403724e-09
8.016768225110328595e-09
7.907185872468253466e-09
7.797603519826176683e-09
7.718071126766753513e-09
7.693044484456170274e-09
7.611800186810676043e-09
7.622843909844264596e-09
7.633887632877851494e-09
7.649326831513689892e-09
7.669675464629921763e-09
7.690024097746155288e-09
7.710372730862387158e-09
7.598586437448638103e-09
7.426571495972228459e-09
7.254556554495817160e-09
7.082541613019406688e-09
6.970181075759638779e-09
6.921197703900444174e-09
6.926839524989240336e-09
6.933508683464338584e-09
6.965528588102995849e-09
6.997548492741653113e-09
7.029568397380309550e-09
6.947376443521254425e-09
6.794869002433956018e-09
6.642361561346657611e-09
6.489854120259360031e-09
6.385177097798551418e-09
6.295786547412458655e-09
6.310381992396283766e-09
6.331617703869998194e-09
6.358075626662850043e-09
6.384533549455702719e-09
6.410991472248554568e-09
6.342859790109793595e-09
6.211658263453509390e-09
6.080456736797226012e-09
5.949255210140942635e-09
5.849791559239522240e-09
5.751983980859997526e-09
5.738739226938133121e-09
5.885246443051895673e-09
6.048907353183205582e-09
6.212568263314515492e-09
6.200083323083401616e-09
6.037554794593741470e-09
5.875026266104080498e-09
5.712497737614420352e-09
5.549969209124759379e-09
5.387440680635099233e-09
5.239380032902206694e-09
5.420780575787619198e-09
5.462825518763389121e-09
5.384899500765328318e-09
5.306973482767268343e-09
5.229047464769206714e-09
5.151121446771145911e-09
5.073195428773085109e-09
4.995269410775024307e-09
4.917343392776963504e-09
4.839417374778902702e-09
4.774551678583443541e-09
4.810449728352558457e-09
4.852565772510224222e-09
4.847535453557974912e-09
4.785556562233448601e-09
4.723577670908923118e-09
4.661598779584396807e-09
4.599619888259871323e-09
4.537640996935345012e-09
4.475662105610819529e-09
4.435988372066111964e-09
4.425100683855670071e-09
4.375134120116810018e-09
4.394354779881551482e-09
4.413575439646292946e-09
4.435693949131455425e-09
4.460633150007533033e-09
4.485572350883609814e-09
4.483113633014503901e-09
4.393529594001109287e-09
4.303945554987714673e-09
4.214361515974319231e-09
4.124777476960925444e-09
4.048864816421593490e-09
3.994711946290106898e-09
3.981126864704114058e-09
3.994810969832763271e-09
4.013353869181851450e-09
4.049392964078847210e-09
4.085432058975842971e-09
4.076180100851980223e-09
3.994113863002034282e-09
3.912047625152089168e-09
3.829981387302143227e-09
3.747915149452198940e-09
3.692723648772032977e-09
3.642551597836229203e-09
3.616954484570424871e-09
3.636373976429758064e-09
3.665080002190796872e-09
3.695768083793998789e-09
3.726456165397200705e-09
3.705851934047571437e-09
3.633939602689865044e-09
3.562027271332159064e-09
3.490114939974453499e-09
3.420301573950105508e-09
3.371656208415447224e-09
3.323010842880788526e-09
3.280961193075835061e-09
3.291866604280571450e-09
3.265111843609979598e-09
3.238357082939388160e-09
3.211602322268796722e-09
3.184847561598205284e-09
3.158092800927613846e-09
3.131338040257021994e-09
3.104583279586430969e-09
3.077828518915839531e-09
3.051073758245247680e-09
3.024261789676552083e-09
3.003575710497390527e-09
3.040731112438741740e-09
3.077886514380093781e-09
3.115041916321445409e-09
3.152197318262797036e-09
3.189352720204149077e-09
3.226508122145500704e-09
3.263663524086852331e-09
3.216420144124612199e-09
3.058962994930004551e-09
2.901505845735396488e-09
2.744048696540788839e-09
2.752367281168734200e-09
2.789148979984932942e-09
2.825982793258854229e-09
2.862876567064418895e-09
2.892213328009418425e-09
2.914798428566896500e-09
2.937383529124374161e-09
