3.528607959602514214e-03
3.533029889418653341e-03
3.528487704533787937e-03
3.515004567944965321e-03
3.493759238038631702e-03
3.464971418863873123e-03
3.430275849916343458e-03
3.390341133795794597e-03
3.344160978694665776e-03
3.295709249718477198e-03
3.245291919922609850e-03
3.190115422051403252e-03
3.135610486559835871e-03
3.078802800637220859e-03
3.021292735773272679e-03
2.963861706248036108e-03
2.904948681645456304e-03
2.846202850834309624e-03
2.788047710943043246e-03
2.728852454964376863e-03
2.672152753297094962e-03
2.612913418721510284e-03
2.555846988986868601e-03
2.496990975276493826e-03
2.440137683847918171e-03
2.383280832206206498e-03
2.326142567267429871e-03
2.270114137797053441e-03
2.214411521507838546e-03
2.160365328342555864e-03
2.107847851832896253e-03
2.055362063844899233e-03
2.003864423263594912e-03
1.954158566665842398e-03
1.904528122926437209e-03
1.856995539854346729e-03
1.810878297735862364e-03
1.764359043014600411e-03
1.719287034883813185e-03
1.676236821466140989e-03
1.633346551392281373e-03
1.591279077521557447e-03
1.550692854909814598e-03
1.510852759073284509e-03
1.472011196096347776e-03
1.434542773628027113e-03
1.398263099774995624e-03
1.362211576968216801e-03
1.326751348655619061e-03
1.292385315400749850e-03
1.259494409132864848e-03
1.226993306837569683e-03
1.195302674703507990e-03
1.164345671552291213e-03
1.134231473596838480e-03
1.105214696428647586e-03
1.076816815256839439e-03
1.048978403853292494e-03
1.022254251038304945e-03
9.957611501992139156e-04
9.700377783435350058e-04
9.451434813880415847e-04
9.208759774378851145e-04
8.972121765906364158e-04
8.741366021442940285e-04
8.515407865851651889e-04
8.298867336587192282e-04
8.084478181970525430e-04
7.877254259931756007e-04
7.676026622477468081e-04
7.481454533769224579e-04
7.289114616623630161e-04
7.103773880580590942e-04
6.922203926417628628e-04
6.744552879425700894e-04
6.575765475533502024e-04
6.408067906728246886e-04
6.246117061757053279e-04
6.087624816673428349e-04
5.932654287481519371e-04
5.784020707678805924e-04
5.637253662141637582e-04
5.495295582797068501e-04
5.357414682354022257e-04
5.221302285104942624e-04
5.090154762645630838e-04
4.964101019521654319e-04
4.839734119344120465e-04
4.717651222147780320e-04
4.600179579631825315e-04
4.485461004004051913e-04
4.374556552451516539e-04
4.265843293240919568e-04
4.160426429288356437e-04
4.057639419049070004e-04
3.957604473507464991e-04
3.859977032357219989e-04
3.765677859208650777e-04
3.671860247078874602e-04
3.581400235564769288e-04
3.497686867393232611e-04
3.412197999108499877e-04
3.327959631316215901e-04
3.246035291993222441e-04
3.164850482518600031e-04
3.086804597527643751e-04
3.016233964461020162e-04
2.942254060619495909e-04
2.869472199532561996e-04
2.801390529341867604e-04
2.733164053470137772e-04
2.669052847650917222e-04
2.605831625892724985e-04
2.543367341398040959e-04
2.480385583299703233e-04
2.419726305266225791e-04
2.363864133663258927e-04
2.309289964789554576e-04
2.254829696480978383e-04
2.200063985591053364e-04
2.147234227125058650e-04
2.096030294930391065e-04
2.047962320425814747e-04
2.001693467449320164e-04
1.955473648239364041e-04
1.908755085661105206e-04
1.863557041059573499e-04
1.820735280252203797e-04
1.778147900510358931e-04
1.734738536703124697e-04
1.695818081667272803e-04
1.656581257357675333e-04
1.617536008307392411e-04
1.581953464893754661e-04
1.546232910749203516e-04
1.509832962070825309e-04
1.475783109139727788e-04
1.442841342311055903e-04
1.409479015264314330e-04
1.376676513936656867e-04
1.344743028676761022e-04
1.315054603822562659e-04
1.285281560095030728e-04
1.256022135835682522e-04
1.227903892050105682e-04
1.200419173224613433e-04
1.172866468790898870e-04
1.146437854826065498e-04
1.121017000791048248e-04
1.095346757126336044e-04
1.070971606479091681e-04
1.048050191937925754e-04
1.024842959274458137e-04
1.001503438061930639e-04
9.797370320473965577e-05
9.578243909011341579e-05
9.370644184278150595e-05
9.167042816125263590e-05
8.960536807774252717e-05
8.763450071372377403e-05
8.572840026277336834e-05
8.389364930462762026e-05
8.213357408676511321e-05
8.034285056214508693e-05
7.853387186255006674e-05
7.684845390785550936e-05
7.522924825853332666e-05
7.363109220992551359e-05
7.202927331023969927e-05
7.049615587137935888e-05
6.896487850505612146e-05
6.750522034875353755e-05
6.608449862915716927e-05
6.464009484338017011e-05
6.322096034559657846e-05
6.193771859188746450e-05
6.066540780909559117e-05
5.931635225294703211e-05
5.801887616434159208e-05
5.682771075562062177e-05
5.563654534689964468e-05
5.447683391510573620e-05
5.336987987154453707e-05
5.226266466945916965e-05
5.115624364363635630e-05
5.008219529773834156e-05
4.909249296228051715e-05
4.808027279877500471e-05
4.705405555780818491e-05
4.607899117125396069e-05
4.514505651238864305e-05
4.421093551357392756e-05
4.327571177823218092e-05
4.241963521403767563e-05
4.157283326099349706e-05
4.072075323323118908e-05
3.988020511450391124e-05
3.910946359739673973e-05
3.832429817855227135e-05
3.750268168005103090e-05
3.671331615467310534e-05
3.601158696126603411e-05
3.531908164201426028e-05
3.460095550209582837e-05
3.387077162699779758e-05
3.322360202954129419e-05
3.257184270962832674e-05
3.191961163639434084e-05
3.124392415525606361e-05
3.062965620631167483e-05
3.004184847473330221e-05
2.945404074315493298e-05
2.885929838962439961e-05
2.828399392934872691e-05
2.774333405642317752e-05
2.720267418349762813e-05
2.666795535921085005e-05
2.613716603367742154e-05
2.564728789136963869e-05
2.516159531579523757e-05
2.467529469093691913e-05
2.417531190407687798e-05
2.371310160573401060e-05
2.325767761824104358e-05
2.280881450691942626e-05
2.235995139559780894e-05
2.192391230237529003e-05
2.150710275579632302e-05
2.109029320921735601e-05
2.067348366263839238e-05
2.029163771676891094e-05
1.991831164085078470e-05
1.953169158732022482e-05
1.914653366802677146e-05
1.877688085642716101e-05
1.843160326921631671e-05
1.811341331048597190e-05
1.777719350116924296e-05
1.743731085908681961e-05
1.709742821700439627e-05
1.677204818278588412e-05
1.646256990632790894e-05
1.615283654476587635e-05
1.584310318320384715e-05
1.554401970947205653e-05
1.527765781504790250e-05
1.500060339215762311e-05
1.471255553897143057e-05
1.443021131147190872e-05
1.416508731954080975e-05
1.391558592082516676e-05
1.365842094820362051e-05
1.340829455962688599e-05
1.316573843111815619e-05
1.292766087439076009e-05
1.269852415461485084e-05
1.248658858324241045e-05
1.226212123468153164e-05
1.202879194419900142e-05
1.179546265371646951e-05
1.158475271261027201e-05
1.139395408800223107e-05
1.118470093941137336e-05
1.097234424692695533e-05
1.077068352678704249e-05
1.058332885663480675e-05
1.039497171091466480e-05
1.020814117014276972e-05
1.002050417835445845e-05
9.849404911716977615e-06
9.678300389101470924e-06
9.505099159532147469e-06
9.335298246853139206e-06
9.174791443296247446e-06
9.014284639739355686e-06
8.853777836182465620e-06
8.693130920303543757e-06
8.547031335889315485e-06
8.413047301165831390e-06
8.269312050031044659e-06
8.108048056794472821e-06
7.958838981045703978e-06
7.830725563960758053e-06
7.693466608419753219e-06
7.569145714548605137e-06
7.424534921753232269e-06
7.300688172661333800e-06
7.182297033853356441e-06
7.062209873943298708e-06
6.934022201736321061e-06
6.812766728892755601e-06
6.701507005773920472e-06
6.590247282655086191e-06
6.478987559536251062e-06
6.367651343567015112e-06
6.265382376430411104e-06
6.158477095133610994e-06
6.053277780618910456e-06
5.948078466104209917e-06
5.843030035057956117e-06
5.746379608597503271e-06
5.660284148500020838e-06
5.562685317882453439e-06
5.467336480877582384e-06
5.372343301412220078e-06
5.283969467398174127e-06
5.203119090585723073e-06
5.122268713773272866e-06
5.027412873143050243e-06
4.934209847126064712e-06
4.856452580061831224e-06
4.781840801583434378e-06
4.707229023105038380e-06
4.632617244626641534e-06
4.548902579852342058e-06
4.475968431000968526e-06
4.405847419001276039e-06
4.335781393154940757e-06
4.265715367308604629e-06
4.195649341462269347e-06
4.120818276025269762e-06
4.060022086656994281e-06
3.994824736518060817e-06
3.929681010881821628e-06
3.864651009634088104e-06
3.798088730319271802e-06
3.740043638729466772e-06
3.680855209715438151e-06
3.621666780701409531e-06
3.562478351687380487e-06
3.503164536772731932e-06
3.448565478996659442e-06
3.398377328932943545e-06
3.348422669140075913e-06
3.298468009347207857e-06
3.244566502280144777e-06
3.184270354114383308e-06
3.133773268731041505e-06
3.085864751676447819e-06
3.040648072483331876e-06
2.995431393290215934e-06
2.950214714097100415e-06
2.894715771099839490e-06
2.852468690849185613e-06
2.810478486741332253e-06
2.768488282633478893e-06
2.725365288649340604e-06
2.682206212980503321e-06
2.634937036817737099e-06
2.597540134307010706e-06
2.557348112537013059e-06
2.517156090767015412e-06
2.476964068997018189e-06
2.436959295818160521e-06
2.401332830785355891e-06
2.370408484962170203e-06
2.332912083557031771e-06
2.295037500892975299e-06
2.257162918228919250e-06
2.221481960677648831e-06
2.189497422554356095e-06
2.158775702147491450e-06
2.125255113743825285e-06
2.091196711453157140e-06
2.057138309162488570e-06
2.030170750995804591e-06
1.998665016299065062e-06
1.970165501411541020e-06
1.947343063354955945e-06
1.922887865135707562e-06
1.891964572099627880e-06
1.861041279063548198e-06
1.828299079456868476e-06
1.798739276052301101e-06
1.777515099516766709e-06
1.756290922981232316e-06
1.728220984222335689e-06
1.698440572143916950e-06
1.668660160065498211e-06
1.644414666689769347e-06
1.625787834150264577e-06
1.604495944603057341e-06
1.581374429474728407e-06
1.553772536169720161e-06
1.526170642864711703e-06
1.504360425952596611e-06
1.485320175253275360e-06
1.466102657285322872e-06
1.442765936085126252e-06
1.419429214884929419e-06
1.396187550881438172e-06
1.380388731768926600e-06
1.358418186037219363e-06
1.340583422278462640e-06
1.320905239462698922e-06
1.299202668537770555e-06
1.279361472720616650e-06
1.263247397506139369e-06
1.246375097626600481e-06
1.227138969365431912e-06
1.212554887005374617e-06
1.200873948051559908e-06
1.189193009097745199e-06
1.168354866058053176e-06
1.147088185709567987e-06
1.126877056393675454e-06
1.109148611824172103e-06
1.097761549312023709e-06
1.086374486799875315e-06
1.074987424287726920e-06
1.057767796994799248e-06
1.038423675721010638e-06
1.019079554447222240e-06
1.005411466038607999e-06
9.946474713695421717e-07
9.837737377038034122e-07
9.722709620396808524e-07
9.547659638006456504e-07
9.372609655616103425e-07
9.266601818520773814e-07
9.148416745191923282e-07
9.001850386522044796e-07
8.902817951020752010e-07
8.778118117133886729e-07
8.622781321069819184e-07
8.497846892539623341e-07
8.402671205643898860e-07
8.297340808038639488e-07
8.158821424813942468e-07
8.058175960143550512e-07
7.925794568349476458e-07
7.818010574943293764e-07
7.727225307542201782e-07
7.636440040141110859e-07
7.545654772740019935e-07
7.409103879293267073e-07
7.287584575621936441e-07
7.206418777568844010e-07
7.126707623314300160e-07
7.046996469059756309e-07
6.967285314805212459e-07
6.872256892401817764e-07
6.748961224078774955e-07
6.647918733734409750e-07
6.566772274444324442e-07
6.484989661747680679e-07
6.403207049051036916e-07
6.321424436354394211e-07
6.239641823657750448e-07
6.131986354132274950e-07
6.087255736816619474e-07
5.992675984940468035e-07
5.908358340586355290e-07
5.853438684571952725e-07
5.789525062332142870e-07
5.679819223956096679e-07
5.585150285621027281e-07
5.548961734209734294e-07
5.481364345077129432e-07
5.391074580671588121e-07
5.305060693818223733e-07
5.252492870141251506e-07
5.154764073622884293e-07
5.102266742254926531e-07
5.061646778905723460e-07
5.005988263610474751e-07
4.936682877706154142e-07
4.847812506586951304e-07
4.763901115101879274e-07
4.705306721918420780e-07
4.663711625097534204e-07
4.622116528276647628e-07
4.577451219024163711e-07
4.528780007390530950e-07
4.467709100610539118e-07
4.367683883451969901e-07
4.303702082465390725e-07
4.255897685587018138e-07
4.208092446819973966e-07
4.159417278262836796e-07
4.110742109705699097e-07
4.062066941148561398e-07
4.009503625514773604e-07
3.931615561194027284e-07
3.886269799796209266e-07
3.840924038398390719e-07
3.795605424682273189e-07
3.750313929033070213e-07
3.705022433383867236e-07
3.659730937734664259e-07
3.594241029788427376e-07
3.552036175000904185e-07
3.509831320213380464e-07
3.467626465425857273e-07
3.425421610638333023e-07
3.383625994089690252e-07
3.342046304020119764e-07
3.290044042215714135e-07
3.269254347433748918e-07
3.250765332957729134e-07
3.221986985939685153e-07
3.165287715643427733e-07
3.108588445347169254e-07
3.051889175050911304e-07
3.012893834569053528e-07
2.988710300364588983e-07
2.964526766160124437e-07
2.949417078423837067e-07
2.918135963414034440e-07
2.867573751781069035e-07
2.817011540148103100e-07
2.768767990580185909e-07
2.740378399349143428e-07
2.714277382590905863e-07
2.689417445067420647e-07
2.679091384134271644e-07
2.639064740546763537e-07
2.591873627192742727e-07
2.544682513838722446e-07
2.511503154715886111e-07
2.485988595102776675e-07
2.461763770486743096e-07
2.434900868217357387e-07
2.407208178751219891e-07
2.379515489285082924e-07
2.351822799818946222e-07
2.324130110352808991e-07
2.281080070827332739e-07
2.255540587235955319e-07
2.231362743318726522e-07
2.205976960509297189e-07
2.180591177699868121e-07
2.155205394890438788e-07
2.129819612081009720e-07
2.104433829271580387e-07
2.073386670534901945e-07
2.066310101903728542e-07
2.039831039084011830e-07
2.011536572074435062e-07
1.983242105064858294e-07
1.954947638055281791e-07
1.926653171045705023e-07
1.901152162060181275e-07
1.886295058729669190e-07
1.875280463466497870e-07
1.856635285400173281e-07
1.831151701734273127e-07
1.805668118068372973e-07
1.780184534402473084e-07
1.754700950736572930e-07
1.736444414758082921e-07
1.719657623057562918e-07
1.706542565124188709e-07
1.693427507190814765e-07
1.669418236505398655e-07
1.644024378481845835e-07
1.618630520458293015e-07
1.597303563940088460e-07
1.584543287261948259e-07
1.563840148798238728e-07
1.551969999009150222e-07
1.540099849220061451e-07
1.518128410012619631e-07
1.495416456972595882e-07
1.472722423605948176e-07
1.466175210172500700e-07
1.459627996739052960e-07
1.433745315308693147e-07
1.412450295758799044e-07
1.400627650930962492e-07
1.380268850687785481e-07
1.359910050444608205e-07
1.344209202517199120e-07
1.329641491406369928e-07
1.315073780295541002e-07
1.300506069184712075e-07
1.286609159074937612e-07
1.280169176037894808e-07
1.276726599653560533e-07
1.273284023269226258e-07
1.267873398947027385e-07
1.243665676408780274e-07
1.219457953870532898e-07
1.195250231332285523e-07
1.172418638468733258e-07
1.168627255665789759e-07
1.164835872862846259e-07
1.159433259976624399e-07
1.153111977201817887e-07
1.140096123163375784e-07
1.116771337163115245e-07
1.093446551162854707e-07
1.075267874592270805e-07
1.064796848428614586e-07
1.059218236514162007e-07
1.053639624599709560e-07
1.047638157356485397e-07
1.040813727719794392e-07
1.025931796183746281e-07
1.002853385246733134e-07
9.863583234265718315e-08
9.785404581361134498e-08
9.652557300300617265e-08
9.584772207951956867e-08
9.528222657222734004e-08
9.413190026115053452e-08
9.273464121199238611e-08
9.133738216283425094e-08
9.038005713281519060e-08
9.016519539771261380e-08
8.989765956483886105e-08
8.800385649151926196e-08
8.675157193072336305e-08
8.624433392341001877e-08
8.494321093964820712e-08
8.364208795588639547e-08
8.291300613122039002e-08
8.264149404897024101e-08
8.236998196672010523e-08
8.159845197378939824e-08
7.970236083016266173e-08
7.858928718911026854e-08
7.755240868832155453e-08
7.652800170675832135e-08
7.597579074713092751e-08
7.542357978750353367e-08
7.487136882787613982e-08
7.431915786824874598e-08
7.351993330879513300e-08
7.192070199894789598e-08
7.131127845816596938e-08
7.121791273102574466e-08
7.112454700388553317e-08
7.103118127674532169e-08
7.093781554960509696e-08
6.971641843041720600e-08
6.836161460421052124e-08
6.692331611151280528e-08
6.536886244818604046e-08
6.475592234571411109e-08
6.454982990344912083e-08
6.434373746118413056e-08
6.413764501891914029e-08
6.393155257665413679e-08
6.345071063573264795e-08
6.194055933476621458e-08
6.043040803379979445e-08
5.977379550774062622e-08
5.909624400387054379e-08
5.841869250000046135e-08
5.821799559942642387e-08
5.801812561816102575e-08
5.779907738868317177e-08
5.736249664803449452e-08
5.602904545508557960e-08
5.476485533761503539e-08
5.459064249357858611e-08
5.396961454577532549e-08
5.334858659797206486e-08
5.272755865016881085e-08
5.248474234465543674e-08
5.228193950689102014e-08
5.184518433724645030e-08
5.071816628199454421e-08
5.015607907534527270e-08
5.009880909885310532e-08
5.004153912236093132e-08
4.989027594761135701e-08
4.871805847073127316e-08
4.754584099385118930e-08
4.736738035615026111e-08
4.665808853273985834e-08
4.605420306862617116e-08
4.577813566611532701e-08
4.550206826360447624e-08
4.522600086109363871e-08
4.494993345858278133e-08
4.446320596457282580e-08
4.349977201334849068e-08
4.280012740899567223e-08
4.249438582533501728e-08
4.235813130711172007e-08
4.222187678888842287e-08
4.208562227066512566e-08
4.194936775244182846e-08
4.181311323421852464e-08
4.116407510877701462e-08
4.008816162387760725e-08
3.922864219555464720e-08
3.908236746610150506e-08
3.892054384872466873e-08
3.875872023134783903e-08
3.859689661397100271e-08
3.843507299659416638e-08
3.827324937921733006e-08
3.778763260133753712e-08
3.707281642618665044e-08
3.594086963326653954e-08
3.572561052461213213e-08
3.531989612550825453e-08
3.495464607008129978e-08
3.492501484004153190e-08
3.489538361000177065e-08
3.486575237996200277e-08
3.465806610967489762e-08
3.390827355236081182e-08
3.304688091525859856e-08
3.271861022726830156e-08
3.249668456355380527e-08
3.212630979878411938e-08
3.175593503401443348e-08
3.140305754439031355e-08
3.136180558192616061e-08
3.132055361946201430e-08
3.103078033573917499e-08
3.031131971278130720e-08
3.004720826965807832e-08
3.031117562111427711e-08
2.996807446622029926e-08
2.948948030375286497e-08
2.901088614128542737e-08
2.853229197881798976e-08
2.826296644246544317e-08
2.819936069983635134e-08
2.758367870951395928e-08
2.757925082822944972e-08
2.771199614656595789e-08
2.776834309984147522e-08
2.739773080335946347e-08
2.702711850687745172e-08
2.659812163064054673e-08
2.601675583200421567e-08
2.544513680733778469e-08
2.524087666485735036e-08
2.521699711120309018e-08
2.519311755754882670e-08
2.516254216262394134e-08
2.512434460913980431e-08
2.508614705565567058e-08
2.504794950217153685e-08
2.444952004883441378e-08
2.380957490122221025e-08
2.322304708296583559e-08
2.318555514261034190e-08
2.313391571057623386e-08
2.308227627854212582e-08
2.303063684650802109e-08
2.297899741447391305e-08
2.292735798243980831e-08
2.272318316456803929e-08
2.215148562630651755e-08
2.157978808804499580e-08
2.119196666284107133e-08
2.120304098323637872e-08
2.115525659894546606e-08
2.110747221465455009e-08
2.105968783036363743e-08
2.101190344607272477e-08
2.096411906178181542e-08
2.066688044640936594e-08
2.026304882086795023e-08
1.984559373190310125e-08
1.933325080836754965e-08
1.935258320611942341e-08
1.932210790846083565e-08
1.928384778455164134e-08
1.924558766064245034e-08
1.920732753673325603e-08
1.908877813012208324e-08
1.873095988062981190e-08
1.837314163113754056e-08
1.800840973899810968e-08
1.768496684685592559e-08
1.796933356658595720e-08
1.785512314353947337e-08
1.758375483508334871e-08
1.731238652662722075e-08
1.704101821817109610e-08
1.676964990971496814e-08
1.658672476644359520e-08
1.647320878723232337e-08
1.626303919727034107e-08
1.628595374531320990e-08
1.645483463220923944e-08
1.642681890199551926e-08
1.616749482314990743e-08
1.590817074430429891e-08
1.564884666545868708e-08
1.538952258661307856e-08
1.513019850776747004e-08
1.494784451990206577e-08
1.483177620500450047e-08
1.485894351861628973e-08
1.488611083222807899e-08
1.489116475260633978e-08
1.489013424577589990e-08
1.488910373894545837e-08
1.480789965342345365e-08
1.445613266660637274e-08
1.410436567978929182e-08
1.375259869297221256e-08
1.359749329468138518e-08
1.358385368435544780e-08
1.357021407402951043e-08
1.356424066059402439e-08
1.357213423560103843e-08
1.358002781060805577e-08
1.358792138561506981e-08
1.334904797808847662e-08
1.302900499529739418e-08
1.270896201250631009e-08
1.244750465374241667e-08
1.238443337949147890e-08
1.236612220326526794e-08
1.234781102703905532e-08
1.236317066407669354e-08
1.238565593373001203e-08
1.240814120338333051e-08
1.230758698557835000e-08
1.203068649310208097e-08
1.175378600062581194e-08
1.148954967370141804e-08
1.129852837565033660e-08
1.132194955647544284e-08
1.133321296439656292e-08
1.133747467917013963e-08
1.134173639394371800e-08
1.134599810871729471e-08
1.131941757828080741e-08
1.111056620139711638e-08
1.090171482451342535e-08
1.069286344762973431e-08
1.046400901225502967e-08
1.039702767981314283e-08
1.056964812986037309e-08
1.041902200015191429e-08
1.026839587044345880e-08
1.011776974073500000e-08
9.967143611026542852e-09
9.816517481318085706e-09
9.687750412422044532e-09
9.633296961100775894e-09
9.578843509779507256e-09
9.439722218095202518e-09
9.614782478954578585e-09
9.688564768420767290e-09
9.544100814780283217e-09
9.399636861139797490e-09
9.255172907499313417e-09
9.110708953858827689e-09
8.966245000218343616e-09
8.821781046577857889e-09
8.677317092937372162e-09
8.610627077431386537e-09
8.653074123276483843e-09
8.695521169121581148e-09
8.662712726362041595e-09
8.553130373719966467e-09
8.443548021077891338e-09
8.333965668435816209e-09
8.224383315793739426e-09
8.114800963151664297e-09
8.005218610509589168e-09
7.935676583837013452e-09
7.897830906074180477e-09
7.908874629107769030e-09
7.919918352141355928e-09
7.934065955858364863e-09
7.954414588974596733e-09
7.974763222090830258e-09
7.995111855207063783e-09
7.841377644410010346e-09
7.669362702933599875e-09
7.497347761457189403e-09
7.325332819980778105e-09
7.207056247235623782e-09
7.194198549688839661e-09
7.199840370777636651e-09
7.205482191866432813e-09
7.234720782314628137e-09
7.266740686953284574e-09
7.298760591591941839e-09
7.190812247459625976e-09
7.038304806372326742e-09
6.885797365285028335e-09
6.733289924197729928e-09
6.618675118773254667e-09
6.550889862317725030e-09
6.565485307301550141e-09
6.584122600241466230e-09
6.610580523034318906e-09
6.637038445827170755e-09
6.663496368620023431e-09
6.583696258508399184e-09
6.452494731852115806e-09
6.321293205195832429e-09
6.190091678539549051e-09
6.080213300723203858e-09
5.982405722343679144e-09
5.974647914455445246e-09
6.078579258843290406e-09
6.242240168974600316e-09
6.405901079105909398e-09
6.418201798498986252e-09
6.255673270009325279e-09
6.093144741519665134e-09
5.930616213030004161e-09
5.768087684540344842e-09
5.605559156050683869e-09
5.472114230785487051e-09
5.605415501525036166e-09
5.639850792738941546e-09
5.561924774740881571e-09
5.483998756742820769e-09
5.406072738744759139e-09
5.328146720746698337e-09
5.250220702748638362e-09
5.172294684750576732e-09
5.094368666752515930e-09
5.016442648754454300e-09
4.965223852810892412e-09
4.998261424754829151e-09
5.040377468912494089e-09
5.035952085804637717e-09
4.973973194480112233e-09
4.911994303155585922e-09
4.850015411831059611e-09
4.788036520506534127e-09
4.726057629182008644e-09
4.664078737857483160e-09
4.602099846532956849e-09
4.568974589982685214e-09
4.552657244405587499e-09
4.571877904170329790e-09
4.591098563935072081e-09
4.613051702875342295e-09
4.637990903751419903e-09
4.662930104627496684e-09
4.628505175837887935e-09
4.538921136824493321e-09
4.449337097811098707e-09
4.359753058797704093e-09
4.270169019784308651e-09
4.190189918728058060e-09
4.137056417509051834e-09
4.150740522637700220e-09
4.164424627766349432e-09
4.182192862494767557e-09
4.218231957391763318e-09
4.254271052288759906e-09
4.221321643752069259e-09
4.139255405902124145e-09
4.057189168052179031e-09
3.975122930202233917e-09
3.893056692352287976e-09
3.830956056938207919e-09
3.780784006002404558e-09
3.776107340413058265e-09
3.795526832272391459e-09
3.823128605041022472e-09
3.853816686644223975e-09
3.884504768247425478e-09
3.848713555935942306e-09
3.776801224578236740e-09
3.704888893220530760e-09
3.632976561862824781e-09
3.561064230505118802e-09
3.507113363458702678e-09
3.458467997924043567e-09
3.428295585123135677e-09
3.448391510335462917e-09
3.421636749664871479e-09
3.394881988994280041e-09
3.368127228323688189e-09
3.341372467653097165e-09
3.314617706982505727e-09
3.287862946311914289e-09
3.261108185641322850e-09
3.234353424970731412e-09
3.207598664300139561e-09
3.159352387926328050e-09
3.134322598671895755e-09
3.171047303028417092e-09
3.208202704969768719e-09
3.245358106911120760e-09
3.282513508852471974e-09
3.319668910793823601e-09
3.356824312735175642e-09
3.393979714676527683e-09
3.313999685541173067e-09
3.156542536346565418e-09
2.999085387151957356e-09
2.852044182880911271e-09
2.868835477342784353e-09
2.905617176158983096e-09
2.942458805165112429e-09
2.979352578970677094e-09
3.011112174903150620e-09
3.033697275460628281e-09
3.056282376018105943e-09
