4.628049715025928622e-03
4.631483037335273369e-03
4.619473731970895163e-03
4.591280267658335267e-03
4.550696726686147796e-03
4.498229424789054048e-03
4.436673225783370651e-03
4.365994904366910130e-03
4.289809232002447098e-03
4.207988655622108866e-03
4.122578114611291818e-03
4.034564112922125675e-03
3.945175533407113168e-03
3.854578723648784122e-03
3.763198628398010861e-03
3.672119307381191411e-03
3.580207568223889563e-03
3.489464213416077192e-03
3.400114303320667716e-03
3.311383392640076910e-03
3.222768315020925999e-03
3.135588554169513580e-03
3.049367093443765189e-03
2.963162677363226794e-03
2.879064811291240974e-03
2.795922645643364023e-03
2.714241472648109502e-03
2.633728469316974283e-03
2.554787777709175908e-03
2.477356202689286364e-03
2.402687330251201091e-03
2.329492006692609422e-03
2.258798034272819187e-03
2.189531509323388355e-03
2.123508870632373133e-03
2.057624936801634181e-03
1.994473210314793438e-03
1.933083099273689466e-03
1.873163687602027137e-03
1.816244685980301704e-03
1.759676081640091988e-03
1.705519513646425048e-03
1.652852351033865181e-03
1.601785672742194301e-03
1.552420924553695640e-03
1.504061665660238632e-03
1.457484882868852237e-03
1.412592608965771747e-03
1.368810392601613581e-03
1.326373240203732170e-03
1.284798601262970375e-03
1.244837933831512708e-03
1.206589935665620169e-03
1.169505469241967051e-03
1.133805642787762353e-03
1.098713330949388414e-03
1.064143344317032601e-03
1.031498178293502842e-03
1.000098708119801557e-03
9.693851349804257249e-04
9.393181521549172136e-04
9.105711014933704503e-04
8.828623741467329011e-04
8.557844852724798106e-04
8.293876205627683873e-04
8.040146031279473554e-04
7.792888063589112260e-04
7.557199198285310168e-04
7.327558529824584020e-04
7.103030907713266725e-04
6.887370447914407685e-04
6.677534621993043169e-04
6.477915021785172946e-04
6.282653442885522332e-04
6.091518649237147309e-04
5.906848475914565052e-04
5.730395728167832778e-04
5.558156630933677343e-04
5.391721446908769901e-04
5.229766939434580099e-04
5.073625826610351141e-04
4.920719649378882312e-04
4.774374128160458223e-04
4.633453370681360332e-04
4.496281707544504949e-04
4.362022718257224760e-04
4.233338405936305305e-04
4.106378678146471208e-04
3.986646368681625533e-04
3.867741296752424886e-04
3.755397509345803977e-04
3.645084204248768113e-04
3.537172221289918784e-04
3.433575407233943090e-04
3.334682549761368970e-04
3.238887882887534321e-04
3.143042151827587149e-04
3.052002714892904588e-04
2.963793151467121012e-04
2.877125580460487960e-04
2.793872730957530160e-04
2.713032714006647196e-04
2.632626443278974072e-04
2.559113445061475100e-04
2.485464187710519491e-04
2.413361680718409581e-04
2.344984239115746833e-04
2.277774005191583913e-04
2.213792896399053851e-04
2.151765759941349576e-04
2.090406445530841551e-04
2.030647035502185238e-04
1.972426850369306706e-04
1.920577151687975629e-04
1.868383569925769004e-04
1.815739314886165507e-04
1.764928947322935888e-04
1.713099611451936221e-04
1.665733383908520071e-04
1.619397942624406441e-04
1.574444641313474424e-04
1.530094539588012256e-04
1.488071653981590226e-04
1.446624451392044598e-04
1.407690386692606716e-04
1.369306436835341864e-04
1.331997526644162219e-04
1.295894987774247667e-04
1.262308936827209412e-04
1.225899592210541640e-04
1.192284045373701186e-04
1.159838582138243376e-04
1.129083508423680128e-04
1.098662134290870747e-04
1.069451114568199291e-04
1.040523067078015436e-04
1.012769574632256715e-04
9.849364892812481165e-05
9.590758057819889456e-05
9.317691570629744048e-05
9.081312652656614701e-05
8.836711027885546760e-05
8.606483736638857122e-05
8.378406551789255319e-05
8.160620013611608525e-05
7.947398017287507792e-05
7.738879221648200222e-05
7.540034077924097008e-05
7.343322822326682280e-05
7.150554155339029446e-05
6.963384483764399125e-05
6.769218257371026153e-05
6.592943298590355872e-05
6.416673937426836205e-05
6.260801943310519786e-05
6.101898686646413524e-05
5.946834039395929001e-05
5.792837093528043499e-05
5.647022064793065819e-05
5.501207036058087461e-05
5.363607358416241049e-05
5.224818230449208460e-05
5.092695248578550866e-05
4.962362284693101587e-05
4.830875530460946427e-05
4.713509097636508122e-05
4.588675092565299270e-05
4.478514644032321839e-05
4.368645325297049002e-05
4.257207307813447766e-05
4.149643300984877896e-05
4.045265614640076746e-05
3.943888522806097670e-05
3.845965393216306376e-05
3.749779986319452829e-05
3.654876176580581284e-05
3.570775029267966540e-05
3.483691884635199481e-05
3.392699364930546201e-05
3.312015068448574413e-05
3.230876637990548315e-05
3.150733513972968369e-05
3.076585920213135246e-05
2.998651310483303325e-05
2.925517092923063582e-05
2.852533508264093402e-05
2.784086242285479428e-05
2.718469140616529796e-05
2.654086648213831501e-05
2.590525237539330927e-05
2.525369595260193112e-05
2.467097555229630994e-05
2.407237893600468827e-05
2.350257632113600644e-05
2.297012910622242579e-05
2.239871024055780448e-05
2.187370235587956713e-05
2.132502323518448427e-05
2.082053983565327474e-05
2.033755109713716497e-05
1.985363246618563298e-05
1.938925861028743090e-05
1.893235741800838870e-05
1.849972819635224404e-05
1.806709897469609938e-05
1.766241450871846116e-05
1.725220687104490864e-05
1.684199923337135612e-05
1.646850008814591102e-05
1.607558880789426481e-05
1.570462206391498748e-05
1.537358646056700563e-05
1.499333030669048232e-05
1.465714060738645905e-05
1.433278522692403650e-05
1.398954379913967130e-05
1.367281257341987038e-05
1.335053390748809488e-05
1.304581811516362332e-05
1.275430738185935431e-05
1.246702008843055388e-05
1.219121980058213281e-05
1.191541951273371342e-05
1.165402004627701685e-05
1.139779913208487120e-05
1.114045562039300704e-05
1.089821178436223838e-05
1.065731971545880054e-05
1.040634470251228844e-05
1.018196270436597446e-05
9.964669253561389537e-06
9.728300908597254794e-06
9.521628062261148695e-06
9.319123802604017506e-06
9.095776380815821148e-06
8.900129686603691428e-06
8.704482992391563402e-06
8.501159187694486860e-06
8.313416908923118343e-06
8.125674630151751520e-06
7.949133417567187063e-06
7.778709597839667715e-06
7.608285778112145827e-06
7.452926032959094374e-06
7.294494824138761006e-06
7.137317858655724231e-06
7.001187047102523288e-06
6.860604253203380319e-06
6.710716188523162948e-06
6.564312837304086379e-06
6.431848339929576409e-06
6.290894100837076468e-06
6.149359847027687472e-06
6.025887457075839845e-06
5.900978573736015736e-06
5.760818367191495723e-06
5.642278854221161906e-06
5.523739341250828089e-06
5.398578198093092494e-06
5.284070339336106088e-06
5.169562480579120528e-06
5.056998082008452181e-06
4.954824663315590687e-06
4.852651244622727498e-06
4.752656229927689728e-06
4.657498651449489216e-06
4.559460017584778254e-06
4.464081848376790293e-06
4.380175029492405615e-06
4.290465272301861432e-06
4.202876334557571238e-06
4.123049840731163618e-06
4.034926563400629656e-06
3.949272673139313952e-06
3.872064608267004371e-06
3.796944811778773572e-06
3.723098623138656925e-06
3.645518762788805525e-06
3.564187945934086657e-06
3.493331761962963372e-06
3.422475577991840087e-06
3.346568239007355581e-06
3.277890883759187219e-06
3.209213528511019280e-06
3.140536173262850917e-06
3.078866412077736867e-06
3.019334042586585215e-06
2.959801673095433139e-06
2.904335852639992168e-06
2.847078701176529237e-06
2.789821549713066730e-06
2.735200670200835088e-06
2.687190291348300702e-06
2.637260978792098460e-06
2.587331666235896217e-06
2.538829310102371094e-06
2.486778957859319437e-06
2.432707777146650374e-06
2.387512536900660043e-06
2.342749115095652046e-06
2.292160666601177915e-06
2.247597926289679527e-06
2.205118909954206069e-06
2.160148324329886972e-06
2.116415416511496293e-06
2.076785715823035787e-06
2.037156015134574857e-06
1.994367429528732182e-06
1.954604887532620179e-06
1.914842345536508176e-06
1.876519026231486837e-06
1.842023348272174445e-06
1.807527670312862265e-06
1.773031992353550085e-06
1.742173131153814901e-06
1.710163654113370095e-06
1.678154177072925712e-06
1.647149138658393865e-06
1.619709444069061016e-06
1.591214820437509121e-06
1.562720196805957861e-06
1.535193385404353804e-06
1.507345825961776322e-06
1.476762065123316479e-06
1.447919977970918802e-06
1.422961527371990253e-06
1.396665690725595271e-06
1.366668500531095435e-06
1.341442175587629506e-06
1.316836891433659193e-06
1.291181940884868792e-06
1.265517294538328663e-06
1.242368916244847856e-06
1.219220537951367048e-06
1.194162315120279023e-06
1.171089178022771233e-06
1.148016040925263442e-06
1.124942903827755863e-06
1.104655814688921968e-06
1.085732390891465764e-06
1.066808967094009560e-06
1.047885543296553567e-06
1.030774704882751984e-06
1.012863167537754939e-06
9.949516301927574703e-07
9.770400928477604250e-07
9.618843987554996026e-07
9.462116810564283394e-07
9.305011281054734853e-07
9.149069305215274622e-07
8.997011673696127140e-07
8.834104739000973008e-07
8.663197587687302174e-07
8.506241208287555571e-07
8.362990564566003178e-07
8.211324594683540249e-07
8.042336610906795238e-07
7.901485350697527902e-07
7.766799466844962250e-07
7.631880350274615087e-07
7.474663432935164290e-07
7.341699007494612867e-07
7.209260753918647454e-07
7.076822500342682041e-07
6.933765788331904768e-07
6.804075756894665357e-07
6.674385725457425945e-07
6.544695694020186533e-07
6.432915741208328273e-07
6.329661221142563246e-07
6.226406701076798218e-07
6.123152181011033191e-07
6.029416874730722450e-07
5.929434534806615976e-07
5.829104312229644809e-07
5.728774089652671525e-07
5.636563325094852239e-07
5.554369816395199434e-07
5.472649983554537929e-07
5.390930150713876424e-07
5.308490986705710788e-07
5.224594677364820252e-07
5.134161331541104474e-07
5.038089744998259829e-07
4.948031580556918119e-07
4.869051441207938575e-07
4.790071301858957972e-07
4.697682166036078982e-07
4.611569439124494703e-07
4.537107390535826011e-07
4.462645341947157848e-07
4.384246956129854773e-07
4.300083278597647424e-07
4.226495892678106759e-07
4.152908506758566625e-07
4.079321120839026490e-07
3.999212722657031237e-07
3.926755770336683314e-07
3.854298818016334862e-07
3.781841865695986410e-07
3.714061349604702138e-07
3.657977966798750769e-07
3.601894583992799929e-07
3.545811201186848560e-07
3.489727818380897721e-07
3.439967808713614036e-07
3.386385099807226568e-07
3.332802390900838571e-07
3.279219681994451103e-07
3.229673171838482311e-07
3.185716942151405226e-07
3.142668005183116432e-07
3.099619068214827109e-07
3.056534408491188969e-07
3.010424282467235657e-07
2.963728029119735334e-07
2.911154885116514362e-07
2.858581741113293920e-07
2.813653560828912526e-07
2.771179152082062998e-07
2.727319931470843176e-07
2.676665537800109396e-07
2.629994044666048489e-07
2.588816826034230021e-07
2.547639607402411025e-07
2.505378871650584288e-07
2.457884332180394752e-07
2.418308397939110262e-07
2.378904262426615769e-07
2.339500126914121277e-07
2.298331482082688299e-07
2.256383644427767278e-07
2.217298597224780020e-07
2.178213550021793027e-07
2.139128502818805770e-07
2.102740773878924207e-07
2.072579883749342884e-07
2.042418993619761561e-07
2.012258103490180238e-07
1.982097213360598915e-07
1.955355906273398710e-07
1.926684050735452786e-07
1.897852503793665045e-07
1.869020956851877569e-07
1.840189409910089563e-07
1.815823078825330969e-07
1.793173661905346032e-07
1.771374095829906832e-07
1.749574529754467632e-07
1.727272027330700114e-07
1.702582080315750342e-07
1.677584218640437024e-07
1.649499005945046184e-07
1.621413793249655344e-07
1.596290837724765145e-07
1.573426477892275525e-07
1.550562118059785904e-07
1.524151885500048820e-07
1.496678262309633239e-07
1.474174650073344535e-07
1.452139064915495733e-07
1.430103479757646667e-07
1.406716151256397191e-07
1.381681060693818559e-07
1.359907633533049635e-07
1.338134206372280975e-07
1.316360779211512051e-07
1.294098134584150272e-07
1.270761951044179718e-07
1.249676523129259389e-07
1.228591095214339325e-07
1.207505667299418996e-07
1.186420239384498800e-07
1.169614175071237754e-07
1.153800233833075770e-07
1.137986292594914051e-07
1.122172351356752067e-07
1.106358410118590216e-07
1.092517852547008142e-07
1.077547292927930028e-07
1.062576733308852046e-07
1.047606173689773931e-07
1.032635614070695817e-07
1.019453588252111607e-07
1.007392928264796399e-07
9.963021743229407005e-08
9.852114203810851340e-08
9.741206664392295676e-08
9.615484576267265784e-08
9.483929707463216410e-08
9.343391205694741452e-08
9.193241763092504688e-08
9.043092320490266599e-08
8.915077877883429208e-08
8.793200044086932942e-08
8.671322210290437999e-08
8.530595963056015800e-08
8.384814545932710165e-08
8.261012980947020050e-08
8.142662528283622049e-08
8.024312075620224049e-08
7.905249039254982532e-08
7.770940937433044752e-08
7.650128224160051299e-08
7.536097697091984179e-08
7.422067170023915736e-08
7.308036642955847293e-08
7.187395699943753218e-08
7.066772179473091432e-08
6.953843664639375534e-08
6.840915149805659637e-08
6.727986634971943739e-08
6.615058120138227842e-08
6.521338984354678260e-08
6.439479822550420218e-08
6.357620660746163500e-08
6.275761498941906782e-08
6.193902337137648740e-08
6.115468645818093288e-08
6.040921395457611505e-08
5.960413760538391983e-08
5.879906125619171800e-08
5.799398490699952279e-08
5.718890855780732096e-08
5.651783013261725094e-08
5.590191501766290931e-08
5.534784227312475769e-08
5.479376952858660607e-08
5.423969678404846107e-08
5.359998646091129646e-08
5.290852850578995765e-08
5.219899420877285049e-08
5.142316133630897727e-08
5.064732846384511067e-08
4.990876669037991976e-08
4.925360694113673174e-08
4.859844719189353711e-08
4.792525473807164361e-08
4.714674817929940917e-08
4.637591827092825091e-08
4.576125821610287871e-08
4.514659816127750650e-08
4.453193810645213429e-08
4.391727805162676208e-08
4.320536420725135216e-08
4.253821540404156409e-08
4.192751986883311909e-08
4.131682433362468070e-08
4.070612879841622909e-08
4.009543326320779732e-08
3.940982019716787829e-08
3.881405725395947725e-08
3.821829431075108282e-08
3.762253136754268840e-08
3.702676842433428736e-08
3.643100548112588632e-08
3.595662360698916143e-08
3.552607625827859755e-08
3.509552890956803366e-08
3.466498156085747639e-08
3.423443421214691251e-08
3.381486872000444152e-08
3.344446830522458554e-08
3.303446970576173884e-08
3.262447110629887891e-08
3.221447250683602560e-08
3.180447390737317229e-08
3.141969844575494228e-08
3.107484694001842016e-08
3.078854437949074390e-08
3.051840799025003542e-08
3.024827160100932693e-08
2.997813521176862507e-08
2.963264741361726048e-08
2.926731119743140226e-08
2.889111701246862740e-08
2.847861935787781342e-08
2.806612170328699281e-08
2.766774066043641623e-08
2.732855520578218759e-08
2.698936975112795564e-08
2.665018429647372700e-08
2.626070634002960254e-08
2.585564858003861034e-08
2.549314489173952649e-08
2.516968004210276224e-08
2.484621519246600131e-08
2.452275034282924037e-08
2.419146360903268680e-08
2.381556902831579980e-08
2.347193879696581253e-08
2.315057402531697422e-08
2.282920925366813922e-08
2.250784448201930421e-08
2.218647971037046921e-08
2.182819907953902341e-08
2.150625570197357809e-08
2.118909517189269652e-08
2.087193464181181495e-08
2.055477411173093008e-08
2.023761358165005182e-08
1.993396592735888535e-08
1.971728841652027228e-08
1.949996229596200085e-08
1.928263617540373603e-08
1.906531005484546460e-08
1.884798393428719648e-08
1.863065781372893167e-08
1.842455716056748858e-08
1.823872232445525853e-08
1.802781771503144088e-08
1.781691310560762654e-08
1.760600849618381219e-08
1.739510388675999454e-08
1.718419927733618019e-08
1.698449049519062064e-08
1.679969793349769091e-08
1.662237534138452805e-08
1.647987707240932601e-08
1.633737880343412398e-08
1.619488053445892195e-08
1.605238226548371661e-08
1.617396897901073845e-08
1.629213157189903694e-08
1.583258967563762527e-08
1.537304777937621690e-08
1.513337239723168474e-08
1.492396792299310295e-08
1.471456344875451950e-08
1.452787130688230958e-08
1.435192447442555489e-08
1.417597764196880351e-08
1.400003080951205048e-08
1.382408397705529745e-08
1.362238492456794059e-08
1.341505851406674247e-08
1.323374987086056207e-08
1.306221817378694898e-08
1.289068647671333754e-08
1.271915477963972444e-08
1.254762308256611300e-08
1.237609138549249990e-08
1.218573304781184176e-08
1.198950363919954403e-08
1.182401631201631786e-08
1.165852898483309169e-08
1.149304165764986387e-08
1.132755433046663604e-08
1.116206700328340822e-08
1.099657967610018205e-08
1.099489130038402880e-08
1.105704409900908578e-08
1.111919689763414441e-08
1.118134969625920138e-08
1.124350249488426001e-08
1.130565529350931533e-08
1.049694315570264820e-08
1.015780468187909625e-08
1.007132787932223495e-08
1.013614665523750101e-08
1.020096543115276541e-08
1.026578420706803146e-08
1.033060298298329752e-08
9.839962245549296293e-09
9.459128504460561657e-09
9.361411984583996281e-09
9.162936950053958294e-09
9.228430966113783605e-09
9.293924982173608916e-09
9.359418998233434226e-09
9.240855498869313677e-09
8.862033987749765616e-09
9.056128703978477184e-09
8.866009453795078494e-09
8.629799186543120433e-09
8.461320123573208089e-09
8.479911752210214677e-09
8.498503380847221264e-09
8.120550099473151375e-09
8.269259430600886108e-09
8.336173937195124371e-09
8.113448954868056768e-09
7.890723972540989165e-09
7.667998990213919907e-09
7.619303923030307551e-09
7.631757210483758693e-09
7.478819470101736128e-09
7.686799584011348438e-09
7.602461654992034931e-09
7.385859102236098008e-09
7.169256549480161085e-09
6.952653996724224989e-09
6.813179386920403076e-09
6.735014515649129822e-09
6.921807334627714879e-09
7.108600153606299936e-09
6.937993588187770954e-09
6.725942766923396603e-09
6.513891945659023078e-09
6.301841124394648726e-09
6.089790303130275202e-09
6.158196459068257184e-09
6.349374303374605412e-09
6.531591621681195339e-09
6.330088401715975751e-09
6.128585181750756990e-09
5.927081961785538229e-09
5.725578741820319468e-09
5.634007218970988651e-09
5.546127168351887467e-09
5.753930669035630334e-09
5.961734169719373201e-09
5.881883918019189515e-09
5.797553260941451217e-09
5.632323416413140323e-09
5.272262966181489391e-09
5.240162887023415462e-09
5.219686000944955996e-09
5.054221227622154191e-09
5.099661984819689721e-09
5.145102742017224423e-09
5.190543499214759126e-09
5.080843836567270093e-09
4.895499927955677088e-09
5.018940869362739217e-09
4.907911440709782245e-09
4.789076138474475815e-09
4.671940211780440305e-09
4.686898286056868122e-09
4.701856360333294284e-09
4.587680784397729490e-09
4.527487307402779701e-09
4.648670281971969879e-09
4.545171070527811480e-09
4.431322330667058086e-09
4.317473590806303865e-09
4.204049478342343633e-09
4.215706508184651310e-09
4.155689447337945410e-09
4.164039581401816176e-09
4.295255458768492628e-09
4.185582272201121732e-09
4.075909085633750835e-09
3.966235899066379111e-09
3.856562712499008215e-09
3.763994134487847671e-09
3.711880383482965404e-09
3.816652799372885955e-09
3.939301728190312751e-09
3.862563168848893604e-09
3.755486630599413438e-09
3.648410092349932859e-09
3.541333554100452693e-09
3.434257015850972114e-09
3.329773957106590906e-09
3.451854534835326812e-09
3.576007805841069371e-09
3.569441299754564378e-09
3.467312293271564007e-09
3.365183286788563636e-09
3.263054280305562852e-09
3.160925273822562481e-09
3.094780535456685944e-09
3.059118870550426877e-09
3.195841943562192465e-09
3.300014653303548327e-09
3.205275051089629711e-09
3.110535448875711095e-09
3.015795846661792892e-09
2.921056244447873862e-09
2.862615618071846247e-09
2.866123693671485942e-09
2.826876816120295000e-09
2.913705015569576392e-09
2.962082856397554496e-09
2.889010465124618107e-09
2.815938073851681718e-09
2.742865682578744916e-09
2.715349359546445061e-09
2.726166755189393368e-09
2.736984150832341261e-09
2.729873435381235450e-09
2.628987080994002941e-09
2.656716184550962282e-09
2.586303967847269648e-09
2.515891751143577429e-09
2.513748046835634348e-09
2.571073031202043096e-09
2.628398015568452258e-09
2.616144427074038949e-09
2.523156032885099371e-09
2.373990210206510906e-09
2.381833379049193519e-09
2.310861928057421065e-09
2.281134641182203172e-09
2.341004037886685767e-09
2.400873434591168776e-09
2.460742831295650957e-09
2.410717696388188870e-09
2.322520713515785215e-09
2.172302164430784411e-09
2.109130938942254563e-09
2.067307625983795305e-09
2.122590611706714144e-09
2.177873597429632569e-09
2.233156583152551408e-09
2.288439568875469833e-09
2.238141404980312523e-09
2.154814422018426749e-09
2.028032349263532563e-09
1.864441166778920506e-09
1.898754938763223502e-09
1.955345495603003257e-09
2.011936052442783013e-09
2.068526609282562768e-09
2.125117166122342524e-09
2.054219483211048266e-09
1.947615281082077566e-09
1.841011078953107279e-09
1.734406876824136993e-09
1.711245811091696851e-09
1.770977631523209680e-09
1.831234873706948574e-09
1.891492115890687468e-09
1.951749358074426155e-09
1.920846428681164386e-09
1.827527558956144268e-09
1.734208689231124151e-09
1.640889819506104034e-09
1.565083825286561334e-09
1.571367713641528289e-09
1.626562921490138779e-09
1.693473998702427187e-09
1.760385075914715387e-09
1.811234052140574896e-09
1.741466267356761429e-09
1.671698482572947754e-09
1.601930697789134287e-09
1.531877869076255885e-09
1.452453408768908103e-09
1.476145479996768248e-09
1.507731094777092755e-09
1.565046499782793754e-09
1.622361904788494546e-09
1.639990052672588770e-09
1.573665003879613417e-09
1.507339955086638064e-09
1.441014906293662297e-09
1.372731549301295997e-09
1.306827115998229978e-09
1.363453610142948839e-09
1.401684489019239045e-09
1.439915367895528837e-09
1.478146246771818836e-09
1.490916719610036376e-09
1.423585655928467455e-09
1.356254592246898533e-09
1.288471160794112822e-09
1.217584088449727325e-09
1.187520388450777701e-09
1.220722359600437919e-09
1.253924330750097929e-09
1.287126301899757733e-09
1.320328273049417744e-09
1.353530244199077961e-09
1.300494207541476388e-09
1.231956474198350800e-09
1.162391189434758621e-09
1.090800941689723038e-09
1.035072080083996454e-09
1.041197854060531627e-09
1.047323628037067006e-09
1.053449402013602593e-09
1.059575175990137765e-09
1.065700949966673145e-09
1.071826723943208732e-09
1.077952497919743904e-09
1.046145704363324404e-09
9.844619388707107851e-10
9.587858972758587971e-10
9.447302600879814363e-10
9.397882633248338832e-10
9.463758360602126415e-10
9.529634087955916065e-10
9.595509815309703648e-10
9.661385542663491231e-10
9.727261270017280881e-10
9.490798682379318295e-10
8.983759986567090610e-10
8.778604620941380926e-10
8.792347722051736845e-10
8.655309802365463897e-10
8.518271882679191983e-10
8.455342430357839111e-10
8.527579694960806549e-10
8.599816959563775021e-10
8.672054224166742458e-10
8.720693383721858184e-10
8.390630111213294130e-10
8.210865337011849661e-10
8.381026175639892011e-10
8.377500766613991365e-10
8.213626859570603895e-10
8.049752952527216425e-10
7.885879045483828955e-10
7.722005138440440451e-10
7.682469703663095466e-10
7.709139982594667295e-10
7.695409150292081135e-10
7.369124529603898155e-10
7.528635236029341423e-10
7.712892472550140618e-10
8.026296470574348801e-10
8.365191297178742054e-10
8.306247634996733510e-10
7.978076729809752110e-10
7.649905824622770710e-10
7.321734919435789310e-10
6.993564014248806875e-10
6.663034476241964825e-10
6.719459546749102787e-10
6.880694291046265426e-10
7.041929035343429098e-10
7.316992582400627956e-10
7.597203932940625546e-10
7.423851586203560085e-10
7.085056786510490099e-10
6.746261986817418044e-10
6.407467187124347024e-10
6.068672387431273936e-10
5.881868524622519252e-10
6.039916025645980018e-10
6.197963526669440785e-10
6.356011027692900517e-10
6.565483174848913120e-10
6.788892237911004337e-10
6.646164850581797305e-10
6.310548085056630996e-10
5.974931319531465722e-10
5.639314554006300448e-10
5.397402720891594110e-10
5.423615620975644914e-10
5.322239989696462325e-10
5.500525491137340460e-10
5.678810992578218595e-10
5.841729322491288837e-10
5.995706032352927107e-10
5.852740171433889393e-10
5.468784892062333194e-10
5.224004252940651959e-10
4.979223613818970723e-10
4.993346811389027312e-10
5.037452126039897000e-10
4.982137915388875432e-10
4.837623267043427959e-10
4.866350554327744674e-10
5.029868294921215262e-10
5.193386035514686883e-10
5.280921043078554357e-10
4.894853928865760679e-10
4.727199418460198403e-10
4.685017312135431716e-10
4.789554408952251334e-10
4.846605502648087715e-10
4.892542224519357221e-10
4.799976609993428668e-10
4.618560114798433371e-10
4.437143619603438591e-10
4.434758623758465255e-10
4.569216433511989249e-10
4.392990672006650553e-10
4.233110707517692125e-10
4.259949225352962123e-10
4.370207978709288201e-10
4.436137694180986261e-10
4.480780191890170698e-10
4.525422689599354100e-10
4.395441906016559353e-10
4.207682952047464750e-10
4.019923998078370147e-10
3.850324970888204321e-10
3.967098840019450411e-10
3.773050638474407088e-10
3.869780796180416693e-10
3.966510953886426299e-10
4.039416212538248963e-10
4.084105289276226043e-10
4.128794366014202089e-10
4.173483442752179169e-10
4.016039133129630787e-10
3.836404777552601698e-10
3.656770421975571574e-10
3.477136066398541968e-10
3.351435204045862984e-10
3.448234943752052666e-10
3.545034683458243382e-10
3.641834423164432547e-10
3.692096222127602228e-10
3.738955634054309712e-10
3.785815045981017713e-10
