6.635901024097108462e-03
6.631177491787001999e-03
6.593320430250303003e-03
6.527018245054927621e-03
6.435499180447505803e-03
6.324247077950182622e-03
6.196071071257698570e-03
6.055806857495958304e-03
5.904070454507019672e-03
5.747401492108166789e-03
5.584952646277102813e-03
5.421821634549262373e-03
5.256140288100033704e-03
5.091935204048007348e-03
4.929014897654927611e-03
4.768202596588912850e-03
4.608532181773443773e-03
4.452224630938906441e-03
4.298656739087506132e-03
4.150343694043358289e-03
4.003456035635647933e-03
3.859705900718129155e-03
3.719407759882839039e-03
3.581418999861273912e-03
3.447568004844450175e-03
3.315709846897107582e-03
3.188819564811956175e-03
3.064004764969544686e-03
2.943607555773866159e-03
2.828183361147949826e-03
2.716209769587980827e-03
2.609553169950931065e-03
2.505704542761502934e-03
2.406579191101099625e-03
2.311704217908201828e-03
2.219317734444069094e-03
2.131157510007353467e-03
2.046404836486064808e-03
1.964036992865484440e-03
1.885836478789608113e-03
1.811899685444181510e-03
1.741097440178711233e-03
1.671118247079864897e-03
1.604110475570217492e-03
1.540051548246017558e-03
1.479896600101155910e-03
1.421021996458214295e-03
1.364275072272457413e-03
1.311133930046830482e-03
1.260144682021600805e-03
1.209875318315368001e-03
1.161538692128178491e-03
1.116011715510878931e-03
1.071723621752105650e-03
1.030499545828322686e-03
9.903059769215325197e-04
9.505722750267537637e-04
9.139630572511086432e-04
8.776660905682438047e-04
8.442011927639467761e-04
8.109213722241736134e-04
7.786286920633476690e-04
7.493759720870953218e-04
7.209218573546794569e-04
6.925884141820557892e-04
6.658249343964426801e-04
6.399984774660646449e-04
6.146191207546103635e-04
5.915118749753343419e-04
5.686742739295758782e-04
5.471295414769960933e-04
5.267090542733977214e-04
5.065077952288514181e-04
4.870598513897115797e-04
4.684316351959416365e-04
4.506613479185393430e-04
4.336493878026675096e-04
4.172054899184950150e-04
4.018460407451757621e-04
3.866002633545350840e-04
3.722587942870395549e-04
3.578961697797097851e-04
3.449875889318727742e-04
3.316161857322197154e-04
3.197236047240295878e-04
3.076496170473042653e-04
2.964293305325268221e-04
2.855007456090306265e-04
2.749813683237102785e-04
2.645004726852273635e-04
2.553260775158408612e-04
2.454814056596440358e-04
2.367546238266331627e-04
2.280332890526156817e-04
2.196831130760582050e-04
2.116549229089857286e-04
2.041971465252936989e-04
1.967775461667821055e-04
1.895391712720550126e-04
1.829071058061351772e-04
1.758092353222679891e-04
1.696526839799658267e-04
1.636336679143939011e-04
1.576481236927026249e-04
1.520679194552783321e-04
1.467063133369811184e-04
1.414458186571375484e-04
1.363205989596432994e-04
1.319520524526450510e-04
1.274601963909270425e-04
1.225948462396863833e-04
1.184558532349787541e-04
1.144131255022104210e-04
1.101784287351982101e-04
1.062985729669846396e-04
1.024640993615717456e-04
9.903247993056758737e-05
9.555090746177588058e-05
9.230611161211357417e-05
8.900930440022539116e-05
8.582233541882364918e-05
8.309767249056903052e-05
8.003482062246682982e-05
7.744638153920127815e-05
7.486359606962637425e-05
7.227428166112833275e-05
6.973194034229528225e-05
6.743044051469508464e-05
6.517838740548906838e-05
6.292633429628305213e-05
6.098985306341360446e-05
5.881562545475604636e-05
5.678214481667229137e-05
5.493679465600406899e-05
5.292266027945761406e-05
5.123384469339801404e-05
4.954932958108260914e-05
4.784912623129630548e-05
4.628289568334982378e-05
4.477555313976446492e-05
4.338141896489513595e-05
4.194367045343819797e-05
4.056812480415576108e-05
3.931179382779235613e-05
3.796324399741023712e-05
3.672540516397871367e-05
3.559239123964643439e-05
3.430290872288780225e-05
3.322728379714675852e-05
3.218842079744849881e-05
3.108302600595514798e-05
3.008028796293365305e-05
2.910600052730501189e-05
2.821746490516346688e-05
2.732267599407185306e-05
2.642788708298023925e-05
2.561857205673535683e-05
2.484768857946102933e-05
2.402803466468074738e-05
2.327229087985627703e-05
2.259111548064545333e-05
2.181876005503061839e-05
2.110181807751302283e-05
2.045173014728099257e-05
1.979376636886043310e-05
1.914263944377955697e-05
1.853733295079582879e-05
1.797183930958840394e-05
1.745318298979766877e-05
1.692047221417085611e-05
1.638776143854404346e-05
1.590322287272398575e-05
1.544743002786333439e-05
1.495571002841907227e-05
1.448125490053537907e-05
1.407371162914365104e-05
1.363955770931503234e-05
1.316520487839934118e-05
1.278696651959157027e-05
1.240872816078379767e-05
1.201296953442898389e-05
1.163417930214652740e-05
1.126866117990068665e-05
1.093481819576834352e-05
1.063111041767343327e-05
1.032120569606165964e-05
1.001130097444988430e-05
9.711722230990698287e-06
9.456346012833811645e-06
9.167755689885795091e-06
8.879165366937776842e-06
8.629091707834546607e-06
8.395797659137129788e-06
8.134943553853365097e-06
7.871939806288031591e-06
7.648280357525144232e-06
7.424620908762255179e-06
7.189269742143673376e-06
6.963247757878502771e-06
6.748236157353064307e-06
6.550140474006585092e-06
6.374289636545674078e-06
6.201230336796973251e-06
6.026683672193809076e-06
5.852137007590644902e-06
5.697246169956026962e-06
5.546682813677897403e-06
5.383754588798911348e-06
5.220826363919924447e-06
5.081006327139144549e-06
4.945724073703888942e-06
4.794362903816626159e-06
4.640935878202652449e-06
4.513972491188339209e-06
4.387009104174026816e-06
4.260045717159713576e-06
4.124499311079192289e-06
4.005587325289271811e-06
3.887071847395228605e-06
3.785360823940003790e-06
3.690708729360049871e-06
3.592914143705250323e-06
3.495119558050450352e-06
3.397324972395651227e-06
3.312490908326195031e-06
3.229201719226738358e-06
3.135761691117416298e-06
3.042321663008094239e-06
2.961895432897078955e-06
2.887853066931801165e-06
2.809981723217411834e-06
2.723354537230911119e-06
2.646492169845228618e-06
2.575083496535903747e-06
2.503674823226578452e-06
2.429641399846354827e-06
2.356708851357911918e-06
2.289548018095783089e-06
2.223221669329188229e-06
2.167010405307387105e-06
2.115793255378799405e-06
2.063132930123656659e-06
2.010472604868514337e-06
1.957812279613372438e-06
1.908077835371870498e-06
1.864450836768574255e-06
1.814580093344121594e-06
1.763951205261895275e-06
1.713837883458352500e-06
1.673621216103809649e-06
1.633404548749266799e-06
1.589307932569936651e-06
1.541364235842669394e-06
1.500129866366149649e-06
1.461117051984264560e-06
1.422104237602379471e-06
1.382660386568044215e-06
1.341343000441119614e-06
1.304759802977236378e-06
1.268176605513353566e-06
1.236716728061576399e-06
1.207807056414033597e-06
1.181744011366753127e-06
1.154229766791229018e-06
1.126331105565691364e-06
1.098432444340153497e-06
1.070533783114615843e-06
1.043139509643035942e-06
1.020284725957076466e-06
9.974299422711172006e-07
9.731696312230838183e-07
9.473568800189522486e-07
9.215441288148205731e-07
8.969204403703186440e-07
8.748334153091860369e-07
8.527463902480535358e-07
8.306593651869209288e-07
8.085723401257884276e-07
7.844425315863526000e-07
7.621254350085964512e-07
7.416973715734788096e-07
7.212693081383612739e-07
7.008412447032437382e-07
6.851141443324437782e-07
6.699244947851926096e-07
6.566833205862209686e-07
6.416571661846009639e-07
6.269757235431012368e-07
6.122942809016015096e-07
5.976128382601017825e-07
5.829313956186020554e-07
5.848142627017663293e-07
5.657143300225819366e-07
5.460274209257632680e-07
5.321486725528865792e-07
5.182699241800098904e-07
5.043911758071332017e-07
5.033345435270268216e-07
5.041096663477740315e-07
4.851963075166571440e-07
4.662829486855402036e-07
4.473695898544233161e-07
4.406919106445984298e-07
4.284665094822321756e-07
4.308944005591746123e-07
4.324251003794292307e-07
4.139558546509370685e-07
3.954866089224449064e-07
3.770173631939527972e-07
3.649561834849178171e-07
3.621133915633445372e-07
3.643932953460283485e-07
3.666731991287120539e-07
3.502658053487091197e-07
3.333187631324507362e-07
3.196589996096628298e-07
3.190205844461868421e-07
3.086947237514914691e-07
3.007418268914693922e-07
3.029306756649972423e-07
2.955339065997337186e-07
2.800105929213004329e-07
2.762836700510963708e-07
2.783612211668632617e-07
2.683790802391765573e-07
2.582918189550846482e-07
2.482045576709927390e-07
2.423084578374265531e-07
2.341140673639386967e-07
2.358254577381223500e-07
2.375368481123060034e-07
2.322370751957931458e-07
2.226179058571002397e-07
2.129987365184073601e-07
2.033795671797144540e-07
1.981014144462239458e-07
1.983174142436257947e-07
1.999663115887096783e-07
2.005149245640601058e-07
1.916353875432740244e-07
1.827558505224879695e-07
1.744151271880709616e-07
1.749213186546429895e-07
1.695251687662495141e-07
1.641290188778560387e-07
1.654303825095821703e-07
1.638621246483057978e-07
1.558127599279027756e-07
1.502273987881030125e-07
1.515171814074790571e-07
1.492536615566254071e-07
1.440675372258138797e-07
1.388814128950023259e-07
1.336952885641907720e-07
1.326888697586861461e-07
1.276658250765876871e-07
1.287411091813755086e-07
1.298163932861632773e-07
1.259508165926085044e-07
1.211106133277662057e-07
1.162704100629239202e-07
1.114302067980816480e-07
1.090611224182071442e-07
1.076375097951680675e-07
1.087344165981374108e-07
1.098313234011067542e-07
1.057499246283484620e-07
1.011850287970859668e-07
9.662013296582348484e-08
9.532656771760235055e-08
9.597945690781975235e-08
9.347406923334904635e-08
8.930738855311869345e-08
9.036309182827692379e-08
8.811824439490681783e-08
8.387573771064707863e-08
8.172810086624180934e-08
8.250889965026344028e-08
8.297813834383480175e-08
8.335821686475244017e-08
8.048454551472619861e-08
7.403905155267218166e-08
7.238558138166011479e-08
6.919165736864317953e-08
6.982535434545107692e-08
7.045905132225896106e-08
6.922110359645935747e-08
6.670913273091556398e-08
6.419716186537177049e-08
6.168519099982799024e-08
5.917322013428419014e-08
5.810066907970906502e-08
5.875566232134964086e-08
5.941065556299022331e-08
5.886049253982834827e-08
5.651926774763480927e-08
5.417804295544128351e-08
5.183681816324775113e-08
5.170222701463716433e-08
5.210740095811975636e-08
5.066620217160152651e-08
4.850679210791061316e-08
4.913953062262640852e-08
4.792766116323044729e-08
4.575379027172595910e-08
4.424364407882811009e-08
4.454545783858508692e-08
4.484727159834206376e-08
4.514908535809903397e-08
4.463646197815049247e-08
4.210351200155574241e-08
3.911389174837167159e-08
3.815056270857388573e-08
3.765064023094175480e-08
3.791433153895502806e-08
3.817802284696830793e-08
3.844171415498158118e-08
3.870540546299485443e-08
3.896909677100813430e-08
3.686346415537838013e-08
3.376086746532271216e-08
3.153828682620431386e-08
3.173038262042952787e-08
3.197808090011009230e-08
3.222577917979066335e-08
3.247347745947122778e-08
3.272117573915179221e-08
3.296887401883235664e-08
3.321657229851292107e-08
3.100003655413695910e-08
2.818800943913347509e-08
2.625525537040530860e-08
2.663813686315261989e-08
2.690652090413666917e-08
2.703708509511092070e-08
2.716764928608517223e-08
2.729821347705942376e-08
2.742877766803368191e-08
2.755934185900793344e-08
2.680606753767093532e-08
2.429775118637911500e-08
2.212247785676134335e-08
2.140308888310076629e-08
2.276350460605788580e-08
2.420270269858145929e-08
2.564190079110503279e-08
2.708109888362859967e-08
2.588095139912311543e-08
2.445722491385832503e-08
2.303349842859353132e-08
2.116776610034617963e-08
1.898010981249676062e-08
1.716657021001387110e-08
1.775487872895171374e-08
1.905376329252119413e-08
2.035264785609067453e-08
2.165153241966015493e-08
2.270289003355296644e-08
2.074007516884181685e-08
1.877726030413066726e-08
1.737060848962843868e-08
1.625203518667991739e-08
1.494462139970516064e-08
1.431464301249229981e-08
1.435021179864723790e-08
1.472847882465617952e-08
1.595945415143742733e-08
1.719042947821867350e-08
1.842140480499992297e-08
1.723945473229740672e-08
1.538522482027480295e-08
1.418444502466038924e-08
1.311966662829111116e-08
1.205440133312897444e-08
1.158420737905266806e-08
1.161368869769878916e-08
1.164317001634491026e-08
1.167265133499103301e-08
1.176057397119853400e-08
1.189891903008001289e-08
1.203726408896149178e-08
1.217560914784297232e-08
1.157324730722973380e-08
1.058044078909384796e-08
9.587634270957960458e-09
9.666963459127063467e-09
1.090833579750533608e-08
1.055258267615248675e-08
1.019682955479963909e-08
9.841076433446788114e-09
9.485323312093940448e-09
9.341795014587524696e-09
9.817024201698892260e-09
9.618598724900882114e-09
8.788497490099065409e-09
7.876011262047938525e-09
7.853743651895580883e-09
7.870708625746272405e-09
7.757505503708912676e-09
7.568644756562309899e-09
7.379784009415705468e-09
7.190923262269100210e-09
7.002062515122496606e-09
6.844531508030133525e-09
6.873393744811724197e-09
7.085569187175825764e-09
6.554580240709845205e-09
6.368689509047005160e-09
6.382651176955481480e-09
6.396612844863958627e-09
6.410574512772436600e-09
6.753851290923210033e-09
7.477331181715853574e-09
7.969812734094016878e-09
7.350384579765908029e-09
6.730956425437797526e-09
6.111528271109687850e-09
5.492100116781576519e-09
5.185195998454012887e-09
5.162916051091506359e-09
5.030638702070420986e-09
5.041884270281804472e-09
5.053129838493187131e-09
5.064375406704569789e-09
5.075620974915953275e-09
5.308593838416871755e-09
5.253322492738038488e-09
4.903486210116555810e-09
4.553649927495073958e-09
4.333476632299988817e-09
4.340855855127215501e-09
4.348235077954441357e-09
4.385861370552361117e-09
4.259233359393240749e-09
4.132605348234119554e-09
4.005977337074999186e-09
3.879349325915878818e-09
3.791249027171454380e-09
3.805267198251357524e-09
3.939381365312050038e-09
3.645534649672695134e-09
3.528632348998906699e-09
3.534546258473835482e-09
3.540460167948764678e-09
3.546374077423693461e-09
3.650230076833325205e-09
3.663244503646295318e-09
3.542835409084057701e-09
3.422426314521819257e-09
3.302017219959581227e-09
3.181608125397342369e-09
3.061199030835104338e-09
2.940789936272865894e-09
2.916697558652732841e-09
2.806189728095879904e-09
2.802015604031288757e-09
2.806638401115488258e-09
2.811261198199688173e-09
2.815883995283887674e-09
2.892014433245404163e-09
3.074392981237990566e-09
3.230810360677683727e-09
3.387227740117376474e-09
3.417075290613007277e-09
3.043124128824450748e-09
2.669172967035892979e-09
2.452799974754527578e-09
2.540769796436566764e-09
2.487218680536657341e-09
2.384489356136050706e-09
2.281760031735444485e-09
2.179030707334837850e-09
2.121294830769892184e-09
2.127911181815522716e-09
2.228569133111631304e-09
2.402667249592168410e-09
2.576765366072705930e-09
2.750863482553243863e-09
2.466285900459206118e-09
2.148105017852687606e-09
2.044666328713908394e-09
2.120530466496798435e-09
2.173617662543735175e-09
2.180500968070158728e-09
2.077622803484869911e-09
1.974744638899581094e-09
1.871866474314292276e-09
1.768988309729003459e-09
1.666110145143714642e-09
1.593633332945104765e-09
1.695683042601349621e-09
1.854805847523623956e-09
2.013928652445898084e-09
1.840677419214387055e-09
1.593864029846524369e-09
1.691030224931907909e-09
1.750318726754962535e-09
1.797095519615378621e-09
1.843872312475794292e-09
1.883813063290751863e-09
1.784950190505876720e-09
1.686087317721001369e-09
1.587224444936126018e-09
1.488361572151250668e-09
1.397709651892225920e-09
1.355543285689613764e-09
1.284834615134479075e-09
1.213974342162110943e-09
1.253397584766523029e-09
1.208634512643769557e-09
1.321662014278789025e-09
1.511587718784586433e-09
1.732183441056722539e-09
1.655767107634607462e-09
1.579350774212491972e-09
1.502934440790376895e-09
1.426518107368261404e-09
1.350101773946146328e-09
1.273685440524030837e-09
1.224560774212332768e-09
1.194899408025527051e-09
1.147450251650032258e-09
1.085428441465319149e-09
1.023406631280606248e-09
9.613848210958931392e-10
9.107828685916793023e-10
9.702344254401167817e-10
1.045920324311770369e-09
9.960911067717194194e-10
9.462618892316684701e-10
8.993300640051319021e-10
9.328405657975377585e-10
9.663510675899438217e-10
9.998615693823498849e-10
1.033372071174755948e-09
1.055893781986089029e-09
1.027023000586038812e-09
9.981522191859885948e-10
9.599705738877689388e-10
9.020672123680704918e-10
8.441638508483721482e-10
7.862604893286737011e-10
7.485039035742016760e-10
7.099186968095811942e-10
7.359305595480397566e-10
7.101825523764297311e-10
7.118354935554079378e-10
7.439307581107358268e-10
7.760260226660637158e-10
8.081212872213917082e-10
8.402165517767195972e-10
8.723118163320475896e-10
8.933069446299365866e-10
8.660661488233792141e-10
8.388253530168215313e-10
8.115845572102640554e-10
7.769622939539315369e-10
7.277275722866463594e-10
6.784928506193613888e-10
6.292581289520762113e-10
5.978975527673528169e-10
5.638689317086085857e-10
5.202998678901039929e-10
5.353754959343544310e-10
5.648343104925194371e-10
5.942931250506844432e-10
6.237519396088495527e-10
6.532107541670145588e-10
6.826695687251795649e-10
7.121283832833445710e-10
7.380099469304814354e-10
6.971759648527377403e-10
6.563419827749941486e-10
6.155080006972505569e-10
5.746740186195070685e-10
5.460666190915239685e-10
5.250826337019491633e-10
5.040986483123744616e-10
4.726695774312698856e-10
4.379421002226558108e-10
4.111443180017155334e-10
4.296600802558829331e-10
5.416115697611353835e-10
6.544870591978150431e-10
6.896208756941832180e-10
6.707366845538711173e-10
6.518524934135589133e-10
6.329683022732466058e-10
6.140841111329342984e-10
5.951999199926221978e-10
5.605817844162289998e-10
5.204934166573724123e-10
4.804050488985159281e-10
4.472382135142268257e-10
4.272525588817390559e-10
4.072669042492511828e-10
3.872812496167633613e-10
3.623535247492467957e-10
3.342065801741468952e-10
3.092596941007284372e-10
3.143075877560707463e-10
4.189357588363053422e-10
5.235639299165397830e-10
5.712153716876426001e-10
5.626947544185076773e-10
5.541741371493727544e-10
5.402741267665520504e-10
5.203081321708183462e-10
5.003421375750846421e-10
4.803761429793510413e-10
4.604101483836173371e-10
4.404441537878836330e-10
3.514103714252659790e-10
3.333130159041968138e-10
3.152156603831275452e-10
2.971183048620583282e-10
2.790209493409890596e-10
2.598502872872179988e-10
2.359190048183625229e-10
2.568644633575762492e-10
2.596850200901707563e-10
2.574578097017814572e-10
2.979621365139041178e-10
3.384664633260268300e-10
3.789707901381495423e-10
4.194751169502722028e-10
3.829148387795332905e-10
3.315637134328068569e-10
3.180231928550997015e-10
3.044826722773924427e-10
2.909421516996852872e-10
2.774016311219780284e-10
2.638611105442708730e-10
2.434956607436592439e-10
2.211507202544086343e-10
2.072866213916931521e-10
1.934225225289776958e-10
1.808168420862245073e-10
1.832641614409303706e-10
1.949653865335918652e-10
2.095717412983555651e-10
2.199483686143733445e-10
2.078166065260975243e-10
1.956848444378217298e-10
2.122750763854584272e-10
2.293118199905232484e-10
2.463485635955881472e-10
2.572268489211169905e-10
2.449191998230545603e-10
2.326115507249922076e-10
2.203039016269298032e-10
2.079962525288674246e-10
1.956886034308050461e-10
1.833809543327426158e-10
1.710733052346802115e-10
1.526306096722485237e-10
1.412722341243869785e-10
1.441050498993602753e-10
1.469378656743335462e-10
1.492540720627052534e-10
1.503019200863729949e-10
1.533294383369169197e-10
1.668225387621753092e-10
1.803156391874336987e-10
1.708305152512380808e-10
1.587571653962656947e-10
1.466838155412933085e-10
1.624466809462197753e-10
1.798053227843263995e-10
2.104104303987160767e-10
1.645214509033483738e-10
1.455254883728597974e-10
1.362516919879440903e-10
1.269778956030283574e-10
1.177040992181126503e-10
1.091734221124970228e-10
1.104347276188887490e-10
1.081749723898278377e-10
1.103371981889457992e-10
1.124994239880637866e-10
1.146616497871817610e-10
1.168238755862997612e-10
1.177423317201528830e-10
1.185864269626942706e-10
1.194305222052356582e-10
1.202746174477770459e-10
1.321932561993404757e-10
1.455540249281126227e-10
1.589147936568847698e-10
1.722755623856569168e-10
1.492292425673896518e-10
1.152934241817487922e-10
1.085856360713006014e-10
9.468925600897856256e-11
8.639662321665681573e-11
8.674358547736618747e-11
8.785656592432268286e-11
8.896954637127919117e-11
9.008252681823569949e-11
9.119550726519220780e-11
8.818243021309689283e-11
8.500853875145758642e-11
8.300112138666762451e-11
8.510023223943603647e-11
8.719934309220446136e-11
1.134989734844462784e-10
1.078754297701051611e-10
1.022518860557640568e-10
9.662834234142295247e-11
9.100479862708184815e-11
8.538125491274073090e-11
7.975771119839962657e-11
7.413416748405852224e-11
6.851062376971740499e-11
6.737242356817351413e-11
6.800429114662205436e-11
6.701990352551725933e-11
6.817851958376772022e-11
6.933713564201816819e-11
7.049575170026862909e-11
7.123513258886947616e-11
7.168276166870161130e-11
7.213039074853373351e-11
7.257801982836588158e-11
7.839462190076835640e-11
8.474562623749385481e-11
7.859229672926620055e-11
7.243896722103855922e-11
6.628563771281090496e-11
6.120974513115507213e-11
6.733813653899434469e-11
8.142123828964604693e-11
9.550434004029776210e-11
1.095874417909494902e-10
1.205772589475351259e-10
1.067375141170615509e-10
9.289776928658798883e-11
7.905802445611441383e-11
6.521827962564085176e-11
5.766091004964625564e-11
5.236354490695594438e-11
5.173399074990068360e-11
5.286910491364309472e-11
5.386148960815736673e-11
5.426961022350845194e-11
5.467773083885953716e-11
5.508585145421061591e-11
5.549397206956169466e-11
5.590209268491277987e-11
6.004695205215431950e-11
6.278979097390844807e-11
5.720682560653818903e-11
5.162386023916792999e-11
4.604089487179767740e-11
4.161244680823597506e-11
4.910131853057971592e-11
7.473097579216591248e-11
1.003606330537520832e-10
1.056815650273266183e-10
9.069377171288941443e-11
7.570597839845219763e-11
6.071818508401500668e-11
4.573039176957780281e-11
4.549369627003386426e-11
4.626073291861137979e-11
4.729484031417614199e-11
4.060068674194193412e-11
3.713897446328774027e-11
3.802757661561824299e-11
3.845906253363539376e-11
3.889054845165255746e-11
3.932203436966971469e-11
3.975352028768687839e-11
4.018500620570403562e-11
4.061649212372118640e-11
4.104797804173835656e-11
4.846678501857042493e-11
5.404468288086217522e-11
4.196826392165136304e-11
3.255004588272959718e-11
3.651683606866317318e-11
3.504790255418827756e-11
3.302690645455161690e-11
4.219335557140733582e-11
5.135980468826306766e-11
4.672972083115673701e-11
4.155519096403202141e-11
3.638066109690731874e-11
3.517598943075756714e-11
3.578299424294955151e-11
3.638999905514154880e-11
3.519313383121264874e-11
3.129046355310216678e-11
2.738779327499168805e-11
2.632571461206902633e-11
2.582895109919442781e-11
2.533218758631982606e-11
2.483542407344522754e-11
2.446983876746551105e-11
2.484872731943992916e-11
2.522761587141434727e-11
2.560650442338876538e-11
2.598539297536318026e-11
2.636428152733760160e-11
2.874902147710299267e-11
2.562316785333537573e-11
2.521193286026373340e-11
2.806961580778591597e-11
3.092729875530810502e-11
3.002507514765098877e-11
2.682036925146168218e-11
2.400938316551631273e-11
2.458151277464642464e-11
2.515364238377653332e-11
2.572907625066878473e-11
2.632687832860510316e-11
2.692468040654142483e-11
2.752248248447774003e-11
2.812028456241406169e-11
2.531097326153784375e-11
2.240327194996827475e-11
2.068472709412451833e-11
2.153265229034059360e-11
2.937368180652620010e-11
3.721471132271180983e-11
4.505574083889741957e-11
5.020012901609408029e-11
4.557071198701218007e-11
3.743233974547001835e-11
3.265236050560356129e-11
2.787238126573710746e-11
2.309240202587065686e-11
1.831242278600419980e-11
1.706929885168480830e-11
1.688832937015083323e-11
1.642549480549372212e-11
1.596266024083661101e-11
1.576721969478253745e-11
1.588260081488768699e-11
1.599798193499283976e-11
1.611336305509799253e-11
1.622874417520314530e-11
1.671041828264159427e-11
1.707234563139350993e-11
1.488721444109575218e-11
1.496227577742800322e-11
1.503839271515815263e-11
1.511450965288830526e-11
1.519062659061845790e-11
1.526674352834860731e-11
1.545169793089470483e-11
1.580283312684983052e-11
1.645078209027682260e-11
2.065830159897786472e-11
2.486582110767890684e-11
2.778665181319069499e-11
2.988754917070115300e-11
2.781790722899385435e-11
2.288534307972252483e-11
1.844205677863388726e-11
1.540817387949752153e-11
1.383994691071637771e-11
1.355544750091859228e-11
1.327094809112080685e-11
1.298644868132301980e-11
1.270194927152523275e-11
1.241744986172744732e-11
1.213295045192966027e-11
1.184845104213187323e-11
1.156395163233408779e-11
1.127945222253630075e-11
1.100146354512278547e-11
1.105940689033618649e-11
1.095760746772797690e-11
1.064322011360796524e-11
1.032883275948795681e-11
1.031826664525231842e-11
1.037740975386131279e-11
1.043655286247030877e-11
1.049569597107930314e-11
1.133340928344017843e-11
1.261193816307464276e-11
1.336748944199809841e-11
1.412304072092155407e-11
1.487859199984500972e-11
1.426845781936354478e-11
1.281376180328512917e-11
1.336193268885980509e-11
1.410119777836993630e-11
1.355122549502374367e-11
1.160106919528806329e-11
1.068334152952396676e-11
1.080674793363024209e-11
1.054748844176570078e-11
1.028822894990115946e-11
1.002896945803661815e-11
9.769709966172076840e-12
9.510450474307535528e-12
9.251190982442994215e-12
8.991931490578452903e-12
