3.729569338085901575e-03
3.733781718516421093e-03
3.728259872080760297e-03
3.712566918183161056e-03
3.688146542938574961e-03
3.656215164153814659e-03
3.616997254311713449e-03
3.571568416046375094e-03
3.521008187683998501e-03
3.467084437705850349e-03
3.409349176607597790e-03
3.350567545935422779e-03
3.290133773574043137e-03
3.226871592223401475e-03
3.163880173209794155e-03
3.099978763526249799e-03
3.035855768451208980e-03
2.970499363002553940e-03
2.907216880911924796e-03
2.843411605449652768e-03
2.780295388334166375e-03
2.716488020360791154e-03
2.653225863966859367e-03
2.590655359558484850e-03
2.529095966213955500e-03
2.467579711634267699e-03
2.405770946997602949e-03
2.345093702134887041e-03
2.285195944237216042e-03
2.227030171663896274e-03
2.170282505186137221e-03
2.114107891421694758e-03
2.059080301742553711e-03
2.005543942800992047e-03
1.953639814185487329e-03
1.901902639536031574e-03
1.852028074391162639e-03
1.803099892247729975e-03
1.755245880298285117e-03
1.708907031683967043e-03
1.664000955134247849e-03
1.619506626535796709e-03
1.576483812956615705e-03
1.534328451515011094e-03
1.493144262868025809e-03
1.453659808882499984e-03
1.415056057155461610e-03
1.377264429781392555e-03
1.340896960806843650e-03
1.304891145407687707e-03
1.269937555834698643e-03
1.236118809344924222e-03
1.202682381651871838e-03
1.170558701830640190e-03
1.139109173967058769e-03
1.109070283196911429e-03
1.079236842105262819e-03
1.050289473684210603e-03
1.022349819217169449e-03
9.947927121568211298e-04
9.683169271366940138e-04
9.424200465659762467e-04
9.172773048962493949e-04
8.928021198463913233e-04
8.692979230632840067e-04
8.460355348621220132e-04
8.235319091051422537e-04
8.016607639267086128e-04
7.804478273045447256e-04
7.595560714092564275e-04
7.394601073737450386e-04
7.201042311327996966e-04
7.010459098662135888e-04
6.825393693548810091e-04
6.644902862897794291e-04
6.471975953414027668e-04
6.299698324903383554e-04
6.135212054748577330e-04
5.972580850165425592e-04
5.817064211538827950e-04
5.666445708064122731e-04
5.516762602210689443e-04
5.374441913370350691e-04
5.232241438652764391e-04
5.097535102453424477e-04
4.966310096383517309e-04
4.836272416637376692e-04
4.712446410617063264e-04
4.589199076645428255e-04
4.470849307817602509e-04
4.356781810895249385e-04
4.244087158760278156e-04
4.136057588477840843e-04
4.030048729564042042e-04
3.926153093196967222e-04
3.827159092256219274e-04
3.729015469189505844e-04
3.633971719569870648e-04
3.541844166987947280e-04
3.451043084633466569e-04
3.363783591705593124e-04
3.278641636306889448e-04
3.193130448415683895e-04
3.118244938998002776e-04
3.038528657138432946e-04
2.963177389881409057e-04
2.888686403158878904e-04
2.818132429458579911e-04
2.746110177043822485e-04
2.678273900479660350e-04
2.611232909405042596e-04
2.543338711683828537e-04
2.481396212382926104e-04
2.421046603114255309e-04
2.361190109296670229e-04
2.301007902558814674e-04
2.244126227286261305e-04
2.189651771226171120e-04
2.135628786628194099e-04
2.083857763870185361e-04
2.034687316032568417e-04
1.986292712863831403e-04
1.937977319206253730e-04
1.889119321697621914e-04
1.844267902336066455e-04
1.799419785232089710e-04
1.757164634029738403e-04
1.714354080156108007e-04
1.670948276596931239e-04
1.632048250906936488e-04
1.592812959515863393e-04
1.554659566102594879e-04
1.517636440611173356e-04
1.481393392469000886e-04
1.447162590125548680e-04
1.412969925659273546e-04
1.378744273080599635e-04
1.346825435370204414e-04
1.316309919528119491e-04
1.285282482924228226e-04
1.253928314832520371e-04
1.225486166407700143e-04
1.196819787338682919e-04
1.167550648349609298e-04
1.140844612668218176e-04
1.114665162929980388e-04
1.089054297537048736e-04
1.064262329239996550e-04
1.040149513431715551e-04
1.016036697623434417e-04
9.922758288811858111e-05
9.701263975120421375e-05
9.476972066840978184e-05
9.253097838491676757e-05
9.038304375291745911e-05
8.837975729487293085e-05
8.643931717234248436e-05
8.445689673124368241e-05
8.253288000708334604e-05
8.064564378690102474e-05
7.878295892897200028e-05
7.697299726721800524e-05
7.526390504388375024e-05
7.358174115565903404e-05
7.198206066283990737e-05
7.041645581322615068e-05
6.884169235759849943e-05
6.730486919591574101e-05
6.583622728516066070e-05
6.437189276182197237e-05
6.298997684694820941e-05
6.155890910211653949e-05
6.015609066999490695e-05
5.881006123000707503e-05
5.757964799036273499e-05
5.632034722737988119e-05
5.505586556646501330e-05
5.386870600411190231e-05
5.268629352183257534e-05
5.154978832348813654e-05
5.047539257677591073e-05
4.933781218792339374e-05
4.827521712610349509e-05
4.721262206428359645e-05
4.621015055672697021e-05
4.525434253436684832e-05
4.430684567902896015e-05
4.335934882369107875e-05
4.240515476542332788e-05
4.152616163213110242e-05
4.064716849883889051e-05
3.976132952902166522e-05
3.897151489440795684e-05
3.815554748053087735e-05
3.733598474132582317e-05
3.651642200212077576e-05
3.576602925844874821e-05
3.504229819899933490e-05
3.429722491824722860e-05
3.355215163749511551e-05
3.286380725230995389e-05
3.220092639657164721e-05
3.150497213820481707e-05
3.084075767004850995e-05
3.021936090680999151e-05
2.961463401674328572e-05
2.898873451451955773e-05
2.838643735337037966e-05
2.780710463562599980e-05
2.725547622898867372e-05
2.668633845765167395e-05
2.611720068631467417e-05
2.561233286580036448e-05
2.511470457008109803e-05
2.461873694428214546e-05
2.412276931848319288e-05
2.362680169268424030e-05
2.311568200027268739e-05
2.266727936433612968e-05
2.221783568877928639e-05
2.176736596207261035e-05
2.133995334187686362e-05
2.093810610819302445e-05
2.055096128488840204e-05
2.012970233672984059e-05
1.970572138470445922e-05
1.928709124169898710e-05
1.890083193717720063e-05
1.854231653053947692e-05
1.818380112390175320e-05
1.782556479552976526e-05
1.746996627735979417e-05
1.713595104470381979e-05
1.679066299394137032e-05
1.645934314641072345e-05
1.614259318741978973e-05
1.583256503347009263e-05
1.551798623362776814e-05
1.521518952065899049e-05
1.492490301126167055e-05
1.463461650186434552e-05
1.435611668834933253e-05
1.408382525370365967e-05
1.381996584888887682e-05
1.355989347777732756e-05
1.331024176903110332e-05
1.306730026097167714e-05
1.279200427233958644e-05
1.255849585701308732e-05
1.232668970835386539e-05
1.209298222384753998e-05
1.185580181620113631e-05
1.162503063251649001e-05
1.140961523477709850e-05
1.119419983703770361e-05
1.097588080617963818e-05
1.077830931072398521e-05
1.059559517626071093e-05
1.039997548020782329e-05
1.018326267698210855e-05
1.000410737757251766e-05
9.829179678022430310e-06
9.654251978472342964e-06
9.469115373449394463e-06
9.285397422574260634e-06
9.123826363516386671e-06
8.957522229824648681e-06
8.789982526405277363e-06
8.621378891353431199e-06
8.462853983693406949e-06
8.308637101428724208e-06
8.151321241180437994e-06
7.995067717741484602e-06
7.856367467164662049e-06
7.717746042989490093e-06
7.579817565335611310e-06
7.443352054537879153e-06
7.306886543740147843e-06
7.180324364748837654e-06
7.060550239960762596e-06
6.936165558020260576e-06
6.807531607668954042e-06
6.678897657317645814e-06
6.565800248807768672e-06
6.454767277889528806e-06
6.349847235828707490e-06
6.244927193767887868e-06
6.128667397819537067e-06
6.002884806551154909e-06
5.900869475648385119e-06
5.799842535238396328e-06
5.700882221862725618e-06
5.591377328246915477e-06
5.496649443394512286e-06
5.411692249059569650e-06
5.311579669308209816e-06
5.214903949952613555e-06
5.115948214542674734e-06
5.036928826482384591e-06
4.957349093901348991e-06
4.867528755781662969e-06
4.777708417661976100e-06
4.687888079542290079e-06
4.610725343728124651e-06
4.542368545332078049e-06
4.477289107106257612e-06
4.400033209931902142e-06
4.314993663804818275e-06
4.230019037290033898e-06
4.163940082561068253e-06
4.101249366009111895e-06
4.030896297517091840e-06
3.952951172028198157e-06
3.882671581207250582e-06
3.818553596415158772e-06
3.756418755429157395e-06
3.691168499012365085e-06
3.623205709293855795e-06
3.561952934596101235e-06
3.500700159898347521e-06
3.449374666201700741e-06
3.387779226342569575e-06
3.332234188956843118e-06
3.278131378598763893e-06
3.225272299401871661e-06
3.174420721339133080e-06
3.124900075137426745e-06
3.074759139705159044e-06
3.024618204272890919e-06
2.973096691837811221e-06
2.918616262546884504e-06
2.875359205432233040e-06
2.827923120716270617e-06
2.779427331585761989e-06
2.730931542455253361e-06
2.687054616198800094e-06
2.646072943105801362e-06
2.605787940718404622e-06
2.565878872378244557e-06
2.525969804038084491e-06
2.483248474147465976e-06
2.439731937843401117e-06
2.396550561673977525e-06
2.356187072658195101e-06
2.321769897289455631e-06
2.287352721920716160e-06
2.248630656742016303e-06
2.209669278072428452e-06
2.174578613868305047e-06
2.143074243849737230e-06
2.112300644299666164e-06
2.081527044749595097e-06
2.049781907669086530e-06
2.013074257705176048e-06
1.977665019060036832e-06
1.949339562961943405e-06
1.922212312192990714e-06
1.894538405745951748e-06
1.866298800538957023e-06
1.838059195331962510e-06
1.802685091455601801e-06
1.774696603754288546e-06
1.749530459645473193e-06
1.723694770761752813e-06
1.697173699955026069e-06
1.667505865756596208e-06
1.637662367429269917e-06
1.610341347518527969e-06
1.583020327607786021e-06
1.558695439408105847e-06
1.537423852706510825e-06
1.514839675797200639e-06
1.492105701578186074e-06
1.469371727359171721e-06
1.446604784968341445e-06
1.425102411190345542e-06
1.407178164312539317e-06
1.389606878174943609e-06
1.372035592037347900e-06
1.354464305899751979e-06
1.328294528587373203e-06
1.300167506527171211e-06
1.282850057430216105e-06
1.266577848603665537e-06
1.250711674481598732e-06
1.232219968208881337e-06
1.207602020251311932e-06
1.188726147071061647e-06
1.172480719387851981e-06
1.156570001308324218e-06
1.140771182195813070e-06
1.119061091071597157e-06
1.101022594756754622e-06
1.086268730364803694e-06
1.071514865972852766e-06
1.053465357014031698e-06
1.035098394720820534e-06
1.018265593035746564e-06
1.005034238448333707e-06
9.918028838609206377e-07
9.775551219726387316e-07
9.614719117467608593e-07
9.453887015208828811e-07
9.334739688836537297e-07
9.195146057664101098e-07
9.072311436485790258e-07
8.935977677178564597e-07
8.797536395102319927e-07
8.680052999586419742e-07
8.562569604070518500e-07
8.451968686264463429e-07
8.360512079269740736e-07
8.289461846707586635e-07
8.154750143082592837e-07
8.000234173549918196e-07
7.851718608378104589e-07
7.751080341649050583e-07
7.660937777774069871e-07
7.585168402968795594e-07
7.487514432528664113e-07
7.389860462088533691e-07
7.292206491648401152e-07
7.141744019870589005e-07
7.007901494877863443e-07
6.901719168745822247e-07
6.795536842613781052e-07
6.689354516481739856e-07
6.583172190349698661e-07
6.522794161673552484e-07
6.439858368299196732e-07
6.353526609563346040e-07
6.267194850827494289e-07
6.178253928712766525e-07
6.071544725475673108e-07
5.972132790491416440e-07
5.903888099264205300e-07
5.814909034886297965e-07
5.733235384139980707e-07
5.659978521529722472e-07
5.580043892948001094e-07
5.492146655014171547e-07
5.432728319300751767e-07
5.372431440155512418e-07
5.309172653710925694e-07
5.235813124054286428e-07
5.162453594397648221e-07
5.089094064741008956e-07
5.015734535084370749e-07
4.947278361619348808e-07
4.887213093390579534e-07
4.838271880262909256e-07
4.803975674104645983e-07
4.727051736838710177e-07
4.630393902495029844e-07
4.552108701441925268e-07
4.497905191760221645e-07
4.443701682078518022e-07
4.403692713011766673e-07
4.349789528262552867e-07
4.267161488155499520e-07
4.184533448048446702e-07
4.107253824465374026e-07
4.078657951147051538e-07
4.044999264364952934e-07
3.996964263278954185e-07
3.927658877374633576e-07
3.858353491470312967e-07
3.791306889071120298e-07
3.752107358609454656e-07
3.715890340932116321e-07
3.672565299953238819e-07
3.623894088319606587e-07
3.575222876685973297e-07
3.526551665052340536e-07
3.477880453418707775e-07
3.429209241785075014e-07
3.381182248047141514e-07
3.348940029936069844e-07
3.304859073654379314e-07
3.260778117372688784e-07
3.216697161090998784e-07
3.172616204809308254e-07
3.133128261140959984e-07
3.098659582599896792e-07
3.058945997681698405e-07
3.017255857066514916e-07
2.975565716451331427e-07
2.933875575836147938e-07
2.895322423697498455e-07
2.862026225553593130e-07
2.828371157259377029e-07
2.789207949223144104e-07
2.750044741186911180e-07
2.710881533150678256e-07
2.676636054389111952e-07
2.645997069140649303e-07
2.615358083892187184e-07
2.563894574558318101e-07
2.528070087859512816e-07
2.510246075726757099e-07
2.492422063594000852e-07
2.474598051461245135e-07
2.436573986840778211e-07
2.383635187032792284e-07
2.339325079173442980e-07
2.314375547071988267e-07
2.281793153864527462e-07
2.264504315678047721e-07
2.249597409302709351e-07
2.208832840265773573e-07
2.171132750481502347e-07
2.141301065030739768e-07
2.121805865481697791e-07
2.102310665932655815e-07
2.062433205311535017e-07
2.043122151308833150e-07
2.007506030572760615e-07
1.988069063275469438e-07
1.969143947429063256e-07
1.950218831582656809e-07
1.931269252343372752e-07
1.911724184779843917e-07
1.891933155151784318e-07
1.867483745000510678e-07
1.843034334849237038e-07
1.818584924697963398e-07
1.794135514546689758e-07
1.771247053432289021e-07
1.752298941182635349e-07
1.733350828932981942e-07
1.712064088140196022e-07
1.689488338523233721e-07
1.666912588906271420e-07
1.644336839289309384e-07
1.619925522420613728e-07
1.594940271040654396e-07
1.569955019660694534e-07
1.544969768280734938e-07
1.531793715616579327e-07
1.519984363830038165e-07
1.506571950954894814e-07
1.490305320039477584e-07
1.474038689124060355e-07
1.457772058208643125e-07
1.435210483575655824e-07
1.403640359523927484e-07
1.388099055743592604e-07
1.372679825989647601e-07
1.359473585397456146e-07
1.346267344805264692e-07
1.333061104213073237e-07
1.316981070813866414e-07
1.291825900099757133e-07
1.285469291000326853e-07
1.273957235743650335e-07
1.254852152962680646e-07
1.234445529789888955e-07
1.219633825172900099e-07
1.205536359737066268e-07
1.192127019379806458e-07
1.186825157636649394e-07
1.175470578384038739e-07
1.165563461460197312e-07
1.159016248026749837e-07
1.152469034593302361e-07
1.145921821159854620e-07
1.119093212796024917e-07
1.093502078628381912e-07
1.082868570864493005e-07
1.072235063100603965e-07
1.059421996601697935e-07
1.046175344786301492e-07
1.032928692970905446e-07
1.019682041155509136e-07
1.008203318925742909e-07
9.978561178194478762e-08
9.875089167131528436e-08
9.737217463609084245e-08
9.580552380516377239e-08
9.423887297423668911e-08
9.267222214330961905e-08
9.190125749543094997e-08
9.133089565818491546e-08
9.076053382093889419e-08
8.981994980302312030e-08
8.845001191614693289e-08
8.708007402927077196e-08
8.571013614239458456e-08
8.486055872893279056e-08
8.381508788909556882e-08
8.345652531161977005e-08
8.289399252020046549e-08
8.199081233890201387e-08
8.108763215760357548e-08
8.018445197630511063e-08
7.928127179500667224e-08
7.831548072090806485e-08
7.653473583291860729e-08
7.621207040336868020e-08
7.535607428886385150e-08
7.450007817435902280e-08
7.364408205985419410e-08
7.278808594534935216e-08
7.193208983084451023e-08
7.095153493659485209e-08
7.083575955674257923e-08
7.020966481244896604e-08
6.962181267589374459e-08
6.940695094079115455e-08
6.919208920568856452e-08
6.897722747058597448e-08
6.810622745066887320e-08
6.621242437734927411e-08
6.496292033190028998e-08
6.436571133753570033e-08
6.376850234317109744e-08
6.345303165510543168e-08
6.318151957285529590e-08
6.291000749060514689e-08
6.155428257444097660e-08
6.007783264820576994e-08
5.949584809552442852e-08
5.891386354284308049e-08
5.831901668989627138e-08
5.734164119894657854e-08
5.636426570799688569e-08
5.538689021704719285e-08
5.448087343308938108e-08
5.421158071110108774e-08
5.394228798911280763e-08
5.367299526712452091e-08
5.335421170605530503e-08
5.251868655629419643e-08
5.168316140653308783e-08
5.084763625677197923e-08
5.006341413671293349e-08
4.966866485698041454e-08
4.923608586837042412e-08
4.908307728155148676e-08
4.879609016112634399e-08
4.805450735898944499e-08
4.731292455685255261e-08
4.657134175471565361e-08
4.608544678403814939e-08
4.585694360536471642e-08
4.518114248297672902e-08
4.473908992338043372e-08
4.446748468430981090e-08
4.378993318043972184e-08
4.311238167656963941e-08
4.282985885510482856e-08
4.259767501300381621e-08
4.221651983856515455e-08
4.154978208847881983e-08
4.092303608167926812e-08
4.052781768462837740e-08
4.003802474788908276e-08
3.979548215189753313e-08
3.955293955590598351e-08
3.931039695991444051e-08
3.901781929947553707e-08
3.869036953312509087e-08
3.836310694984787585e-08
3.803687836160680827e-08
3.771064977336574069e-08
3.744797635632409402e-08
3.739070637983192664e-08
3.733343640333975926e-08
3.727616642684759187e-08
3.627599823830126432e-08
3.533084634245977260e-08
3.501136063436515314e-08
3.469187492627054030e-08
3.437238921817592745e-08
3.388080763974404550e-08
3.328343891213576224e-08
3.268607018452747898e-08
3.208870145691920234e-08
3.173380050823803969e-08
3.161864725159106965e-08
3.150349399494409961e-08
3.138834073829712957e-08
3.127318748165015954e-08
3.113707442721929131e-08
3.100081990899599411e-08
3.050397354307945004e-08
2.942993210721739835e-08
2.906983433459313992e-08
2.871043992593336945e-08
2.864353738707621584e-08
2.859203882706377270e-08
2.850064610677439043e-08
2.833882248939755411e-08
2.797238588042975989e-08
2.725756970527886991e-08
2.680075123876902524e-08
2.673261090341208886e-08
2.653221340999096287e-08
2.601972231380287160e-08
2.594541034132701723e-08
2.567393609411851419e-08
2.526822169501463990e-08
2.488345108370252203e-08
2.481516925911383898e-08
2.474688743452515261e-08
2.456386098747012234e-08
2.437963908896517872e-08
2.380526682662073619e-08
2.356152825628515535e-08
2.319115349151547277e-08
2.304550087432199578e-08
2.296350524626814652e-08
2.288150961821429395e-08
2.274264578166653118e-08
2.256348916628657203e-08
2.238433255090660956e-08
2.261715885047622291e-08
2.273706612791720665e-08
2.225847196544977235e-08
2.177987780298233806e-08
2.130128364051490046e-08
2.103982892180776835e-08
2.086515383840596072e-08
2.069047875500415309e-08
2.065172952758395883e-08
2.078447484592047031e-08
2.062555290302689568e-08
2.025494060654488393e-08
1.988432831006287219e-08
1.951371601358086375e-08
1.914310371709885200e-08
1.877249142061684356e-08
1.840187912413483182e-08
1.829664845163923996e-08
1.825845089815510623e-08
1.822025334467097582e-08
1.818205579118683878e-08
1.814385823770270174e-08
1.810566068421856802e-08
1.806746313073443429e-08
1.785310305237210093e-08
1.720481603814330159e-08
1.683275229041031454e-08
1.666174699592493044e-08
1.651338393075633077e-08
1.650963977306869457e-08
1.650589561538105838e-08
1.647311616416809294e-08
1.642147673213398821e-08
1.607294106520388370e-08
1.566641014596437804e-08
1.543159838062429323e-08
1.541981047150592341e-08
1.531267369331696605e-08
1.506361965411664343e-08
1.490612763881964462e-08
1.494048960873120636e-08
1.489270522444029370e-08
1.457024824386746624e-08
1.428126334800393976e-08
1.428936592353143780e-08
1.432888199035990403e-08
1.439036902088387721e-08
1.398766120055423793e-08
1.370458114475957321e-08
1.351824286807949756e-08
1.349061165175018277e-08
1.322085267585575011e-08
1.321020163249716869e-08
1.319955058913858561e-08
1.322994237248127748e-08
1.328581469923113014e-08
1.305335853971591206e-08
1.312238757164602153e-08
1.328016090724049104e-08
1.300879259878436473e-08
1.273742429032823843e-08
1.246605598187211047e-08
1.221320921324693232e-08
1.211919934072874699e-08
1.202518946821056166e-08
1.193117959569237633e-08
1.197874020642787082e-08
1.214762109332390036e-08
1.191046490893163626e-08
1.165114083008602774e-08
1.139181675124041757e-08
1.118688283974971456e-08
1.101308294854043308e-08
1.083928305733115325e-08
1.066548316612187177e-08
1.049168327491259194e-08
1.047363522801052711e-08
1.047260472118008558e-08
1.047157421434964736e-08
1.047054370751920583e-08
1.046951320068876595e-08
1.046848269385832442e-08
1.046745218702788455e-08
1.034236352164196904e-08
9.991226446780656220e-09
9.670543795211973753e-09
9.594638232917701811e-09
9.484645827423821414e-09
9.439418219964083809e-09
9.447311794971097849e-09
9.455205369978113543e-09
9.463098944985129237e-09
9.470992519992144931e-09
9.229291829917617120e-09
8.992512563745878129e-09
8.806957522013499959e-09
8.860773105279337523e-09
8.832968438930658572e-09
8.658505745817892702e-09
8.516576960110915897e-09
8.511837445980986510e-09
8.534322715634306651e-09
8.505010912965152051e-09
8.263045684154133406e-09
8.155579642140397380e-09
8.197965048380825017e-09
8.240350454621254309e-09
8.174573529366903709e-09
7.994089180779537611e-09
7.851798166923224404e-09
7.709507153066909543e-09
7.706700970182992463e-09
7.595760646092295844e-09
7.539684351587916603e-09
7.572888093313550152e-09
7.606091835039182047e-09
7.639295576764813941e-09
7.540017032585786435e-09
7.513262696709095225e-09
7.693629925132338156e-09
7.543003795423881010e-09
7.392377665715423037e-09
7.241751536006966719e-09
7.091125406298508746e-09
7.021678406425814449e-09
7.059643238659250028e-09
7.097608070892687262e-09
6.918531977286734084e-09
6.899768383563794209e-09
7.009564396518579293e-09
6.865100442878092738e-09
6.720636489237607838e-09
6.576172535597122938e-09
6.480857257286245495e-09
6.507980486556602630e-09
6.535103715826959765e-09
6.562226945097318555e-09
6.338181049255705418e-09
6.074827414877194247e-09
5.929764232327650290e-09
5.904737590017067051e-09
5.879710947706484638e-09
5.854684305395901398e-09
5.829657663085318159e-09
5.804631020774733264e-09
5.779604378464150025e-09
5.754577736153566785e-09
5.729551093842983545e-09
5.622792817027729053e-09
5.469246621199809500e-09
5.459442163966698744e-09
5.385492910526998131e-09
5.365432167364457500e-09
5.385780800480690198e-09
5.406129433596922896e-09
5.426478066713155594e-09
5.446826699829386637e-09
5.289775590294627163e-09
5.159015927641022859e-09
5.053275461126088725e-09
5.018726118905147238e-09
5.061060324693865000e-09
4.974412008301698165e-09
4.900276426603473132e-09
4.826140844905247272e-09
4.851138191781005330e-09
4.883158096419662594e-09
4.824871655457457077e-09
4.699986525773219639e-09
4.630854056922292428e-09
4.666868989678031820e-09
4.702883922433771212e-09
4.653088128118646198e-09
4.563418045134669370e-09
4.490329079668465368e-09
4.417240114202262194e-09
4.367602751679329404e-09
4.393897492351174122e-09
4.278532879135347400e-09
4.292245859994353772e-09
4.322178277714149086e-09
4.352110695433944401e-09
4.358081593144868475e-09
4.259437345369524728e-09
4.320706108266284757e-09
4.484367018397594667e-09
4.597494268442017526e-09
4.434965739952358208e-09
4.272437211462698062e-09
4.109908682973037089e-09
4.008344310116290638e-09
4.037197226182642891e-09
4.066050142248995144e-09
3.971766279180873851e-09
3.926627669857648293e-09
4.030253504139300391e-09
3.952327486141239588e-09
3.874401468143178786e-09
3.796475450145117984e-09
3.718549432147057181e-09
3.709392587856819604e-09
3.730691961690871025e-09
3.751991335524924100e-09
3.712117085260285139e-09
3.599210699555641303e-09
3.497420010430460602e-09
3.401386679883736532e-09
3.347906680070435223e-09
3.337018991859992504e-09
3.326131303649549784e-09
3.315243615439106651e-09
3.304355927228663931e-09
3.293468239018221212e-09
3.282580550807778079e-09
3.271692862597335359e-09
3.257508667012614805e-09
3.187976461014845079e-09
3.118444255017075767e-09
3.078451842019638167e-09
3.063974739716905438e-09
3.026922881171572023e-09
3.050309753153232253e-09
3.075248954029309447e-09
3.100188154905386641e-09
3.125127355781463836e-09
3.037784574533947044e-09
2.959348299795987066e-09
2.905195429664500474e-09
2.851042559533013882e-09
2.825388489640927509e-09
2.822035531562088038e-09
2.815451557913705483e-09
2.775444379818984916e-09
2.735437201724263522e-09
2.755146383598560692e-09
2.791185478495556867e-09
2.737493801008622055e-09
2.674425903602609975e-09
2.624253852666806201e-09
2.612403307641468456e-09
2.608708604044376923e-09
2.605013900447286631e-09
2.601319196850195511e-09
2.570985151458537935e-09
2.532199054393437175e-09
2.493412957328336001e-09
2.478140405859967912e-09
2.477835974744894765e-09
2.421409115254313064e-09
2.411446629839904220e-09
2.407787501448079797e-09
2.404128373056255375e-09
2.400469244664430539e-09
2.396810116272606116e-09
2.447724019097439267e-09
2.441672928584793575e-09
2.424465944331267523e-09
2.407258960077740644e-09
2.390051975824214179e-09
2.372844991570687714e-09
2.355638007317161249e-09
2.338431023063634784e-09
2.321224038810107905e-09
2.280448623599546718e-09
2.230726458449761952e-09
2.247244156076117917e-09
2.261091767592159873e-09
2.226834872497434700e-09
2.192577977402709940e-09
2.158321082307984767e-09
2.134772639639102169e-09
2.171928041580453796e-09
2.209083443521805424e-09
2.246238845463157465e-09
2.269303320388154001e-09
2.111846171193545938e-09
2.007858237993966401e-09
1.968821528171033999e-09
1.929784818348101597e-09
1.890748108525168781e-09
1.907442677299608638e-09
1.930027777857086300e-09
1.952612878414563547e-09
1.975197978972041622e-09
