4.015488781503786381e-03
4.019635850935743444e-03
4.012473757837311042e-03
3.993170091388892860e-03
3.964154941806191310e-03
3.925478071307983430e-03
3.879143637406215310e-03
3.826774483836509286e-03
3.768323058906145658e-03
3.706126884530329749e-03
3.641449187074692270e-03
3.572836856650871140e-03
3.502735960546193676e-03
3.432032046758864800e-03
3.360360850726305110e-03
3.287874875980843943e-03
3.215310193477106601e-03
3.143186539008260404e-03
3.070843971826334434e-03
2.999039484217264594e-03
2.928000983473166667e-03
2.857111112941962492e-03
2.786899953939837946e-03
2.717122236068434532e-03
2.648067550089444524e-03
2.578899204461450323e-03
2.511691227308562521e-03
2.444634348287299391e-03
2.379409571391178594e-03
2.314644984767043334e-03
2.252164179380214317e-03
2.190255979270580751e-03
2.130180702161585567e-03
2.071269022002233083e-03
2.014229836139932225e-03
1.958444369045624946e-03
1.904282868905453211e-03
1.851445920820801077e-03
1.800050805516452673e-03
1.750147004363880208e-03
1.701351288719937750e-03
1.653534316932213886e-03
1.607381462480235272e-03
1.562473590941671885e-03
1.518648963296345298e-03
1.475870582628934684e-03
1.434082911745058727e-03
1.394227289191084978e-03
1.355226628525021048e-03
1.316854032792231285e-03
1.279723967922800909e-03
1.243914624607008954e-03
1.208647580526524615e-03
1.174831328778881603e-03
1.141843484060887318e-03
1.109700499602890664e-03
1.078441424758260977e-03
1.048067934094966489e-03
1.018908669119001319e-03
9.902606413530448595e-04
9.624750085556470387e-04
9.356018901571769080e-04
9.096718963471718588e-04
8.841699455854392384e-04
8.593740341415987164e-04
8.353544330171376207e-04
8.123358110603953524e-04
7.896200544883801627e-04
7.673816616727380073e-04
7.461994536137631041e-04
7.256530758241543956e-04
7.054198086194027632e-04
6.860171280408710118e-04
6.670159469474563983e-04
6.484720033082078550e-04
6.309029239110091388e-04
6.134902266265541753e-04
5.965052930340951397e-04
5.801923881769043478e-04
5.641887065603477455e-04
5.488390746874834874e-04
5.337941506650775063e-04
5.192914045740765639e-04
5.052537892664966642e-04
4.913229516155765775e-04
4.781612474269318668e-04
4.650730099463032592e-04
4.525563898322664111e-04
4.402660604637111076e-04
4.284335656205659373e-04
4.168738725119428543e-04
4.057224546233629517e-04
3.948065860893483188e-04
3.842410212322709424e-04
3.739614457314960035e-04
3.639715220334044485e-04
3.541061910313042472e-04
3.448502136221542067e-04
3.356907045002973256e-04
3.268725608831209509e-04
3.181549130365092081e-04
3.097514850245470380e-04
3.017674190858396391e-04
2.938154159105532898e-04
2.857800865755690521e-04
2.782875237155595267e-04
2.710540736962616147e-04
2.641196907487446577e-04
2.572052561295879044e-04
2.503858405340579868e-04
2.439995029473820444e-04
2.377375096143795764e-04
2.315356146209669936e-04
2.253869006649056122e-04
2.194951937209430124e-04
2.138266575387323340e-04
2.085068583716156066e-04
2.032288287527139834e-04
1.980049025017998525e-04
1.927838967458179835e-04
1.879737836835861759e-04
1.832627263667208485e-04
1.785879436260097853e-04
1.739937069670294593e-04
1.697168797764902787e-04
1.655107999308192085e-04
1.614022165105932782e-04
1.573856907138382962e-04
1.533954677861970844e-04
1.494593517978023219e-04
1.456229356307067095e-04
1.420932636248835432e-04
1.385302095520829513e-04
1.351043287204405292e-04
1.316881093408259749e-04
1.284601179451813179e-04
1.253194998160467159e-04
1.222365174696211487e-04
1.193127192322621116e-04
1.163889209949030745e-04
1.135630857020304571e-04
1.107325239013517813e-04
1.080008384842309500e-04
1.054120982345287604e-04
1.027962926937184339e-04
1.003465455623987014e-04
9.793316872402379222e-05
9.556977497294511642e-05
9.331950332109097428e-05
9.106923166923681858e-05
8.893322727537803928e-05
8.682366905262573896e-05
8.467145002835662401e-05
8.270887672315447821e-05
8.075723875692098516e-05
7.877550282273791833e-05
7.693781685582611583e-05
7.510013088891432688e-05
7.331288962192768427e-05
7.160788130142327161e-05
6.990828598783509359e-05
6.825926484650640484e-05
6.661188389355805317e-05
6.507836286611831352e-05
6.354961773440088784e-05
6.205937500844730618e-05
6.061706288015907983e-05
5.918361954178814378e-05
5.787770874788283990e-05
5.657179795397752924e-05
5.527703610003101791e-05
5.400269442283537182e-05
5.272879848702366696e-05
5.155021708548177190e-05
5.033197427938238011e-05
4.917295471425459590e-05
4.806396300119636090e-05
4.695359792755604864e-05
4.592388391462988580e-05
4.489845729495818311e-05
4.386714097096654745e-05
4.290986710106271660e-05
4.195259323115888575e-05
4.101549774413141972e-05
4.009524842221093825e-05
3.917499910029045000e-05
3.832183743655823057e-05
3.746510581523666719e-05
3.660965232056731489e-05
3.584113557696240145e-05
3.504628787834131241e-05
3.424034693634070355e-05
3.351044038706328551e-05
3.278053383778586747e-05
3.204866864347078023e-05
3.135846308185686438e-05
3.066825752024295531e-05
2.999511661204246079e-05
2.934315170487381851e-05
2.869118679770517623e-05
2.805946485827395145e-05
2.747190621343214342e-05
2.687887079440025016e-05
2.629848475333066126e-05
2.575382128379904772e-05
2.519156691847319155e-05
2.462966853204093164e-05
2.412557481506013055e-05
2.362148109807932946e-05
2.309887899926545566e-05
2.260824375159986853e-05
2.212165874021297218e-05
2.163699496423684190e-05
2.118227456441982266e-05
2.073398805819266666e-05
2.028793123086711120e-05
1.987686195322910606e-05
1.945955845412773369e-05
1.905284297780887102e-05
1.867339078504375830e-05
1.831141705464643093e-05
1.794325696388608335e-05
1.755521795907204576e-05
1.717279762794708713e-05
1.681547712683578309e-05
1.647111310246370992e-05
1.612633104717153576e-05
1.579581979996344911e-05
1.547391701011690141e-05
1.515220320569831941e-05
1.484256932120168615e-05
1.453566978235356795e-05
1.422877024350544805e-05
1.395275012777808752e-05
1.366902780947350867e-05
1.338530549116892812e-05
1.312065713269413708e-05
1.285615884428008419e-05
1.258414430759513830e-05
1.233894203579736023e-05
1.210359653826002003e-05
1.186263249220447911e-05
1.162503030898983160e-05
1.139290132655131315e-05
1.116077234411279301e-05
1.093024642215042122e-05
1.071663112029501082e-05
1.050301581843959873e-05
1.029351319333231358e-05
1.009712936176560805e-05
9.899577051862998590e-06
9.702024741960389134e-06
9.521765198613456208e-06
9.336352899532792632e-06
9.150940600452129057e-06
8.975333794833053350e-06
8.809300209768236754e-06
8.632528164028696661e-06
8.459017071210376317e-06
8.302823883076681754e-06
8.146630694942987190e-06
7.981049149930866972e-06
7.826105215045112430e-06
7.675225585481684521e-06
7.524345955918255764e-06
7.372446187852988293e-06
7.234553857675621387e-06
7.096661527498253633e-06
6.960457344542756643e-06
6.832360688499538234e-06
6.705535745350890142e-06
6.578710802202242049e-06
6.452494743946044895e-06
6.339883605409377579e-06
6.220975358697287686e-06
6.102067111985198641e-06
5.989237710859996759e-06
5.884494184994870078e-06
5.769872341607287847e-06
5.653899061903069331e-06
5.552324573339372501e-06
5.453647585319870030e-06
5.351589068360222234e-06
5.246233839133046314e-06
5.152870222069002707e-06
5.059506605004959947e-06
4.966142987940916340e-06
4.869054665075781367e-06
4.781733818557129949e-06
4.694412972038477684e-06
4.607092125519826266e-06
4.525379908131538577e-06
4.444662147028070668e-06
4.363944385924601913e-06
4.283226624821133157e-06
4.206232525213874753e-06
4.133837371217294718e-06
4.059207252023143985e-06
3.984577132828994098e-06
3.914776537514061011e-06
3.851208778235624179e-06
3.781238344476303221e-06
3.708526974305029651e-06
3.640778739959200438e-06
3.579017528324458520e-06
3.517256316689717026e-06
3.451090505379691889e-06
3.386591491438626325e-06
3.326899542930830021e-06
3.267207594423034140e-06
3.207515645915237413e-06
3.145835476932275337e-06
3.090981812615017722e-06
3.036128148297760955e-06
2.981274483980503340e-06
2.928632639999616752e-06
2.879776814966001590e-06
2.830618665379692576e-06
2.781460515793383139e-06
2.734182012491583176e-06
2.689532577360243272e-06
2.643199216854253552e-06
2.596865856348264255e-06
2.553636214297757776e-06
2.511436822568974220e-06
2.465708441099614017e-06
2.419980059630253390e-06
2.380646669053107179e-06
2.341897471717526914e-06
2.300243740590353877e-06
2.259223704814924806e-06
2.222129142895741065e-06
2.185034580976557324e-06
2.146400605825124732e-06
2.107882749949024362e-06
2.072852032942119326e-06
2.037821315935214713e-06
2.002790598928309254e-06
1.966936056878295765e-06
1.934753052368355614e-06
1.902570047858415463e-06
1.870479220868148136e-06
1.840379679673521073e-06
1.810840918526387225e-06
1.781302157379253588e-06
1.751763396232119739e-06
1.723302962490923174e-06
1.696002479314368376e-06
1.667143503717430169e-06
1.638284528120492598e-06
1.611177867560605153e-06
1.587311356467427230e-06
1.560682227574188549e-06
1.533763503106771142e-06
1.508106233289761782e-06
1.485468609843800626e-06
1.462457735372219599e-06
1.437183016376312165e-06
1.412497518705827392e-06
1.390592622975594968e-06
1.368687727245362544e-06
1.346328594080187862e-06
1.322560988653802699e-06
1.301092340692511986e-06
1.279822168802277378e-06
1.258551996912043194e-06
1.236880218518776332e-06
1.215976505743944261e-06
1.196679733493283590e-06
1.177382961242622919e-06
1.158213324755901977e-06
1.140612016641753138e-06
1.123498483766797564e-06
1.106384950891842202e-06
1.089271418016886629e-06
1.072157885141931267e-06
1.057093640370255697e-06
1.040468839685965578e-06
1.023844039001675460e-06
1.007219238317385129e-06
9.918906168489066183e-07
9.777024600977653930e-07
9.617524233463565838e-07
9.457589979711349548e-07
9.302171662347488459e-07
9.168338329033831529e-07
9.034504995720174598e-07
8.885744059883471197e-07
8.734599508127294544e-07
8.602119585670376371e-07
8.475659151348488795e-07
8.349198717026600160e-07
8.215738184032800064e-07
8.078284623722264392e-07
7.956849592999869135e-07
7.835414562277472820e-07
7.713979531555077563e-07
7.592544500832681248e-07
7.461780893536437514e-07
7.346368953959658060e-07
7.230957014382878606e-07
7.115545074806100210e-07
7.005409497381985306e-07
6.904566134020089826e-07
6.804610478529396581e-07
6.704654823038704395e-07
6.604699167548012209e-07
6.504743512057318964e-07
6.419857506430315555e-07
6.324784337317999280e-07
6.229711168205684063e-07
6.134637999093367787e-07
6.042555859488893056e-07
5.961530798759986683e-07
5.874985700100190107e-07
5.783142104848050450e-07
5.691298509595912910e-07
5.607089479731854168e-07
5.532159717495113667e-07
5.457229955258371049e-07
5.372398375313131715e-07
5.286172668655791175e-07
5.207169564405654892e-07
5.133448146960389041e-07
5.059726729515124249e-07
4.984843111320771281e-07
4.903276700905170004e-07
4.828757866041726203e-07
4.758739860297907764e-07
4.688721854554089324e-07
4.618703848810270885e-07
4.547602610085858677e-07
4.474348971885591223e-07
4.409109774988496708e-07
4.343870578091402192e-07
4.278631381194307147e-07
4.214601256847807622e-07
4.157884767613831694e-07
4.101790619160385702e-07
4.045696470706940239e-07
3.989602322253494246e-07
3.933508173800048783e-07
3.878499216621926235e-07
3.829559464836280667e-07
3.776013741738018973e-07
3.722468018639757278e-07
3.668922295541495584e-07
3.615853407914390324e-07
3.570753728868777070e-07
3.524266569845036213e-07
3.471504855616930054e-07
3.418743141388823365e-07
3.365981427160717206e-07
3.322786383077153080e-07
3.280314269314504654e-07
3.237007922586013635e-07
3.188746671175664638e-07
3.140485419765316170e-07
3.096435094000192326e-07
3.054979785161730900e-07
3.013524476323268945e-07
2.972069167484807519e-07
2.934398892047152440e-07
2.880940508511527648e-07
2.841046225277258193e-07
2.801151942042988738e-07
2.761257658808719813e-07
2.721363375574450358e-07
2.681715003624527437e-07
2.639029674661873897e-07
2.601656374122596525e-07
2.564283073583319152e-07
2.526909773044042309e-07
2.489808603880877783e-07
2.457105736907983110e-07
2.425965855911039690e-07
2.394767193170760709e-07
2.363568530430480933e-07
2.332369867690201687e-07
2.302267211057600916e-07
2.275912266971674233e-07
2.248182533511813817e-07
2.218366923527503095e-07
2.188551313543192374e-07
2.158735703558881652e-07
2.128920093574570931e-07
2.103146532992391638e-07
2.077503539129922242e-07
2.048481041505661042e-07
2.019419240504931013e-07
1.990357439504200985e-07
1.963844024130696946e-07
1.940496754281815137e-07
1.917149484432933064e-07
1.892239658058326621e-07
1.865155290599596486e-07
1.838070923140866351e-07
1.813965953051472254e-07
1.791021751816239123e-07
1.768077550581005727e-07
1.745133349345772331e-07
1.720268213526601774e-07
1.694236776612462645e-07
1.671408806563235213e-07
1.649154886040216181e-07
1.626900965517196885e-07
1.604647044994177323e-07
1.582393124471158292e-07
1.561195906998993731e-07
1.536927079281458756e-07
1.516508236726650797e-07
1.496089394171842839e-07
1.475670551617034615e-07
1.455251709062226657e-07
1.436871024044607545e-07
1.419614789579236386e-07
1.402092256147662468e-07
1.384569722716088549e-07
1.367047189284514366e-07
1.349524655852940448e-07
1.333770248402617376e-07
1.317683101114677147e-07
1.301187739177079197e-07
1.284692377239481775e-07
1.268197015301884089e-07
1.252755079719757875e-07
1.238747302242925666e-07
1.222870109816295514e-07
1.206646186624118655e-07
1.190422263431942061e-07
1.174774184514920475e-07
1.161300478575542546e-07
1.147826772636164484e-07
1.132806827970713755e-07
1.117438701453347100e-07
1.102070574935980710e-07
1.089258633661237692e-07
1.076731026919464558e-07
1.064203420177691159e-07
1.050524549932218465e-07
1.036254545966262868e-07
1.022718982152232151e-07
1.010359912820803541e-07
9.980008434893749301e-08
9.856417741579463196e-08
9.727214540821324418e-08
9.583431136743578499e-08
9.458900885801931206e-08
9.339297084981835383e-08
9.219693284161739560e-08
9.100089483341643737e-08
8.980485682521549237e-08
8.878735867346004215e-08
8.763615314779241680e-08
8.648494762212476498e-08
8.533374209645713963e-08
8.418253657078951428e-08
8.309578005651669954e-08
8.215989194478353135e-08
8.121698265955940261e-08
8.027407337433526062e-08
7.933116408911113188e-08
7.838825480388698990e-08
7.744534551866286115e-08
7.661418622355666469e-08
7.573277643773091930e-08
7.483781707738759962e-08
7.394285771704426671e-08
7.304789835670093379e-08
7.218301200289106482e-08
7.143432420657337642e-08
7.062388691080646254e-08
6.974681127895795147e-08
6.886973564710945363e-08
6.799266001526094256e-08
6.719962915509511787e-08
6.646506931522552692e-08
6.574465133669103249e-08
6.559182130892367102e-08
6.457708301898034718e-08
6.332707623124683004e-08
6.257215729297673194e-08
6.189931721637579960e-08
6.122647713977486727e-08
6.064063628461218576e-08
6.020386844909993772e-08
5.895181558571066488e-08
5.824789100306555933e-08
5.757337792499260886e-08
5.689886484691966502e-08
5.622435176884672117e-08
5.549589341437197714e-08
5.472433802728354938e-08
5.406915802208628818e-08
5.341997758446624694e-08
5.277079714684621232e-08
5.212161670922617770e-08
5.147243627160612985e-08
5.077922712596788500e-08
5.014658384059552504e-08
4.955188082830183345e-08
4.895717781600814847e-08
4.836247480371446350e-08
4.776777179142077852e-08
4.722540534047979671e-08
4.672823270654740553e-08
4.622680813313150943e-08
4.572538355971561994e-08
4.522395898629973045e-08
4.472253441288382772e-08
4.422110983946793823e-08
4.376197471573085296e-08
4.330335117233825329e-08
4.281957491236514654e-08
4.233579865239204641e-08
4.185202239241894628e-08
4.136824613244584614e-08
4.093290925072247445e-08
4.052452859326481672e-08
4.006156243460959861e-08
3.958597910977528914e-08
3.911039578494099291e-08
3.863481246010669006e-08
3.821942459678906287e-08
3.783100838521108179e-08
3.744259217363309409e-08
3.762754895278031831e-08
3.694630577976500523e-08
3.626506260674968552e-08
3.573094076087481871e-08
3.536385173169744090e-08
3.499676270252006308e-08
3.462967367334267865e-08
3.450254796170797261e-08
3.399537239401397243e-08
3.338644939601693308e-08
3.302830957423193668e-08
3.267016975244695351e-08
3.231202993066195711e-08
3.195389010887696733e-08
3.165229479474519865e-08
3.123451600169086240e-08
3.103909649722799554e-08
3.106658365624778779e-08
3.109407081526758005e-08
3.084465838576529324e-08
3.002506971776040477e-08
2.920548104975551629e-08
2.870152714569530429e-08
2.835050362088967624e-08
2.802520914122957683e-08
2.769991466156948073e-08
2.737462018190938462e-08
2.704932570224928521e-08
2.674918596768016078e-08
2.648303548841423640e-08
2.622189259096722443e-08
2.596074969352021908e-08
2.569960679607321041e-08
2.543846389862620506e-08
2.517732100117919640e-08
2.491617810373219104e-08
2.468495414320691831e-08
2.443384458249810799e-08
2.417846019042020060e-08
2.392307579834228990e-08
2.366769140626438252e-08
2.341230701418646851e-08
2.318067161686393839e-08
2.296561905654345241e-08
2.272805902089301299e-08
2.247587313306241882e-08
2.222368724523182133e-08
2.197150135740122385e-08
2.172833479092852389e-08
2.151870492912760278e-08
2.130907506732668167e-08
2.109229786758405759e-08
2.085540422017280459e-08
2.061851057276155160e-08
2.038161692535029861e-08
2.017395813806905613e-08
1.997947392492165181e-08
1.978498971177425412e-08
1.959050549862684980e-08
1.963168698704871025e-08
1.929243843285612257e-08
1.893304402419634879e-08
1.872894607839686757e-08
1.853726900867348392e-08
1.834559193895010358e-08
1.815391486922672324e-08
1.796223779950333959e-08
1.788715683364146230e-08
1.768974048367257959e-08
1.748934299025145029e-08
1.728894549683032098e-08
1.708854800340919168e-08
1.688815050998806238e-08
1.668775301656693638e-08
1.648735552314580708e-08
1.625627666318556647e-08
1.607205476468062284e-08
1.588783286617567922e-08
1.570361096767073559e-08
1.551938906916578866e-08
1.533516717066084835e-08
1.515094527215590472e-08
1.500070562978764926e-08
1.486649396240074767e-08
1.473033269847102155e-08
1.459417143454129542e-08
1.445801017061156930e-08
1.432184890668184482e-08
1.418568764275211870e-08
1.404952637882239257e-08
1.391336511489266645e-08
1.378940247445727432e-08
1.366896181798975317e-08
1.353490638997813286e-08
1.340085096196651420e-08
1.326679553395489224e-08
1.313274010594327193e-08
1.299868467793165328e-08
1.286515816973637028e-08
1.275212053848008409e-08
1.263908290722379791e-08
1.252407405725877768e-08
1.239467476965510592e-08
1.226527548205143251e-08
1.213587619444775911e-08
1.200647690684408735e-08
1.188036886172151700e-08
1.177484597644056118e-08
1.166932309115960537e-08
1.156380020587864790e-08
1.145827732059768877e-08
1.134055896542783789e-08
1.121966531374178250e-08
1.109877166205572547e-08
1.098627454394244776e-08
1.103863290861571397e-08
1.092709212302127893e-08
1.081555133742684389e-08
1.070401055183240886e-08
1.059246976623797382e-08
1.048092898064353878e-08
1.036938819504910375e-08
1.016391642088637735e-08
1.009215196414774145e-08
9.985015185958784090e-09
9.877878407769830041e-09
9.770741629580874338e-09
9.663604851391918635e-09
9.556468073202962931e-09
9.449331295014005574e-09
9.342194516825051525e-09
9.207744232902452190e-09
9.194882500227963911e-09
9.256369530751940401e-09
9.317856561275913582e-09
9.379343591799888417e-09
9.440830622323864907e-09
9.502317652847838088e-09
9.268159620044432769e-09
8.806003959359853042e-09
8.362299975533713427e-09
8.389386676054336293e-09
8.445259002804188955e-09
8.501131329554041617e-09
8.557003656303892625e-09
8.612875983053746942e-09
8.668748309803599604e-09
8.309426028865759825e-09
7.807182989561790112e-09
7.792679788023287848e-09
7.660737455507689227e-09
7.590709399294982339e-09
7.520681343082275450e-09
7.450653286869568561e-09
7.380625230656863327e-09
7.310597174444155611e-09
7.240569118231448723e-09
7.255977478786423826e-09
7.240101214435643190e-09
7.080928653661111580e-09
6.991183577700937999e-09
6.922556569786715564e-09
6.853929561872493956e-09
6.785302553958272349e-09
6.716675546044050741e-09
6.697852602825126181e-09
6.729368830151961201e-09
6.728756572113849362e-09
6.586247637782456071e-09
6.443738703451063608e-09
6.367770330236602034e-09
6.303254154850889243e-09
6.238737979465176452e-09
6.174221804079463662e-09
6.192610981336503843e-09
6.224723604040903744e-09
6.256836226745302818e-09
6.137202346093335762e-09
6.006129859383718201e-09
5.875057372674099812e-09
5.815970044015609805e-09
5.797999027588771882e-09
5.664252118471573809e-09
5.685622025919323861e-09
5.725745448905450832e-09
5.765868871891576975e-09
5.814973614915069959e-09
5.868789198180905870e-09
5.922604781446741780e-09
5.693218488557193946e-09
5.448727091536518309e-09
5.204235694515843499e-09
5.164607753809229711e-09
5.218329994469903155e-09
5.272052235130575771e-09
5.323153690104941369e-09
5.365539096345371488e-09
5.407924502585799953e-09
5.273650772066989313e-09
5.064054870188280042e-09
4.854458968309570772e-09
4.679728110785764080e-09
4.726957132435094629e-09
4.784827518322555911e-09
4.842697904210016366e-09
4.884428402509366708e-09
4.917632144234998602e-09
4.852288211710153823e-09
4.636625601012905188e-09
4.420962990315655725e-09
4.377260934209016777e-09
4.306373470482565008e-09
4.344338302716001414e-09
4.382303134949437821e-09
4.420267967182874227e-09
4.458232799416310633e-09
4.478703553248286718e-09
4.258536137132730431e-09
4.055180661703587668e-09
4.075076426803449831e-09
4.048429019497052708e-09
3.966571036289365342e-09
3.971453652800493062e-09
3.998576882070851025e-09
4.025700111341208160e-09
4.052823340611566122e-09
3.933948373980937004e-09
3.754151136498933675e-09
3.774236155030579545e-09
3.794321173562227070e-09
3.723878174289872066e-09
3.651655114845468223e-09
3.611266905842999042e-09
3.636727242413314970e-09
3.592229776319416814e-09
3.522788615629011428e-09
3.461968721130862060e-09
3.482893596143594302e-09
3.503818471156326544e-09
3.538970000195178882e-09
3.629120116816215005e-09
3.648803815693302868e-09
3.520259461623531040e-09
3.391715107553759626e-09
3.266486804771299132e-09
3.197045634795168503e-09
3.187796711778096815e-09
3.214144010900715422e-09
3.240491310023334029e-09
3.274475010494085268e-09
3.316809216282803444e-09
3.354807986774210119e-09
3.240480929556603655e-09
3.126153872338997192e-09
3.011826815121391142e-09
2.904810741376868609e-09
2.906778125648358627e-09
2.942117624941136006e-09
2.977457124233913384e-09
3.013149298346769806e-09
3.049164231102509198e-09
3.048255751830504236e-09
2.949540611985965276e-09
2.850825472141426730e-09
2.752110332296887769e-09
2.653395192452348809e-09
2.640754158330014913e-09
2.679901559006976024e-09
2.719048959683936721e-09
2.754516165692212751e-09
2.784448583412008479e-09
2.767049558431177913e-09
2.668405310655833752e-09
2.569761062880490005e-09
2.471116815105146258e-09
2.461568122419859507e-09
2.420248187265535896e-09
2.448466061560853160e-09
2.477318977627205000e-09
2.506171893693557253e-09
2.535024809759909506e-09
2.507263204529676263e-09
2.403620539817117341e-09
2.299977875104558419e-09
2.288539911840870033e-09
2.289163774135230177e-09
2.247948302605839532e-09
2.227662451811358961e-09
2.248961825645411209e-09
2.270261199479463043e-09
2.291560573313515290e-09
2.277066907542491857e-09
2.164160521837847608e-09
2.114608936838831096e-09
2.127028586219188587e-09
2.126970668874328403e-09
2.089535656037515668e-09
2.052100643200702520e-09
2.031180156352774046e-09
2.045657969820647391e-09
2.025306964076623176e-09
1.987961197534416750e-09
1.950615430992210323e-09
1.958034918354800324e-09
1.970889783779348780e-09
1.981943643359419487e-09
1.947216160363713878e-09
1.912488677368007857e-09
1.877761194372301835e-09
1.843033711376596020e-09
1.839035819517758336e-09
1.827908246812259961e-09
1.790856388266926547e-09
1.798380450781560864e-09
1.814730734970309246e-09
1.831081019159057628e-09
1.811388570076188842e-09
1.780310372145152940e-09
1.749232174214117452e-09
1.718153976283081964e-09
1.687075778352046063e-09
1.655997580421010575e-09
1.642873349191387283e-09
1.628352062817849219e-09
1.651299602351349350e-09
1.674247141884849480e-09
1.679691906558531239e-09
1.651676513468119732e-09
1.623661120377708432e-09
1.595645727287296925e-09
1.567630334196885625e-09
1.539614941106474118e-09
1.511599548016062818e-09
1.483584154925651518e-09
1.488741023558159141e-09
1.514100476294449067e-09
1.539459929030738787e-09
1.530355151479769642e-09
1.503160732842619361e-09
1.475966314205468874e-09
1.448771895568318386e-09
1.421577476931168106e-09
1.394383058294017618e-09
1.383110168730997951e-09
1.385971122779580748e-09
1.424482308175058601e-09
1.493192381615219601e-09
1.475985397361692929e-09
1.458778413108166464e-09
1.431465908745747691e-09
1.381743743595962924e-09
1.332021578446178364e-09
1.284617125170378495e-09
1.291807695682748754e-09
1.302017917454865816e-09
1.282127965739372216e-09
1.279973075255240872e-09
1.350797730412572821e-09
1.316540835317848061e-09
1.282283940223123095e-09
1.248027045128397921e-09
1.213770150033673368e-09
1.192036368000428090e-09
1.199498643466984626e-09
1.207293154245014437e-09
1.219609307252037263e-09
1.197371058422143406e-09
1.152021678939746316e-09
1.149391569482396552e-09
1.155927913111143076e-09
1.137675807206818169e-09
1.118772949738659486e-09
1.099870092270501010e-09
1.106973771659432459e-09
