7.720357688036935326e-03
7.691193541079058976e-03
7.619952657910886509e-03
7.504627997011535656e-03
7.348078196127990659e-03
7.172946379882588416e-03
6.965481189864344662e-03
6.748843166065054966e-03
6.518640026849388189e-03
6.286232883042364161e-03
6.049670237045961033e-03
5.816455066274700027e-03
5.580409939044126896e-03
5.353452756970194723e-03
5.127181453579009174e-03
4.904888197917386949e-03
4.696303410294480445e-03
4.487480895559550417e-03
4.291322592757777950e-03
4.106815559169047641e-03
3.927151683373810050e-03
3.753546093831220971e-03
3.587784092719805036e-03
3.431482167821924781e-03
3.280396711589356543e-03
3.138289023917528384e-03
3.001186056034505032e-03
2.869576806505893737e-03
2.745468964473204033e-03
2.626658608392822697e-03
2.513051799578932665e-03
2.405153799895776070e-03
2.302267843894920726e-03
2.203346293812376028e-03
2.109555168551275738e-03
2.021551605939210603e-03
1.936336239697197727e-03
1.854624461081400954e-03
1.775805914457551007e-03
1.703936041769932427e-03
1.632468268039172221e-03
1.566129703213453919e-03
1.500653262252674234e-03
1.439431038631218797e-03
1.380266929406647348e-03
1.323527861365375851e-03
1.270399394564449003e-03
1.217264532629717261e-03
1.169578469509570439e-03
1.122181603659128417e-03
1.077319777779116045e-03
1.035075828023586213e-03
9.927886764579240547e-04
9.548402908298777442e-04
9.173114482738900944e-04
8.808706160620633028e-04
8.478859609206920202e-04
8.149911666686343419e-04
7.839603629745210949e-04
7.544932482577620730e-04
7.256746740542376018e-04
6.991168483508908987e-04
6.733306479208653762e-04
6.477263309742712629e-04
6.242782596806197015e-04
6.013466374450858638e-04
5.790370000212578631e-04
5.585210389935851361e-04
5.381533676265523375e-04
5.184925068445258309e-04
5.000068944547931063e-04
4.821592499408799124e-04
4.647519686629543283e-04
4.486777788482888959e-04
4.327608100753790876e-04
4.172608543334326383e-04
4.026303583375429734e-04
3.885263212469712308e-04
3.748561780217901434e-04
3.620411206998415182e-04
3.496559916584476174e-04
3.372417440292730393e-04
3.257884272809437320e-04
3.144908270515340892e-04
3.038541780770906658e-04
2.933677203604496205e-04
2.837803382453326999e-04
2.741050303816167837e-04
2.648558435257072755e-04
2.560478367362873774e-04
2.475220017752034307e-04
2.393579163867960821e-04
2.313975447969758906e-04
2.240674250812876281e-04
2.166521488704240841e-04
2.096591442975936285e-04
2.028566855137305623e-04
1.963276045983068500e-04
1.901116918038260270e-04
1.839474759017114907e-04
1.783312988873025191e-04
1.726695867796743523e-04
1.671733522225528346e-04
1.618652474893688656e-04
1.567071830116494708e-04
1.519335920563838016e-04
1.471713820605777051e-04
1.427468276618483098e-04
1.384561941270378129e-04
1.342383158929640876e-04
1.303495186829629080e-04
1.264525555339654429e-04
1.226931834119491475e-04
1.191166567917750221e-04
1.155912444843954141e-04
1.123003279247346677e-04
1.089922486290699445e-04
1.057904746656213176e-04
1.027814050078944540e-04
9.988069061415000012e-05
9.704196902374798367e-05
9.434340594161601636e-05
9.166774512020960770e-05
8.925244706368200514e-05
8.682702038342768021e-05
8.439340274108867801e-05
8.198349196867077556e-05
7.978088561703094831e-05
7.769540074782371340e-05
7.563200423010510041e-05
7.365507197427508999e-05
7.173628276939536118e-05
6.984336274639055806e-05
6.796844651564002478e-05
6.624058613591969657e-05
6.448365398677090537e-05
6.282654385264673934e-05
6.125065590933490033e-05
5.973165044652180641e-05
5.820307470977620552e-05
5.682139303334948148e-05
5.542446156776643966e-05
5.406262446683455716e-05
5.274149842757279005e-05
5.144139815794399718e-05
5.017877831568413237e-05
4.897997278510412422e-05
4.783360017742326390e-05
4.670042841298780080e-05
4.566173868114147764e-05
4.460052268177224643e-05
4.355507085386610812e-05
4.254275455357970015e-05
4.161083321053142992e-05
4.063536266743375622e-05
3.972144494190759918e-05
3.882028454620497566e-05
3.795466042623324871e-05
3.713160290936364969e-05
3.631007618150026587e-05
3.546518347462651014e-05
3.462167726721611101e-05
3.384721034318018004e-05
3.310829754581070557e-05
3.240516964400789242e-05
3.169869988724914242e-05
3.102433764900423526e-05
3.036064739603208803e-05
2.970488148381344792e-05
2.902065347581500126e-05
2.840302355933367530e-05
2.776948621741388330e-05
2.717319389955740288e-05
2.662612200362579493e-05
2.604115252267842357e-05
2.551371666751651453e-05
2.500137781480734969e-05
2.447238611606766578e-05
2.398191745483428498e-05
2.347232489905075965e-05
2.297675722340700898e-05
2.250406877865566985e-05
2.202571536925150699e-05
2.158193056168139078e-05
2.115550252803013743e-05
2.071605028390230261e-05
2.030242598529701753e-05
1.990243887845520484e-05
1.951401384423735440e-05
1.912056026502712762e-05
1.875936571666829127e-05
1.837279392064048868e-05
1.800753846042504720e-05
1.769088331829426025e-05
1.731300959713746166e-05
1.697976105025809983e-05
1.664936245462228436e-05
1.633927989300615560e-05
1.603644316035142652e-05
1.573803518929993393e-05
