3.664436480109989607e-03
3.668850919630636375e-03
3.663526542475345742e-03
3.649080900954649719e-03
3.625705176417080931e-03
3.593868326041334185e-03
3.555694824075588886e-03
3.512365810510698853e-03
3.463894778826959869e-03
3.411538174288011524e-03
3.356021602669928116e-03
3.298996346349486637e-03
3.240126629728772890e-03
3.179782872083008159e-03
3.118536994150410743e-03
3.056254577681471237e-03
2.994148532241803443e-03
2.931224923496282986e-03
2.868537046806038642e-03
2.806990473095080998e-03
2.745326649899269573e-03
2.683013013041578385e-03
2.622067620652012484e-03
2.561077336630200423e-03
2.500534887355317266e-03
2.440388431062365422e-03
2.380807601140561783e-03
2.320969447283801560e-03
2.263198438787453540e-03
2.206186656842818589e-03
2.150444139102586274e-03
2.095345968225643084e-03
2.041694089565890009e-03
1.989253150950331516e-03
1.938158060855296218e-03
1.887981282356299964e-03
1.839091676715412819e-03
1.790898953037298787e-03
1.744138026851372800e-03
1.698935337532569761e-03
1.654591331604724543e-03
1.610845899959683887e-03
1.568430713867786496e-03
1.526813241630923731e-03
1.486669565791274433e-03
1.447643625709542532e-03
1.409603450547628660e-03
1.372549085878339197e-03
1.336225083349957274e-03
1.300910872956753499e-03
1.266800097106572784e-03
1.233583395760869290e-03
1.200918448097644097e-03
1.168866740512687153e-03
1.137670846866527989e-03
1.107519103858987984e-03
1.078291679248339751e-03
1.049629255988916970e-03
1.022341669665607217e-03
9.952397688007430954e-04
9.690249400527893792e-04
9.433281801206083207e-04
9.186807315850716634e-04
8.943700488333679224e-04
8.709685053651139734e-04
8.478428625883408344e-04
8.257779236790945606e-04
8.041054381062225781e-04
7.830037287571128130e-04
7.621510216689151174e-04
7.423840066505352784e-04
7.231724479726679743e-04
7.043127318514221446e-04
6.858726115534522156e-04
6.679837876039842331e-04
6.506829666844170593e-04
6.335620164874528450e-04
6.172059455265472595e-04
6.009483653686227469e-04
5.855896513038624795e-04
5.705993483894952886e-04
5.557284626192014266e-04
5.414937558050724863e-04
5.273391335661312867e-04
5.138999743441816787e-04
5.008844798882963615e-04
4.879406115093846540e-04
4.755178166734557572e-04
4.631436112927185458e-04
4.513186312407295323e-04
4.400276559681586507e-04
4.287516696637556565e-04
4.176823243438174864e-04
4.071984119231452249e-04
3.968867120145629719e-04
3.870178235207926538e-04
3.773036172729331283e-04
3.676424429207877215e-04
3.583674057951802337e-04
3.493477109751143002e-04
3.407204926867435390e-04
3.322357161086682471e-04
3.237517368317010115e-04
3.156972012579918629e-04
3.079026520569006420e-04
3.000718910125236985e-04
2.928604207919732446e-04
2.854612065745098680e-04
2.786655398514267887e-04
2.718594391240341190e-04
2.651291335988585000e-04
2.584303072920655767e-04
2.520580251025267651e-04
2.458507260657616443e-04
2.398602919585183938e-04
2.339043788733873096e-04
2.282158079631944057e-04
2.227990191966637958e-04
2.174005439582439255e-04
2.119932825836089391e-04
2.069221769983221762e-04
2.020679826060850959e-04
1.973079919071979254e-04
1.925070543656092013e-04
1.879337551510035958e-04
1.834634620983671683e-04
1.791658008592242975e-04
1.748887216253907056e-04
1.706060673510164326e-04
1.667616310311114227e-04
1.626628033306876922e-04
1.587588720381074691e-04
1.550623933172242221e-04
1.514195740491536659e-04
1.477644328311860300e-04
1.443282363510075498e-04
1.409752391045849249e-04
1.378069128861992795e-04
1.345839879672584816e-04
1.314024557705407742e-04
1.282546604702890919e-04
1.254091394720169891e-04
1.225290069363034386e-04
1.196010773585410366e-04
1.169118414409197953e-04
1.142408772638976375e-04
1.115960182853697260e-04
1.090283441107122423e-04
1.065727305528438280e-04
1.041757326850440763e-04
1.017353224447836837e-04
9.943739016005040279e-05
9.718722804898036465e-05
9.495454461826072624e-05
9.274406910907129469e-05
9.073083199046867329e-05
8.872693698949305136e-05
8.673446295706026092e-05
8.481591136006930024e-05
8.288665161284937736e-05
8.098047539299561316e-05
7.914604893830100697e-05
7.743695671496675197e-05
7.572786449163249696e-05
7.407586731182537064e-05
7.244893681608551635e-05
7.085120360619031471e-05
6.929241324860410537e-05
6.782343065782713942e-05
6.632671757976069582e-05
6.483847394075146315e-05
6.341438628146582514e-05
6.201874140923182047e-05
6.062309653699780225e-05
5.932553792054577222e-05
5.807036510372910125e-05
5.682314080725373647e-05
5.559709404657901290e-05
5.444518392225715581e-05
5.328259881698508188e-05
5.209201754560878028e-05
5.093782692804144687e-05
4.987523186622154823e-05
4.881263680440164280e-05
4.775004174258174416e-05
4.678177442451426026e-05
4.582423897138051259e-05
4.483199953933660547e-05
4.385159154086249448e-05
4.296975785209624477e-05
4.208048591879064816e-05
4.117963653326092835e-05
4.029707205694524666e-05
3.947439339255674539e-05
3.865171472816823734e-05
3.782903606377972929e-05
3.702994346408719723e-05
3.628658495032649630e-05
3.554322643656580215e-05
3.479986792280510800e-05
3.409371127191112042e-05
3.339978654214287545e-05
3.270383228377605209e-05
3.200817425061657645e-05
3.137119788956653786e-05
3.074297327052921100e-05
3.009359663947299711e-05
2.947047019620678619e-05
2.886388890465401731e-05
2.828712848090063039e-05
2.771799070956363400e-05
2.714885293822663761e-05
2.658720084018035431e-05
2.607819414327049073e-05
2.556216687148808370e-05
2.505426403781445762e-05
2.455829641201550504e-05
2.403987114327787344e-05
2.355350129694229401e-05
2.310303157023561459e-05
2.265256184352893516e-05
2.221381215709328859e-05
2.178711725612874993e-05
2.136313630410336517e-05
2.093915535207798380e-05
2.051517440005260243e-05
2.009298899787913332e-05
1.969479041387995515e-05
1.930876137087026955e-05
1.894759358369115833e-05
1.858907817705343461e-05
1.823155775676444187e-05
1.786109496836070425e-05
1.751572222357890266e-05
1.717095329962711747e-05
1.685042365734204991e-05
1.652989401505698235e-05
1.620734947634664414e-05
1.588578060242265097e-05
1.558370274948577011e-05
1.528417557257545135e-05
1.500023558588480362e-05
1.471840668245786691e-05
1.443561935919236111e-05
1.416746068568603897e-05
1.390835545661028712e-05
1.366196223665706001e-05
1.337743033440150479e-05
1.312066747586877234e-05
1.288695999136244694e-05
1.265325250685611984e-05
1.241354638351878655e-05
1.217002309640434164e-05
1.194686241854429380e-05
1.172886075151391361e-05
1.151039887218980408e-05
1.128916090318308575e-05
1.109135154461970942e-05
1.088440537783170657e-05
1.068130781131423671e-05
1.047935354047583475e-05
1.029387158582645553e-05
1.011807133733441650e-05
9.931085004813450533e-06
9.744592808895244379e-06
9.561444657010553341e-06
9.395140523318815351e-06
9.227543427329801005e-06
9.058939792277954841e-06
8.890336157226110371e-06
8.727118820669809863e-06
8.569459748443696993e-06
8.413206225004743601e-06
8.256952701565791904e-06
8.108991584897009330e-06
7.971605413476978746e-06
7.833452267774039255e-06
7.694437591288067502e-06
7.548157000159550385e-06
7.418743577502268312e-06
7.293566548116851716e-06
7.164932597765544335e-06
7.036522156704665131e-06
6.904266891590628849e-06
6.790744136417141770e-06
6.685613623613346685e-06
6.571471099375813250e-06
6.445688508107431938e-06
6.319905916839049780e-06
6.215788227639819488e-06
6.117085348183573273e-06
6.013548431364532624e-06
5.897926526629383362e-06
5.784026332391232906e-06
5.692228014306900875e-06
5.603081655177829304e-06
5.512499189576289531e-06
5.407060690159391901e-06
5.304548141328419055e-06
5.224113064502687421e-06
5.134292726383001400e-06
5.044472388263314531e-06
4.957397559870502854e-06
4.865320244868857583e-06
4.800240806643037146e-06
4.728718313937573122e-06
4.643678767810488408e-06
4.558639221683404541e-06
4.473599675556320674e-06
4.399529527753497680e-06
4.339632591008051985e-06
4.261687465519158302e-06
4.183742340030264618e-06
4.105797214541370935e-06
4.036901745587423411e-06
3.982586350158110165e-06
3.913452191657955494e-06
3.843271982985097114e-06
3.773091774312239157e-06
3.711655957658610233e-06
3.658259359846170503e-06
3.596278754309878950e-06
3.531081404170945909e-06
3.471878524003908822e-06
3.416333486618181942e-06
3.361269640196223539e-06
3.303315181576772796e-06
3.253174246144504671e-06
3.203033310712236970e-06
3.152892375279968844e-06
3.098261981244751961e-06
3.043696265094707682e-06
2.995200475964199053e-06
2.946704686833690002e-06
2.898208897703181797e-06
2.849713108572673593e-06
2.804290208502565016e-06
2.764112454456424552e-06
2.721366310636516756e-06
2.677849774332452744e-06
2.634333238028387884e-06
2.590816701724323872e-06
2.547497749694932460e-06
2.510518805268601628e-06
2.473690163114574467e-06
2.433242269754496048e-06
2.392794376394417629e-06
2.352802150338784501e-06
2.314558802210026997e-06
2.276614211237491023e-06
2.240084423760081504e-06
2.209310824210010437e-06
2.178537224659939794e-06
2.143724140045490981e-06
2.107016490081580499e-06
2.070320272467507719e-06
2.042042320829495856e-06
2.013802715622500919e-06
1.985563110415505982e-06
1.957323505208511469e-06
1.921496032737431278e-06
1.888151061306211530e-06
1.862044571017024648e-06
1.835523500210297904e-06
1.809002429403571371e-06
1.781798053579427564e-06
1.746074203200812047e-06
1.718753183290070099e-06
1.694215213288878720e-06
1.668687584174282183e-06
1.637764291138202078e-06
1.615951570511993663e-06
1.593242921280516771e-06
1.570508947061502206e-06
1.544428155776507023e-06
1.520764776923198607e-06
1.496929185848721196e-06
1.479357899711125275e-06
1.461786613573529567e-06
1.443576131699324544e-06
1.415154041880685418e-06
1.386731952062046292e-06
1.367093779641000857e-06
1.351227605518934051e-06
1.335361431396867246e-06
1.316869725124149640e-06
1.292251777166580446e-06
1.267891778553036067e-06
1.251816520702798084e-06
1.236017701590286724e-06
1.220218882477775364e-06
1.200449886721854702e-06
1.178150186551711242e-06
1.160275703572725127e-06
1.144601810579068377e-06
1.126234848285857212e-06
1.109998809477131099e-06
1.093884734262653818e-06
1.075838762589852502e-06
1.062607408002439645e-06
1.048196576264856452e-06
1.032113366038978580e-06
1.016030155813100708e-06
1.002997544461508819e-06
9.850292913246363312e-07
9.732814165250079535e-07
9.600967986338495307e-07
9.457212856649532925e-07
9.313457726960570542e-07
9.169702597271609219e-07
9.025947467582647895e-07
8.947442220753033394e-07
8.876391988190878234e-07
8.745533287470446864e-07
8.591017317937772223e-07
8.436501348405098641e-07
8.291338986376036991e-07
8.206529163160585086e-07
8.132350458572641196e-07
8.041033745580057353e-07
7.943379775139925872e-07
7.829374915775298267e-07
7.661466807329147281e-07
7.519882726586921845e-07
7.413700400454879590e-07
7.307518074322838395e-07
7.211727209981220375e-07
7.116551523085496953e-07
6.986798591922124998e-07
6.920936763597389617e-07
6.834605004861538925e-07
6.742737775409130215e-07
6.636028572172036798e-07
6.529647591525526422e-07
6.438862324124434440e-07
6.341122613817911024e-07
6.267865751207653847e-07
6.194608888597394553e-07
6.117425898122946623e-07
6.037714743868402772e-07
5.940991971221703197e-07
5.832504625434458238e-07
5.744840734685094851e-07
5.671481205028454527e-07
5.598121675371816320e-07
5.524762145715177055e-07
5.451402616058537789e-07
5.378043086401899583e-07
5.307212272480713675e-07
5.261066660741688188e-07
5.226770454583425974e-07
5.187318582452306001e-07
5.090660748108625138e-07
4.994002913764945333e-07
4.897345079421265529e-07
4.839682869136414889e-07
4.796119161025313860e-07
4.759930609614019285e-07
4.701767819064871048e-07
4.619139778957818230e-07
4.536511738850765941e-07
4.443998583572521829e-07
4.414125141527007644e-07
4.373864129735644582e-07
4.332380471424736315e-07
4.263075085520416235e-07
4.193769699616095626e-07
4.124464313711775017e-07
4.049026450965178612e-07
4.023650006043539746e-07
3.982054909222653171e-07
3.935638936020331921e-07
3.886967724386699161e-07
3.838296512753065870e-07
3.789625301119433110e-07
3.718719564756687245e-07
3.634939482808712108e-07
3.590858526527021578e-07
3.546777570245331578e-07
3.502696613963641049e-07
3.458615657681950519e-07
3.414534701400259989e-07
3.370453745118569460e-07
3.332755990469339373e-07
3.291065849854155355e-07
3.249375709238971866e-07
3.207685568623788377e-07
3.165995428008604358e-07
3.124305287393420869e-07
3.086732819724822466e-07
3.051503665034335097e-07
3.012340456998102173e-07
2.973177248961869249e-07
2.934014040925636324e-07
2.894850832889402871e-07
2.859364415560195699e-07
2.828725430311733050e-07
2.778182235553944163e-07
2.758409875024527386e-07
2.740585862891771669e-07
2.722761850759015422e-07
2.702304508968336104e-07
2.645605238672078155e-07
2.589381514932313921e-07
2.545071407072964616e-07
2.508355264230175296e-07
2.492454513577484955e-07
2.477547607202146320e-07
2.462640700826807686e-07
2.413735332501696471e-07
2.368559324293894609e-07
2.331487978975475540e-07
2.294416633657056735e-07
2.265365776161867565e-07
2.255039715228718828e-07
2.243169994396149759e-07
2.195978881042129213e-07
2.162120311345627880e-07
2.129883113105958555e-07
2.102914904122206979e-07
2.083940387494895185e-07
2.062374041402449711e-07
2.037924631251176071e-07
2.013475221099902166e-07
1.989025810948628526e-07
1.964576400797354886e-07
1.940126990646081510e-07
1.915913465518634810e-07
1.896965353268981139e-07
1.875413149449755514e-07
1.852837399832793213e-07
1.830261650215831177e-07
1.807685900598868876e-07
1.785110150981906840e-07
1.761909479728222754e-07
1.736924228348262893e-07
1.711938976968303296e-07
1.699152251404751919e-07
1.670857784395175416e-07
1.647171368373974401e-07
1.635362016587433239e-07
1.620962882096724019e-07
1.604696251181306789e-07
1.588429620265889824e-07
1.555201066299560777e-07
1.533600906924859366e-07
1.511449743524401981e-07
1.498243502932210527e-07
1.485037262340019072e-07
1.471831021747827617e-07
1.458624781155636163e-07
1.439631305513866570e-07
1.414476134799757288e-07
1.389320964085647742e-07
1.374347369663051204e-07
1.361934461858226014e-07
1.349521554053400824e-07
1.337108646248575634e-07
1.323427115673096799e-07
1.301587589203307746e-07
1.280374317062498233e-07
1.271895258166422391e-07
1.265178828304113191e-07
1.258631614870665716e-07
1.252084401437218240e-07
1.245537188003770499e-07
1.226192530311182557e-07
1.196531094844188220e-07
1.174677121376199750e-07
1.163480629862977673e-07
1.150233978047581495e-07
1.136987326232185184e-07
1.123740674416789006e-07
1.110494022601392828e-07
1.097247370785996518e-07
1.085655009722434555e-07
1.075307808616139390e-07
1.060772291493230026e-07
1.045105783183959193e-07
1.035254975951814764e-07
1.031812399567480489e-07
1.009849385537397564e-07
9.963070265828936808e-08
9.906034082104334681e-08
9.821553702400197438e-08
9.684559913712580021e-08
9.547566125024962605e-08
9.410572336337345188e-08
9.314316527304916233e-08
9.172090864087804681e-08
9.117172200815225681e-08
9.081315943067647128e-08
8.993382127058218917e-08
8.903064108928373755e-08
8.812746090798528593e-08
8.708608743119050049e-08
8.530534254320104294e-08
8.352459765521158538e-08
8.334840120036627736e-08
8.288662510690123164e-08
8.203062899239640294e-08
8.117463287789157424e-08
8.031863676338673231e-08
7.946264064888190361e-08
7.792520634631921178e-08
7.683841561160650505e-08
7.636039512357364366e-08
7.614553338847105362e-08
7.593067165336846358e-08
7.571580991826588678e-08
7.550094818316329675e-08
7.429541914771660596e-08
7.240161607439699364e-08
7.070218432375245581e-08
7.010497532938786616e-08
6.977760223015698693e-08
6.950609014790685116e-08
6.923457806565670215e-08
6.896306598340656638e-08
6.778905590175412121e-08
6.589296475812738470e-08
6.498792088264875069e-08
6.440593632996740928e-08
6.351706857061927682e-08
6.253969307966957736e-08
6.173839932844677757e-08
6.118618836881937050e-08
6.063397740919197665e-08
5.957547530893563849e-08
5.930618258694735176e-08
5.903688986495906504e-08
5.843548847669141223e-08
5.759996332693030363e-08
5.676443817716919504e-08
5.592891302740808644e-08
5.550001456081957321e-08
5.460360067519168269e-08
5.430180732323828794e-08
5.414879873641934396e-08
5.373285014069149818e-08
5.299126733855459918e-08
5.224968453641771341e-08
5.150810173428080780e-08
5.076651893214392203e-08
5.002493613000701641e-08
4.943136984288950317e-08
4.943274298881458332e-08
4.922853896199881866e-08
4.855098745812873622e-08
4.787343595425864717e-08
4.719588445038857135e-08
4.651833294651847568e-08
4.594673105876427858e-08
4.554760919308775434e-08
4.525060629615596389e-08
4.509525531130179994e-08
4.447422736349854593e-08
4.385319941569529192e-08
4.323217146789203129e-08
4.273829840367653768e-08
4.249575580768498806e-08
4.221505493536449619e-08
4.188788156425732018e-08
4.156165297601625260e-08
4.144030959136085149e-08
4.138303961486868411e-08
4.132576963837651011e-08
4.126849966188434272e-08
4.095371966575163458e-08
3.978150218887155072e-08
3.871197793096131149e-08
3.839249222286669203e-08
3.807300651477207919e-08
3.749629247813585881e-08
3.689892375052757554e-08
3.644695536033507934e-08
3.617088795782422857e-08
3.589482055531337781e-08
3.516169308710441364e-08
3.504653983045744360e-08
3.493138657381047356e-08
3.481514807984533439e-08
3.467889356162204380e-08
3.454263904339873998e-08
3.440638452517544939e-08
3.415389888283338030e-08
3.307985744697132531e-08
3.202303082729732898e-08
3.197153226728488583e-08
3.192003370727244268e-08
3.185326130384974456e-08
3.169143768647290824e-08
3.152961406909607191e-08
3.136779045171923559e-08
3.075530865894777124e-08
3.004049248379688456e-08
2.932567630864599127e-08
2.898070056808151595e-08
2.900749821967270707e-08
2.895384477177755626e-08
2.854813037267367866e-08
2.814241597356980106e-08
2.773670157446592346e-08
2.733098717536204917e-08
2.692527277625817157e-08
2.679834132353951288e-08
2.644834323275347023e-08
2.643675495553444799e-08
2.634082397615386614e-08
2.597044921138418025e-08
2.560007444661449436e-08
2.522969968184481178e-08
2.493147854735361717e-08
2.484948291929976791e-08
2.470466548935373167e-08
2.466432113559351540e-08
2.492828848704971419e-08
2.513515123078774012e-08
2.465655706832030252e-08
2.417796290585286823e-08
2.369936874338543393e-08
2.322077458091799302e-08
2.292263335302159245e-08
2.274795826961978482e-08
2.276525627022589492e-08
2.289800158856240308e-08
2.296260965650336746e-08
2.259199736002135571e-08
2.222138506353934727e-08
2.185077276705733552e-08
2.148016047057532708e-08
2.110954817409331534e-08
2.061833350662415681e-08
2.046452015579973056e-08
2.042974317638359564e-08
2.039154562289946191e-08
2.035334806941532487e-08
2.031515051593119115e-08
2.027695296244705742e-08
2.023875540896292369e-08
1.990492989168804026e-08
1.926498474407584005e-08
1.860559524338594207e-08
1.860185108569830588e-08
1.859810692801067299e-08
1.859436277032303680e-08
1.854842113613681968e-08
1.849678170410271495e-08
1.844514227206861021e-08
1.814151029524832946e-08
1.759712881443565169e-08
1.724383975575492362e-08
1.689055069707419555e-08
1.681507777378407585e-08
1.685844949051161683e-08
1.689166111257101729e-08
1.684387672828010132e-08
1.679609234398918866e-08
1.659222868531271246e-08
1.618839705977129675e-08
1.578456543422987773e-08
1.555888320439516104e-08
1.545856226254338326e-08
1.530638640911782889e-08
1.532571880686969934e-08
1.532613408068003456e-08
1.528787395677084025e-08
1.509671266540342783e-08
1.473889441591115649e-08
1.441089407747156574e-08
1.440024303411298267e-08
1.444028670901468479e-08
1.434567173063791404e-08
1.463003845036794730e-08
1.470321077057226925e-08
1.443184246211614294e-08
1.416047415366001663e-08
1.388910584520389033e-08
1.361773753674776402e-08
1.335831498127280371e-08
1.326430510875461838e-08
1.317029523623643471e-08
1.331850637744004491e-08
1.348738726433607280e-08
1.331528457751687048e-08
1.305596049867126030e-08
1.279663641982565013e-08
1.253731234098003995e-08
1.230964833212287197e-08
1.213584844091359214e-08
1.196204854970431066e-08
1.182796735817329101e-08
1.184835645773951367e-08
1.184732595090907214e-08
1.184629544407863226e-08
1.184526493724819239e-08
1.184423443041775086e-08
1.184320392358731098e-08
1.184217341675687111e-08
1.151254075600888178e-08
1.116077376919179921e-08
1.083789689607628967e-08
1.070666417650413324e-08
1.071455775151114728e-08
1.072245132651816463e-08
1.073034490152518032e-08
1.073823847653219602e-08
1.074613205153921171e-08
1.073124212066233115e-08
1.041119913787124706e-08
1.013144587291722800e-08
9.924881882986628511e-09
9.718317893056029018e-09
9.649339532809682185e-09
9.671824802463002326e-09
9.694310072116320812e-09
9.716795341769640953e-09
9.739280611422959439e-09
9.687808733132179150e-09
9.410908240655910117e-09
9.194469001009641855e-09
9.003447702958558757e-09
8.950586442747437460e-09
8.857966157868309677e-09
8.784463177451914977e-09
8.812357444538530463e-09
8.834448882619925230e-09
8.838710597393501942e-09
8.754010532048075757e-09
8.545159155164384723e-09
8.336307778280692035e-09
8.278491890710663498e-09
8.311695632436295393e-09
8.204033379054748879e-09
8.509693810802374729e-09
8.541367812258508932e-09
8.390741682550051786e-09
8.240115552841594641e-09
8.089489423133137495e-09
7.938863293424678695e-09
7.788237163716221549e-09
7.702334213327430539e-09
7.740299045560866118e-09
7.575696757335587813e-09
7.744278182297184185e-09
7.842872064689689629e-09
7.698408111049203902e-09
7.553944157408719829e-09
7.409480203768234102e-09
7.265016250127749201e-09
7.121239805301840655e-09
7.148363034572198617e-09
7.175486263842555752e-09
6.996412128848280465e-09
6.771227233094175644e-09
6.785293298556309334e-09
6.675710945914233378e-09
6.566128593272158250e-09
6.540903429156027417e-09
6.515876786845444177e-09
6.490850144534860937e-09
6.465823502224276870e-09
6.440796859913693630e-09
6.415770217603110391e-09
6.306676639910892284e-09
6.153130444082971904e-09
6.130042331214987593e-09
6.150390964331221118e-09
6.170739597447452989e-09
6.191088230563685687e-09
6.211436863679918384e-09
6.231785496796150255e-09
6.148459648194017371e-09
5.976444706717607726e-09
5.828953141330295586e-09
5.723212674815361452e-09
5.617472208300428145e-09
5.511731741785494837e-09
5.516415630312542786e-09
5.548435534951200878e-09
5.580455439589856488e-09
5.612475344228514579e-09
5.644495248867171017e-09
5.513363839701486046e-09
5.360856398614187639e-09
5.258179610776004450e-09
5.155986836851354455e-09
5.102545672202417049e-09
5.075204444442263401e-09
5.002370637168239736e-09
5.028828559961091585e-09
5.055286482753944261e-09
5.081744405546796110e-09
5.075038160612744332e-09
4.943836633956460955e-09
4.832410737018007535e-09
4.734603158638483647e-09
4.732014220498161108e-09
4.761946638217956422e-09
4.703834661627221797e-09
4.867495571758531707e-09
5.031156481889841616e-09
5.194817392021151526e-09
5.051854723139365510e-09
4.889326194649704538e-09
4.726797666160043565e-09
4.564269137670384246e-09
4.401740609180723273e-09
4.430040818767246188e-09
4.384789653980372433e-09
4.448817509035417471e-09
4.530921506027312710e-09
4.452995488029251907e-09
4.375069470031191105e-09
4.297143452033130303e-09
4.219217434035069500e-09
4.141291416037008698e-09
4.080974187669702009e-09
4.102273561503754257e-09
4.122441273809089954e-09
4.009534888104446118e-09
3.910200756309925031e-09
3.863879413859443749e-09
3.855664565782189709e-09
3.793685674457664226e-09
3.733039647790195738e-09
3.722151959579752604e-09
3.711264271369309885e-09
3.700376583158867165e-09
3.689488894948424032e-09
3.678601206737981312e-09
3.667713518527538593e-09
3.599147272307601019e-09
3.529615066309831294e-09
3.479050622014862839e-09
3.502039682189827348e-09
3.526978883065904542e-09
3.551918083941981737e-09
3.576857284818058931e-09
3.601796485694136539e-09
3.538569181703794966e-09
3.448985142690399938e-09
3.359401103677005323e-09
3.304895173093045263e-09
3.250742302961558670e-09
3.196589432830072078e-09
3.142436562698585900e-09
3.124544424964548498e-09
3.160583519861544672e-09
3.196622614758540020e-09
3.232661709655536194e-09
3.230053549998488247e-09
3.147987312148543133e-09
3.065921074298598019e-09
3.015206749044103643e-09
2.965034698108300283e-09
2.914862647172496923e-09
2.884037530495779653e-09
2.878515865872419728e-09
2.839729768807318554e-09
2.863761874195951309e-09
2.894449955799152812e-09
2.925138037402355142e-09
2.881881347312482740e-09
2.809969015954776761e-09
2.755867594915833189e-09
2.707222229381174905e-09
2.671653620153039961e-09
2.667994491761215539e-09
2.664335363369391116e-09
2.688955530540102545e-09
2.671748546286576080e-09
2.654541562033049615e-09
2.637334577779523150e-09
2.620127593525996271e-09
2.602920609272469806e-09
2.585713625018943341e-09
2.568506640765417289e-09
2.551299656511890410e-09
2.534092672258363945e-09
2.489608127200473590e-09
2.503913141509020027e-09
2.477520961616573213e-09
2.443264066521848454e-09
2.429025856536846652e-09
2.466181258478197866e-09
2.503336660419549907e-09
2.540492062360901534e-09
2.577647464302253161e-09
2.614802866243604788e-09
2.545280602778490897e-09
2.387823453583882835e-09
2.262284399698419384e-09
2.223247689875486982e-09
2.184210980052554166e-09
2.212824793582902479e-09
2.243715836290987336e-09
2.266300936848464584e-09
2.288886037405942245e-09
2.311471137963419906e-09
