5.354472940824413912e-03
5.355911347904486995e-03
5.335167662758689977e-03
5.295510665246431527e-03
5.239119929024758579e-03
5.167522283650693993e-03
5.084072934229933241e-03
4.990289901008720941e-03
4.889290955452181044e-03
4.782837965375008951e-03
4.671309919812887540e-03
4.557926094107348988e-03
4.443027248588693467e-03
4.327006233437761737e-03
4.210453213053503077e-03
4.094954565094367609e-03
3.979958095930256380e-03
3.865748443665377888e-03
3.754209221484219958e-03
3.643512592526395796e-03
3.535017418339666401e-03
3.428170207244316675e-03
3.322051667976051986e-03
3.218299654153579381e-03
3.116169908209982711e-03
3.015149544797748535e-03
2.915670973541470944e-03
2.819493371979104809e-03
2.724910317765413901e-03
2.632850885236470012e-03
2.545191527400179985e-03
2.458560399232076477e-03
2.376233426195402051e-03
2.295312403900325385e-03
2.216651093296025891e-03
2.141845274127589412e-03
2.068750397394842570e-03
1.997741440976804912e-03
1.929496127724277714e-03
1.863175759085408147e-03
1.799757479956298582e-03
1.737976879572831470e-03
1.678940764043116611e-03
1.621338338200934218e-03
1.565614893573895328e-03
1.511931189108339010e-03
1.460098812666984222e-03
1.410306483456309984e-03
1.362534445810549381e-03
1.316085776675218538e-03
1.270853978505343982e-03
1.227508220752888827e-03
1.185838904599793983e-03
1.145609465875982664e-03
1.106210244630181395e-03
1.068793031800204137e-03
1.032284638129983816e-03
9.973249457263955869e-04
9.632763473977012068e-04
9.308688449604954037e-04
8.997311797049811159e-04
8.692054104257069397e-04
8.396403256846980733e-04
8.113585013074237203e-04
7.842250853838272267e-04
7.580362301548690309e-04
7.326102376416632591e-04
7.080061819814809478e-04
6.841728032344830852e-04
6.613626377203080673e-04
6.393787477160227948e-04
6.181577005298247249e-04
5.975706020272565644e-04
5.777655375533252528e-04
5.586745128521122296e-04
5.401487894442432184e-04
5.223670544959865348e-04
5.052535993815466695e-04
4.885110003040862500e-04
4.723466793899922423e-04
4.568951245438414082e-04
4.419360148214153405e-04
4.277436883395095918e-04
4.137524805181454885e-04
4.003004535756104197e-04
3.872479296472953569e-04
3.746544935765797621e-04
3.625037155563112746e-04
3.507362033329284950e-04
3.392864859418705682e-04
3.286437679685151061e-04
3.181430354541210908e-04
3.079503103864635245e-04
2.980299924376488821e-04
2.884846739517731170e-04
2.793819661256925096e-04
2.704382021131201464e-04
2.617691128023150898e-04
2.536847462571962890e-04
2.456251280542606839e-04
2.377678683725416818e-04
2.300325554784126932e-04
2.229384527046386405e-04
2.162864920201529144e-04
2.095371268511049068e-04
2.031468420500291466e-04
1.966549388522125170e-04
1.905091277489963061e-04
1.845792707813577948e-04
1.788967302886178843e-04
1.732942077343861144e-04
1.678901456310403692e-04
1.626366305090292297e-04
1.576399014586005285e-04
1.528969155103670010e-04
1.482480672346685375e-04
1.436747668191945071e-04
1.393519871921975774e-04
1.351415374276655475e-04
1.310643322753678554e-04
1.271285965292777767e-04
1.233344333165936613e-04
1.195469113811885862e-04
1.159850352293795213e-04
1.124709922752556950e-04
1.090808050339377383e-04
1.058073197632724318e-04
1.026031532659163904e-04
9.959475704716099843e-05
9.667124164667356061e-05
9.384651213328918209e-05
9.112143043305621958e-05
8.849124297237223320e-05
8.583961134502656604e-05
8.338465689910508480e-05
8.079733045391456348e-05
7.854928117850125500e-05
7.618737783851769671e-05
7.396310243357186143e-05
7.178256445666550206e-05
6.969398838471505409e-05
6.769106305578890203e-05
6.574366852357121514e-05
6.389637159846995760e-05
6.205374611554842403e-05
6.023848746712696825e-05
5.853191267510772966e-05
5.676950577860769405e-05
5.518800425334518801e-05
5.360847235772452795e-05
5.217576912120320951e-05
5.072679298482871607e-05
4.926711726663067216e-05
4.787569778051424866e-05
4.650564305881075964e-05
4.518619923270328305e-05
4.392511977724124331e-05
4.269649241027109250e-05
4.153653397155984304e-05
4.035382720224893027e-05
3.923749601274043335e-05
3.812405137412880384e-05
3.706400659914353002e-05
3.603503620036173534e-05
3.505149308608829077e-05
3.411058100300780690e-05
3.313659942166045615e-05
3.223062010122055654e-05
3.133113170971319952e-05
3.047355248747975103e-05
2.963528811832847782e-05
2.882606272659343183e-05
2.807736291078340407e-05
2.733739470351886797e-05
2.662162980096676772e-05
2.592793813350014471e-05
2.522088761897236077e-05
2.454959043363006619e-05
2.386621710526546519e-05
2.326604299390519964e-05
2.261004514422099832e-05
2.203205934559776698e-05
2.142274315966554286e-05
2.084303562728697892e-05
2.026589253306417982e-05
1.973830361418752225e-05
1.921930277998150702e-05
1.870675105755233917e-05
1.823337361895932453e-05
1.777829173816575841e-05
1.731354152066567575e-05
1.689547509520908779e-05
1.643980383231136852e-05
1.602382159018521008e-05
1.559320651122925080e-05
1.519584980969293140e-05
1.480520904604124132e-05
1.441709456123589070e-05
1.406505463877569521e-05
1.367319889400754730e-05
