
##### time= 1.125e-08 
0.5		6.58857E+08
1.5		5.11167E+08
2.5		4.09886E+08
3.5		3.45303E+08
4.5		2.99665E+08
5.5		2.65183E+08
6.5		2.37261E+08
7.5		2.13948E+08
8.5		1.95047E+08
9.5		1.78593E+08
10.5		1.64458E+08
11.5		1.52135E+08
12.5		1.41473E+08
13.5		1.32213E+08
14.5		1.24054E+08
15.5		1.16458E+08
16.5		1.09924E+08
17.5		1.03938E+08
18.5		9.81597E+07
19.5		9.30721E+07
20.5		8.83307E+07
21.5		8.3843E+07
22.5		7.98198E+07
23.5		7.60762E+07
24.5		7.22665E+07
25.5		6.89232E+07
26.5		6.5801E+07
27.5		6.273E+07
28.5		6.00301E+07
29.5		5.7485E+07
30.5		5.50129E+07
31.5		5.27383E+07
32.5		5.0484E+07
33.5		4.86039E+07
34.5		4.65892E+07
35.5		4.48062E+07
36.5		4.31122E+07
37.5		4.14544E+07
38.5		3.98402E+07
39.5		3.83421E+07
40.5		3.69546E+07
41.5		3.56843E+07
42.5		3.4417E+07
43.5		3.31804E+07
44.5		3.20824E+07
45.5		3.10222E+07
46.5		2.99507E+07
47.5		2.89096E+07
48.5		2.79708E+07
49.5		2.71139E+07
50.5		2.62191E+07
51.5		2.54546E+07
52.5		2.45795E+07
53.5		2.37492E+07
54.5		2.3045E+07
55.5		2.23909E+07
56.5		2.168E+07
57.5		2.10527E+07
58.5		2.04251E+07
59.5		1.97871E+07
60.5		1.92916E+07
61.5		1.8734E+07
62.5		1.82128E+07
63.5		1.76756E+07
64.5		1.71898E+07
65.5		1.67046E+07
66.5		1.62779E+07
67.5		1.58096E+07
68.5		1.54123E+07
69.5		1.49762E+07
70.5		1.45534E+07
71.5		1.42037E+07
72.5		1.38175E+07
73.5		1.3456E+07
74.5		1.30649E+07
75.5		1.26968E+07
76.5		1.23742E+07
77.5		1.20839E+07
78.5		1.1769E+07
79.5		1.14972E+07
80.5		1.12001E+07
81.5		1.0941E+07
82.5		1.06592E+07
83.5		1.03817E+07
84.5		1.01316E+07
85.5		9.88375E+06
86.5		9.63971E+06
87.5		9.41414E+06
88.5		9.20985E+06
89.5		8.98501E+06
90.5		8.78192E+06
91.5		8.58859E+06
92.5		8.38953E+06
93.5		8.20219E+06
94.5		8.02086E+06
95.5		7.83095E+06
96.5		7.65487E+06
97.5		7.50114E+06
98.5		7.3068E+06
99.5		7.15646E+06
100.5		6.99131E+06
101.5		6.84215E+06
102.5		6.68271E+06
103.5		6.52416E+06
104.5		6.39794E+06
105.5		6.26695E+06
106.5		6.15386E+06
107.5		6.00403E+06
108.5		5.87048E+06
109.5		5.75626E+06
110.5		5.63998E+06
111.5		5.51513E+06
112.5		5.39787E+06
113.5		5.30116E+06
114.5		5.19066E+06
115.5		5.10192E+06
116.5		5.00537E+06
117.5		4.88601E+06
118.5		4.77298E+06
119.5		4.67538E+06
120.5		4.57461E+06
121.5		4.4785E+06
122.5		4.39048E+06
123.5		4.31464E+06
124.5		4.22616E+06
125.5		4.14232E+06
126.5		4.06205E+06
127.5		3.98893E+06
128.5		3.89961E+06
129.5		3.82488E+06
130.5		3.76121E+06
131.5		3.69318E+06
132.5		3.62218E+06
133.5		3.54938E+06
134.5		3.47739E+06
135.5		3.41889E+06
136.5		3.3497E+06
137.5		3.29265E+06
138.5		3.23078E+06
139.5		3.17168E+06
140.5		3.11694E+06
141.5		3.06677E+06
142.5		3.00412E+06
143.5		2.95051E+06
144.5		2.90036E+06
145.5		2.84403E+06
146.5		2.80406E+06
147.5		2.75337E+06
148.5		2.70479E+06
149.5		2.65593E+06
150.5		2.61067E+06
151.5		2.56863E+06
152.5		2.52898E+06
153.5		2.49168E+06
154.5		2.44818E+06
155.5		2.40145E+06
156.5		2.36828E+06
157.5		2.31805E+06
158.5		2.27641E+06
159.5		2.23082E+06
160.5		2.18981E+06
161.5		2.15649E+06
162.5		2.13217E+06
163.5		2.09911E+06
164.5		2.06997E+06
165.5		2.02476E+06
166.5		1.98844E+06
167.5		1.96196E+06
168.5		1.93389E+06
169.5		1.90334E+06
170.5		1.86775E+06
171.5		1.83392E+06
172.5		1.80636E+06
173.5		1.78199E+06
174.5		1.75949E+06
175.5		1.72097E+06
176.5		1.69398E+06
177.5		1.6695E+06
178.5		1.64123E+06
179.5		1.61092E+06
180.5		1.59502E+06
181.5		1.56508E+06
182.5		1.53933E+06
183.5		1.51375E+06
184.5		1.48863E+06
185.5		1.46651E+06
186.5		1.44237E+06
187.5		1.41596E+06
188.5		1.39394E+06
189.5		1.37167E+06
190.5		1.35122E+06
191.5		1.33295E+06
192.5		1.31279E+06
193.5		1.29199E+06
194.5		1.27427E+06
195.5		1.25069E+06
196.5		1.22897E+06
197.5		1.21468E+06
198.5		1.20025E+06
199.5		1.18351E+06
200.5		1.16623E+06
201.5		1.15043E+06
202.5		1.13065E+06
203.5		1.10941E+06
204.5		1.0971E+06
205.5		1.08259E+06
206.5		1.06647E+06
207.5		1.05475E+06
208.5		1.04324E+06
209.5		1.01881E+06
210.5		1.00855E+06
211.5		994582
212.5		982500
213.5		969510
214.5		959103
215.5		949368
216.5		936278
217.5		919033
218.5		906239
219.5		892576
220.5		878927
221.5		870385
222.5		859283
223.5		841079
224.5		828217
225.5		820968
226.5		813886
227.5		803042
228.5		794142
229.5		778741
230.5		765401
231.5		757027
232.5		742334
233.5		734302
234.5		725439
235.5		715784
236.5		707172
237.5		701975
238.5		695452
239.5		684763
240.5		673813
241.5		660957
242.5		653357
243.5		643403
244.5		635338
245.5		629835
246.5		619465
247.5		609632
248.5		602069
249.5		596530
250.5		585939
251.5		576812
252.5		570103
253.5		564417
254.5		558251
255.5		551532
256.5		544355
257.5		539909
258.5		531642
259.5		526943
260.5		521474
261.5		517867
262.5		508879
263.5		502592
264.5		496694
265.5		488344
266.5		483316
267.5		478887
268.5		472850
269.5		465867
270.5		461087
271.5		455238
272.5		448781
273.5		442035
274.5		439166
275.5		439637
276.5		432069
277.5		428140
278.5		420480
279.5		414825
280.5		410715
281.5		406289
282.5		402633
283.5		394960
284.5		392201
285.5		386491
286.5		383378
287.5		381594
288.5		373490
289.5		368228
290.5		362649
291.5		360541
292.5		355377
293.5		351765
294.5		347357
295.5		344115
296.5		339656
297.5		335220
298.5		330957
299.5		328777
300.5		324996
301.5		321764
302.5		318144
303.5		315482
304.5		308258
305.5		306016
306.5		302687
307.5		302977
308.5		296299
309.5		293321
310.5		290512
311.5		289385
312.5		283879
313.5		281392
314.5		279730
315.5		274391
316.5		272420
317.5		270647
318.5		268979
319.5		264324
320.5		260889
321.5		259004
322.5		255416
323.5		255433
324.5		252355
325.5		250491
326.5		245570
327.5		242493
328.5		239579
329.5		236703
330.5		236270
331.5		232774
332.5		228364
333.5		226415
334.5		223707
335.5		220944
336.5		218587
337.5		218650
338.5		216670
339.5		214016
340.5		213346
341.5		208884
342.5		206986
343.5		205343
344.5		201824
345.5		200226
346.5		198710
347.5		196119
348.5		194607
349.5		192093
350.5		189350
351.5		188868
352.5		186572
353.5		184607
354.5		182031
355.5		179592
356.5		178807
357.5		177181
358.5		175350
359.5		174672
360.5		173926
361.5		168964
362.5		167173
363.5		164906
364.5		163568
365.5		162432
366.5		161332
367.5		161748
368.5		160576
369.5		160278
370.5		159194
371.5		155402
372.5		153138
373.5		152743
374.5		149817
375.5		149186
376.5		148274
377.5		147492
378.5		145698
379.5		143635
380.5		141411
381.5		140836
382.5		137479
383.5		136907
384.5		134858
385.5		134450
386.5		133686
387.5		133105
388.5		130931
389.5		130192
390.5		128961
391.5		127925
392.5		126982
393.5		125197
394.5		123513
395.5		124319
396.5		123021
397.5		121507
398.5		120453
399.5		120068
400.5		117968
401.5		119510
402.5		117702
403.5		116162
404.5		114323
405.5		113348
406.5		112719
407.5		110784
408.5		110882
409.5		109243
410.5		107470
411.5		107077
412.5		106955
413.5		106876
414.5		106293
415.5		104840
416.5		104173
417.5		103568
418.5		102379
419.5		101257
420.5		100377
421.5		100445
422.5		99543.2
423.5		98483.8
424.5		96762.2
425.5		96437
426.5		94284.5
427.5		93100.5
428.5		92852.8
429.5		92519
430.5		91906.5
431.5		90507.6
432.5		91208.7
433.5		88874.7
434.5		87577.3
435.5		87300
436.5		86222.8
437.5		85439.2
438.5		84462
439.5		84219.3
440.5		83565.2
441.5		82877
442.5		82773.3
443.5		81968.2
444.5		81706
445.5		81001.4
446.5		79887.8
447.5		79676.7
448.5		77829
449.5		77579.1
450.5		77144.8
451.5		76536.6
452.5		75773.5
453.5		75708.9
454.5		74927.4
455.5		74213.7
456.5		73539.6
457.5		72832
458.5		71764.9
459.5		70743.5
460.5		70486.4
461.5		69842.1
462.5		69972.2
463.5		69297.2
464.5		69326.9
465.5		69137.1
466.5		68056
467.5		66828.3
468.5		65765.3
469.5		65183.3
470.5		64327.6
471.5		64256.6
472.5		63914.2
473.5		63826.7
474.5		63466.9
475.5		62188.3
476.5		61472.8
477.5		62250
478.5		61180.4
479.5		60246.6
480.5		59096
481.5		60536.7
482.5		59864.6
483.5		60403.2
484.5		59539.3
485.5		58846
486.5		57899.4
487.5		56394.7
488.5		55615.4
489.5		55723.2
490.5		55611.5
491.5		56039.7
492.5		55125.7
493.5		54878.2
494.5		54355.6
495.5		53829.3
496.5		53402.4
497.5		52352.2
498.5		52170.1
499.5		51984.4
500.5		51768.3
501.5		50961.7
502.5		49895.9
503.5		50501.6
504.5		50350.1
505.5		49593
506.5		49133.1
507.5		48714.7
508.5		48521.9
509.5		48093.1
510.5		47441
511.5		47011.5
512.5		46261.2
513.5		45260.3
514.5		45333.3
515.5		44935.4
516.5		45129.4
517.5		44325.4
518.5		44191.1
519.5		45016
520.5		44509.5
521.5		43675.3
522.5		43073.5
523.5		43360.5
524.5		42768.1
525.5		42236.4
526.5		42419.6
527.5		42135.3
528.5		41325.4
529.5		41028.5
530.5		40205
531.5		39935.7
532.5		39698.1
533.5		39474
534.5		39663.3
535.5		39049.8
536.5		38922.8
537.5		38893
538.5		38352.5
539.5		38340.8
540.5		37774
541.5		37772
542.5		37037.7
543.5		36545.8
544.5		35988.7
545.5		36240.7
546.5		35961.9
547.5		35501.2
548.5		35844.5
549.5		36222.3
550.5		35420.9
551.5		34638.9
552.5		34045.7
553.5		34840.6
554.5		33741.1
555.5		33100.8
556.5		33283.3
557.5		33423.6
558.5		32989
559.5		32337.2
560.5		32176.1
561.5		32205
562.5		32377.3
563.5		32030.3
564.5		30971.1
565.5		30913.5
566.5		30174.6
567.5		30209.6
568.5		30396.2
569.5		30471.8
570.5		30162.7
571.5		29703.7
572.5		29308.2
573.5		29358.3
574.5		28728.7
575.5		29227.9
576.5		28741.9
577.5		28145
578.5		28293.3
579.5		27922.7
580.5		27980.8
581.5		27761.5
582.5		27541.4
583.5		27198.3
584.5		26897.9
585.5		26287.7
586.5		26381
587.5		26208.2
588.5		26048.2
589.5		26247.7
590.5		26255.7
591.5		26088.7
592.5		26051.2
593.5		25629.4
594.5		25942.2
595.5		25945.6
596.5		25355.6
597.5		24698.5
598.5		24900.8
599.5		24652.3
600.5		24625.1
601.5		24354.6
602.5		23895.4
603.5		24149.5
604.5		24156.4
605.5		23752.1
606.5		23487.2
607.5		23227.6
608.5		22978.3
609.5		22467.6
610.5		22294.5
611.5		22615.7
612.5		22398.6
613.5		22236.9
614.5		21931
615.5		21625.6
616.5		21488
617.5		21266.1
618.5		21333.9
619.5		21239.5
620.5		21120.1
621.5		20806.7
622.5		20643.4
623.5		20379.6
624.5		20058.5
625.5		20181.5
626.5		20225.9
627.5		20017.7
628.5		20058
629.5		19803.7
630.5		19748
631.5		19682.2
632.5		19789.4
633.5		19451.1
634.5		19376.8
635.5		19270.6
636.5		19273.9
637.5		18925.1
638.5		18882.4
639.5		18734.3
640.5		19056.6
641.5		18851.8
642.5		18568.1
643.5		18235.2
644.5		18790.2
645.5		18347.3
646.5		18842.4
647.5		18050.4
648.5		17855.7
649.5		17911.4
650.5		17960.5
651.5		17757.6
652.5		17461.8
653.5		17508.8
654.5		17803.6
655.5		18281.8
656.5		17685.8
657.5		17673.5
658.5		17578.9
659.5		17015.2
660.5		16880.4
661.5		16646.8
662.5		16493.3
663.5		16436.6
664.5		16259.7
665.5		15980.8
666.5		15554.3
667.5		15422.5
668.5		15513.6
669.5		15356.6
670.5		15526.9
671.5		15924.3
672.5		15740.8
673.5		15580.1
674.5		15450.8
675.5		15445.1
676.5		15579.5
677.5		15352
678.5		15060.5
679.5		15116.7
680.5		14673.5
681.5		14935.4
682.5		14514.8
683.5		14624.6
684.5		14176.8
685.5		14159
686.5		14103.5
687.5		14193.3
688.5		13924.2
689.5		13976.3
690.5		14287.3
691.5		13891.7
692.5		14034.3
693.5		13658.2
694.5		14300.7
695.5		14131.3
696.5		13943.4
697.5		13939.1
698.5		13668.8
699.5		13294.1
700.5		13305
701.5		13181.2
702.5		12962.5
703.5		13229.6
704.5		12914.2
705.5		12836.8
706.5		12828.2
707.5		13299.3
708.5		12750.4
709.5		12498.9
710.5		12279.8
711.5		12594.8
712.5		12621.4
713.5		12432.4
714.5		12214
715.5		11774.5
716.5		11797.1
717.5		12279.1
718.5		11681.1
719.5		11702.1
720.5		11592.9
721.5		11671.3
722.5		11354.3
723.5		11379.9
724.5		11170.5
725.5		10910.7
726.5		10725.8
727.5		10700.6
728.5		10831.6
729.5		10969.5
730.5		10664.8
731.5		11103.6
732.5		11113.2
733.5		11265.6
734.5		10899
735.5		10764.4
736.5		10825.6
737.5		10749.3
738.5		11193.7
739.5		11212
740.5		11171.4
741.5		11244.8
742.5		10752.6
743.5		10479.3
744.5		10171.8
745.5		10241.8
746.5		10298.6
747.5		10478.7
748.5		10241
749.5		10001.5
750.5		9946.15
751.5		10237.5
752.5		10108.9
753.5		10181.3
754.5		10493.3
755.5		10310.7
756.5		10389.5
757.5		9961.63
758.5		9787.44
759.5		9895.75
760.5		9658.25
761.5		9672.54
762.5		9545.15
763.5		9938.14
764.5		9501.76
765.5		9270.19
766.5		9280.92
767.5		9148.27
768.5		9274.24
769.5		9335.76
770.5		9175.8
771.5		9070.56
772.5		8847.36
773.5		8904.16
774.5		8977.58
775.5		8765.65
776.5		8680.93
777.5		8610.84
778.5		8540.85
779.5		8495.64
780.5		8470.34
781.5		8368.41
782.5		8296.62
783.5		8350.23
784.5		8158.14
785.5		8224.61
786.5		8179.3
787.5		7969.54
788.5		8394.17
789.5		8034.65
790.5		7879.23
791.5		7811.92
792.5		7792.61
793.5		7656.28
794.5		7996.57
795.5		7925.11
796.5		7854.81
797.5		7905.61
798.5		8044.94
799.5		8163.42
800.5		7866.95
801.5		7702.68
802.5		7370.37
803.5		7239.93
804.5		7117.06
805.5		7058.77
806.5		6897.64
807.5		6854.34
808.5		6885.41
809.5		7262.57
810.5		7298.1
811.5		6991.59
812.5		7121.9
813.5		7370.81
814.5		7080.06
815.5		6921.41
816.5		6795.47
817.5		6795.51
818.5		6743.16
819.5		6592.44
820.5		6645.46
821.5		6590.16
822.5		6539.64
823.5		6738.85
824.5		6545.8
825.5		6446.89
826.5		6254.77
827.5		6236.93
828.5		6240.97
829.5		6208.07
830.5		6236.57
831.5		6446.98
832.5		6251.93
833.5		6262.2
834.5		6336.79
835.5		6231.37
836.5		6320.92
837.5		6299.02
838.5		6217.1
839.5		6211.85
840.5		6067.01
841.5		6107.32
842.5		6268.42
843.5		6309.61
844.5		6061.91
845.5		6192.86
846.5		6137.68
847.5		6027.49
848.5		6069.21
849.5		5952.5
850.5		5826.68
851.5		5937.29
852.5		5847.05
853.5		5739.48
854.5		5986.34
855.5		5724.05
856.5		5835.43
857.5		5776.75
858.5		5863.93
859.5		5816.55
860.5		5757.47
861.5		5637.7
862.5		5629.84
863.5		5653.1
864.5		5557.05
865.5		5393.86
866.5		5578.64
867.5		5343.37
868.5		5480.66
869.5		5409.91
870.5		5295.03
871.5		5256.45
872.5		5324.99
873.5		5149.01
874.5		5259.6
875.5		5135.52
876.5		5283.97
877.5		5109.43
878.5		5168.21
879.5		5077.33
880.5		5097.18
881.5		4951.42
882.5		4852.24
883.5		4770.83
884.5		4939.49
885.5		4934.68
886.5		4926.36
887.5		5009.12
888.5		5002.27
889.5		4799.44
890.5		4667.16
891.5		4616.35
892.5		4555.56
893.5		4615.19
894.5		4653.2
895.5		4798.86
896.5		4697.57
897.5		4500.83
898.5		4612.33
899.5		4536.3
900.5		4580.74
901.5		4502.81
902.5		4432.47
903.5		4390.62
904.5		4344.33
905.5		4345.42
906.5		4551.61
907.5		4508.3
908.5		4578.92
909.5		4409.91
910.5		4535.64
911.5		4341.52
912.5		4462.2
913.5		4519.76
914.5		4397.34
915.5		4281.5
916.5		4162.81
917.5		4145.2
918.5		4396.16
919.5		4391.3
920.5		4268.37
921.5		4313.95
922.5		4150.73
923.5		4182.52
924.5		4113.71
925.5		4099.17
926.5		3913.77
927.5		3835.38
928.5		3825.44
929.5		3801.26
930.5		4004.11
931.5		3993.13
932.5		3875.15
933.5		3770.05
934.5		3796.96
935.5		3791.99
936.5		4117.14
937.5		4166.35
938.5		4209.14
939.5		3988.31
940.5		3843.48
941.5		3844.86
942.5		3756.4
943.5		3680.73
944.5		3668.54
945.5		3771.4
946.5		3697.3
947.5		3615
948.5		3556.16
949.5		3577.63
950.5		3587.9
951.5		3683.69
952.5		3558.88
953.5		3504.59
954.5		3440.17
955.5		3393.27
956.5		3397.32
957.5		3330.63
958.5		3313.4
959.5		3390.07
960.5		3482.61
961.5		3554.27
962.5		3498.31
963.5		3333.28
964.5		3301.15
965.5		3265.67
966.5		3209.99
967.5		3194.35
968.5		3270.25
969.5		3128.48
970.5		3258.21
971.5		3272.41
972.5		3174.12
973.5		3230.13
974.5		3137.25
975.5		3079.01
976.5		3031.87
977.5		3007.3
978.5		3073.33
979.5		3061.22
980.5		3030.46
981.5		3085.85
982.5		3058.46
983.5		3061.2
984.5		3025.73
985.5		3003.67
986.5		2992.6
987.5		3144.19
988.5		3119.72
989.5		2969.95
990.5		2904.16
991.5		2971.24
992.5		2922.17
993.5		2941.62
994.5		2889.76
995.5		2858.38
996.5		2841.75
997.5		2809
998.5		2827.04
999.5		2804.77
