
##### time= 1.65e-08 
0.5		5.89296E+08
1.5		4.68305E+08
2.5		3.83888E+08
3.5		3.2857E+08
4.5		2.8836E+08
5.5		2.57351E+08
6.5		2.32009E+08
7.5		2.10518E+08
8.5		1.92521E+08
9.5		1.769E+08
10.5		1.63591E+08
11.5		1.51596E+08
12.5		1.41168E+08
13.5		1.3213E+08
14.5		1.24201E+08
15.5		1.16753E+08
16.5		1.10197E+08
17.5		1.04051E+08
18.5		9.83613E+07
19.5		9.34104E+07
20.5		8.8559E+07
21.5		8.4118E+07
22.5		8.00929E+07
23.5		7.63107E+07
24.5		7.26246E+07
25.5		6.93064E+07
26.5		6.60765E+07
27.5		6.29648E+07
28.5		6.01884E+07
29.5		5.76458E+07
30.5		5.52052E+07
31.5		5.29076E+07
32.5		5.06929E+07
33.5		4.87801E+07
34.5		4.68431E+07
35.5		4.50512E+07
36.5		4.33995E+07
37.5		4.16954E+07
38.5		4.00992E+07
39.5		3.86255E+07
40.5		3.72658E+07
41.5		3.59713E+07
42.5		3.46912E+07
43.5		3.34851E+07
44.5		3.23358E+07
45.5		3.126E+07
46.5		3.02426E+07
47.5		2.92154E+07
48.5		2.82552E+07
49.5		2.73905E+07
50.5		2.64962E+07
51.5		2.57025E+07
52.5		2.48597E+07
53.5		2.40605E+07
54.5		2.33251E+07
55.5		2.26539E+07
56.5		2.19645E+07
57.5		2.13187E+07
58.5		2.06918E+07
59.5		2.00527E+07
60.5		1.9523E+07
61.5		1.89727E+07
62.5		1.84467E+07
63.5		1.79075E+07
64.5		1.74157E+07
65.5		1.69284E+07
66.5		1.64757E+07
67.5		1.5996E+07
68.5		1.55875E+07
69.5		1.51831E+07
70.5		1.47578E+07
71.5		1.43843E+07
72.5		1.39943E+07
73.5		1.3636E+07
74.5		1.32694E+07
75.5		1.2906E+07
76.5		1.2574E+07
77.5		1.22649E+07
78.5		1.19655E+07
79.5		1.16763E+07
80.5		1.14002E+07
81.5		1.11213E+07
82.5		1.08374E+07
83.5		1.05606E+07
84.5		1.03113E+07
85.5		1.0061E+07
86.5		9.81485E+06
87.5		9.58666E+06
88.5		9.36162E+06
89.5		9.12791E+06
90.5		8.92879E+06
91.5		8.74095E+06
92.5		8.53375E+06
93.5		8.34149E+06
94.5		8.13945E+06
95.5		7.95829E+06
96.5		7.77458E+06
97.5		7.62087E+06
98.5		7.42684E+06
99.5		7.28383E+06
100.5		7.11346E+06
101.5		6.96691E+06
102.5		6.80898E+06
103.5		6.64786E+06
104.5		6.51656E+06
105.5		6.37756E+06
106.5		6.25537E+06
107.5		6.1148E+06
108.5		5.98078E+06
109.5		5.87691E+06
110.5		5.74824E+06
111.5		5.63181E+06
112.5		5.51691E+06
113.5		5.40084E+06
114.5		5.2905E+06
115.5		5.19567E+06
116.5		5.10768E+06
117.5		4.98955E+06
118.5		4.87864E+06
119.5		4.78451E+06
120.5		4.67619E+06
121.5		4.57909E+06
122.5		4.49026E+06
123.5		4.42656E+06
124.5		4.32987E+06
125.5		4.24364E+06
126.5		4.16729E+06
127.5		4.09396E+06
128.5		4.00717E+06
129.5		3.93402E+06
130.5		3.87127E+06
131.5		3.79483E+06
132.5		3.72319E+06
133.5		3.64585E+06
134.5		3.56925E+06
135.5		3.51704E+06
136.5		3.43861E+06
137.5		3.37941E+06
138.5		3.31451E+06
139.5		3.25864E+06
140.5		3.20851E+06
141.5		3.14857E+06
142.5		3.08737E+06
143.5		3.03625E+06
144.5		2.98104E+06
145.5		2.92695E+06
146.5		2.87937E+06
147.5		2.82849E+06
148.5		2.77276E+06
149.5		2.72854E+06
150.5		2.68935E+06
151.5		2.64486E+06
152.5		2.60783E+06
153.5		2.56496E+06
154.5		2.52021E+06
155.5		2.47429E+06
156.5		2.43655E+06
157.5		2.38924E+06
158.5		2.35E+06
159.5		2.30524E+06
160.5		2.26098E+06
161.5		2.22668E+06
162.5		2.1991E+06
163.5		2.16365E+06
164.5		2.12977E+06
165.5		2.09032E+06
166.5		2.05374E+06
167.5		2.02402E+06
168.5		1.98885E+06
169.5		1.9611E+06
170.5		1.9266E+06
171.5		1.8992E+06
172.5		1.86216E+06
173.5		1.83677E+06
174.5		1.81329E+06
175.5		1.77545E+06
176.5		1.74848E+06
177.5		1.7237E+06
178.5		1.70082E+06
179.5		1.66631E+06
180.5		1.6475E+06
181.5		1.62378E+06
182.5		1.59767E+06
183.5		1.57321E+06
184.5		1.54436E+06
185.5		1.52424E+06
186.5		1.49829E+06
187.5		1.47374E+06
188.5		1.45065E+06
189.5		1.42631E+06
190.5		1.40525E+06
191.5		1.38755E+06
192.5		1.36649E+06
193.5		1.34318E+06
194.5		1.3255E+06
195.5		1.306E+06
196.5		1.28609E+06
197.5		1.26604E+06
198.5		1.2498E+06
199.5		1.23199E+06
200.5		1.21401E+06
201.5		1.20127E+06
202.5		1.17995E+06
203.5		1.1614E+06
204.5		1.1432E+06
205.5		1.1286E+06
206.5		1.11162E+06
207.5		1.09883E+06
208.5		1.08704E+06
209.5		1.06528E+06
210.5		1.05242E+06
211.5		1.03885E+06
212.5		1.03001E+06
213.5		1.01716E+06
214.5		1.00339E+06
215.5		989662
216.5		973794
217.5		957418
218.5		944006
219.5		929993
220.5		917139
221.5		908405
222.5		898979
223.5		882294
224.5		867805
225.5		860595
226.5		849328
227.5		839485
228.5		831293
229.5		816097
230.5		803276
231.5		793254
232.5		776234
233.5		769593
234.5		761103
235.5		750067
236.5		740695
237.5		733747
238.5		723825
239.5		715270
240.5		707497
241.5		693155
242.5		685246
243.5		674828
244.5		667055
245.5		660944
246.5		651472
247.5		641434
248.5		632166
249.5		626752
250.5		620328
251.5		610550
252.5		603342
253.5		596732
254.5		589141
255.5		582254
256.5		573834
257.5		567829
258.5		558975
259.5		553658
260.5		547382
261.5		541690
262.5		533957
263.5		528090
264.5		522645
265.5		512159
266.5		506754
267.5		501591
268.5		495526
269.5		488922
270.5		484451
271.5		479276
272.5		473862
273.5		466271
274.5		462946
275.5		461389
276.5		455109
277.5		449643
278.5		444907
279.5		438314
280.5		433105
281.5		426822
282.5		423184
283.5		414974
284.5		412134
285.5		406673
286.5		402088
287.5		399533
288.5		392380
289.5		389135
290.5		384036
291.5		379944
292.5		375412
293.5		371940
294.5		366782
295.5		362543
296.5		359131
297.5		354724
298.5		351357
299.5		348904
300.5		343962
301.5		339902
302.5		337488
303.5		333985
304.5		326143
305.5		322924
306.5		320094
307.5		319358
308.5		312481
309.5		308742
310.5		305192
311.5		304077
312.5		298711
313.5		294793
314.5		293921
315.5		289892
316.5		289171
317.5		286816
318.5		284363
319.5		280675
320.5		277796
321.5		274529
322.5		270706
323.5		269426
324.5		267170
325.5		264965
326.5		261137
327.5		257444
328.5		254240
329.5		250917
330.5		250390
331.5		245885
332.5		243393
333.5		240735
334.5		237368
335.5		234829
336.5		232853
337.5		232208
338.5		229170
339.5		226996
340.5		225286
341.5		220555
342.5		218791
343.5		217290
344.5		215402
345.5		213923
346.5		211644
347.5		209097
348.5		208731
349.5		205440
350.5		202121
351.5		202237
352.5		199307
353.5		196771
354.5		193651
355.5		191360
356.5		190195
357.5		189072
358.5		188093
359.5		187863
360.5		185499
361.5		181865
362.5		179276
363.5		177198
364.5		175671
365.5		174817
366.5		173227
367.5		172862
368.5		171774
369.5		170786
370.5		168920
371.5		165528
372.5		163237
373.5		162052
374.5		160373
375.5		159994
376.5		157419
377.5		156188
378.5		154351
379.5		152851
380.5		150812
381.5		149865
382.5		147860
383.5		147102
384.5		145218
385.5		144672
386.5		143565
387.5		143647
388.5		141895
389.5		140066
390.5		138962
391.5		138226
392.5		136570
393.5		135388
394.5		133609
395.5		134378
396.5		132694
397.5		130696
398.5		129162
399.5		128633
400.5		127236
401.5		128006
402.5		126435
403.5		124993
404.5		122911
405.5		121968
406.5		120829
407.5		118902
408.5		118886
409.5		117018
410.5		115903
411.5		114912
412.5		114535
413.5		113783
414.5		113552
415.5		112156
416.5		112262
417.5		111834
418.5		110857
419.5		110097
420.5		109026
421.5		108422
422.5		107014
423.5		106107
424.5		104168
425.5		103787
426.5		102046
427.5		101739
428.5		101216
429.5		100012
430.5		99256.9
431.5		98163.3
432.5		98068.4
433.5		96135.2
434.5		95250.4
435.5		95022
436.5		93532.7
437.5		92795.4
438.5		91889.7
439.5		91480.9
440.5		90843.4
441.5		90371.3
442.5		90258.4
443.5		88563.5
444.5		87925.7
445.5		86943.9
446.5		86197.9
447.5		86187
448.5		84657.7
449.5		83963.4
450.5		83640.9
451.5		82915.3
452.5		82399.5
453.5		82227.5
454.5		81925.1
455.5		81143.2
456.5		80377.9
457.5		79734.8
458.5		78669
459.5		77652.2
460.5		76639.2
461.5		75783.1
462.5		75277.8
463.5		74814.9
464.5		74580.7
465.5		74232.4
466.5		73538.7
467.5		72194.2
468.5		71510.4
469.5		71692.2
470.5		70555.4
471.5		69962.9
472.5		69824.9
473.5		69453.3
474.5		69199.5
475.5		67489.2
476.5		67050.4
477.5		67424.9
478.5		66497.6
479.5		65479.4
480.5		64720.3
481.5		65431.3
482.5		64496.2
483.5		64740.9
484.5		63860.6
485.5		63417.8
486.5		62526.4
487.5		61269.5
488.5		60541.4
489.5		60833.3
490.5		60986.8
491.5		60584.1
492.5		60273.9
493.5		59562.7
494.5		59024.1
495.5		58709.7
496.5		58303.8
497.5		57130.4
498.5		57145.4
499.5		56871
500.5		56900.9
501.5		56152.4
502.5		55061.6
503.5		55084.3
504.5		54855
505.5		54586.2
506.5		54117.2
507.5		53580.7
508.5		53193.1
509.5		53046.3
510.5		52414.9
511.5		51828.2
512.5		51009.3
513.5		49897.5
514.5		49519.6
515.5		49359.5
516.5		49694.8
517.5		48990.9
518.5		48775.8
519.5		49523.8
520.5		49033.2
521.5		48340.4
522.5		47738.8
523.5		47547.1
524.5		47085.9
525.5		46339.8
526.5		46128.4
527.5		45751.3
528.5		45332.4
529.5		45392.2
530.5		44494.8
531.5		44285.4
532.5		43752.6
533.5		43459
534.5		43444.4
535.5		42876.5
536.5		42488.4
537.5		42396.8
538.5		41541
539.5		42022.1
540.5		41296.6
541.5		41268.1
542.5		40738.6
543.5		40473.6
544.5		39946.4
545.5		40008.6
546.5		39538.3
547.5		39349.4
548.5		39477.1
549.5		39532.3
550.5		39388.8
551.5		38734.7
552.5		37906.1
553.5		38629.9
554.5		37548.3
555.5		37014.1
556.5		37345.6
557.5		37233.3
558.5		36915.4
559.5		36237.3
560.5		36107.4
561.5		36023.5
562.5		36309.9
563.5		35739.5
564.5		34653.6
565.5		34582.6
566.5		34173.3
567.5		33915.9
568.5		34183.5
569.5		33925.6
570.5		33680.7
571.5		33566.1
572.5		32978.1
573.5		32755.6
574.5		32121.2
575.5		32169.6
576.5		31619
577.5		31381.5
578.5		31434.7
579.5		31053.5
580.5		31017.4
581.5		30970
582.5		30887.5
583.5		30681.2
584.5		30338.3
585.5		29597
586.5		29532.5
587.5		29471.9
588.5		29778.8
589.5		29480
590.5		29123.6
591.5		28766.6
592.5		28729.3
593.5		28205.9
594.5		28713.6
595.5		28400.5
596.5		28003.9
597.5		27324.9
598.5		27366.8
599.5		27103.6
600.5		26956.3
601.5		27159.7
602.5		26530.6
603.5		26727.4
604.5		26677
605.5		26370.1
606.5		25897.3
607.5		25625.1
608.5		25777.2
609.5		25453.4
610.5		24916
611.5		25108.5
612.5		24783.6
613.5		24655.3
614.5		24498.8
615.5		24090
616.5		24075.8
617.5		24019.7
618.5		24024.1
619.5		23772.3
620.5		23431.1
621.5		23101.9
622.5		22971.2
623.5		22716.6
624.5		22466.9
625.5		22621.4
626.5		23044.7
627.5		22808.9
628.5		22912.6
629.5		22561.2
630.5		22479
631.5		22263.2
632.5		22408.9
633.5		21984.4
634.5		21862
635.5		21890.2
636.5		21782.2
637.5		21178.2
638.5		21242.1
639.5		20927.7
640.5		21103.1
641.5		20826.8
642.5		20848.1
643.5		20635.3
644.5		21009.4
645.5		20705.5
646.5		21126.4
647.5		20245.8
648.5		20082.5
649.5		19941.9
650.5		19808.4
651.5		19717.1
652.5		19429.9
653.5		19441
654.5		19805.3
655.5		19771
656.5		19300
657.5		19271
658.5		19125
659.5		18865.7
660.5		18792.2
661.5		18435.9
662.5		18175
663.5		18103
664.5		18089.3
665.5		17643.1
666.5		17453.7
667.5		17247.2
668.5		17200.3
669.5		17286.2
670.5		17430
671.5		17629.2
672.5		17333.2
673.5		17278.5
674.5		17143.3
675.5		17126.7
676.5		17056.7
677.5		16841.9
678.5		16656.5
679.5		16598.7
680.5		16409.1
681.5		16492.1
682.5		16034.1
683.5		16155.3
684.5		15940.4
685.5		16006.4
686.5		16093.8
687.5		16040
688.5		16019.4
689.5		15961.9
690.5		16279.7
691.5		15737.1
692.5		15558.7
693.5		15172.6
694.5		15687.9
695.5		15745.2
696.5		15778.4
697.5		15577.9
698.5		15668.8
699.5		15060.3
700.5		14932.9
701.5		14706.2
702.5		14473.2
703.5		14791.2
704.5		14433
705.5		14345.1
706.5		14364.5
707.5		14556.5
708.5		14050.5
709.5		13841.9
710.5		13564.1
711.5		13708.2
712.5		13898.5
713.5		13775.1
714.5		13553.3
715.5		13111.3
716.5		13075.4
717.5		13526.1
718.5		13023.7
719.5		13036.3
720.5		12869.7
721.5		12977.5
722.5		12692.9
723.5		12994.5
724.5		12907.7
725.5		12583.2
726.5		12416
727.5		12756.8
728.5		12824.2
729.5		12741.6
730.5		12428.9
731.5		12974.3
732.5		12735.9
733.5		12651.7
734.5		12485.5
735.5		12411.4
736.5		12475.7
737.5		12221.5
738.5		12489.6
739.5		12334.2
740.5		12293.6
741.5		12448.9
742.5		12076.4
743.5		11794.7
744.5		11637.7
745.5		11624.2
746.5		11621.7
747.5		11846.4
748.5		11798.2
749.5		11499.9
750.5		11363.9
751.5		11517.4
752.5		11355.1
753.5		11297.3
754.5		11445.7
755.5		11318.4
756.5		11331
757.5		11085.9
758.5		10992.5
759.5		11195.8
760.5		11101
761.5		10865.2
762.5		10705.3
763.5		11189.8
764.5		10702
765.5		10538
766.5		10662.5
767.5		10399.2
768.5		10601.1
769.5		10618.9
770.5		10708.1
771.5		10480.4
772.5		10214
773.5		10223.6
774.5		10175.5
775.5		10114.2
776.5		10052.3
777.5		9794.45
778.5		9637.99
779.5		9534.81
780.5		9495.78
781.5		9353.71
782.5		9380.61
783.5		9521.39
784.5		9331.06
785.5		9332.05
786.5		9267.08
787.5		9275.04
788.5		9510.44
789.5		9167.26
790.5		9084.77
791.5		9209.43
792.5		8982.18
793.5		8930.08
794.5		9027.43
795.5		8978.99
796.5		9006.31
797.5		8845.78
798.5		8973.32
799.5		9019.03
800.5		8902.15
801.5		8933.05
802.5		8576.83
803.5		8478.48
804.5		8255.23
805.5		8136.32
806.5		8156.82
807.5		8131.63
808.5		7998.65
809.5		8279.62
810.5		8439.99
811.5		8057.75
812.5		8253.56
813.5		8394.68
814.5		8091.24
815.5		7959.59
816.5		7790.92
817.5		7680.71
818.5		7580.64
819.5		7405.02
820.5		7543.93
821.5		7385.3
822.5		7412.88
823.5		7515.21
824.5		7330.57
825.5		7244.67
826.5		7025.94
827.5		7083.86
828.5		7003.25
829.5		6982.35
830.5		7019.99
831.5		7254.64
832.5		7057.95
833.5		7018.32
834.5		7027.91
835.5		6899.96
836.5		6960.14
837.5		7031.56
838.5		6933.84
839.5		6918.42
840.5		6869.18
841.5		6823.53
842.5		6881.09
843.5		7046.26
844.5		6988.29
845.5		6981.34
846.5		6862.71
847.5		6830.58
848.5		6783.05
849.5		6682.98
850.5		6552.55
851.5		6595.63
852.5		6644.96
853.5		6515.14
854.5		6584.39
855.5		6383.48
856.5		6424.8
857.5		6397.32
858.5		6423.59
859.5		6344.56
860.5		6391.04
861.5		6437.12
862.5		6228.08
863.5		6206.04
864.5		6193.76
865.5		6034.21
866.5		6261.25
867.5		6042.17
868.5		6078.57
869.5		6046.31
870.5		5959.01
871.5		5967.71
872.5		6002.34
873.5		5846.42
874.5		5867.61
875.5		5733.7
876.5		5907.17
877.5		5713.02
878.5		5688.39
879.5		5788.19
880.5		5710.17
881.5		5557.2
882.5		5412.32
883.5		5373.5
884.5		5654.29
885.5		5551.84
886.5		5596.08
887.5		5547.99
888.5		5543.15
889.5		5356.03
890.5		5356.44
891.5		5213.45
892.5		5137.32
893.5		5144.71
894.5		5177.36
895.5		5227.41
896.5		5136.77
897.5		4973.24
898.5		5191.4
899.5		5047.78
900.5		5051.45
901.5		4985.34
902.5		4965.23
903.5		4965.2
904.5		4917.26
905.5		4931.53
906.5		5183.37
907.5		5040.07
908.5		5028.48
909.5		4856.96
910.5		5049.71
911.5		4841.14
912.5		5028.28
913.5		5031.27
914.5		5040.01
915.5		4967.34
916.5		4832.64
917.5		4781.42
918.5		4920.78
919.5		4893.84
920.5		4845.71
921.5		4948.45
922.5		4793.68
923.5		4755.1
924.5		4678.25
925.5		4619.29
926.5		4524.8
927.5		4675.38
928.5		4538.71
929.5		4489.67
930.5		4585.42
931.5		4559.52
932.5		4446.97
933.5		4340.56
934.5		4327.88
935.5		4306.52
936.5		4515.27
937.5		4577.61
938.5		4561.83
939.5		4391.7
940.5		4266.73
941.5		4248.81
942.5		4234.57
943.5		4193.07
944.5		4131.33
945.5		4200.6
946.5		4259.83
947.5		4152
948.5		4045.62
949.5		4161.89
950.5		4049.65
951.5		4095.56
952.5		3986.79
953.5		3935.38
954.5		3873.45
955.5		3842.99
956.5		3853.87
957.5		3790.1
958.5		3750.49
959.5		3919.43
960.5		3925.96
961.5		3960.17
962.5		3999.62
963.5		3788.15
964.5		3747.69
965.5		3720.42
966.5		3684.31
967.5		3652.51
968.5		3693.64
969.5		3589.66
970.5		3741.66
971.5		3692.52
972.5		3621.15
973.5		3687.74
974.5		3595.17
975.5		3539.34
976.5		3527.39
977.5		3444.52
978.5		3443.09
979.5		3506.64
980.5		3478.74
981.5		3476.96
982.5		3438.03
983.5		3431.06
984.5		3414.34
985.5		3373.22
986.5		3346.78
987.5		3448.82
988.5		3396.7
989.5		3389.13
990.5		3268.58
991.5		3424.66
992.5		3372.01
993.5		3333.02
994.5		3259.08
995.5		3209.83
996.5		3162.25
997.5		3137.37
998.5		3152.29
999.5		3123.23
