
##### time= 8.75e-09 
0.5		1.42908E+11
1.5		1.21597E+11
2.5		1.0603E+11
3.5		9.45933E+10
4.5		8.52835E+10
5.5		7.76109E+10
6.5		7.11528E+10
7.5		6.54368E+10
8.5		6.03754E+10
9.5		5.59931E+10
10.5		5.20696E+10
11.5		4.8618E+10
12.5		4.5466E+10
13.5		4.26503E+10
14.5		4.01418E+10
15.5		3.78457E+10
16.5		3.57131E+10
17.5		3.38194E+10
18.5		3.20404E+10
19.5		3.04197E+10
20.5		2.88823E+10
21.5		2.74951E+10
22.5		2.61758E+10
23.5		2.49118E+10
24.5		2.37625E+10
25.5		2.267E+10
26.5		2.16619E+10
27.5		2.06704E+10
28.5		1.97691E+10
29.5		1.89292E+10
30.5		1.81537E+10
31.5		1.74127E+10
32.5		1.66985E+10
33.5		1.60646E+10
34.5		1.54301E+10
35.5		1.48399E+10
36.5		1.4293E+10
37.5		1.37636E+10
38.5		1.32624E+10
39.5		1.27923E+10
40.5		1.23332E+10
41.5		1.1882E+10
42.5		1.14767E+10
43.5		1.11023E+10
44.5		1.07505E+10
45.5		1.03837E+10
46.5		1.00365E+10
47.5		9.72081E+09
48.5		9.41235E+09
49.5		9.10241E+09
50.5		8.82281E+09
51.5		8.53401E+09
52.5		8.27041E+09
53.5		8.0084E+09
54.5		7.76622E+09
55.5		7.54353E+09
56.5		7.3072E+09
57.5		7.09325E+09
58.5		6.89005E+09
59.5		6.7008E+09
60.5		6.50325E+09
61.5		6.31467E+09
62.5		6.14392E+09
63.5		5.968E+09
64.5		5.80614E+09
65.5		5.64911E+09
66.5		5.48892E+09
67.5		5.33643E+09
68.5		5.19436E+09
69.5		5.05218E+09
70.5		4.91186E+09
71.5		4.7839E+09
72.5		4.65814E+09
73.5		4.53987E+09
74.5		4.42004E+09
75.5		4.31138E+09
76.5		4.20817E+09
77.5		4.10058E+09
78.5		4.0003E+09
79.5		3.89411E+09
80.5		3.80254E+09
81.5		3.71099E+09
82.5		3.62103E+09
83.5		3.53254E+09
84.5		3.45141E+09
85.5		3.36632E+09
86.5		3.28627E+09
87.5		3.21063E+09
88.5		3.13159E+09
89.5		3.06137E+09
90.5		2.99302E+09
91.5		2.9237E+09
92.5		2.85145E+09
93.5		2.7887E+09
94.5		2.72697E+09
95.5		2.66684E+09
96.5		2.60313E+09
97.5		2.54845E+09
98.5		2.492E+09
99.5		2.4354E+09
100.5		2.38069E+09
101.5		2.33073E+09
102.5		2.27859E+09
103.5		2.22626E+09
104.5		2.17784E+09
105.5		2.13721E+09
106.5		2.09203E+09
107.5		2.04577E+09
108.5		2.00301E+09
109.5		1.95978E+09
110.5		1.92049E+09
111.5		1.88009E+09
112.5		1.84349E+09
113.5		1.80448E+09
114.5		1.76857E+09
115.5		1.73429E+09
116.5		1.69371E+09
117.5		1.661E+09
118.5		1.62557E+09
119.5		1.59381E+09
120.5		1.56234E+09
121.5		1.53384E+09
122.5		1.5061E+09
123.5		1.4738E+09
124.5		1.44408E+09
125.5		1.41701E+09
126.5		1.39228E+09
127.5		1.36491E+09
128.5		1.33605E+09
129.5		1.31124E+09
130.5		1.2813E+09
131.5		1.25853E+09
132.5		1.23585E+09
133.5		1.21199E+09
134.5		1.18973E+09
135.5		1.16765E+09
136.5		1.14627E+09
137.5		1.12212E+09
138.5		1.1003E+09
139.5		1.08633E+09
140.5		1.06391E+09
141.5		1.04546E+09
142.5		1.02751E+09
143.5		1.00714E+09
144.5		9.90843E+08
145.5		9.71253E+08
146.5		9.55141E+08
147.5		9.37444E+08
148.5		9.22988E+08
149.5		9.05085E+08
150.5		8.90496E+08
151.5		8.74932E+08
152.5		8.59652E+08
153.5		8.44569E+08
154.5		8.29766E+08
155.5		8.173E+08
156.5		8.03676E+08
157.5		7.87602E+08
158.5		7.7433E+08
159.5		7.61005E+08
160.5		7.48741E+08
161.5		7.34856E+08
162.5		7.21258E+08
163.5		7.09316E+08
164.5		6.99315E+08
165.5		6.87113E+08
166.5		6.77014E+08
167.5		6.64637E+08
168.5		6.51831E+08
169.5		6.43295E+08
170.5		6.3207E+08
171.5		6.22055E+08
172.5		6.13761E+08
173.5		6.03511E+08
174.5		5.91603E+08
175.5		5.81559E+08
176.5		5.72631E+08
177.5		5.64565E+08
178.5		5.53445E+08
179.5		5.45796E+08
180.5		5.37047E+08
181.5		5.29705E+08
182.5		5.22223E+08
183.5		5.14167E+08
184.5		5.06339E+08
185.5		4.98646E+08
186.5		4.89791E+08
187.5		4.81055E+08
188.5		4.73361E+08
189.5		4.66562E+08
190.5		4.59114E+08
191.5		4.5153E+08
192.5		4.4484E+08
193.5		4.39187E+08
194.5		4.3408E+08
195.5		4.26E+08
196.5		4.18365E+08
197.5		4.12838E+08
198.5		4.0742E+08
199.5		4.03026E+08
