
##### time= 3.75e-09 
0.5		1.08659E+09
1.5		7.77321E+08
2.5		5.69463E+08
3.5		4.45572E+08
4.5		3.6599E+08
5.5		3.09576E+08
6.5		2.67207E+08
7.5		2.33903E+08
8.5		2.07981E+08
9.5		1.86882E+08
10.5		1.69276E+08
11.5		1.55658E+08
12.5		1.43095E+08
13.5		1.32359E+08
14.5		1.23795E+08
15.5		1.15489E+08
16.5		1.09064E+08
17.5		1.02531E+08
18.5		9.65132E+07
19.5		9.1608E+07
20.5		8.64948E+07
21.5		8.20882E+07
22.5		7.81527E+07
23.5		7.42609E+07
24.5		7.01704E+07
25.5		6.67432E+07
26.5		6.37026E+07
27.5		6.06091E+07
28.5		5.78708E+07
29.5		5.53064E+07
30.5		5.28362E+07
31.5		5.05979E+07
32.5		4.85504E+07
33.5		4.65302E+07
34.5		4.4523E+07
35.5		4.28133E+07
36.5		4.11447E+07
37.5		3.95217E+07
38.5		3.80724E+07
39.5		3.64724E+07
40.5		3.50482E+07
41.5		3.37629E+07
42.5		3.26635E+07
43.5		3.14851E+07
44.5		3.04042E+07
45.5		2.93729E+07
46.5		2.82545E+07
47.5		2.72006E+07
48.5		2.62781E+07
49.5		2.53325E+07
50.5		2.44475E+07
51.5		2.36842E+07
52.5		2.28681E+07
53.5		2.20924E+07
54.5		2.13866E+07
55.5		2.07677E+07
56.5		2.01077E+07
57.5		1.9435E+07
58.5		1.88562E+07
59.5		1.82998E+07
60.5		1.77521E+07
61.5		1.72007E+07
62.5		1.67044E+07
63.5		1.61794E+07
64.5		1.5704E+07
65.5		1.52337E+07
66.5		1.48544E+07
67.5		1.44044E+07
68.5		1.39912E+07
69.5		1.35205E+07
70.5		1.31631E+07
71.5		1.27991E+07
72.5		1.24469E+07
73.5		1.21271E+07
74.5		1.17439E+07
75.5		1.13891E+07
76.5		1.11077E+07
77.5		1.08244E+07
78.5		1.05432E+07
79.5		1.02748E+07
80.5		1.00139E+07
81.5		9.79126E+06
82.5		9.46517E+06
83.5		9.2224E+06
84.5		8.97728E+06
85.5		8.75185E+06
86.5		8.55734E+06
87.5		8.31046E+06
88.5		8.1116E+06
89.5		7.90643E+06
90.5		7.71912E+06
91.5		7.52544E+06
92.5		7.35773E+06
93.5		7.2023E+06
94.5		6.99985E+06
95.5		6.83469E+06
96.5		6.6758E+06
97.5		6.54081E+06
98.5		6.37912E+06
99.5		6.24149E+06
100.5		6.08309E+06
101.5		5.95079E+06
102.5		5.81634E+06
103.5		5.67834E+06
104.5		5.53029E+06
105.5		5.4273E+06
106.5		5.3052E+06
107.5		5.18998E+06
108.5		5.06494E+06
109.5		4.95477E+06
110.5		4.84954E+06
111.5		4.75578E+06
112.5		4.64967E+06
113.5		4.55953E+06
114.5		4.44634E+06
115.5		4.34176E+06
116.5		4.27346E+06
117.5		4.16494E+06
118.5		4.07343E+06
119.5		3.98149E+06
120.5		3.88929E+06
121.5		3.77888E+06
122.5		3.715E+06
123.5		3.6574E+06
124.5		3.59299E+06
125.5		3.50437E+06
126.5		3.43483E+06
127.5		3.36442E+06
128.5		3.29293E+06
129.5		3.20801E+06
130.5		3.1287E+06
131.5		3.06279E+06
132.5		3.00996E+06
133.5		2.95176E+06
134.5		2.88583E+06
135.5		2.84056E+06
136.5		2.78186E+06
137.5		2.73478E+06
138.5		2.66568E+06
139.5		2.62196E+06
140.5		2.5504E+06
141.5		2.49926E+06
142.5		2.46283E+06
143.5		2.41347E+06
144.5		2.36754E+06
145.5		2.31837E+06
146.5		2.28453E+06
147.5		2.22729E+06
148.5		2.18664E+06
149.5		2.14574E+06
150.5		2.10399E+06
151.5		2.06989E+06
152.5		2.02979E+06
153.5		1.99047E+06
154.5		1.94516E+06
155.5		1.9183E+06
156.5		1.8901E+06
157.5		1.84303E+06
158.5		1.80694E+06
159.5		1.76883E+06
160.5		1.72815E+06
161.5		1.69339E+06
162.5		1.6748E+06
163.5		1.64529E+06
164.5		1.61806E+06
165.5		1.58933E+06
166.5		1.55025E+06
167.5		1.52272E+06
168.5		1.5054E+06
169.5		1.48394E+06
170.5		1.46404E+06
171.5		1.43096E+06
172.5		1.39948E+06
173.5		1.38555E+06
174.5		1.37502E+06
175.5		1.33187E+06
176.5		1.29834E+06
177.5		1.27423E+06
178.5		1.25559E+06
179.5		1.2395E+06
180.5		1.21629E+06
181.5		1.19012E+06
182.5		1.15714E+06
183.5		1.15225E+06
184.5		1.14453E+06
185.5		1.11916E+06
186.5		1.10082E+06
187.5		1.07498E+06
188.5		1.0604E+06
189.5		1.03411E+06
190.5		1.02053E+06
191.5		995502
192.5		988022
193.5		972927
194.5		959070
195.5		939731
196.5		916877
197.5		904334
198.5		894837
199.5		882853
200.5		872909
201.5		857760
202.5		848744
203.5		824383
204.5		811866
205.5		800224
206.5		783243
207.5		774317
208.5		771539
209.5		752016
210.5		739036
211.5		726073
212.5		710913
213.5		701888
214.5		689769
215.5		682726
216.5		675415
217.5		660561
218.5		656745
219.5		635990
220.5		625582
221.5		623114
222.5		618267
223.5		601109
224.5		591345
225.5		591874
226.5		584513
227.5		569806
228.5		565342
229.5		549066
230.5		543159
231.5		534646
232.5		524695
233.5		517329
234.5		509921
235.5		506299
236.5		498704
237.5		490951
238.5		482741
239.5		467312
240.5		462860
241.5		457963
242.5		450286
243.5		443805
244.5		439170
245.5		440421
246.5		426278
247.5		417530
248.5		415876
249.5		409280
250.5		398257
251.5		391357
252.5		384933
253.5		376768
254.5		377789
255.5		379663
256.5		368781
257.5		364029
258.5		362253
259.5		356742
260.5		349710
261.5		348287
262.5		340804
263.5		337758
264.5		331932
265.5		330106
266.5		326577
267.5		322301
268.5		317370
269.5		308246
270.5		307558
271.5		306003
272.5		296115
273.5		291141
274.5		288746
275.5		289394
276.5		283489
277.5		277582
278.5		272570
279.5		273136
280.5		271481
281.5		266348
282.5		262591
283.5		255791
284.5		252816
285.5		247506
286.5		248024
287.5		245521
288.5		239592
289.5		232779
290.5		230896
291.5		230908
292.5		225762
293.5		221070
294.5		218346
295.5		216362
296.5		216433
297.5		209677
298.5		208792
299.5		206960
300.5		206783
301.5		203053
302.5		200246
303.5		198692
304.5		195889
305.5		194369
306.5		190782
307.5		186874
308.5		182260
309.5		180197
310.5		177977
311.5		176145
312.5		174876
313.5		173192
314.5		171464
315.5		168445
316.5		166207
317.5		166331
318.5		162112
319.5		158925
320.5		155818
321.5		160925
322.5		156982
323.5		156197
324.5		156198
325.5		155803
326.5		149791
327.5		147989
328.5		145095
329.5		144508
330.5		143406
331.5		139576
332.5		135549
333.5		136316
334.5		134401
335.5		132651
336.5		127544
337.5		129046
338.5		127044
339.5		125349
340.5		124507
341.5		123772
342.5		121694
343.5		121769
344.5		119099
345.5		118072
346.5		118576
347.5		114623
348.5		113028
349.5		109003
350.5		109272
351.5		107378
352.5		108303
353.5		107411
354.5		105136
355.5		104705
356.5		103965
357.5		102031
358.5		101720
359.5		100760
360.5		101080
361.5		98574.7
362.5		96823.3
363.5		95027.3
364.5		93698
365.5		92215
366.5		90924.1
367.5		92414.1
368.5		89358.3
369.5		87763.5
370.5		86002.8
371.5		85329.4
372.5		84077.8
373.5		83625.5
374.5		83381.3
375.5		82070.5
376.5		80601.2
377.5		81163.2
378.5		79225.4
379.5		77948.3
380.5		75842.6
381.5		75586.6
382.5		74207.1
383.5		75166.5
384.5		74268.4
385.5		73766.7
386.5		74560.9
387.5		72774.3
388.5		71407.6
389.5		73072.5
390.5		70837.7
391.5		69117.7
392.5		68632.4
393.5		65979.2
394.5		65282
395.5		66472.3
396.5		65695.2
397.5		64322.5
398.5		64108.8
399.5		63335.6
400.5		63429.5
401.5		63815
402.5		63011.7
403.5		60366
404.5		59139.9
405.5		59451.1
406.5		58258.3
407.5		56462.7
408.5		55479.2
409.5		54780.3
410.5		55303.9
411.5		56090.1
412.5		53901.1
413.5		54076.9
414.5		54020.4
415.5		53809.8
416.5		53176.7
417.5		53148.2
418.5		51976.9
419.5		50742.5
420.5		50274.3
421.5		49465.6
422.5		48752.9
423.5		49901.4
424.5		48430.6
425.5		49042.9
426.5		47957.6
427.5		46883.7
428.5		47960.7
429.5		47642.3
430.5		46943.3
431.5		46562
432.5		45712.5
433.5		45016.1
434.5		45233.9
435.5		44667
436.5		44224.1
437.5		44263.8
438.5		43708.7
439.5		42689.5
440.5		42653.8
441.5		43127.7
442.5		42529.6
443.5		41900.8
444.5		41885.6
445.5		41561.7
446.5		40168.1
447.5		40080.6
448.5		39647.4
449.5		39081.5
450.5		38048.8
451.5		38734.6
452.5		37421.3
453.5		39305.7
454.5		38994.6
455.5		37967.9
456.5		37435.9
457.5		36631.9
458.5		35819.1
459.5		35377.3
460.5		35223.7
461.5		34528.2
462.5		34764.8
463.5		34161.3
464.5		34258
465.5		34842.2
466.5		33547.4
467.5		32979.1
468.5		32034
469.5		31927.2
470.5		32127.5
471.5		32310.9
472.5		31103.8
473.5		31872.7
474.5		31932
475.5		31516.9
476.5		29860.6
477.5		30502.2
478.5		29755
479.5		30843
480.5		29389.4
481.5		29467.4
482.5		29369.3
483.5		28402.4
484.5		28650.9
485.5		28247.9
486.5		27154.7
487.5		26306.1
488.5		25721.7
489.5		25345.8
490.5		26154.4
491.5		26024.4
492.5		25568.4
493.5		24973.7
494.5		24806.9
495.5		24581.9
496.5		25804.2
497.5		25217.8
498.5		24278.2
499.5		24082.9
500.5		23747.3
501.5		23161.3
502.5		22845.4
503.5		24229.5
504.5		23454.7
505.5		22833.5
506.5		22605.2
507.5		21834.4
508.5		22504.9
509.5		21831.3
510.5		20922.3
511.5		21357.2
512.5		20742.4
513.5		20109.1
514.5		21100.6
515.5		20323.5
516.5		20003.1
517.5		20098.4
518.5		19960.6
519.5		20008.4
520.5		19526
521.5		19855.8
522.5		19038.1
523.5		18782.1
524.5		19565.3
525.5		18526.7
526.5		18128.9
527.5		17782.8
528.5		17644.7
529.5		18157.6
530.5		17146.8
531.5		16836.1
532.5		17582.2
533.5		16724.7
534.5		16421.2
535.5		16163
536.5		16246.9
537.5		16437.4
538.5		16515.1
539.5		16505.6
540.5		16486.5
541.5		16121.5
542.5		15604.7
543.5		15553.7
544.5		15348.6
545.5		14980.3
546.5		14843.5
547.5		14906.8
548.5		14497.7
549.5		14766.4
550.5		14662.9
551.5		14113.5
552.5		14058.7
553.5		15043.6
554.5		14201.3
555.5		13654.3
556.5		14131.9
557.5		13544.1
558.5		13952.5
559.5		13483.8
560.5		13052
561.5		12852.5
562.5		13070.5
563.5		13824.2
564.5		12702.9
565.5		13364.8
566.5		12797.6
567.5		12472.9
568.5		12126.3
569.5		11927.2
570.5		11481.9
571.5		11308.2
572.5		11552
573.5		12317.4
574.5		11837.7
575.5		11280.1
576.5		11783.4
577.5		11934.1
578.5		11303.1
579.5		11183.2
580.5		10600.6
581.5		10261.4
582.5		10116.6
583.5		10048.3
584.5		10290.8
585.5		9520.12
586.5		9255.78
587.5		9264.59
588.5		9227.06
589.5		9195.15
590.5		9155.91
591.5		9290.53
592.5		9404.61
593.5		9304.39
594.5		9294.72
595.5		9233.48
596.5		9030.58
597.5		8752.6
598.5		8616.63
599.5		8528.63
600.5		9244.5
601.5		8551.11
602.5		8357.15
603.5		8954.26
604.5		9029.15
605.5		8915.7
606.5		8689.24
607.5		8672.97
608.5		8452.56
609.5		8245.28
610.5		8280.38
611.5		8073.58
612.5		7936.18
613.5		7824.41
614.5		7740.04
615.5		8025.56
616.5		7930.31
617.5		7826.17
618.5		7469.08
619.5		7450.4
620.5		7318.04
621.5		7196.71
622.5		7246.8
623.5		7089.72
624.5		6999.47
625.5		7053.2
626.5		6948.76
627.5		7609.19
628.5		7447.09
629.5		7061.22
630.5		6910.57
631.5		6899.73
632.5		6930.03
633.5		6942.42
634.5		6926.24
635.5		6935.06
636.5		6854.75
637.5		7063.08
638.5		6965.01
639.5		6801.31
640.5		7979.31
641.5		7440.48
642.5		7110.05
643.5		7033.62
644.5		7610.89
645.5		7028.03
646.5		6753.78
647.5		6577.16
648.5		6372.55
649.5		6293.54
650.5		6189.97
651.5		6097.14
652.5		6132.95
653.5		6045.59
654.5		6162.24
655.5		6113.63
656.5		6058.08
657.5		6058.73
658.5		5987.54
659.5		5848.18
660.5		5695.03
661.5		5594.57
662.5		5543.18
663.5		5699.6
664.5		5529.6
665.5		5499.29
666.5		5482.98
667.5		5511.94
668.5		5424.33
669.5		5402.9
670.5		5291.21
671.5		5426.08
672.5		5463.66
673.5		5274.21
674.5		5216.63
675.5		5297.54
676.5		5516.64
677.5		5740.6
678.5		5289.27
679.5		5192.22
680.5		5043.61
681.5		4874.56
682.5		5074.09
683.5		5950.98
684.5		5131.98
685.5		4841.42
686.5		4580.47
687.5		4506.82
688.5		4423.01
689.5		4388.98
690.5		4354.99
691.5		4286.87
692.5		4328.2
693.5		4249.95
694.5		4176.93
695.5		4513.23
696.5		4343.01
697.5		4236.04
698.5		4301.06
699.5		4280.98
700.5		4206.57
701.5		4218.85
702.5		4356.66
703.5		4702.8
704.5		4340.31
705.5		4118.84
706.5		4002.58
707.5		4481.55
708.5		3991.86
709.5		3887.76
710.5		3829.35
711.5		3787.89
712.5		3748.17
713.5		3775.84
714.5		4244.22
715.5		3923.54
716.5		3646.98
717.5		3511.82
718.5		3448.99
719.5		3399.65
720.5		3372.16
721.5		3597.49
722.5		3409.31
723.5		3353.46
724.5		3264.28
725.5		3240.32
726.5		3206.4
727.5		3180.85
728.5		3095.37
729.5		3136.53
730.5		3169.32
731.5		3167.16
732.5		3076.94
733.5		3147.89
734.5		3094.32
735.5		3092.21
736.5		3093.43
737.5		3180.74
738.5		3540.95
739.5		3427.77
740.5		3516.34
741.5		3375.26
742.5		3214.57
743.5		3169.53
744.5		3053.69
745.5		3017.06
746.5		3003.51
747.5		2960.39
748.5		2948.55
749.5		2867.74
750.5		2823.16
751.5		2832.76
752.5		2799.73
753.5		2840.46
754.5		3616.16
755.5		3057.55
756.5		2929.65
757.5		2865.63
758.5		2818.02
759.5		2835.75
760.5		2757.25
761.5		2695.15
762.5		2711.29
763.5		2743.69
764.5		2868.74
765.5		2795.36
766.5		2713.95
767.5		2629.41
768.5		2585.52
769.5		2630.85
770.5		2663.16
771.5		2564.3
772.5		2522.19
773.5		2475.29
774.5		2413.91
775.5		2346.15
776.5		2338.19
777.5		2283.47
778.5		2252.99
779.5		2245.1
780.5		2259.76
781.5		2182.71
782.5		2176.5
783.5		2160.65
784.5		2103.08
785.5		2124.21
786.5		2114.84
787.5		2067.03
788.5		2075.32
789.5		2021.2
790.5		1997.53
791.5		1991.47
792.5		1974.24
793.5		1944.27
794.5		1868.06
795.5		1830.22
796.5		1816.33
797.5		1770.6
798.5		1849.06
799.5		2533.31
800.5		2067.66
801.5		2013.95
802.5		1977.78
803.5		1911.51
804.5		1797.76
805.5		1757.04
806.5		1754.36
807.5		1735.87
808.5		1753.77
809.5		1752.69
810.5		1980.63
811.5		1791.57
812.5		1777.85
813.5		1764.14
814.5		1745.73
815.5		1735.21
816.5		1685.36
817.5		1630.86
818.5		1816.9
819.5		1646.15
820.5		1753.46
821.5		1606.49
822.5		1572.59
823.5		1551.26
824.5		1519
825.5		1463.3
826.5		1417.06
827.5		1434.96
828.5		1429.41
829.5		1430.11
830.5		1452.65
831.5		1886.84
832.5		1531.94
833.5		1495.2
834.5		1484.97
835.5		1460.74
836.5		1422.56
837.5		1407.72
838.5		1411.54
839.5		1416.91
840.5		1426.92
841.5		1463.28
842.5		1412.84
843.5		1438.32
844.5		1431.28
845.5		2270.13
846.5		2210.06
847.5		2182.5
848.5		1787.58
849.5		1593.68
850.5		1531.07
851.5		1456.2
852.5		1406.06
853.5		1400.62
854.5		1378.27
855.5		1342.1
856.5		1338.25
857.5		1698.32
858.5		1592.97
859.5		1521.49
860.5		1448.57
861.5		1398.7
862.5		1404.01
863.5		1384.84
864.5		1388.63
865.5		1367.95
866.5		1371.75
867.5		1340.42
868.5		1332.02
869.5		1277.88
870.5		1239.05
871.5		1236.81
872.5		1242.19
873.5		1204.97
874.5		1161.7
875.5		1130.65
876.5		1111.77
877.5		1106.59
878.5		1139.33
879.5		1129.59
880.5		1131.98
881.5		1135.88
882.5		1141.29
883.5		1122.49
884.5		1168.72
885.5		1177.13
886.5		1170.43
887.5		1168.26
888.5		1146.48
889.5		1142.82
890.5		1184.37
891.5		1177.68
892.5		1137.89
893.5		1180.88
894.5		1124.59
895.5		1120.95
896.5		1129.34
897.5		1085.18
898.5		1071.08
899.5		1053.99
900.5		1026.43
901.5		1039.34
902.5		1026.79
903.5		1011.26
904.5		1040.61
905.5		1029.57
906.5		978.226
907.5		986.642
908.5		972.673
909.5		964.683
910.5		970.114
911.5		962.135
912.5		1001.8
913.5		971.495
914.5		963.529
915.5		963.003
916.5		960.992
917.5		963.437
918.5		943.624
919.5		975.735
920.5		991.507
921.5		988.007
922.5		959.342
923.5		933.668
924.5		915.417
925.5		971.089
926.5		936.587
927.5		959.706
928.5		935.578
929.5		949.823
930.5		925.727
931.5		891.345
932.5		992.469
933.5		855.068
934.5		861.965
935.5		835.042
936.5		837.534
937.5		872.333
938.5		843.98
939.5		869.937
940.5		860.677
941.5		819.187
942.5		812.894
943.5		787.577
944.5		798.865
945.5		777.969
946.5		781.943
947.5		762.54
948.5		756.298
949.5		752.981
950.5		729.249
951.5		749.274
952.5		732.853
953.5		744.119
954.5		714.62
955.5		737.521
956.5		732.773
957.5		752.735
958.5		742.175
959.5		750.498
960.5		721.09
961.5		796.122
962.5		802.955
963.5		788.052
964.5		765.925
965.5		820.519
966.5		864.932
967.5		841.355
968.5		827.916
969.5		797.162
970.5		805.412
971.5		773.259
972.5		759.884
973.5		722.024
974.5		725.974
975.5		701.127
976.5		684.94
977.5		701.848
978.5		672.74
979.5		670.96
980.5		670.617
981.5		673.146
982.5		675.673
983.5		668.16
984.5		686.451
985.5		660.32
986.5		614.173
987.5		615.292
988.5		602.109
989.5		614.67
990.5		580.07
991.5		592.63
992.5		619.45
993.5		613.432
994.5		625.956
995.5		588.588
996.5		589.717
997.5		593.692
998.5		584.857
999.5		587.409
