
##### time= 1.85e-08 
0.5		5.73102E+08
1.5		4.57955E+08
2.5		3.7736E+08
3.5		3.24348E+08
4.5		2.85619E+08
5.5		2.55387E+08
6.5		2.3073E+08
7.5		2.09553E+08
8.5		1.91707E+08
9.5		1.76332E+08
10.5		1.63184E+08
11.5		1.51354E+08
12.5		1.40933E+08
13.5		1.31916E+08
14.5		1.23944E+08
15.5		1.16672E+08
16.5		1.10153E+08
17.5		1.04034E+08
18.5		9.83417E+07
19.5		9.33653E+07
20.5		8.85627E+07
21.5		8.40976E+07
22.5		8.00792E+07
23.5		7.63098E+07
24.5		7.26633E+07
25.5		6.93378E+07
26.5		6.61199E+07
27.5		6.2975E+07
28.5		6.0207E+07
29.5		5.76667E+07
30.5		5.52281E+07
31.5		5.29351E+07
32.5		5.07397E+07
33.5		4.88126E+07
34.5		4.69033E+07
35.5		4.50893E+07
36.5		4.34191E+07
37.5		4.17395E+07
38.5		4.01497E+07
39.5		3.8664E+07
40.5		3.72969E+07
41.5		3.60171E+07
42.5		3.47087E+07
43.5		3.34951E+07
44.5		3.23508E+07
45.5		3.12899E+07
46.5		3.02719E+07
47.5		2.92438E+07
48.5		2.82763E+07
49.5		2.73965E+07
50.5		2.65205E+07
51.5		2.57408E+07
52.5		2.48925E+07
53.5		2.40958E+07
54.5		2.33619E+07
55.5		2.27032E+07
56.5		2.20135E+07
57.5		2.13632E+07
58.5		2.0723E+07
59.5		2.00867E+07
60.5		1.95636E+07
61.5		1.89987E+07
62.5		1.84844E+07
63.5		1.79476E+07
64.5		1.74523E+07
65.5		1.69654E+07
66.5		1.65131E+07
67.5		1.60334E+07
68.5		1.56303E+07
69.5		1.52234E+07
70.5		1.47929E+07
71.5		1.44146E+07
72.5		1.40382E+07
73.5		1.36694E+07
74.5		1.33108E+07
75.5		1.2952E+07
76.5		1.26332E+07
77.5		1.23145E+07
78.5		1.20109E+07
79.5		1.17244E+07
80.5		1.14438E+07
81.5		1.11619E+07
82.5		1.08716E+07
83.5		1.06011E+07
84.5		1.03456E+07
85.5		1.00947E+07
86.5		9.84762E+06
87.5		9.6162E+06
88.5		9.38938E+06
89.5		9.15333E+06
90.5		8.95546E+06
91.5		8.76466E+06
92.5		8.55889E+06
93.5		8.36463E+06
94.5		8.1617E+06
95.5		7.98158E+06
96.5		7.80072E+06
97.5		7.64593E+06
98.5		7.46106E+06
99.5		7.30926E+06
100.5		7.14031E+06
101.5		6.99046E+06
102.5		6.8271E+06
103.5		6.67196E+06
104.5		6.54738E+06
105.5		6.40403E+06
106.5		6.28262E+06
107.5		6.1414E+06
108.5		6.00963E+06
109.5		5.90412E+06
110.5		5.77449E+06
111.5		5.6578E+06
112.5		5.54113E+06
113.5		5.42423E+06
114.5		5.31366E+06
115.5		5.22158E+06
116.5		5.13414E+06
117.5		5.01848E+06
118.5		4.9025E+06
119.5		4.80527E+06
120.5		4.70096E+06
121.5		4.60463E+06
122.5		4.51538E+06
123.5		4.44968E+06
124.5		4.35457E+06
125.5		4.26484E+06
126.5		4.1863E+06
127.5		4.10934E+06
128.5		4.02307E+06
129.5		3.94877E+06
130.5		3.88513E+06
131.5		3.81025E+06
132.5		3.74064E+06
133.5		3.66586E+06
134.5		3.58806E+06
135.5		3.53192E+06
136.5		3.4549E+06
137.5		3.39523E+06
138.5		3.32934E+06
139.5		3.2739E+06
140.5		3.22381E+06
141.5		3.16591E+06
142.5		3.10231E+06
143.5		3.05094E+06
144.5		2.99815E+06
145.5		2.94936E+06
146.5		2.89863E+06
147.5		2.8468E+06
148.5		2.79086E+06
149.5		2.74614E+06
150.5		2.70473E+06
151.5		2.65842E+06
152.5		2.61894E+06
153.5		2.57873E+06
154.5		2.53606E+06
155.5		2.48917E+06
156.5		2.44854E+06
157.5		2.40108E+06
158.5		2.36188E+06
159.5		2.31781E+06
160.5		2.27452E+06
161.5		2.23857E+06
162.5		2.21199E+06
163.5		2.1792E+06
164.5		2.14618E+06
165.5		2.10751E+06
166.5		2.06846E+06
167.5		2.03828E+06
168.5		2.0026E+06
169.5		1.97319E+06
170.5		1.94055E+06
171.5		1.91318E+06
172.5		1.87561E+06
173.5		1.85057E+06
174.5		1.82631E+06
175.5		1.79036E+06
176.5		1.76361E+06
177.5		1.73776E+06
178.5		1.7138E+06
179.5		1.6804E+06
180.5		1.66058E+06
181.5		1.6353E+06
182.5		1.60918E+06
183.5		1.58526E+06
184.5		1.5566E+06
185.5		1.53756E+06
186.5		1.51006E+06
187.5		1.48503E+06
188.5		1.46322E+06
189.5		1.44091E+06
190.5		1.41757E+06
191.5		1.39934E+06
192.5		1.3782E+06
193.5		1.35445E+06
194.5		1.33592E+06
195.5		1.31511E+06
196.5		1.29512E+06
197.5		1.27633E+06
198.5		1.26083E+06
199.5		1.24379E+06
200.5		1.22381E+06
201.5		1.20934E+06
202.5		1.18755E+06
203.5		1.17007E+06
204.5		1.15356E+06
205.5		1.13862E+06
206.5		1.12136E+06
207.5		1.10889E+06
208.5		1.09789E+06
209.5		1.07632E+06
210.5		1.06215E+06
211.5		1.04751E+06
212.5		1.03879E+06
213.5		1.02537E+06
214.5		1.0116E+06
215.5		996651
216.5		982161
217.5		965188
218.5		951185
219.5		938174
220.5		924550
221.5		915786
222.5		906369
223.5		889804
224.5		876410
225.5		869053
226.5		856972
227.5		846060
228.5		838039
229.5		821600
230.5		809262
231.5		799617
232.5		783201
233.5		774759
234.5		766263
235.5		755901
236.5		746738
237.5		738914
238.5		728890
239.5		720108
240.5		711935
241.5		699061
242.5		690274
243.5		680062
244.5		672245
245.5		666602
246.5		656249
247.5		645871
248.5		636734
249.5		632157
250.5		624188
251.5		615709
252.5		608349
253.5		602388
254.5		594467
255.5		588509
256.5		580128
257.5		573744
258.5		565541
259.5		559942
260.5		553365
261.5		547971
262.5		540327
263.5		534910
264.5		528912
265.5		518908
266.5		513577
267.5		507726
268.5		501527
269.5		495081
270.5		489914
271.5		484380
272.5		479057
273.5		471934
274.5		468128
275.5		466799
276.5		460537
277.5		455637
278.5		450293
279.5		444022
280.5		438552
281.5		432038
282.5		428396
283.5		420922
284.5		416765
285.5		411767
286.5		407283
287.5		404858
288.5		397894
289.5		394559
290.5		389618
291.5		385598
292.5		381570
293.5		378269
294.5		373015
295.5		367993
296.5		363991
297.5		359289
298.5		356231
299.5		353235
300.5		348626
301.5		343877
302.5		341281
303.5		337843
304.5		330386
305.5		326781
306.5		324178
307.5		323523
308.5		316943
309.5		313724
310.5		310124
311.5		309241
312.5		303316
313.5		299029
314.5		298168
315.5		294020
316.5		294033
317.5		291551
318.5		288484
319.5		284654
320.5		281667
321.5		278054
322.5		274612
323.5		273674
324.5		271102
325.5		268764
326.5		264201
327.5		259801
328.5		256705
329.5		253905
330.5		253208
331.5		248957
332.5		246168
333.5		244123
334.5		241081
335.5		237921
336.5		236188
337.5		235907
338.5		232725
339.5		230423
340.5		228653
341.5		225117
342.5		223185
343.5		221314
344.5		219279
345.5		217535
346.5		214935
347.5		212054
348.5		211492
349.5		208939
350.5		205509
351.5		204929
352.5		202402
353.5		200134
354.5		197258
355.5		194068
356.5		192812
357.5		191708
358.5		190224
359.5		190143
360.5		187483
361.5		184207
362.5		181506
363.5		179331
364.5		178160
365.5		177642
366.5		175872
367.5		175733
368.5		174562
369.5		173567
370.5		171232
371.5		167787
372.5		165804
373.5		164187
374.5		162331
375.5		162148
376.5		159509
377.5		158373
378.5		156473
379.5		155306
380.5		153026
381.5		151913
382.5		150066
383.5		149091
384.5		147384
385.5		147497
386.5		146249
387.5		145546
388.5		143934
389.5		142270
390.5		141551
391.5		140413
392.5		139018
393.5		138011
394.5		136297
395.5		136689
396.5		135140
397.5		132912
398.5		131713
399.5		131318
400.5		129900
401.5		130017
402.5		128121
403.5		126888
404.5		124956
405.5		124054
406.5		123232
407.5		121042
408.5		120793
409.5		119061
410.5		117903
411.5		116770
412.5		116218
413.5		115396
414.5		115135
415.5		113763
416.5		113624
417.5		113469
418.5		112851
419.5		111682
420.5		110598
421.5		110074
422.5		108563
423.5		107822
424.5		106237
425.5		105881
426.5		103642
427.5		103404
428.5		102786
429.5		101365
430.5		100607
431.5		99726.8
432.5		99235.4
433.5		97273.1
434.5		96596.1
435.5		96739.8
436.5		95262.5
437.5		94677.3
438.5		93594.7
439.5		93252.6
440.5		92453.1
441.5		91707.2
442.5		91574.9
443.5		89797.5
444.5		89053.6
445.5		88342.5
446.5		87484.4
447.5		87402.5
448.5		85753.9
449.5		85213.5
450.5		84844.1
451.5		83962.5
452.5		83810.1
453.5		83297.3
454.5		82986.7
455.5		82151.7
456.5		81316.8
457.5		80851.2
458.5		80002.3
459.5		78842.8
460.5		77744.6
461.5		77182.5
462.5		76551.1
463.5		76057.3
464.5		75729.3
465.5		75341.6
466.5		74675.1
467.5		73404.7
468.5		72662.7
469.5		72823.3
470.5		71774
471.5		71458.6
472.5		71041.6
473.5		70945.6
474.5		70772.9
475.5		68742.6
476.5		68601.2
477.5		68719.5
478.5		67768.9
479.5		66585.6
480.5		65998.5
481.5		66515.2
482.5		65940
483.5		65961.8
484.5		64961.1
485.5		64676.6
486.5		63849.3
487.5		62673.8
488.5		61981.5
489.5		61949.9
490.5		62142.7
491.5		62347.5
492.5		61862.8
493.5		60999.6
494.5		60375.5
495.5		60094.3
496.5		59702.4
497.5		58386.6
498.5		58541.5
499.5		58092.2
500.5		57889.9
501.5		57219.6
502.5		56353.5
503.5		56146.8
504.5		55904.4
505.5		55708
506.5		55057.3
507.5		54367.4
508.5		54019.6
509.5		53727.6
510.5		53040.3
511.5		52427.5
512.5		51652
513.5		50530.9
514.5		50044.2
515.5		49821
516.5		50256
517.5		49523.1
518.5		49341.2
519.5		49801.6
520.5		49379.4
521.5		48782.4
522.5		48162.3
523.5		47878.9
524.5		47457.5
525.5		46743.6
526.5		46711.9
527.5		46144.9
528.5		45703.2
529.5		45726.9
530.5		44966.4
531.5		44702.2
532.5		44156.6
533.5		43916.3
534.5		44118.9
535.5		43394.3
536.5		43046.9
537.5		42926.2
538.5		42304.3
539.5		42787.7
540.5		42233
541.5		42119.9
542.5		41554.8
543.5		41351.1
544.5		40650.3
545.5		40618.1
546.5		40279.5
547.5		40070.9
548.5		39989.2
549.5		40065.2
550.5		39906.4
551.5		39564.4
552.5		38927.1
553.5		39565.3
554.5		38319.2
555.5		37841.5
556.5		38058.3
557.5		37828.4
558.5		37466.3
559.5		36815.9
560.5		36572.8
561.5		36511.8
562.5		36725.3
563.5		36125.6
564.5		35266.5
565.5		35146.3
566.5		34740.4
567.5		34826.5
568.5		34789.7
569.5		34451.3
570.5		34194.4
571.5		34100.4
572.5		33721.3
573.5		33400
574.5		32808.5
575.5		32817.6
576.5		32280
577.5		32157.6
578.5		32079.1
579.5		31857.5
580.5		31888.3
581.5		31651.9
582.5		31733.4
583.5		31320.6
584.5		31105.7
585.5		30334.4
586.5		30326.2
587.5		30169.9
588.5		30304
589.5		30045.9
590.5		29879
591.5		29593.3
592.5		29324.1
593.5		28765.2
594.5		29255
595.5		29050
596.5		28718.9
597.5		28181.7
598.5		28170.8
599.5		27838.4
600.5		27584.9
601.5		27626.7
602.5		27300.7
603.5		27437.3
604.5		27359.7
605.5		26965.2
606.5		26457
607.5		26429.3
608.5		26516.2
609.5		26123.4
610.5		25685.2
611.5		25904.5
612.5		25532.7
613.5		25519.6
614.5		25458.8
615.5		24884.8
616.5		24752.6
617.5		24569.4
618.5		24599.7
619.5		24457.9
620.5		23950.4
621.5		23685.1
622.5		23526.1
623.5		23247
624.5		23063.2
625.5		23135.5
626.5		23569.6
627.5		23478.1
628.5		23364.1
629.5		23024.1
630.5		23058.8
631.5		22729.7
632.5		22777.7
633.5		22466.7
634.5		22628.5
635.5		22499.3
636.5		22329.5
637.5		21718.2
638.5		21773.7
639.5		21469.4
640.5		21566.8
641.5		21437.7
642.5		21622.4
643.5		21322.1
644.5		21566.9
645.5		21197.2
646.5		21555
647.5		20777.5
648.5		20750.4
649.5		20657.2
650.5		20451.2
651.5		20353
652.5		20126.9
653.5		20058
654.5		20504.7
655.5		20323.9
656.5		19882.3
657.5		19790.4
658.5		19595.6
659.5		19330.2
660.5		19217.6
661.5		18917.5
662.5		18679
663.5		18529.8
664.5		18490.7
665.5		18508.6
666.5		18203.5
667.5		17899.1
668.5		17854.4
669.5		17801.6
670.5		17903.7
671.5		18001.6
672.5		17724.9
673.5		17843.8
674.5		17676.5
675.5		17564.9
676.5		17445.3
677.5		17236.4
678.5		17029.8
679.5		16919.4
680.5		16745.2
681.5		16926.3
682.5		16503.9
683.5		16648.1
684.5		16453
685.5		16518.3
686.5		16556
687.5		16427.8
688.5		16384.3
689.5		16299.9
690.5		16571.1
691.5		16052.4
692.5		15855.1
693.5		15484.1
694.5		15925.6
695.5		15940.1
696.5		15959.1
697.5		15812
698.5		15932.1
699.5		15365.1
700.5		15197.8
701.5		14947.5
702.5		14708.5
703.5		15005.9
704.5		14683.8
705.5		14682.3
706.5		14620.8
707.5		14812.3
708.5		14356.4
709.5		14197.7
710.5		13945.6
711.5		14054.7
712.5		14186.6
713.5		14040.8
714.5		13823
715.5		13439.9
716.5		13386.2
717.5		13955.4
718.5		13506.7
719.5		13389.9
720.5		13239.3
721.5		13316.4
722.5		13020.6
723.5		13607.3
724.5		13527.5
725.5		13068.8
726.5		12874.8
727.5		13072.4
728.5		13207
729.5		13042.7
730.5		12714.1
731.5		13226
732.5		12994.4
733.5		12858.7
734.5		12817.9
735.5		12671.8
736.5		12686.7
737.5		12423.7
738.5		12783.9
739.5		12539.2
740.5		12519.4
741.5		12704.4
742.5		12339.3
743.5		12006.4
744.5		11840.7
745.5		11920.5
746.5		11907.2
747.5		12213.9
748.5		12099.2
749.5		11759.8
750.5		11593.6
751.5		11673.3
752.5		11532
753.5		11470.2
754.5		11592.7
755.5		11546.9
756.5		11647.6
757.5		11417.4
758.5		11272.5
759.5		11372.6
760.5		11226
761.5		11095.7
762.5		10904.2
763.5		11274.1
764.5		10818.1
765.5		10643.7
766.5		10724.3
767.5		10467.9
768.5		10706.4
769.5		10714.6
770.5		10945
771.5		10686.2
772.5		10442.5
773.5		10454.1
774.5		10386.5
775.5		10405.3
776.5		10286.1
777.5		10034.6
778.5		9882.15
779.5		9761.55
780.5		9707.01
781.5		9720.03
782.5		9684.5
783.5		9761.68
784.5		9588.51
785.5		9520.94
786.5		9433.96
787.5		9432.19
788.5		9722.56
789.5		9367.36
790.5		9315.4
791.5		9358.43
792.5		9130.09
793.5		9117.22
794.5		9186.5
795.5		9126.76
796.5		9118.12
797.5		8958.77
798.5		9059.28
799.5		9143.87
800.5		9019.93
801.5		9053.26
802.5		8700.77
803.5		8601.78
804.5		8449.25
805.5		8333.85
806.5		8341.84
807.5		8379.02
808.5		8233.11
809.5		8469.25
810.5		8581.2
811.5		8217.56
812.5		8469.59
813.5		8482.6
814.5		8199.85
815.5		8087.58
816.5		7933.66
817.5		7830.94
818.5		7729.94
819.5		7557.43
820.5		7652.74
821.5		7563.17
822.5		7543.95
823.5		7645.78
824.5		7451.95
825.5		7397.31
826.5		7187.39
827.5		7230.26
828.5		7147.68
829.5		7121.53
830.5		7163.74
831.5		7425.26
832.5		7249.9
833.5		7187.77
834.5		7183.15
835.5		7046.09
836.5		7093.88
837.5		7163.03
838.5		7064.01
839.5		7038.41
840.5		7003.41
841.5		6964.68
842.5		7011.74
843.5		7120.56
844.5		7097.52
845.5		7094.26
846.5		6962.57
847.5		6923.08
848.5		6875.51
849.5		6777.64
850.5		6649.89
851.5		6687.84
852.5		6731.05
853.5		6622.59
854.5		6666.73
855.5		6493.63
856.5		6523.47
857.5		6502.23
858.5		6527.38
859.5		6459.22
860.5		6499.9
861.5		6534.32
862.5		6375.04
863.5		6459.13
864.5		6362.71
865.5		6163.53
866.5		6339.26
867.5		6133.22
868.5		6152.88
869.5		6125.23
870.5		6049.73
871.5		6065.09
872.5		6102.35
873.5		5971.49
874.5		5990.57
875.5		5833.43
876.5		5974.5
877.5		5872.01
878.5		5844.68
879.5		5951.7
880.5		5886.27
881.5		5706.1
882.5		5560.81
883.5		5481.61
884.5		5723.38
885.5		5639.9
886.5		5668.56
887.5		5691.98
888.5		5740.15
889.5		5567.61
890.5		5514.7
891.5		5323.25
892.5		5273.29
893.5		5259.05
894.5		5277.44
895.5		5314.4
896.5		5222.24
897.5		5072.99
898.5		5252.91
899.5		5200.15
900.5		5166.89
901.5		5085.7
902.5		5061.65
903.5		5059.45
904.5		5003.01
905.5		5004.49
906.5		5216.97
907.5		5088.53
908.5		5070
909.5		4916.4
910.5		5091.92
911.5		4913.12
912.5		5076.08
913.5		5080.84
914.5		5094.64
915.5		5033.41
916.5		4928.3
917.5		4875.66
918.5		4995.11
919.5		4974.66
920.5		4928.4
921.5		5010.09
922.5		4858.53
923.5		4820.21
924.5		4765.14
925.5		4719.12
926.5		4633.33
927.5		4755.33
928.5		4619.36
929.5		4586.98
930.5		4687.9
931.5		4678.21
932.5		4550.05
933.5		4460.8
934.5		4431.28
935.5		4414.6
936.5		4593.33
937.5		4645.66
938.5		4621.46
939.5		4472.99
940.5		4355.3
941.5		4331.6
942.5		4313.86
943.5		4266.77
944.5		4224.17
945.5		4313.83
946.5		4501.75
947.5		4284.7
948.5		4163.17
949.5		4352.65
950.5		4275.86
951.5		4240.81
952.5		4112.78
953.5		4059.85
954.5		4066.87
955.5		4042.62
956.5		4018.7
957.5		3956.22
958.5		3915.88
959.5		4054.49
960.5		4042.97
961.5		4065.85
962.5		4086.65
963.5		3891.32
964.5		3852.32
965.5		3823.63
966.5		3780.02
967.5		3765.47
968.5		3783.73
969.5		3679.91
970.5		3833.67
971.5		3869.12
972.5		3814.52
973.5		3790.36
974.5		3699.36
975.5		3644.35
976.5		3652.11
977.5		3563.66
978.5		3569.41
979.5		3809.9
980.5		3657.46
981.5		3613.7
982.5		3561.85
983.5		3566.43
984.5		3558.81
985.5		3505.61
986.5		3559.55
987.5		3592.85
988.5		3753.67
989.5		3596.17
990.5		3458.24
991.5		3565.33
992.5		3497.86
993.5		3510.27
994.5		3388.27
995.5		3323.3
996.5		3277.45
997.5		3259.65
998.5		3360.7
999.5		3346.63
