
##### time= 2.05e-08 
0.5		5.60854E+08
1.5		4.50568E+08
2.5		3.72504E+08
3.5		3.21297E+08
4.5		2.83652E+08
5.5		2.53959E+08
6.5		2.29746E+08
7.5		2.08892E+08
8.5		1.91241E+08
9.5		1.76014E+08
10.5		1.62885E+08
11.5		1.51216E+08
12.5		1.40932E+08
13.5		1.31891E+08
14.5		1.23949E+08
15.5		1.16644E+08
16.5		1.10114E+08
17.5		1.04087E+08
18.5		9.84001E+07
19.5		9.34152E+07
20.5		8.86286E+07
21.5		8.41475E+07
22.5		8.0123E+07
23.5		7.63215E+07
24.5		7.26423E+07
25.5		6.93498E+07
26.5		6.61411E+07
27.5		6.3018E+07
28.5		6.02327E+07
29.5		5.76599E+07
30.5		5.52454E+07
31.5		5.29399E+07
32.5		5.07598E+07
33.5		4.88014E+07
34.5		4.69229E+07
35.5		4.51048E+07
36.5		4.34318E+07
37.5		4.17847E+07
38.5		4.01977E+07
39.5		3.87271E+07
40.5		3.73554E+07
41.5		3.60645E+07
42.5		3.47431E+07
43.5		3.35305E+07
44.5		3.2396E+07
45.5		3.13417E+07
46.5		3.03151E+07
47.5		2.92833E+07
48.5		2.83107E+07
49.5		2.74384E+07
50.5		2.6569E+07
51.5		2.57779E+07
52.5		2.49316E+07
53.5		2.41389E+07
54.5		2.34102E+07
55.5		2.27362E+07
56.5		2.20473E+07
57.5		2.1399E+07
58.5		2.07635E+07
59.5		2.01282E+07
60.5		1.95952E+07
61.5		1.90266E+07
62.5		1.85129E+07
63.5		1.79781E+07
64.5		1.74755E+07
65.5		1.6993E+07
66.5		1.65398E+07
67.5		1.60647E+07
68.5		1.56708E+07
69.5		1.52656E+07
70.5		1.4844E+07
71.5		1.44646E+07
72.5		1.40763E+07
73.5		1.36993E+07
74.5		1.33477E+07
75.5		1.29962E+07
76.5		1.26639E+07
77.5		1.23487E+07
78.5		1.2044E+07
79.5		1.17527E+07
80.5		1.14697E+07
81.5		1.11952E+07
82.5		1.08983E+07
83.5		1.0637E+07
84.5		1.03795E+07
85.5		1.0124E+07
86.5		9.8717E+06
87.5		9.64468E+06
88.5		9.41585E+06
89.5		9.1904E+06
90.5		8.99155E+06
91.5		8.79228E+06
92.5		8.58479E+06
93.5		8.39743E+06
94.5		8.19857E+06
95.5		8.01678E+06
96.5		7.8385E+06
97.5		7.67212E+06
98.5		7.48819E+06
99.5		7.33238E+06
100.5		7.16613E+06
101.5		7.01782E+06
102.5		6.85488E+06
103.5		6.69732E+06
104.5		6.57038E+06
105.5		6.4264E+06
106.5		6.30251E+06
107.5		6.15998E+06
108.5		6.03139E+06
109.5		5.92735E+06
110.5		5.79829E+06
111.5		5.67785E+06
112.5		5.56484E+06
113.5		5.44607E+06
114.5		5.33657E+06
115.5		5.24661E+06
116.5		5.15781E+06
117.5		5.03964E+06
118.5		4.92212E+06
119.5		4.82883E+06
120.5		4.7252E+06
121.5		4.62556E+06
122.5		4.53623E+06
123.5		4.47083E+06
124.5		4.3776E+06
125.5		4.28634E+06
126.5		4.20494E+06
127.5		4.12531E+06
128.5		4.04181E+06
129.5		3.96627E+06
130.5		3.90204E+06
131.5		3.82516E+06
132.5		3.75799E+06
133.5		3.68254E+06
134.5		3.60926E+06
135.5		3.55214E+06
136.5		3.47513E+06
137.5		3.41497E+06
138.5		3.3479E+06
139.5		3.29349E+06
140.5		3.24223E+06
141.5		3.18275E+06
142.5		3.11994E+06
143.5		3.06742E+06
144.5		3.01705E+06
145.5		2.96632E+06
146.5		2.91537E+06
147.5		2.86571E+06
148.5		2.80913E+06
149.5		2.76185E+06
150.5		2.71796E+06
151.5		2.67224E+06
152.5		2.63075E+06
153.5		2.58884E+06
154.5		2.54604E+06
155.5		2.50192E+06
156.5		2.4603E+06
157.5		2.41043E+06
158.5		2.37304E+06
159.5		2.32991E+06
160.5		2.28878E+06
161.5		2.25176E+06
162.5		2.2241E+06
163.5		2.19135E+06
164.5		2.15595E+06
165.5		2.11786E+06
166.5		2.07895E+06
167.5		2.05002E+06
168.5		2.01434E+06
169.5		1.98426E+06
170.5		1.94957E+06
171.5		1.9217E+06
172.5		1.88358E+06
173.5		1.85906E+06
174.5		1.83499E+06
175.5		1.79882E+06
176.5		1.7726E+06
177.5		1.74732E+06
178.5		1.72207E+06
179.5		1.68911E+06
180.5		1.66855E+06
181.5		1.64423E+06
182.5		1.61841E+06
183.5		1.59383E+06
184.5		1.56494E+06
185.5		1.54512E+06
186.5		1.5179E+06
187.5		1.49267E+06
188.5		1.47108E+06
189.5		1.44768E+06
190.5		1.42465E+06
191.5		1.40665E+06
192.5		1.38665E+06
193.5		1.36233E+06
194.5		1.34362E+06
195.5		1.32369E+06
196.5		1.30436E+06
197.5		1.28434E+06
198.5		1.26813E+06
199.5		1.25111E+06
200.5		1.23141E+06
201.5		1.21636E+06
202.5		1.19522E+06
203.5		1.1765E+06
204.5		1.16077E+06
205.5		1.14526E+06
206.5		1.12842E+06
207.5		1.11486E+06
208.5		1.10379E+06
209.5		1.0818E+06
210.5		1.06781E+06
211.5		1.05264E+06
212.5		1.043E+06
213.5		1.02907E+06
214.5		1.01486E+06
215.5		1.00033E+06
216.5		985884
217.5		971196
218.5		956258
219.5		942643
220.5		930084
221.5		922216
222.5		911627
223.5		896171
224.5		882136
225.5		874428
226.5		860685
227.5		851827
228.5		843575
229.5		826566
230.5		816117
231.5		806180
232.5		791118
233.5		781328
234.5		771990
235.5		762094
236.5		752846
237.5		745492
238.5		733900
239.5		724808
240.5		717900
241.5		705320
242.5		695682
243.5		686148
244.5		678272
245.5		672078
246.5		662698
247.5		650428
248.5		642014
249.5		637023
250.5		629035
251.5		620350
252.5		613254
253.5		607335
254.5		600250
255.5		594465
256.5		585203
257.5		579320
258.5		571036
259.5		565192
260.5		559245
261.5		553327
262.5		545556
263.5		540219
264.5		533133
265.5		523242
266.5		517964
267.5		512213
268.5		506116
269.5		499330
270.5		493904
271.5		489271
272.5		482742
273.5		475851
274.5		472980
275.5		471238
276.5		465361
277.5		460260
278.5		454650
279.5		448614
280.5		442889
281.5		436854
282.5		432548
283.5		425222
284.5		422009
285.5		418163
286.5		412659
287.5		409794
288.5		402661
289.5		399066
290.5		394188
291.5		389977
292.5		385326
293.5		382097
294.5		377072
295.5		372846
296.5		367646
297.5		363493
298.5		360087
299.5		357052
300.5		352312
301.5		347738
302.5		344831
303.5		341792
304.5		334676
305.5		330330
306.5		327669
307.5		326991
308.5		320656
309.5		317109
310.5		314057
311.5		312738
312.5		306588
313.5		302427
314.5		302053
315.5		297909
316.5		296880
317.5		294008
318.5		291232
319.5		287920
320.5		284358
321.5		280926
322.5		277579
323.5		276299
324.5		274375
325.5		271857
326.5		267118
327.5		263231
328.5		259776
329.5		256668
330.5		256510
331.5		252445
332.5		249087
333.5		247753
334.5		245345
335.5		241138
336.5		239793
337.5		238909
338.5		235380
339.5		233286
340.5		230945
341.5		227717
342.5		226456
343.5		224265
344.5		221976
345.5		220196
346.5		218264
347.5		215433
348.5		214343
349.5		211615
350.5		207811
351.5		206907
352.5		204814
353.5		203155
354.5		199718
355.5		196692
356.5		195291
357.5		194318
358.5		193123
359.5		193232
360.5		190315
361.5		187216
362.5		184407
363.5		181871
364.5		180616
365.5		180421
366.5		178764
367.5		178156
368.5		177024
369.5		176086
370.5		173642
371.5		170449
372.5		168116
373.5		166723
374.5		165058
375.5		164467
376.5		161688
377.5		160389
378.5		158950
379.5		157375
380.5		155281
381.5		154169
382.5		152567
383.5		151522
384.5		149609
385.5		149521
386.5		148427
387.5		147947
388.5		146393
389.5		144686
390.5		143822
391.5		142764
392.5		140950
393.5		140199
394.5		138376
395.5		138300
396.5		136820
397.5		134880
398.5		134256
399.5		133397
400.5		131977
401.5		131840
402.5		130079
403.5		128677
404.5		126573
405.5		125456
406.5		124654
407.5		122512
408.5		122236
409.5		120495
410.5		119147
411.5		117968
412.5		117346
413.5		116476
414.5		116238
415.5		114936
416.5		114841
417.5		114546
418.5		114108
419.5		112676
420.5		111865
421.5		111151
422.5		109726
423.5		108778
424.5		107440
425.5		107233
426.5		105392
427.5		104758
428.5		103903
429.5		102458
430.5		101923
431.5		101231
432.5		100702
433.5		98842
434.5		98094
435.5		97823.7
436.5		96904.5
437.5		96646.2
438.5		95003.2
439.5		94828
440.5		93863.6
441.5		93187.6
442.5		92953.2
443.5		91260.3
444.5		90640.2
445.5		89591.1
446.5		88856.6
447.5		88735.1
448.5		87054.9
449.5		86683.4
450.5		86324.7
451.5		85276.8
452.5		85211.5
453.5		84469
454.5		84127.2
455.5		83125.2
456.5		82648.8
457.5		82307.7
458.5		81329.3
459.5		80114.6
460.5		79396.6
461.5		78519.9
462.5		77887.6
463.5		77182.7
464.5		76596.6
465.5		76261.9
466.5		75669
467.5		74983.9
468.5		74091.7
469.5		73971
470.5		72864.7
471.5		72617.7
472.5		72196.9
473.5		71935.4
474.5		71869.3
475.5		69851.5
476.5		69490.2
477.5		69597
478.5		69029
479.5		68026.5
480.5		67515.6
481.5		67851.8
482.5		67196.5
483.5		67067.5
484.5		65861.1
485.5		65474.1
486.5		64759
487.5		63890.1
488.5		63160.3
489.5		63199.9
490.5		63164.4
491.5		63541.3
492.5		62854.8
493.5		62140.9
494.5		61498.4
495.5		61265.2
496.5		60780.4
497.5		59531.9
498.5		59639
499.5		59277.9
500.5		59181.5
501.5		58694.2
502.5		57645.4
503.5		57282
504.5		57016.8
505.5		56723
506.5		56266.4
507.5		55567.9
508.5		54969.4
509.5		54685.1
510.5		54009
511.5		53998
512.5		52940.7
513.5		51661.5
514.5		51142
515.5		50860.2
516.5		51270.9
517.5		50588.2
518.5		50570.5
519.5		50802.2
520.5		50358.6
521.5		49625.6
522.5		49217.9
523.5		48906.6
524.5		48417.5
525.5		47645.1
526.5		47580.9
527.5		46986
528.5		46474.6
529.5		46420.3
530.5		45760.2
531.5		45676.1
532.5		45037.5
533.5		44693
534.5		44908.7
535.5		44215.9
536.5		43754.2
537.5		43649.7
538.5		43101.5
539.5		43653
540.5		43202.5
541.5		42945.6
542.5		42375.2
543.5		42198.9
544.5		41457.3
545.5		41287.9
546.5		41021.7
547.5		40851
548.5		40701
549.5		40771
550.5		40452.4
551.5		40182.1
552.5		39703.1
553.5		40211.2
554.5		38982.8
555.5		38449.6
556.5		38606.5
557.5		38542.2
558.5		38077.9
559.5		37575.8
560.5		37426.2
561.5		37232.8
562.5		37322.5
563.5		36666.3
564.5		35901.3
565.5		35730.8
566.5		35271.1
567.5		35284.9
568.5		35414.6
569.5		35114.7
570.5		34789.8
571.5		34785.1
572.5		34298.9
573.5		33902.1
574.5		33440.9
575.5		33326.8
576.5		33015.6
577.5		32966.5
578.5		32783.7
579.5		32480.7
580.5		32562.7
581.5		32232.8
582.5		32260
583.5		31907.1
584.5		31854.6
585.5		31025.2
586.5		30945.7
587.5		30794.2
588.5		30919.5
589.5		30637.9
590.5		30422.7
591.5		30141.3
592.5		29942.8
593.5		29267
594.5		29643.8
595.5		29459.8
596.5		29163
597.5		28680.9
598.5		28791.8
599.5		28389.5
600.5		28144.3
601.5		28147.7
602.5		28032.5
603.5		28026.4
604.5		27874.7
605.5		27482.6
606.5		26973.3
607.5		27088.3
608.5		27133.7
609.5		26933.5
610.5		26438.1
611.5		26535.9
612.5		26184.5
613.5		26239.8
614.5		26146.5
615.5		25563.9
616.5		25352
617.5		25220.6
618.5		25329.5
619.5		25296.5
620.5		24701.2
621.5		24348.1
622.5		24263
623.5		23896.3
624.5		23659.6
625.5		23657.8
626.5		24166.3
627.5		24085.3
628.5		23881.4
629.5		23603.1
630.5		23616.2
631.5		23178.2
632.5		23190.9
633.5		22819.7
634.5		22921.5
635.5		22742
636.5		22535
637.5		22013.7
638.5		22079.7
639.5		21761.3
640.5		21826.2
641.5		21600.3
642.5		21877.9
643.5		21655
644.5		21872.4
645.5		21445.3
646.5		21880.3
647.5		21059.8
648.5		21049.3
649.5		20846.9
650.5		20649.6
651.5		20578.3
652.5		20287.6
653.5		20279.8
654.5		20641.1
655.5		20495.2
656.5		20187.1
657.5		20009.2
658.5		19779.5
659.5		19492.6
660.5		19444.2
661.5		19165.7
662.5		18955.3
663.5		18825.4
664.5		18798.8
665.5		18968
666.5		18574.3
667.5		18172
668.5		18098.9
669.5		18041.8
670.5		18101.7
671.5		18149.8
672.5		17859.1
673.5		17940.9
674.5		17861.8
675.5		17843.8
676.5		17664.9
677.5		17374.7
678.5		17142.7
679.5		16985.6
680.5		16803.8
681.5		16952.1
682.5		16562.5
683.5		16698.6
684.5		16509.4
685.5		16571.5
686.5		16631.9
687.5		16713
688.5		16509.9
689.5		16393.3
690.5		16717.3
691.5		16173.8
692.5		15974
693.5		15627.9
694.5		16025.2
695.5		16020.9
696.5		16014.7
697.5		15893.2
698.5		16091.6
699.5		15672.4
700.5		15485.9
701.5		15209.4
702.5		14927.6
703.5		15136.9
704.5		14861.2
705.5		14808.8
706.5		14947.5
707.5		14970.3
708.5		14551.2
709.5		14358.1
710.5		14112.3
711.5		14189.3
712.5		14340.2
713.5		14271
714.5		14043.5
715.5		13728.6
716.5		13621
717.5		14084.1
718.5		13833.7
719.5		13662.2
720.5		13481.1
721.5		13525.4
722.5		13277.3
723.5		13817
724.5		13740.3
725.5		13274.6
726.5		13118.6
727.5		13270
728.5		13365.4
729.5		13177.2
730.5		12876
731.5		13303.3
732.5		13068.7
733.5		12911.6
734.5		12898
735.5		12739.7
736.5		12741
737.5		12498.3
738.5		12792.5
739.5		12550.6
740.5		12501.3
741.5		12666
742.5		12355.9
743.5		12100.8
744.5		11927.8
745.5		11965.3
746.5		11942.8
747.5		12200.8
748.5		12086.2
749.5		11762
750.5		11585.2
751.5		11661.5
752.5		11542.2
753.5		11468.6
754.5		11628.7
755.5		11653.3
756.5		11619.6
757.5		11470.8
758.5		11276
759.5		11366.5
760.5		11204.8
761.5		11061.2
762.5		10875.5
763.5		11204.8
764.5		10869.9
765.5		10665.1
766.5		10700.7
767.5		10581.8
768.5		10761.5
769.5		10725.7
770.5		10893.3
771.5		10662.4
772.5		10471.4
773.5		10524.1
774.5		10417.4
775.5		10403
776.5		10267.9
777.5		10023.8
778.5		9872.61
779.5		9744.01
780.5		9678.88
781.5		9686.52
782.5		9658.86
783.5		9715.29
784.5		9537
785.5		9471.35
786.5		9391.71
787.5		9408.02
788.5		9696.74
789.5		9330.81
790.5		9318.77
791.5		9360.24
792.5		9162.37
793.5		9147.83
794.5		9165.71
795.5		9107.46
796.5		9166.73
797.5		9037.77
798.5		9125.26
799.5		9217.59
800.5		9078.1
801.5		9082.02
802.5		8746.22
803.5		8628.48
804.5		8482.75
805.5		8365.9
806.5		8478.02
807.5		8434.56
808.5		8276.31
809.5		8474.73
810.5		8565.13
811.5		8232.99
812.5		8458.2
813.5		8463.67
814.5		8198.51
815.5		8091.51
816.5		7955.87
817.5		7858.94
818.5		7753.8
819.5		7582.13
820.5		7686.91
821.5		7705.19
822.5		7617.33
823.5		7675.48
824.5		7486.34
825.5		7419.4
826.5		7251.25
827.5		7276.03
828.5		7188.77
829.5		7151.87
830.5		7187.53
831.5		7427.66
832.5		7298.62
833.5		7204.78
834.5		7466.41
835.5		7207.25
836.5		7197.82
837.5		7294.42
838.5		7170.77
839.5		7117.1
840.5		7061.8
841.5		7007.13
842.5		7031.02
843.5		7127.11
844.5		7123.46
845.5		7129.99
846.5		7053.12
847.5		6998.38
848.5		6948.51
849.5		6923.26
850.5		6803.83
851.5		6787.15
852.5		6805.14
853.5		6682.34
854.5		6802.52
855.5		6598.31
856.5		6668.65
857.5		6658.87
858.5		6604.74
859.5		6511.67
860.5		6534.81
861.5		6575.57
862.5		6425
863.5		6495.73
864.5		6392.94
865.5		6212.27
866.5		6366.28
867.5		6165.72
868.5		6171.94
869.5		6179.55
870.5		6232.31
871.5		6196.7
872.5		6233.8
873.5		6105.83
874.5		6075.35
875.5		5925.94
876.5		6031.19
877.5		5935.29
878.5		5907.76
879.5		6030.05
880.5		5939.58
881.5		5771.37
882.5		5647.65
883.5		5640.58
884.5		5849.52
885.5		5713.82
886.5		5743.47
887.5		5769.77
888.5		5808.47
889.5		5650.76
890.5		5598.8
891.5		5444.97
892.5		5393.73
893.5		5378.06
894.5		5392.65
895.5		5415.2
896.5		5314.93
897.5		5197.75
898.5		5368.01
899.5		5311.27
900.5		5289.96
901.5		5204.29
902.5		5165.81
903.5		5265.02
904.5		5143.41
905.5		5125.81
906.5		5319.68
907.5		5182.41
908.5		5155.27
909.5		5016.88
910.5		5166.51
911.5		4994.21
912.5		5138.79
913.5		5132.71
914.5		5132.08
915.5		5074.36
916.5		4966.98
917.5		4927.89
918.5		5040.82
919.5		5012.04
920.5		4965.4
921.5		5051.04
922.5		4910.72
923.5		4866.65
924.5		4814.78
925.5		4758.38
926.5		4683.12
927.5		4788.63
928.5		4674.56
929.5		4764.32
930.5		4819.73
931.5		4786.96
932.5		4656.98
933.5		4562.41
934.5		4564.28
935.5		4524.46
936.5		4670.95
937.5		4713.32
938.5		4691.21
939.5		4544.33
940.5		4435.17
941.5		4414.85
942.5		4382.5
943.5		4331.71
944.5		4286.59
945.5		4386.24
946.5		4549.42
947.5		4346.34
948.5		4248.17
949.5		4413.56
950.5		4339.74
951.5		4302.26
952.5		4185.67
953.5		4141.92
954.5		4163.97
955.5		4145.56
956.5		4124.24
957.5		4048.72
958.5		4003.3
959.5		4146.74
960.5		4132.9
961.5		4150.11
962.5		4158.03
963.5		3990.52
964.5		3957.73
965.5		3926.82
966.5		3882.99
967.5		3854.53
968.5		4017.47
969.5		3818.33
970.5		3932.54
971.5		3954.79
972.5		3898.16
973.5		3877.7
974.5		3794.29
975.5		3735.99
976.5		3731.7
977.5		3651.4
978.5		3649.53
979.5		3863.18
980.5		3736.43
981.5		3719.3
982.5		3688.8
983.5		3677.75
984.5		3665.39
985.5		3610.08
986.5		3683.94
987.5		3721.86
988.5		3846.86
989.5		3707.89
990.5		3583.45
991.5		3689.79
992.5		3622.65
993.5		3622.4
994.5		3497.2
995.5		3433.92
996.5		3382.69
997.5		3358.86
998.5		3487.59
999.5		3503.27
