
##### time= 1.875e-08 
0.5		5.72768E+08
1.5		4.58003E+08
2.5		3.77566E+08
3.5		3.24664E+08
4.5		2.85949E+08
5.5		2.5575E+08
6.5		2.31148E+08
7.5		2.09949E+08
8.5		1.92083E+08
9.5		1.767E+08
10.5		1.63543E+08
11.5		1.51671E+08
12.5		1.41247E+08
13.5		1.32192E+08
14.5		1.24233E+08
15.5		1.16933E+08
16.5		1.10397E+08
17.5		1.04311E+08
18.5		9.86056E+07
19.5		9.35822E+07
20.5		8.87864E+07
21.5		8.43228E+07
22.5		8.02949E+07
23.5		7.65105E+07
24.5		7.28429E+07
25.5		6.95089E+07
26.5		6.62822E+07
27.5		6.31303E+07
28.5		6.03548E+07
29.5		5.78056E+07
30.5		5.53559E+07
31.5		5.30573E+07
32.5		5.08601E+07
33.5		4.89321E+07
34.5		4.70279E+07
35.5		4.52077E+07
36.5		4.35337E+07
37.5		4.18573E+07
38.5		4.02612E+07
39.5		3.87767E+07
40.5		3.74116E+07
41.5		3.61188E+07
42.5		3.48001E+07
43.5		3.35841E+07
44.5		3.24379E+07
45.5		3.13745E+07
46.5		3.0348E+07
47.5		2.93223E+07
48.5		2.83501E+07
49.5		2.74705E+07
50.5		2.6592E+07
51.5		2.58101E+07
52.5		2.49571E+07
53.5		2.41565E+07
54.5		2.34205E+07
55.5		2.27559E+07
56.5		2.20683E+07
57.5		2.14199E+07
58.5		2.07769E+07
59.5		2.01413E+07
60.5		1.96119E+07
61.5		1.90526E+07
62.5		1.85367E+07
63.5		1.79993E+07
64.5		1.75E+07
65.5		1.70131E+07
66.5		1.65578E+07
67.5		1.60795E+07
68.5		1.56778E+07
69.5		1.52668E+07
70.5		1.48404E+07
71.5		1.4456E+07
72.5		1.40789E+07
73.5		1.37097E+07
74.5		1.33467E+07
75.5		1.29923E+07
76.5		1.26675E+07
77.5		1.23515E+07
78.5		1.20452E+07
79.5		1.17572E+07
80.5		1.14741E+07
81.5		1.11965E+07
82.5		1.09041E+07
83.5		1.06317E+07
84.5		1.03755E+07
85.5		1.01227E+07
86.5		9.87438E+06
87.5		9.6427E+06
88.5		9.41781E+06
89.5		9.18626E+06
90.5		8.98691E+06
91.5		8.7917E+06
92.5		8.5853E+06
93.5		8.39037E+06
94.5		8.18815E+06
95.5		8.00508E+06
96.5		7.8228E+06
97.5		7.66788E+06
98.5		7.48216E+06
99.5		7.32796E+06
100.5		7.16016E+06
101.5		7.01108E+06
102.5		6.84775E+06
103.5		6.6907E+06
104.5		6.56626E+06
105.5		6.42269E+06
106.5		6.30081E+06
107.5		6.15787E+06
108.5		6.02534E+06
109.5		5.92093E+06
110.5		5.79039E+06
111.5		5.67353E+06
112.5		5.5595E+06
113.5		5.44231E+06
114.5		5.33039E+06
115.5		5.23774E+06
116.5		5.1492E+06
117.5		5.0329E+06
118.5		4.91672E+06
119.5		4.82127E+06
120.5		4.71648E+06
121.5		4.61984E+06
122.5		4.5302E+06
123.5		4.46493E+06
124.5		4.36959E+06
125.5		4.27855E+06
126.5		4.199E+06
127.5		4.1219E+06
128.5		4.03497E+06
129.5		3.96167E+06
130.5		3.89707E+06
131.5		3.82175E+06
132.5		3.75255E+06
133.5		3.67655E+06
134.5		3.60022E+06
135.5		3.54334E+06
136.5		3.46639E+06
137.5		3.40656E+06
138.5		3.34027E+06
139.5		3.28409E+06
140.5		3.23341E+06
141.5		3.17524E+06
142.5		3.11114E+06
143.5		3.05893E+06
144.5		3.00688E+06
145.5		2.95807E+06
146.5		2.90842E+06
147.5		2.85582E+06
148.5		2.7989E+06
149.5		2.75467E+06
150.5		2.71334E+06
151.5		2.66727E+06
152.5		2.6268E+06
153.5		2.5863E+06
154.5		2.54348E+06
155.5		2.49626E+06
156.5		2.45476E+06
157.5		2.40743E+06
158.5		2.36886E+06
159.5		2.32469E+06
160.5		2.28199E+06
161.5		2.24564E+06
162.5		2.21813E+06
163.5		2.18562E+06
164.5		2.15198E+06
165.5		2.11303E+06
166.5		2.07453E+06
167.5		2.04401E+06
168.5		2.00877E+06
169.5		1.97978E+06
170.5		1.94705E+06
171.5		1.91974E+06
172.5		1.8811E+06
173.5		1.85577E+06
174.5		1.8323E+06
175.5		1.79584E+06
176.5		1.76998E+06
177.5		1.74342E+06
178.5		1.71994E+06
179.5		1.6862E+06
180.5		1.66595E+06
181.5		1.64065E+06
182.5		1.61452E+06
183.5		1.58948E+06
184.5		1.56084E+06
185.5		1.54104E+06
186.5		1.51421E+06
187.5		1.48872E+06
188.5		1.46769E+06
189.5		1.4449E+06
190.5		1.42091E+06
191.5		1.40291E+06
192.5		1.38177E+06
193.5		1.35802E+06
194.5		1.33968E+06
195.5		1.31853E+06
196.5		1.29901E+06
197.5		1.27984E+06
198.5		1.26393E+06
199.5		1.24688E+06
200.5		1.22678E+06
201.5		1.21237E+06
202.5		1.19116E+06
203.5		1.17358E+06
204.5		1.15718E+06
205.5		1.14188E+06
206.5		1.12469E+06
207.5		1.11211E+06
208.5		1.10139E+06
209.5		1.07961E+06
210.5		1.06555E+06
211.5		1.05065E+06
212.5		1.04197E+06
213.5		1.02824E+06
214.5		1.01464E+06
215.5		999886
216.5		985645
217.5		969127
218.5		954624
219.5		941350
220.5		927788
221.5		919591
222.5		909554
223.5		893287
224.5		880028
225.5		872187
226.5		859903
227.5		848884
228.5		840855
229.5		824491
230.5		811685
231.5		802021
232.5		785916
233.5		778058
234.5		769327
235.5		758852
236.5		749632
237.5		741970
238.5		731956
239.5		723161
240.5		714966
241.5		702015
242.5		692921
243.5		682459
244.5		675079
245.5		669138
246.5		658768
247.5		647982
248.5		638786
249.5		634178
250.5		626468
251.5		617819
252.5		610695
253.5		604870
254.5		596837
255.5		590923
256.5		582176
257.5		575847
258.5		568214
259.5		562436
260.5		555886
261.5		550088
262.5		542433
263.5		536960
264.5		530779
265.5		520735
266.5		515711
267.5		509717
268.5		503240
269.5		496689
270.5		491505
271.5		486010
272.5		480694
273.5		473311
274.5		469484
275.5		468411
276.5		462156
277.5		457179
278.5		451603
279.5		445215
280.5		439730
281.5		433426
282.5		429594
283.5		422111
284.5		418151
285.5		413170
286.5		408574
287.5		406193
288.5		399020
289.5		395558
290.5		390671
291.5		386479
292.5		382512
293.5		379391
294.5		373932
295.5		369255
296.5		365012
297.5		360714
298.5		357234
299.5		354266
300.5		349525
301.5		345218
302.5		342443
303.5		339074
304.5		331597
305.5		327877
306.5		325205
307.5		324555
308.5		318292
309.5		314883
310.5		311353
311.5		310558
312.5		304429
313.5		300132
314.5		299113
315.5		294828
316.5		294898
317.5		292387
318.5		289131
319.5		285453
320.5		282345
321.5		278877
322.5		275552
323.5		274634
324.5		271764
325.5		269739
326.5		265159
327.5		260822
328.5		257677
329.5		254795
330.5		254208
331.5		249965
332.5		247038
333.5		244963
334.5		241839
335.5		238591
336.5		237167
337.5		236698
338.5		233422
339.5		231300
340.5		229367
341.5		225875
342.5		224029
343.5		222297
344.5		220123
345.5		218188
346.5		216067
347.5		212953
348.5		212167
349.5		209534
350.5		206097
351.5		205489
352.5		203060
353.5		200816
354.5		197844
355.5		194797
356.5		193380
357.5		192202
358.5		190732
359.5		190677
360.5		188127
361.5		184860
362.5		182061
363.5		179825
364.5		178641
365.5		178356
366.5		176503
367.5		176152
368.5		174998
369.5		173978
370.5		171679
371.5		168375
372.5		166525
373.5		164824
374.5		162908
375.5		162848
376.5		160082
377.5		158865
378.5		157093
379.5		155688
380.5		153501
381.5		152371
382.5		150912
383.5		149849
384.5		148149
385.5		148187
386.5		146933
387.5		146349
388.5		144847
389.5		142999
390.5		142240
391.5		140932
392.5		139495
393.5		138551
394.5		136753
395.5		137117
396.5		135498
397.5		133356
398.5		132359
399.5		131851
400.5		130556
401.5		130503
402.5		128835
403.5		127508
404.5		125500
405.5		124446
406.5		123614
407.5		121459
408.5		121355
409.5		119419
410.5		118304
411.5		117179
412.5		116542
413.5		115693
414.5		115432
415.5		114066
416.5		113992
417.5		113700
418.5		113130
419.5		112012
420.5		111160
421.5		110458
422.5		108949
423.5		108169
424.5		106716
425.5		106500
426.5		104236
427.5		103835
428.5		103185
429.5		101729
430.5		101008
431.5		100096
432.5		99570.7
433.5		97644.7
434.5		97054.6
435.5		97084.1
436.5		95798.1
437.5		95090.9
438.5		93949.6
439.5		93575.4
440.5		93005.9
441.5		92170.3
442.5		92133.7
443.5		90208.4
444.5		89598
445.5		88791.4
446.5		88032.2
447.5		87844.1
448.5		86224.2
449.5		85640
450.5		85205.5
451.5		84254
452.5		84316.1
453.5		83613.7
454.5		83322.1
455.5		82390.4
456.5		81668.7
457.5		81216.6
458.5		80296.8
459.5		79103.5
460.5		78075.4
461.5		77504.8
462.5		76869.8
463.5		76356.1
464.5		76026.5
465.5		75611.3
466.5		75001.4
467.5		73813.5
468.5		73002.2
469.5		73172.6
470.5		72086.1
471.5		71774
472.5		71360.4
473.5		71241.6
474.5		71068.6
475.5		69095.1
476.5		68895.7
477.5		69000.8
478.5		68162.8
479.5		67117.5
480.5		66413.4
481.5		67031.3
482.5		66431.6
483.5		66494.5
484.5		65335.4
485.5		65003.6
486.5		64249.7
487.5		63216
488.5		62434.4
489.5		62287.2
490.5		62432.4
491.5		62646.3
492.5		62116.7
493.5		61322.2
494.5		60642.2
495.5		60383.8
496.5		60039.7
497.5		58627.8
498.5		58772.8
499.5		58357.8
500.5		58168
501.5		57487.9
502.5		56606.3
503.5		56419.8
504.5		56168
505.5		55920.5
506.5		55308.2
507.5		54674.8
508.5		54191.9
509.5		53868.2
510.5		53234.3
511.5		52871.3
512.5		51928.6
513.5		50776.3
514.5		50351.5
515.5		50008.3
516.5		50441.1
517.5		49723.8
518.5		49526.2
519.5		49948.8
520.5		49506.6
521.5		48894
522.5		48301.9
523.5		48048.6
524.5		47574.8
525.5		46844.9
526.5		46794.5
527.5		46233.7
528.5		45796.8
529.5		45813.7
530.5		45050.5
531.5		44783.4
532.5		44272.5
533.5		44037.9
534.5		44221.5
535.5		43476.4
536.5		43109.7
537.5		43010.2
538.5		42412.2
539.5		42968.4
540.5		42363.5
541.5		42240.1
542.5		41717.3
543.5		41525
544.5		40793.9
545.5		40745.7
546.5		40405.3
547.5		40182.3
548.5		40097.3
549.5		40205.5
550.5		40025.6
551.5		39691.3
552.5		39067
553.5		39688
554.5		38448.4
555.5		37971.2
556.5		38170.3
557.5		38027.2
558.5		37676.9
559.5		36972.9
560.5		36713.5
561.5		36641.3
562.5		36841.9
563.5		36247.8
564.5		35400
565.5		35280.9
566.5		34874.2
567.5		34958.2
568.5		34907.8
569.5		34630.3
570.5		34408.3
571.5		34253.3
572.5		33875
573.5		33551.4
574.5		32932
575.5		32936
576.5		32391.2
577.5		32285.4
578.5		32227.5
579.5		31989.4
580.5		32019.3
581.5		31786.6
582.5		31859.2
583.5		31446.9
584.5		31269.7
585.5		30523.1
586.5		30494.1
587.5		30319
588.5		30440.4
589.5		30202.7
590.5		30027.2
591.5		29720.8
592.5		29467
593.5		28882.9
594.5		29352.1
595.5		29188.2
596.5		28855.1
597.5		28307.8
598.5		28300
599.5		27956.4
600.5		27695.3
601.5		27737.2
602.5		27441.9
603.5		27539.3
604.5		27464.9
605.5		27068.7
606.5		26547.9
607.5		26510.4
608.5		26595
609.5		26217
610.5		25833.7
611.5		26055.1
612.5		25658.1
613.5		25709.8
614.5		25577.2
615.5		24988.3
616.5		24884
617.5		24726
618.5		24783.7
619.5		24647
620.5		24086.3
621.5		23792.1
622.5		23625.5
623.5		23347.3
624.5		23149.7
625.5		23231.5
626.5		23684.7
627.5		23690.3
628.5		23499.2
629.5		23151.5
630.5		23297.5
631.5		22886.5
632.5		22914.9
633.5		22585.9
634.5		22737
635.5		22590.7
636.5		22399.3
637.5		21782.3
638.5		21818.6
639.5		21509.2
640.5		21592.6
641.5		21459
642.5		21644.9
643.5		21349.7
644.5		21588.9
645.5		21212.2
646.5		21630.5
647.5		20847.9
648.5		20793.7
649.5		20679.6
650.5		20473.3
651.5		20370.9
652.5		20154.2
653.5		20085.7
654.5		20529.4
655.5		20387
656.5		19960.8
657.5		19877.2
658.5		19687.6
659.5		19427.5
660.5		19295.2
661.5		18992.9
662.5		18762.3
663.5		18651.7
664.5		18561.3
665.5		18613.2
666.5		18295.5
667.5		17977.2
668.5		17931.1
669.5		17875.3
670.5		17975.9
671.5		18051
672.5		17768.4
673.5		17886.2
674.5		17740.3
675.5		17619.9
676.5		17499
677.5		17286.8
678.5		17077.2
679.5		16944.2
680.5		16775.3
681.5		16949
682.5		16537.6
683.5		16684.1
684.5		16495.5
685.5		16563.9
686.5		16585.5
687.5		16564.8
688.5		16417.7
689.5		16333.9
690.5		16608.5
691.5		16091.1
692.5		15888.7
693.5		15528.6
694.5		15954.6
695.5		15972.4
696.5		15993.7
697.5		15856.5
698.5		15976.9
699.5		15447.6
700.5		15272.4
701.5		15026.6
702.5		14786.2
703.5		15072.3
704.5		14753.3
705.5		14748.6
706.5		14812.3
707.5		14906.9
708.5		14449.8
709.5		14272.5
710.5		14021.5
711.5		14123.9
712.5		14288.9
713.5		14144.5
714.5		13938.8
715.5		13555.5
716.5		13500.4
717.5		14057.4
718.5		13610.7
719.5		13482.9
720.5		13326.2
721.5		13403.6
722.5		13105.6
723.5		13679.3
724.5		13600.7
725.5		13134.2
726.5		12944.4
727.5		13150.2
728.5		13296.8
729.5		13130.2
730.5		12810.1
731.5		13273.1
732.5		13043.4
733.5		12914.3
734.5		12911.5
735.5		12760.1
736.5		12757.8
737.5		12493.5
738.5		12841.4
739.5		12595
740.5		12569.6
741.5		12757.3
742.5		12419.6
743.5		12088.7
744.5		11916.5
745.5		11989.2
746.5		11977.8
747.5		12281.3
748.5		12163.3
749.5		11829.4
750.5		11666.2
751.5		11743.4
752.5		11601.2
753.5		11541.7
754.5		11660.4
755.5		11611.5
756.5		11698
757.5		11481.1
758.5		11352.4
759.5		11466.3
760.5		11320.2
761.5		11189.9
762.5		11004.1
763.5		11374.8
764.5		10901.5
765.5		10722.8
766.5		10800.3
767.5		10556.6
768.5		10789.8
769.5		10794.7
770.5		11014.9
771.5		10758.1
772.5		10523
773.5		10531.4
774.5		10463.2
775.5		10485.8
776.5		10361.3
777.5		10103.1
778.5		9947.65
779.5		9821.44
780.5		9765.58
781.5		9780.24
782.5		9745.69
783.5		9820.44
784.5		9651.71
785.5		9590.69
786.5		9515.65
787.5		9510.25
788.5		9853.94
789.5		9451.14
790.5		9395.58
791.5		9446.55
792.5		9213.45
793.5		9206.37
794.5		9250.66
795.5		9187.45
796.5		9249.56
797.5		9093.13
798.5		9145.99
799.5		9184.8
800.5		9057.32
801.5		9085.97
802.5		8745.39
803.5		8645.72
804.5		8497.03
805.5		8389.72
806.5		8421.25
807.5		8483.76
808.5		8324.8
809.5		8544.71
810.5		8644.95
811.5		8288.25
812.5		8533.03
813.5		8549.85
814.5		8268.25
815.5		8147.28
816.5		7996.58
817.5		7896.38
818.5		7784.68
819.5		7606.83
820.5		7701.4
821.5		7716.17
822.5		7627.12
823.5		7684.86
824.5		7486.01
825.5		7429.83
826.5		7218.56
827.5		7253.59
828.5		7176.41
829.5		7147.73
830.5		7188.36
831.5		7460.67
832.5		7309.07
833.5		7205.63
834.5		7200.07
835.5		7066.33
836.5		7114.96
837.5		7182.81
838.5		7077.9
839.5		7054.44
840.5		7020.46
841.5		6981.57
842.5		7026.69
843.5		7134.92
844.5		7109.65
845.5		7104.52
846.5		6971.43
847.5		6951.25
848.5		6909.49
849.5		6805.14
850.5		6678.1
851.5		6712.08
852.5		6751.57
853.5		6642.34
854.5		6711.67
855.5		6514.97
856.5		6532.06
857.5		6508.28
858.5		6529.66
859.5		6461.44
860.5		6510.42
861.5		6544.02
862.5		6385.28
863.5		6466.35
864.5		6365.65
865.5		6170.31
866.5		6339.67
867.5		6134.8
868.5		6152.32
869.5		6123.77
870.5		6175.12
871.5		6129.53
872.5		6141.55
873.5		5990.76
874.5		6000.71
875.5		5836.2
876.5		5972.3
877.5		5879.33
878.5		5872.95
879.5		6012.44
880.5		5929.62
881.5		5727.86
882.5		5588.08
883.5		5511.7
884.5		5750.19
885.5		5670.18
886.5		5705.34
887.5		5730.8
888.5		5777.35
889.5		5613.39
890.5		5564.13
891.5		5398.96
892.5		5346.27
893.5		5329.43
894.5		5349.01
895.5		5383.28
896.5		5279.66
897.5		5151.54
898.5		5318.18
899.5		5251.96
900.5		5210.98
901.5		5123.32
902.5		5098.93
903.5		5094.61
904.5		5043.06
905.5		5044.15
906.5		5250.76
907.5		5126.66
908.5		5106.23
909.5		4960.29
910.5		5142.94
911.5		4968.55
912.5		5127.18
913.5		5124.97
914.5		5129.01
915.5		5064.68
916.5		4957.65
917.5		4908.63
918.5		5028.21
919.5		5005.9
920.5		4966.13
921.5		5056.16
922.5		4911.89
923.5		4863.06
924.5		4804.83
925.5		4756.12
926.5		4669.35
927.5		4783.47
928.5		4646.61
929.5		4609.89
930.5		4705.29
931.5		4699.82
932.5		4574.78
933.5		4486.38
934.5		4459.57
935.5		4441.3
936.5		4619.08
937.5		4669.77
938.5		4644.97
939.5		4496.97
940.5		4379.63
941.5		4358.55
942.5		4335.44
943.5		4286.59
944.5		4245.4
945.5		4333.82
946.5		4517.15
947.5		4307.33
948.5		4200.23
949.5		4382.76
950.5		4302.57
951.5		4269.11
952.5		4140.99
953.5		4088.14
954.5		4095.6
955.5		4070.47
956.5		4045.67
957.5		3981.65
958.5		3939.77
959.5		4073.59
960.5		4061.32
961.5		4084.44
962.5		4106.37
963.5		3913.6
964.5		3873.06
965.5		3844.43
966.5		3803.39
967.5		3786.67
968.5		3799.75
969.5		3700.16
970.5		3848.95
971.5		3888.22
972.5		3835.76
973.5		3810.73
974.5		3719.47
975.5		3663.14
976.5		3669.61
977.5		3577.41
978.5		3583.35
979.5		3815.13
980.5		3667.57
981.5		3622.07
982.5		3573.75
983.5		3581.11
984.5		3588.46
985.5		3531.92
986.5		3607.44
987.5		3646.25
988.5		3780.56
989.5		3628.56
990.5		3490.14
991.5		3598.62
992.5		3526.58
993.5		3532.51
994.5		3409.82
995.5		3345.69
996.5		3298.99
997.5		3279.12
998.5		3381.64
999.5		3363.73
