
##### time= 2.375e-08 
0.5		5.444E+08
1.5		4.40536E+08
2.5		3.66779E+08
3.5		3.17588E+08
4.5		2.80903E+08
5.5		2.52209E+08
6.5		2.28574E+08
7.5		2.081E+08
8.5		1.90685E+08
9.5		1.75682E+08
10.5		1.62656E+08
11.5		1.51095E+08
12.5		1.40896E+08
13.5		1.31932E+08
14.5		1.23994E+08
15.5		1.16683E+08
16.5		1.10144E+08
17.5		1.04192E+08
18.5		9.84918E+07
19.5		9.34529E+07
20.5		8.86719E+07
21.5		8.41892E+07
22.5		8.01791E+07
23.5		7.64077E+07
24.5		7.27422E+07
25.5		6.94677E+07
26.5		6.6225E+07
27.5		6.30874E+07
28.5		6.02951E+07
29.5		5.7719E+07
30.5		5.53001E+07
31.5		5.29962E+07
32.5		5.08428E+07
33.5		4.887E+07
34.5		4.69929E+07
35.5		4.51986E+07
36.5		4.35063E+07
37.5		4.18376E+07
38.5		4.02479E+07
39.5		3.87961E+07
40.5		3.74013E+07
41.5		3.61235E+07
42.5		3.47965E+07
43.5		3.35937E+07
44.5		3.24397E+07
45.5		3.13854E+07
46.5		3.03536E+07
47.5		2.9327E+07
48.5		2.83631E+07
49.5		2.74966E+07
50.5		2.66081E+07
51.5		2.58119E+07
52.5		2.49771E+07
53.5		2.41745E+07
54.5		2.34521E+07
55.5		2.27789E+07
56.5		2.2096E+07
57.5		2.14494E+07
58.5		2.08139E+07
59.5		2.01784E+07
60.5		1.96378E+07
61.5		1.90632E+07
62.5		1.85574E+07
63.5		1.80344E+07
64.5		1.75204E+07
65.5		1.70392E+07
66.5		1.65883E+07
67.5		1.61094E+07
68.5		1.57226E+07
69.5		1.53123E+07
70.5		1.48908E+07
71.5		1.45122E+07
72.5		1.41223E+07
73.5		1.3742E+07
74.5		1.33957E+07
75.5		1.30451E+07
76.5		1.27131E+07
77.5		1.24007E+07
78.5		1.20933E+07
79.5		1.17929E+07
80.5		1.15109E+07
81.5		1.1235E+07
82.5		1.09461E+07
83.5		1.06853E+07
84.5		1.04312E+07
85.5		1.01718E+07
86.5		9.91776E+06
87.5		9.68545E+06
88.5		9.45072E+06
89.5		9.24105E+06
90.5		9.04046E+06
91.5		8.83298E+06
92.5		8.62718E+06
93.5		8.4344E+06
94.5		8.23422E+06
95.5		8.0527E+06
96.5		7.87996E+06
97.5		7.71571E+06
98.5		7.5355E+06
99.5		7.37883E+06
100.5		7.21249E+06
101.5		7.06545E+06
102.5		6.90276E+06
103.5		6.74305E+06
104.5		6.6102E+06
105.5		6.47028E+06
106.5		6.33371E+06
107.5		6.19348E+06
108.5		6.06045E+06
109.5		5.95826E+06
110.5		5.82348E+06
111.5		5.70927E+06
112.5		5.59589E+06
113.5		5.48106E+06
114.5		5.36757E+06
115.5		5.27291E+06
116.5		5.17946E+06
117.5		5.06434E+06
118.5		4.95132E+06
119.5		4.85204E+06
120.5		4.75006E+06
121.5		4.65123E+06
122.5		4.56256E+06
123.5		4.49456E+06
124.5		4.40362E+06
125.5		4.31529E+06
126.5		4.23211E+06
127.5		4.15727E+06
128.5		4.0666E+06
129.5		3.98858E+06
130.5		3.92616E+06
131.5		3.84948E+06
132.5		3.7824E+06
133.5		3.70753E+06
134.5		3.63748E+06
135.5		3.57662E+06
136.5		3.50404E+06
137.5		3.44022E+06
138.5		3.37507E+06
139.5		3.3198E+06
140.5		3.26349E+06
141.5		3.20553E+06
142.5		3.14364E+06
143.5		3.09266E+06
144.5		3.03657E+06
145.5		2.98462E+06
146.5		2.93401E+06
147.5		2.88575E+06
148.5		2.8274E+06
149.5		2.77981E+06
150.5		2.73378E+06
151.5		2.68905E+06
152.5		2.64897E+06
153.5		2.60613E+06
154.5		2.56107E+06
155.5		2.51694E+06
156.5		2.47312E+06
157.5		2.4255E+06
158.5		2.38772E+06
159.5		2.34682E+06
160.5		2.30423E+06
161.5		2.26766E+06
162.5		2.23857E+06
163.5		2.206E+06
164.5		2.16866E+06
165.5		2.13385E+06
166.5		2.09496E+06
167.5		2.06292E+06
168.5		2.02751E+06
169.5		1.99749E+06
170.5		1.96218E+06
171.5		1.93371E+06
172.5		1.89638E+06
173.5		1.87285E+06
174.5		1.84703E+06
175.5		1.81064E+06
176.5		1.78596E+06
177.5		1.76068E+06
178.5		1.73674E+06
179.5		1.70551E+06
180.5		1.6819E+06
181.5		1.65845E+06
182.5		1.63477E+06
183.5		1.61027E+06
184.5		1.57937E+06
185.5		1.55811E+06
186.5		1.53277E+06
187.5		1.50964E+06
188.5		1.48816E+06
189.5		1.46341E+06
190.5		1.43911E+06
191.5		1.42102E+06
192.5		1.40358E+06
193.5		1.37813E+06
194.5		1.35891E+06
195.5		1.33812E+06
196.5		1.31907E+06
197.5		1.29906E+06
198.5		1.2814E+06
199.5		1.26414E+06
200.5		1.2432E+06
201.5		1.22849E+06
202.5		1.20687E+06
203.5		1.18782E+06
204.5		1.17281E+06
205.5		1.1568E+06
206.5		1.14058E+06
207.5		1.12664E+06
208.5		1.11457E+06
209.5		1.09242E+06
210.5		1.07863E+06
211.5		1.0633E+06
212.5		1.05401E+06
213.5		1.0413E+06
214.5		1.02673E+06
215.5		1.01228E+06
216.5		997395
217.5		982663
218.5		968980
219.5		954275
220.5		941474
221.5		932154
222.5		922003
223.5		905864
224.5		891430
225.5		883246
226.5		870301
227.5		861205
228.5		851005
229.5		834133
230.5		825795
231.5		815619
232.5		798942
233.5		789970
234.5		779163
235.5		769822
236.5		761836
237.5		753916
238.5		741924
239.5		732915
240.5		725915
241.5		713269
242.5		703083
243.5		693408
244.5		685195
245.5		679399
246.5		670336
247.5		657563
248.5		649181
249.5		644781
250.5		636576
251.5		628583
252.5		620458
253.5		614261
254.5		607317
255.5		603041
256.5		593485
257.5		586579
258.5		578591
259.5		571985
260.5		566167
261.5		560311
262.5		551957
263.5		547582
264.5		540274
265.5		530905
266.5		526505
267.5		519770
268.5		512664
269.5		505300
270.5		499876
271.5		494803
272.5		488797
273.5		482104
274.5		478888
275.5		476407
276.5		469702
277.5		465011
278.5		459393
279.5		453291
280.5		447379
281.5		441702
282.5		436989
283.5		430616
284.5		426625
285.5		423537
286.5		418343
287.5		416096
288.5		408335
289.5		403707
290.5		399177
291.5		393992
292.5		389741
293.5		386077
294.5		381554
295.5		377179
296.5		372382
297.5		368300
298.5		364054
299.5		360221
300.5		355945
301.5		352093
302.5		349000
303.5		346628
304.5		340125
305.5		335159
306.5		332655
307.5		332014
308.5		326401
309.5		322631
310.5		319484
311.5		317762
312.5		311790
313.5		307335
314.5		305906
315.5		302408
316.5		301011
317.5		297802
318.5		294409
319.5		291242
320.5		287505
321.5		284511
322.5		282345
323.5		280848
324.5		278698
325.5		276934
326.5		271586
327.5		267541
328.5		264225
329.5		261238
330.5		260737
331.5		257075
332.5		253999
333.5		252316
334.5		249739
335.5		245770
336.5		244291
337.5		242687
338.5		238976
339.5		237282
340.5		234819
341.5		231494
342.5		229967
343.5		228253
344.5		226291
345.5		223826
346.5		221679
347.5		218651
348.5		217619
349.5		214721
350.5		211381
351.5		210475
352.5		209033
353.5		207463
354.5		204332
355.5		201418
356.5		199438
357.5		197894
358.5		195875
359.5		195766
360.5		193588
361.5		190528
362.5		187125
363.5		184821
364.5		183423
365.5		183412
366.5		182147
367.5		181182
368.5		179678
369.5		178578
370.5		176470
371.5		173681
372.5		171377
373.5		169804
374.5		168273
375.5		167461
376.5		165003
377.5		163798
378.5		161738
379.5		159891
380.5		158228
381.5		157376
382.5		155084
383.5		154391
384.5		152514
385.5		151927
386.5		150743
387.5		150049
388.5		148464
389.5		147144
390.5		146197
391.5		145070
392.5		143238
393.5		142765
394.5		141936
395.5		140933
396.5		139531
397.5		137194
398.5		136420
399.5		135757
400.5		134235
401.5		133690
402.5		132129
403.5		130476
404.5		128637
405.5		127204
406.5		126298
407.5		124590
408.5		124225
409.5		122544
410.5		121334
411.5		120215
412.5		119730
413.5		118488
414.5		118116
415.5		116764
416.5		116523
417.5		116156
418.5		115635
419.5		114377
420.5		114047
421.5		113033
422.5		111542
423.5		110391
424.5		108827
425.5		108924
426.5		106836
427.5		106242
428.5		105905
429.5		105100
430.5		103997
431.5		102814
432.5		102324
433.5		100846
434.5		99848.1
435.5		99655.5
436.5		98682.2
437.5		98432.9
438.5		96689.4
439.5		96196.7
440.5		95240.7
441.5		94793.9
442.5		94674.2
443.5		93196.3
444.5		92505.5
445.5		91346.7
446.5		90729.6
447.5		90499.6
448.5		88851.8
449.5		88635.1
450.5		88828.7
451.5		87534.4
452.5		86920.6
453.5		86431
454.5		85880.9
455.5		84860.5
456.5		84324.2
457.5		84164.3
458.5		83182.8
459.5		81737.3
460.5		81186.9
461.5		80580
462.5		79876.2
463.5		78912.4
464.5		78340.9
465.5		78169.8
466.5		77600.8
467.5		76978.6
468.5		75869.4
469.5		75703
470.5		74505.4
471.5		74008.1
472.5		73623.4
473.5		73274.1
474.5		73187.8
475.5		71324.6
476.5		70854.8
477.5		71002.5
478.5		70376.8
479.5		69286.6
480.5		69025.3
481.5		69544.1
482.5		68565
483.5		68148.6
484.5		66995.4
485.5		66739.8
486.5		65933.8
487.5		64943.5
488.5		64307.5
489.5		64434.6
490.5		64350.3
491.5		64538.5
492.5		64050
493.5		63436
494.5		62474
495.5		62405.2
496.5		61673.5
497.5		60599.3
498.5		60689.2
499.5		60612.2
500.5		60421.2
501.5		59854.9
502.5		58685.5
503.5		58253.8
504.5		58132.2
505.5		57808.5
506.5		57294.6
507.5		56774.2
508.5		56474.7
509.5		55915.6
510.5		55371.3
511.5		55500.1
512.5		54409.8
513.5		53163.7
514.5		52789.3
515.5		52342.8
516.5		52709.8
517.5		52161
518.5		51992.5
519.5		52244.6
520.5		51751.9
521.5		50906.3
522.5		50860.1
523.5		50235.5
524.5		49907.4
525.5		49318.8
526.5		49125.3
527.5		48484.8
528.5		48010.6
529.5		47829.8
530.5		47085.6
531.5		46934.1
532.5		46463.3
533.5		45973.4
534.5		46067.3
535.5		45384.9
536.5		44865
537.5		44883
538.5		44209.2
539.5		44559.7
540.5		44188.4
541.5		43956.6
542.5		43550.8
543.5		43244.6
544.5		42527.9
545.5		42266.7
546.5		42008.4
547.5		41819.2
548.5		41658.3
549.5		41605.8
550.5		41462.1
551.5		41453.2
552.5		40965.3
553.5		41297.1
554.5		40089.4
555.5		39523.4
556.5		39526.4
557.5		39451.2
558.5		38834.3
559.5		38414.8
560.5		38209.5
561.5		38331.9
562.5		38388.5
563.5		37688.1
564.5		36846.1
565.5		36713.4
566.5		36464.5
567.5		36251.4
568.5		36212.4
569.5		35903.6
570.5		35582.9
571.5		35729.9
572.5		35064.9
573.5		34933.2
574.5		34423.5
575.5		34325.8
576.5		33924.3
577.5		33783.3
578.5		33551.3
579.5		33201.4
580.5		33210
581.5		32964.1
582.5		32955.2
583.5		32499.9
584.5		32364.6
585.5		31716.1
586.5		31772.3
587.5		31558.1
588.5		31525.4
589.5		31358.9
590.5		31027.8
591.5		30717.9
592.5		30579
593.5		29947.1
594.5		30351.4
595.5		30227.6
596.5		29854
597.5		29425.8
598.5		29342.3
599.5		29184.1
600.5		29156.9
601.5		28947.4
602.5		28986.4
603.5		29074.8
604.5		28749
605.5		28476.6
606.5		28083.8
607.5		28276.1
608.5		28261.2
609.5		27739.1
610.5		27136.2
611.5		27237.7
612.5		26953
613.5		26957.7
614.5		26878.2
615.5		26330.9
616.5		26119.7
617.5		25869.1
618.5		25836.7
619.5		25806.7
620.5		25274.6
621.5		24886
622.5		24793.2
623.5		24497.2
624.5		24221.6
625.5		24164.8
626.5		24647.5
627.5		24479.7
628.5		24267.3
629.5		24088.4
630.5		24118.2
631.5		23793.2
632.5		23804.5
633.5		23714.7
634.5		23720.8
635.5		23462.4
636.5		23211.8
637.5		22746.2
638.5		22722.2
639.5		22365
640.5		22326.8
641.5		22154.1
642.5		22399.6
643.5		22249.2
644.5		22296.3
645.5		21878.3
646.5		22221.6
647.5		21522.2
648.5		21537.1
649.5		21440.8
650.5		21200.5
651.5		21192.9
652.5		20985.1
653.5		20823.5
654.5		21303.6
655.5		21102.1
656.5		20812.2
657.5		20740.7
658.5		20327.4
659.5		20046.8
660.5		20119.8
661.5		19848.9
662.5		19692.2
663.5		19510.9
664.5		19396.5
665.5		19639.8
666.5		19215
667.5		18894.5
668.5		18750.2
669.5		18666.5
670.5		18687.3
671.5		18679.5
672.5		18426.8
673.5		18484.5
674.5		18510.7
675.5		18607.7
676.5		18185.3
677.5		17901.3
678.5		17819.7
679.5		17620
680.5		17442.4
681.5		17473.9
682.5		17161.6
683.5		17274.5
684.5		17089.6
685.5		17126.2
686.5		17183.1
687.5		17195.5
688.5		16925.4
689.5		16763
690.5		17031.4
691.5		16562.2
692.5		16319.6
693.5		16096.7
694.5		16345.4
695.5		16302.9
696.5		16235
697.5		16119.6
698.5		16287.7
699.5		15914.8
700.5		15873.9
701.5		15551.9
702.5		15250.4
703.5		15377.2
704.5		15151.2
705.5		15091.3
706.5		15170.9
707.5		15173
708.5		14809.9
709.5		14580.1
710.5		14349.8
711.5		14540.7
712.5		14643.5
713.5		14608.8
714.5		14372
715.5		14118.3
716.5		14108.7
717.5		14458.6
718.5		14196.3
719.5		14048
720.5		13892.8
721.5		13831.1
722.5		13668.6
723.5		14153.5
724.5		14063.3
725.5		13704.4
726.5		13507.1
727.5		13651.3
728.5		13717.7
729.5		13566.3
730.5		13212.6
731.5		13552.2
732.5		13481.8
733.5		13249.3
734.5		13311.5
735.5		13160.6
736.5		13115.3
737.5		12946.4
738.5		13216.4
739.5		12969.3
740.5		12843.7
741.5		13040.5
742.5		12671.1
743.5		12428
744.5		12361.3
745.5		12342.1
746.5		12327.6
747.5		12493.4
748.5		12457.8
749.5		12129.2
750.5		12068.7
751.5		12144.1
752.5		11998.8
753.5		12000.2
754.5		12033.6
755.5		12100.8
756.5		11989.3
757.5		11845.2
758.5		11604
759.5		11675.8
760.5		11483.5
761.5		11338
762.5		11173.5
763.5		11470.9
764.5		11151.9
765.5		10946
766.5		10982
767.5		10834.1
768.5		10996.4
769.5		10912.9
770.5		11013
771.5		10869.1
772.5		10681.8
773.5		10804.8
774.5		10627.6
775.5		10590.2
776.5		10433.3
777.5		10248.6
778.5		10156.3
779.5		10117.2
780.5		10157.7
781.5		10158.9
782.5		10088.1
783.5		10049
784.5		9837.51
785.5		9737.52
786.5		9651.83
787.5		9619.64
788.5		9860.06
789.5		9574.86
790.5		9555.41
791.5		9568.81
792.5		9406.4
793.5		9399.21
794.5		9423.77
795.5		9355.67
796.5		9375.46
797.5		9278.07
798.5		9329.04
799.5		9406.31
800.5		9316.62
801.5		9381.28
802.5		9045.86
803.5		8915.74
804.5		8942.99
805.5		8717.05
806.5		8749.39
807.5		8676.52
808.5		8546.55
809.5		8778.83
810.5		8776.41
811.5		8532.48
812.5		8656
813.5		8629.52
814.5		8388.14
815.5		8299.71
816.5		8260.58
817.5		8146.27
818.5		8102.33
819.5		8007.6
820.5		8070.88
821.5		8101.89
822.5		7956.1
823.5		7988.38
824.5		7773.61
825.5		7686.61
826.5		7529.09
827.5		7541.32
828.5		7450.69
829.5		7410.2
830.5		7439
831.5		7725.31
832.5		7699.5
833.5		7568.73
834.5		7943.17
835.5		7624.75
836.5		7541.4
837.5		7586.2
838.5		7505.43
839.5		7423.77
840.5		7371.84
841.5		7283.02
842.5		7257.17
843.5		7310.56
844.5		7317.71
845.5		7316.07
846.5		7234.15
847.5		7171.59
848.5		7189.54
849.5		7135.62
850.5		7015.05
851.5		7024.56
852.5		7041.1
853.5		6888.98
854.5		6973.11
855.5		6811.74
856.5		6857.74
857.5		6837.25
858.5		6779.47
859.5		6748.65
860.5		6724.15
861.5		6723.15
862.5		6580.73
863.5		6625.96
864.5		6526.02
865.5		6384.93
866.5		6490.99
867.5		6334.42
868.5		6347.88
869.5		6327.85
870.5		6390.63
871.5		6320.11
872.5		6340.76
873.5		6243.68
874.5		6186.09
875.5		6127.13
876.5		6170.88
877.5		6055.91
878.5		6012.7
879.5		6127.07
880.5		6116.65
881.5		5960.61
882.5		5825.78
883.5		5777.34
884.5		6093.49
885.5		5919.93
886.5		5997.91
887.5		5968.31
888.5		5927.32
889.5		5777.82
890.5		5723.42
891.5		5659.58
892.5		5679.22
893.5		5626.64
894.5		5603.55
895.5		5595.44
896.5		5492.25
897.5		5388.7
898.5		5519.53
899.5		5463.67
900.5		5428.93
901.5		5341.98
902.5		5300.49
903.5		5383.54
904.5		5279.76
905.5		5253.95
906.5		5416.6
907.5		5306.61
908.5		5259.88
909.5		5134.8
910.5		5366.1
911.5		5159.5
912.5		5253.74
913.5		5310.3
914.5		5314.44
915.5		5226.35
916.5		5139.78
917.5		5114.94
918.5		5177.05
919.5		5139.35
920.5		5083.67
921.5		5159.03
922.5		5044.49
923.5		5080.54
924.5		4985.8
925.5		4918.22
926.5		4845.12
927.5		5007.8
928.5		4883.71
929.5		4939.3
930.5		4969.46
931.5		4930.04
932.5		4806.26
933.5		4722.35
934.5		4722.38
935.5		4697.57
936.5		4818.72
937.5		4829.14
938.5		4785.77
939.5		4671.58
940.5		4568.85
941.5		4605.53
942.5		4560.07
943.5		4482.53
944.5		4433.49
945.5		4517.04
946.5		4674.35
947.5		4497.51
948.5		4439.81
949.5		4607.05
950.5		4506.3
951.5		4465.95
952.5		4363.76
953.5		4314.34
954.5		4318.28
955.5		4307.99
956.5		4291.73
957.5		4194.96
958.5		4142.54
959.5		4296.02
960.5		4258.96
961.5		4259.03
962.5		4263
963.5		4113.03
964.5		4090.09
965.5		4049.36
966.5		4006.84
967.5		3953.41
968.5		4078.21
969.5		3934.96
970.5		4018.86
971.5		4007.22
972.5		3960.99
973.5		3932.56
974.5		3858.9
975.5		3802.82
976.5		3793.15
977.5		3721.26
978.5		3769.52
979.5		4019.63
980.5		3857.96
981.5		3824.49
982.5		3797.86
983.5		3782.11
984.5		3767.07
985.5		3794.11
986.5		3812.75
987.5		3823.47
988.5		3961.1
989.5		3828.18
990.5		3696.76
991.5		3777.87
992.5		3712.87
993.5		3805.83
994.5		3650.82
995.5		3617.93
996.5		3618.82
997.5		3522.59
998.5		3602.38
999.5		3604.85
