3.910870804640907174e-03
3.821644784395944374e-03
3.734454444460161716e-03
3.649253341046087510e-03
3.565996089975357556e-03
3.484638342503867687e-03
3.405136761698471671e-03
3.327448999352645119e-03
3.251533673428811441e-03
3.177350346015321222e-03
3.104859501786337919e-03
3.034022526953161596e-03
2.964801688695771834e-03
2.897160115063641093e-03
2.831061775335105314e-03
2.766471460824835270e-03
2.703354766129181189e-03
2.641678070799403834e-03
2.581408521433028579e-03
2.522514014173781079e-03
2.464963177610787325e-03
2.408725356067924726e-03
2.353770593274423333e-03
2.300069616408023220e-03
2.247593820502182677e-03
2.196315253209036103e-03
2.146206599909980962e-03
2.097241169165963912e-03
2.049392878499723628e-03
2.002636240502399592e-03
1.956946349257125163e-03
1.912298867072360301e-03
1.868670011517904045e-03
1.826036542756677558e-03
1.784375751165530105e-03
1.743665445238475791e-03
1.703883939765917649e-03
1.665010044283558345e-03
1.627023051784850290e-03
1.589902727690967188e-03
1.553629299072426711e-03
1.518183444116619337e-03
1.483546281835633690e-03
1.449699362008897074e-03
1.416624655355274830e-03
1.384304543929387472e-03
1.352721811737041821e-03
1.321859635564762376e-03
1.291701576018550917e-03
1.262231568767093262e-03
1.233433915984752166e-03
1.205293277989786648e-03
1.177794665073344941e-03
1.150923429514876450e-03
1.124665257779713327e-03
1.099006162894661980e-03
1.073932476997543125e-03
1.049430844056716732e-03
1.025488212756706314e-03
1.002091829546138471e-03
9.792292318442936266e-04
9.568882414026468183e-04
9.350569578178651422e-04
9.137237521928046448e-04
8.928772609421317631e-04
8.725063797392676977e-04
8.526002576014327138e-04
8.331482911096397843e-04
8.141401187605586598e-04
7.955656154472394263e-04
7.774148870657609416e-04
7.596782652449247247e-04
7.423463021961923970e-04
7.254097656811202798e-04
7.088596340936104611e-04
6.926870916543619331e-04
6.768835237149574456e-04
6.614405121690882915e-04
6.463498309684709547e-04
6.316034417410679907e-04
6.171934895092783110e-04
6.031122985058157094e-04
5.893523680850492209e-04
5.759063687276243324e-04
5.627671381362390340e-04
5.499276774204932576e-04
5.373811473687822946e-04
5.251208648052443570e-04
5.131402990298258946e-04
5.014330683395639560e-04
4.899929366292381109e-04
4.788138100695758423e-04
4.678897338612443752e-04
4.572148890629011025e-04
4.467835894916102240e-04
4.365902786939767429e-04
4.266295269863837683e-04
4.168960285627555011e-04
4.073845986683076372e-04
3.980901708377769001e-04
3.890077941966612056e-04
3.801326308240305296e-04
3.714599531755061169e-04
3.629851415650331013e-04
3.547036817041069505e-04
3.466111622971409286e-04
3.387032726916967915e-04
3.309758005823235875e-04
3.234246297667838052e-04
3.160457379534705076e-04
3.088351946188486858e-04
3.017891589137780312e-04
2.949038776176029445e-04
2.881756831389202674e-04
2.816009915619582609e-04
2.751763007375279484e-04
2.688981884175289201e-04
2.627633104320160895e-04
2.567683989078566628e-04
2.509102605280277756e-04
2.451857748306287806e-04
2.395918925467001401e-04
2.341256339759663818e-04
2.287840873996349166e-04
2.235644075294072636e-04
2.184638139918757872e-04
2.134795898474986509e-04
2.086090801433642837e-04
2.038496904989743565e-04
1.991988857242917206e-04
1.946541884693176773e-04
1.902131779044788037e-04
1.858734884311206905e-04
1.816328084214214786e-04
1.774888789870541822e-04
1.734394927759419090e-04
1.694824927964646742e-04
1.656157712684921935e-04
1.618372685006298675e-04
1.581449717930804774e-04
1.545369143655367491e-04
1.510111743095341949e-04
1.475658735647055180e-04
1.441991769183919843e-04
1.409092910280784153e-04
1.376944634661310873e-04
1.345529817863300181e-04
1.314831726116979941e-04
1.284834007431408297e-04
1.255520682884238184e-04
1.226876138110204162e-04
1.198885114983800569e-04
1.171532703491713075e-04
1.144804333790688122e-04
1.118685768446592586e-04
1.093163094850543594e-04
1.068222717808061273e-04
1.043851352297299316e-04
1.020036016392496291e-04
9.967640243488765930e-05
9.740229798453187940e-05
9.518007693811923969e-05
9.300855558238438022e-05
9.088657721032957881e-05
8.881301150508024583e-05
8.678675393779761518e-05
8.480672517932791082e-05
8.287187052527488493e-05
8.098115933418888483e-05
7.913358447857399497e-05
7.732816180842009928e-05
7.556392962697442046e-05
7.383994817847335434e-05
7.215529914756156984e-05
7.050908517013186431e-05
6.890042935532499644e-05
6.732847481843526479e-05
6.579238422447258763e-05
6.429133934213820901e-05
6.282454060797646898e-05
6.139120670047029335e-05
5.999057412385368280e-05
5.862189680141950915e-05
5.728444567810584591e-05
5.597750833214935304e-05
5.470038859559862615e-05
5.345240618348559141e-05
5.223289633145723477e-05
5.104120944167474559e-05
4.987671073679144355e-05
4.873877992182510695e-05
4.762681085374471110e-05
4.654021121859531275e-05
4.547840221598968167e-05
4.444081825079780818e-05
4.342690663187066016e-05
4.243612727763751077e-05
4.146795242842001386e-05
4.052186636530980885e-05
3.959736513545985246e-05
3.869395628364324523e-05
3.781115858993649932e-05
3.694850181338748716e-05
3.610552644153163751e-05
3.528178344562284607e-05
3.447683404144875901e-05
3.369024945560304945e-05
3.292161069709016600e-05
3.217050833414083160e-05
3.143654227611955202e-05
3.071932156040781950e-05
3.001846414414956673e-05
2.933359670074791329e-05
2.866435442100484174e-05
2.801038081879779918e-05
2.737132754118981145e-05
2.674685418287186595e-05
2.613662810483881256e-05
2.554032425720211252e-05
2.495762500604511636e-05
2.438821996422859187e-05
2.383180582605644882e-05
2.328808620571348772e-05
2.275677147938921920e-05
2.223757863100352155e-05
2.173023110145222493e-05
2.123445864129192730e-05
2.074999716678594541e-05
2.027658861923445986e-05
1.981398082751409178e-05
1.936192737375357827e-05
1.892018746207407067e-05
1.848852579032408397e-05
1.806671242474080605e-05
1.765452267747098686e-05
1.725173698688619938e-05
1.685814080062864349e-05
1.647352446132529328e-05
1.609768309490944226e-05
1.573041650149016084e-05
1.537152904871159030e-05
1.502082956754519491e-05
1.467813125045952361e-05
1.434325155191321213e-05
1.401601209111821114e-05
1.369623855702147847e-05
1.338376061545448616e-05
1.307841181840110768e-05
1.278002951533554708e-05
1.248845476658307416e-05
1.220353225865743653e-05
1.192511022152982683e-05
1.165304034778534438e-05
1.138717771362391510e-05
1.112738070166353485e-05
1.087351092550477730e-05
1.062543315601630321e-05
1.038301524930223670e-05
1.014612807631287865e-05
9.914645454061387698e-06
9.688444078409721988e-06
9.467403458388078127e-06
9.251405852012807671e-06
9.040336203568651979e-06
8.834082082321876602e-06
8.632533622631633453e-06
8.435583465427712481e-06
8.243126701023439188e-06
8.055060813233304437e-06
7.871285624765539773e-06
7.691703243860554550e-06
7.516218012146804192e-06
7.344736453686337404e-06
7.177167225182839351e-06
7.013421067325690022e-06
6.853410757244093987e-06
6.697051062045966300e-06
6.544258693416819985e-06
6.394952263254472331e-06
6.249052240315947937e-06
6.106480907853468901e-06
5.967162322216979061e-06
5.831022272401143006e-06
5.697988240515279813e-06
5.567989363155162404e-06
5.440956393656125885e-06
5.316821665207355986e-06
5.195519054807730130e-06
5.076983948043975044e-06
4.961153204672457029e-06
4.847965124986170087e-06
4.737359416949079993e-06
4.629277164080290724e-06
4.523660794070928280e-06
4.420454048117023141e-06
4.319601950952071584e-06
4.221050781563283887e-06
4.124748044575948395e-06
4.030642442290654707e-06
3.938683847358482595e-06
3.848823276079605475e-06
3.761012862311080406e-06
3.675205831969931985e-06
3.591356478117941637e-06
3.509420136614874774e-06
3.429353162327180738e-06
3.351112905879479072e-06
3.274657690936470528e-06
3.199946792003145000e-06
3.126940412731485086e-06
3.055599664722093963e-06
2.985886546809463412e-06
2.917763924819846409e-06
2.851195511790947332e-06
2.786145848642904966e-06
2.722580285290254838e-06
2.660464962184829724e-06
2.599766792279747773e-06
2.540453443404897270e-06
2.482493321044518113e-06
2.425855551507704507e-06
2.370509965482892260e-06
2.316427081967520257e-06
2.263578092564355565e-06
2.211934846136084245e-06
2.161469833810012652e-06
2.112156174324880254e-06
2.063967599711984076e-06
2.016878441302989351e-06
1.970863616056965290e-06
1.925898613199371232e-06
1.881959481165872366e-06
1.839022814844029001e-06
1.797065743106066578e-06
1.756065916626083168e-06
1.716001495975205745e-06
1.676851139988355828e-06
1.638593994396422106e-06
1.601209680717792640e-06
1.564678285403322922e-06
1.528980349228959854e-06
1.494096856930374473e-06
1.460009227074075689e-06
1.426699302159615358e-06
1.394149338947609806e-06
1.362341999008426344e-06
1.331260339486500662e-06
1.300887804075363617e-06
1.271208214198574744e-06
1.242205760391854464e-06
1.213864993881848012e-06
1.186170818356992613e-06
1.159108481926163192e-06
1.132663569260746661e-06
1.106821993916028424e-06
1.081569990827730687e-06
1.056894108979775724e-06
1.032781204239299818e-06
1.009218432355166801e-06
9.861932421161905001e-07
9.636933686654793334e-07
9.417068269672856926e-07
9.202219054229355604e-07
8.992271596323833142e-07
8.787114062981222751e-07
8.586637172681497971e-07
8.390734137148687567e-07
8.199300604467710914e-07
8.012234603499169620e-07
7.829436489562285105e-07
7.650808891356953280e-07
7.476256659096953624e-07
7.305686813826291771e-07
7.139008497892087239e-07
6.976132926547205107e-07
6.816973340657285260e-07
6.661444960486533725e-07
6.509464940538104974e-07
6.360952325424582169e-07
6.215828006745466292e-07
6.074014680948317218e-07
5.935436808151459302e-07
5.800020571905970272e-07
5.667693839875869714e-07
5.538386125415210630e-07
5.412028550021953861e-07
5.288553806648289161e-07
5.167896123848183766e-07
5.049991230742746555e-07
4.934776322785056857e-07
4.822190028305909978e-07
4.712172375822968656e-07
4.604664762095606842e-07
4.499609920908717450e-07
4.396951892568577301e-07
4.296635994094795261e-07
4.198608790092194387e-07
4.102818064287375104e-07
4.009212791714556152e-07
3.917743111536065543e-07
3.828360300482923699e-07
3.741016746901311903e-07
3.655665925391268188e-07
3.572262372023888727e-07
3.490761660124055008e-07
3.411120376605567308e-07
3.333296098846295556e-07
3.257247372090814131e-07
3.182933687368697628e-07
3.110315459916506867e-07
3.039354008092172638e-07
2.970011532770350157e-07
2.902251097207953041e-07
2.836036607368974490e-07
2.771332792698271401e-07
2.708105187333910373e-07
2.646320111748238916e-07
2.585944654807725511e-07
2.526946656242184982e-07
2.469294689513890780e-07
2.412958045077596666e-07
2.357906714022411182e-07
2.304111372086944972e-07
2.251543364039089383e-07
2.200174688412229441e-07
2.149977982589635276e-07
2.100926508229214943e-07
2.052994137020737472e-07
2.006155336768061929e-07
1.960385157788843691e-07
1.915659219624581940e-07
1.871953698053827936e-07
1.829245312401715844e-07
1.787511313139027695e-07
1.746729469764149613e-07
1.706878058961548564e-07
1.667935853030362091e-07
1.629882108577035747e-07
1.592696555465889996e-07
1.556359386021826865e-07
1.520851244479325439e-07
1.486153216672205158e-07
1.452246819958573368e-07
1.419113993375671380e-07
1.386737088019300718e-07
1.355098857642777822e-07
1.324182449470335776e-07
1.293971395220153727e-07
1.264449602332157309e-07
1.235601345395994132e-07
1.207411257774540999e-07
1.179864323418555630e-07
1.152945868868041830e-07
1.126641555436136508e-07
1.100937371571286271e-07
1.075819625393713087e-07
1.051274937402127759e-07
1.027290233346869872e-07
1.003852737265615353e-07
9.809499646780039303e-08
9.585697159355003622e-08
9.367000697230070236e-08
9.153293767087093874e-08
8.944462533388178696e-08
8.740395757738795856e-08
8.540984739634190573e-08
8.346123258557865534e-08
8.155707517400840142e-08
7.969636087172046037e-08
7.787809852969885870e-08
7.610131961186706753e-08
7.436507767917540165e-08
7.266844788546139558e-08
7.101052648480960494e-08
6.939043035015332158e-08
6.780729650285707837e-08
6.626028165303378782e-08
6.474856175034740732e-08
6.327133154506605315e-08
6.182780415912767908e-08
6.041721066699357810e-08
5.903879968606307950e-08
5.769183697643440755e-08
5.637560504979543033e-08
5.508940278723903888e-08
5.383254506579646079e-08
5.260436239349275090e-08
5.140420055272688211e-08
5.023142025178960598e-08
4.908539678433038668e-08
4.796551969659502178e-08
4.687119246225375691e-08
4.580183216464954141e-08
4.475686918629444412e-08
4.373574690545142040e-08
4.273792139963737067e-08
4.176286115589148412e-08
4.081004678765383422e-08
3.987897075810252102e-08
3.896913710980400148e-08
3.808006120053026298e-08
3.721126944510438334e-08
3.636229906313477629e-08
3.553269783250593249e-08
3.472202384849214899e-08
3.392984528836811880e-08
3.315574018138888866e-08
3.239929618401862863e-08
3.166011036028663765e-08
3.093778896715537540e-08
3.023194724478445043e-08
2.954220921158052654e-08
2.886820746392229834e-08
2.820958298045559675e-08
2.756598493085260299e-08
2.693707048893502257e-08
2.632250465006004532e-08
2.572196005267339312e-08
2.513511680393283742e-08
2.456166230931087904e-08
2.400129110608423382e-08
2.345370470062298904e-08
2.291861140939129598e-08
2.239572620357625209e-08
2.188477055726093441e-08
2.138547229906194998e-08
2.089756546715132286e-08
2.042079016758635593e-08
1.995489243587173725e-08
1.949962410167967976e-08
1.905474265665702293e-08
1.862001112524771541e-08
1.819519793846301872e-08
1.778007681053111999e-08
1.737442661836144183e-08
1.697803128375847405e-08
1.659067965832341302e-08
1.621216541098119284e-08
1.584228691807412566e-08
1.548084715596251459e-08
1.512765359607608377e-08
1.478251810235929546e-08
1.444525683105690682e-08
1.411569013278547989e-08
1.379364245683952666e-08
1.347894225768048126e-08
1.317142190355953662e-08
1.287091758722482586e-08
1.257726923866620586e-08
1.229032043985037141e-08
1.200991834140165700e-08
1.173591358118338039e-08
1.146816020473710650e-08
1.120651558753673088e-08
1.095084035901666852e-08
1.070099832833298619e-08
1.045685641181861877e-08
1.021828456209337539e-08
9.985155698791584824e-09
9.757345640869904112e-09
9.534733040459718149e-09
9.317199318228652599e-09
9.104628600216660306e-09
8.896907656113430224e-09
8.693925838943722267e-09
8.495575026129033094e-09
8.301749561893676884e-09
8.112346200985128724e-09
7.927264053678107637e-09
7.746404532033653072e-09
7.569671297384038398e-09
7.396970209016049069e-09
7.228209274024826414e-09
7.063298598311987588e-09
6.902150338701532053e-09
6.744678656148397410e-09
6.590799670014375992e-09
6.440431413387404836e-09
6.293493789420052998e-09
6.149908528664327250e-09
6.009599147379696285e-09
5.872490906792488448e-09
5.738510773284611981e-09
5.607587379490726384e-09
5.479650986282821408e-09
5.354633445622263664e-09
5.232468164259221112e-09
5.113090068260428700e-09
4.996435568346097942e-09
4.882442526017813819e-09
4.771050220459073792e-09
4.662199316191086562e-09
4.555831831466492851e-09
4.451891107384094047e-09
4.350321777708351943e-09
4.251069739377322799e-09
4.154082123683573949e-09
4.059307268112481535e-09
3.966694688823156582e-09
3.876195053757090313e-09
3.787760156360447540e-09
3.701342889905764908e-09
3.616897222399601547e-09
3.534378172062570169e-09
3.453741783368888441e-09
3.374945103632480428e-09
3.297946160127368058e-09
3.222703937729957307e-09
3.149178357071506639e-09
3.077330253188956870e-09
3.007121354662922443e-09
2.938514263231565496e-09
2.871472433869658108e-09
2.805960155322057048e-09
2.741942531081385255e-09
2.679385460799626222e-09
2.618255622123886667e-09
2.558520452946501001e-09
2.500148134060168927e-09
2.443107572208739723e-09
2.387368383524769637e-09
2.332900877344868800e-09
2.279676040394375179e-09
2.227665521332788889e-09
2.176841615651838547e-09
2.127177250918098972e-09
2.078645972352255669e-09
2.031221928737438721e-09
1.984879858648987486e-09
1.939595076998449628e-09
1.895343461884513372e-09
1.852101441743992085e-09
1.809845982795903962e-09
1.768554576772064962e-09
1.728205228927555601e-09
1.688776446324778366e-09
1.650247226384762496e-09
1.612597045699718246e-09
1.575805849100784034e-09
1.539854038975237804e-09
1.504722464827389606e-09
1.470392413077684401e-09
1.436845597094495528e-09
1.404064147453382714e-09
1.372030602418542368e-09
1.340727898641463516e-09
1.310139362071752250e-09
1.280248699075364895e-09
1.251039987755437147e-09
1.222497669471166921e-09
1.194606540550155723e-09
1.167351744189866468e-09
1.140718762543814501e-09
1.114693408988346009e-09
1.089261820565815797e-09
1.064410450600195415e-09
1.040126061481153979e-09
1.016395717612748983e-09
9.932067785230231628e-10
9.705468921307723056e-10
9.484039881659624721e-10
9.267662717402282863e-10
9.056222170640903188e-10
8.849605613074843019e-10
8.647702986003881683e-10
8.450406741702995036e-10
8.257611786134893015e-10
8.069215422969325742e-10
7.885117298879822222e-10
7.705219350088239277e-10
7.529425750129124767e-10
7.357642858805596236e-10
7.189779172310013929e-10
7.025745274482424203e-10
6.865453789181248600e-10
6.708819333740418824e-10
6.555758473488590932e-10
6.406189677305789823e-10
6.260033274194227806e-10
6.117211410839756744e-10
5.977648010141736734e-10
5.841268730688868529e-10
5.708000927159739444e-10
5.577773611626669095e-10
5.450517415742566318e-10
5.326164553790328657e-10
5.204648786575371554e-10
5.085905386141943602e-10
4.969871101294339199e-10
4.856484123904876806e-10
4.745684055990416915e-10
4.637411877540159054e-10
4.531609915077316533e-10
4.428221810938173914e-10
4.327192493251917944e-10
4.228468146605490864e-10
4.131996183377648353e-10
4.037725215726998348e-10
3.945605028219257647e-10
3.855586551078882012e-10
3.767621834051028384e-10
3.681664020859784041e-10
3.597667324249254620e-10
3.515587001593955566e-10
3.435379331065725019e-10
3.357001588344317704e-10
3.280412023859459250e-10
3.205569840552003406e-10
3.132435172142529909e-10
3.060969061895685149e-10
2.991133441869112625e-10
2.922891112635709080e-10
2.856205723468584269e-10
2.791041752978028411e-10
2.727364490190354342e-10
2.665140016058314444e-10
2.604335185393424656e-10
2.544917609210432779e-10
2.486855637474695085e-10
2.430118342243086169e-10
2.374675501189543650e-10
2.320497581506559481e-10
2.267555724173865003e-10
2.215821728586078527e-10
2.165268037531021914e-10
2.115867722510832956e-10
2.067594469397897196e-10
2.020422564418083236e-10
1.974326880453727284e-10
1.929282863659181094e-10
1.885266520381657001e-10
1.842254404380512497e-10
1.800223604338083917e-10
1.759151731655528039e-10
1.719016908527031689e-10
1.679797756286145661e-10
1.641473384017960012e-10
1.604023377431151338e-10
1.567427787983851443e-10
1.531667122257643834e-10
1.496722331573959027e-10
1.462574801847424794e-10
1.429206343670653519e-10
1.396599182625280788e-10
1.364735949814022486e-10
1.333599672608792774e-10
1.303173765609853413e-10
1.273442021811256244e-10
1.244388603967821771e-10
1.215998036159118032e-10
1.188255195545870381e-10
1.161145304314447458e-10
1.134653921805169945e-10
1.108766936820168838e-10
1.083470560106764714e-10
1.058751317012313403e-10
1.034596040306669601e-10
1.010991863168365672e-10
9.879262123308342771e-11
9.653868013849752292e-11
9.433616242345610411e-11
9.218389487009197441e-11
9.008073102735474914e-11
8.802555060032806982e-11
8.601725885348260153e-11
8.405478602754070067e-11
8.213708676964687754e-11
8.026313957653729880e-11
7.843194625041610244e-11
7.664253136724296332e-11
7.489394175715331743e-11
7.318524599673106330e-11
7.151553391286775019e-11
6.988391609793842431e-11
6.828952343604027903e-11
6.673150664003857483e-11
6.520903579917736180e-11
6.372129993700885371e-11
6.226750657940999827e-11
6.084688133245348265e-11
5.945866746991168377e-11
5.810212553016959769e-11
5.677653292233440187e-11
5.548118354133322009e-11
5.421538739179045314e-11
5.297847022048747678e-11
5.176977315720655183e-11
5.058865236377079527e-11
4.943447869108926921e-11
4.830663734402774136e-11
4.720452755392430033e-11
4.612756225857820534e-11
4.507516778953801673e-11
4.404678356652525139e-11
4.304186179882874089e-11
4.205986719351322600e-11
4.110027667028355623e-11
4.016257908285517546e-11
3.924627494668059223e-11
3.835087617288919792e-11
3.747590580829578588e-11
3.662089778134155181e-11
3.578539665383067690e-11
3.496895737833229040e-11
3.417114506111590856e-11
3.339153473049638928e-11
3.262971111046317492e-11
3.188526839947545904e-11
3.115781005430288987e-11
3.044694857879861615e-11
2.975230531749078917e-11
2.907351025388433830e-11
2.841020181336337955e-11
2.776202667059102464e-11
2.712863956130274043e-11
2.650970309839459166e-11
2.590488759220652371e-11
2.531387087490587948e-11
2.473633812887843837e-11
2.417198171903372875e-11
2.362050102893684572e-11
2.308160230067837558e-11
2.255499847839852309e-11
2.204040905538035514e-11
2.153755992463210185e-11
2.104618323287793622e-11
2.056601723788070187e-11
2.009680616901903108e-11
1.963830009104583822e-11
1.919025477095470843e-11
1.875243154788444962e-11
1.832459720599099341e-11
1.790652385022016991e-11
1.749798878491432262e-11
1.709877439518908966e-11
1.670866803101597373e-11
1.632746189394990595e-11
1.595495292644075078e-11
1.559094270367073286e-11
1.523523732785902709e-11
1.488764732497806472e-11
1.454798754382597954e-11
1.421607705740219783e-11
1.389173906653260747e-11
1.357480080569383184e-11
1.326509345098579527e-11
1.296245203020439496e-11
1.266671533496538219e-11
1.237772583483316771e-11
1.209532959340916310e-11
1.181937618633409689e-11
1.154971862116137446e-11
1.128621325905825828e-11
1.102871973829384553e-11
1.077710089947224010e-11
1.053122271247176194e-11
1.029095420505080914e-11
1.005616739308293282e-11
9.826737212383221925e-12
9.602541452090281798e-12
9.383460689567879312e-12
9.169378226792147823e-12
8.960180028189770313e-12
8.755754659894567259e-12
8.555993230389752585e-12
8.360789332504752794e-12
8.170038986735030410e-12
7.983640585855252764e-12
7.801494840795935560e-12
7.623504727755172094e-12
7.449575436516737556e-12
7.279614319947463679e-12
7.113530844646669201e-12
6.951236542721777338e-12
6.792644964663910602e-12
6.637671633298767910e-12
6.486233998787971796e-12
6.338251394657283619e-12
6.193644994827816445e-12
6.052337771627591070e-12
5.914254454761233745e-12
5.779321491215570615e-12
5.647467006080096027e-12
5.518620764261184454e-12
5.392714133070009507e-12
5.269680045663789424e-12
5.149452965321259552e-12
5.031968850533059094e-12
4.917165120888779223e-12
4.804980623742101380e-12
4.695355601636575007e-12
4.588231660474471646e-12
4.483551738412029641e-12
4.381260075464182313e-12
4.281302183802847987e-12
4.183624818732772241e-12
4.088175950329698661e-12
3.994904735725463508e-12
3.903761492025490156e-12
3.814697669844084856e-12
3.727665827443659169e-12
3.642619605463821835e-12
3.559513702227108030e-12
3.478303849608028302e-12
3.398946789452785953e-12
3.321400250536852038e-12
3.245622926048322311e-12
3.171574451584920997e-12
3.099215383653113721e-12
3.028507178657655719e-12
2.959412172370496081e-12
2.891893559868190531e-12
2.825915375926934126e-12
2.761442475864941135e-12
2.698440516821843262e-12
2.636875939465294344e-12
2.576715950114841220e-12
2.517928503273689956e-12
2.460482284558954627e-12
2.404346694021441114e-12
2.349491829845897630e-12
2.295888472423194817e-12
2.243508068785845330e-12
2.192322717398710650e-12
2.142305153296621313e-12
2.093428733561129072e-12
2.045667423128561858e-12
1.998995780921936506e-12
1.953388946299201027e-12
1.908822625810697423e-12
1.865273080258713044e-12
1.822717112052334216e-12
1.781132052850727405e-12
1.740495751488380322e-12
1.700786562175786903e-12
1.661983332969396339e-12
1.624065394504553440e-12
1.587012548985537475e-12
1.550805059426750899e-12
1.515423639139431280e-12
1.480849441458168459e-12
1.447064049701811094e-12
1.414049467363463655e-12
1.381788108524242045e-12
1.350262788485770622e-12
1.319456714616368491e-12
1.289353477406126170e-12
1.259937041726011918e-12
1.231191738286428357e-12
1.203102255290615976e-12
1.175653630278524454e-12
1.148831242156723089e-12
1.122620803410173622e-12
1.097008352491664344e-12
1.071980246384920815e-12
1.047523153337346377e-12
1.023624045758588949e-12
1.000270193281103147e-12
9.774491559790716497e-13
9.551487777419998524e-13
9.333571797995118982e-13
9.120627543938578276e-13
8.912541585968156437e-13
8.709203082676250469e-13
8.510503721487911345e-13
8.316337660965728343e-13
8.126601474431325011e-13
7.941194094872807968e-13
7.760016761109341406e-13
7.582972965183796023e-13
7.409968400955895313e-13
7.240910913867938844e-13
7.075710451856767439e-13
6.914279017385523107e-13
6.756530620570038921e-13
6.602381233374422449e-13
6.451748744851667585e-13
6.304552917405654698e-13
6.160715344050800074e-13
6.020159406646946455e-13
5.882810235087000646e-13
5.748594667415912681e-13
5.617441210859310314e-13
5.489280003741402142e-13
5.364042778271591026e-13
5.241662824180298665e-13
5.122074953184253815e-13
5.005215464262592192e-13
4.891022109725093895e-13
4.779434062054729327e-13
4.670391881506519017e-13
4.563837484445727508e-13
4.459714112408313046e-13
4.357966301867422174e-13
4.258539854689500717e-13
4.161381809264537784e-13
4.066440412294876600e-13
3.973665091227812076e-13
3.883006427316983976e-13
3.794416129298464133e-13
