6.230168084258678497e-03
6.036557454833262754e-03
5.848963529182054505e-03
5.667199330358519554e-03
5.491083691969518045e-03
5.320441077604747687e-03
5.155101405877662683e-03
4.994899880903464449e-03
4.839676828045216816e-03
4.689277534764363375e-03
4.543552096417025586e-03
4.402355266842380814e-03
4.265546313594201222e-03
4.132988877671266159e-03
4.004550837606832801e-03
3.880104177781700490e-03
3.759524860829630000e-03
3.642692704007919995e-03
3.529491259409935425e-03
3.419807697900186395e-03
3.313532696656280516e-03
3.210560330205648304e-03
3.110787964848454878e-03
3.014116156361447939e-03
2.920448550880801880e-03
2.829691788865150350e-03
2.741755412043095190e-03
2.656551773252446499e-03
2.573995949081322576e-03
2.494005655224041350e-03
2.416501164467444590e-03
2.341405227225895180e-03
2.268642994545763420e-03
2.198141943502639108e-03
2.129831804916933451e-03
2.063644493315804334e-03
1.999514039071614412e-03
1.937376522649266516e-03
1.877170010896898888e-03
1.818834495316422068e-03
1.762311832252384759e-03
1.707545684939548638e-03
1.654481467351407104e-03
1.603066289793688608e-03
1.553248906188611691e-03
1.504979662997350419e-03
1.458210449729802375e-03
1.412894650992327795e-03
1.368987100025670584e-03
1.326444033686749761e-03
1.285223048829447047e-03
1.245283060040921477e-03
1.206584258691323916e-03
1.169088073256091933e-03
1.132757130871286325e-03
1.097555220083639739e-03
1.063447254758201864e-03
1.030399239107599374e-03
9.983782338080565352e-04
9.673523231684057633e-04
9.372905833193663537e-04
9.081630513913781580e-04
8.799406956502790885e-04
8.525953865610524192e-04
8.260998687508082231e-04
8.004277338430501685e-04
7.755533941361542755e-04
7.514520570998220505e-04
7.280997006640916973e-04
7.054730492762737891e-04
6.835495507019493039e-04
6.623073535469086543e-04
6.417252854776239615e-04
6.217828321185487391e-04
6.024601166052136322e-04
5.837378797727346691e-04
5.655974609599884271e-04
5.480207794103267261e-04
5.309903162502843795e-04
5.144890970283232286e-04
4.985006747962093896e-04
4.830091137161567267e-04
4.679989731774003873e-04
4.534552924063692063e-04
4.393635755551167105e-04
4.257097772531486424e-04
4.124802886082459255e-04
3.996619236423314494e-04
3.872419061488594806e-04
3.752078569586280972e-04
3.635477816013249291e-04
3.522500583505050074e-04
3.413034266400869149e-04
3.306969758408222172e-04
3.204201343855501852e-04
3.104626592323987688e-04
3.008146256554322445e-04
2.914664173525660716e-04
2.824087168608920961e-04
2.736324962698601115e-04
2.651290082230590224e-04
2.568897771996298484e-04
2.489065910666198749e-04
2.411714928938589323e-04
2.336767730231986923e-04
2.264149613842106074e-04
2.193788200486844475e-04
2.125613360165045783e-04
2.059557142257146655e-04
1.995553707798048044e-04
1.933539263854683668e-04
1.873451999942893885e-04
1.815232026420236073e-04
1.758821314793310381e-04
1.704163639880116091e-04
1.651204523769790752e-04
1.599891181523872363e-04
1.550172468564964495e-04
1.501998829700367975e-04
1.455322249729872628e-04
1.410096205588474907e-04
1.366275619976319489e-04
1.323816816429658862e-04
1.282677475788034376e-04
1.242816594014300633e-04
1.204194441325446928e-04
1.166772522593483057e-04
1.130513538976913701e-04
1.095381350744577568e-04
1.061340941254766159e-04
1.028358382053757008e-04
9.964007990589441623e-05
9.654363397928753866e-05
9.354341416355346425e-05
9.063643010632276768e-05
8.781978438434047331e-05
8.509066961557261249e-05
8.244636566105716840e-05
7.988423691371139622e-05
7.740172967139304972e-05
7.499636959159715257e-05
7.266575922525137605e-05
7.040757562715175752e-05
6.821956804065781085e-05
6.609955565433816617e-05
6.404542542833165618e-05
6.205512998825713866e-05
6.012668558457268071e-05
5.825817011535025655e-05
5.644772121049569939e-05
5.469353437550360404e-05
5.299386119289766005e-05
5.134700757956358556e-05
4.975133209823770221e-05
4.820524432146805585e-05
4.670720324641799883e-05
4.525571575893139913e-05
4.384933514532922004e-05
4.248665965045396318e-05
4.116633108052475653e-05
3.988703344941058564e-05
3.864749166697215471e-05
3.744647026816564983e-05
3.628277218164084979e-05
3.515523753660689817e-05
3.406274250677619709e-05
3.300419819023431587e-05
3.197854952411926751e-05
3.098477423302882391e-05
3.002188181010714496e-05
2.908891252979568104e-05
2.818493649126400539e-05
2.730905269156740323e-05
2.646038812760721651e-05
2.563809692599889492e-05
2.484135949998078413e-05
2.406938173252274777e-05
2.332139418482100034e-05
2.259665132938988244e-05
2.189443080698638523e-05
2.121403270662658875e-05
2.055477886797673297e-05
1.991601220542323664e-05
1.929709605314817428e-05
1.869741353055741001e-05
1.811636692742885774e-05
1.755337710816804277e-05
1.700788293457730331e-05
1.647934070656305921e-05
1.596722362022393594e-05
1.547102124277944518e-05
1.499023900381599617e-05
1.452439770234306840e-05
1.407303302916823095e-05
1.363569510411509968e-05
1.321194802762271440e-05
1.280136944627962450e-05
1.240355013185956964e-05
1.201809357343916927e-05
1.164461558219104347e-05
