4.007651713288429285e-03
3.914721196627330216e-03
3.823945578032414069e-03
3.735274889141914408e-03
3.648660320274011923e-03
3.564054193559049958e-03
3.481409936694765568e-03
3.400682057310091926e-03
3.321826117923422274e-03
3.244798711481544379e-03
3.169557437465788784e-03
3.096060878552230836e-03
3.024268577813105183e-03
2.954141016446878119e-03
2.885639592024721953e-03
2.818726597241415308e-03
2.753365199158972973e-03
2.689519418931583892e-03
2.627154112000686104e-03
2.566234948749290638e-03
2.506728395604891461e-03
2.448601696580573073e-03
2.391822855244142912e-03
2.336360617105370276e-03
2.282184452411634666e-03
2.229264539342513257e-03
2.177571747594055345e-03
2.127077622343714978e-03
2.077754368587099009e-03
2.029574835837926784e-03
1.982512503182771568e-03
1.936541464682349847e-03
1.891636415111336940e-03
1.847772636028847341e-03
1.804925982171917340e-03
1.763072868164500869e-03
1.722190255534659367e-03
1.682255640032798800e-03
1.643247039243979617e-03
1.605142980487471102e-03
1.567922488996896816e-03
1.531565076374461582e-03
1.496050729312903326e-03
1.461359898578965975e-03
1.427473488252325789e-03
1.394372845214046598e-03
1.362039748878780604e-03
1.330456401165064318e-03
1.299605416698182154e-03
1.269469813240209398e-03
1.240033002341968827e-03
1.211278780211748817e-03
1.183191318795761811e-03
1.155755157065431037e-03
1.128955192506712023e-03
1.102776672806757112e-03
1.077205187733357421e-03
1.052226661202683607e-03
1.027827343530960443e-03
1.003993803865817777e-03
9.807129227931373795e-04
9.579718851153395899e-04
9.357581727971283530e-04
9.140595580748104828e-04
8.928640967253988984e-04
8.721601214917942433e-04
8.519362356604245207e-04
8.321813067878073775e-04
8.128844605725848906e-04
7.940350748696531303e-04
7.756227738430942131e-04
7.576374222546923901e-04
7.400691198848887917e-04
7.229081960831061030e-04
7.061452044444384117e-04
6.897709176097838700e-04
6.737763221865503962e-04
6.581526137871410772e-04
6.428911921824912020e-04
6.279836565679840438e-04
6.134218009391416773e-04
5.991976095745479456e-04
5.853032526235126204e-04
5.717310817960496614e-04
5.584736261527997259e-04
5.455235879925744583e-04
5.328738388352637339e-04
5.205174154978896382e-04
5.084475162616538483e-04
4.966574971278610784e-04
4.851408681606624528e-04
4.738912899146049571e-04
4.629025699450187593e-04
4.521686593993234720e-04
4.416836496873751392e-04
4.314417692290235416e-04
4.214373802770871470e-04
4.116649758139972136e-04
4.021191765204046743e-04
3.927947278140789906e-04
3.836864969574693154e-04
3.747894702323381405e-04
3.660987501799082959e-04
3.576095529050069867e-04
3.493172054427225973e-04
3.412171431861233274e-04
3.333049073736226147e-04
3.255761426346091489e-04
3.180265945919885000e-04
3.106521075203180272e-04
3.034486220582457332e-04
2.964121729739933311e-04
2.895388869826540372e-04
2.828249806141039575e-04
2.762667581303522796e-04
2.698606094911847031e-04
2.636030083669798556e-04
2.574905101976061438e-04
2.515197502963274160e-04
2.456874419976780625e-04
2.399903748482840971e-04
2.344254128396364113e-04
2.289894926818432385e-04
2.236796221174110915e-04
2.184928782741258247e-04
2.134264060561284857e-04
2.084774165722985640e-04
2.036431856010802557e-04
1.989210520909075305e-04
1.943084166954007835e-04
1.898027403425305633e-04
1.854015428369592167e-04
1.811024014947925059e-04
1.769029498099884668e-04
1.728008761516901248e-04
1.687939224917647612e-04
1.648798831618495514e-04
1.610566036392186589e-04
1.573219793608046462e-04
1.536739545647202408e-04
1.501105211586432431e-04
1.466297176144417281e-04
1.432296278884311156e-04
1.399083803666680156e-04
1.366641468347018051e-04
1.334951414712152442e-04
1.303996198650008364e-04
1.273758780547320515e-04
1.244222515910006733e-04
1.215371146201032159e-04
1.187188789890738258e-04
1.159659933714689772e-04
1.132769424134241586e-04
1.106502458995119268e-04
1.080844579379423582e-04
1.055781661646569829e-04
1.031299909658789707e-04
1.007385847186904686e-04
9.840263104921998362e-05
9.612084410803090398e-05
9.389196786231279615e-05
9.171477540448504237e-05
8.958806827683348385e-05
8.751067581180696844e-05
8.548145448761155726e-05
8.349928729874730050e-05
8.156308314114122055e-05
7.967177621153808222e-05
7.782432542081792963e-05
7.601971382091824608e-05
7.425694804504447534e-05
7.253505776086103141e-05
7.085309513636232372e-05
6.921013431812856958e-05
6.760527092168082852e-05
6.603762153365294585e-05
6.450632322550809447e-05
6.301053307853062631e-05
6.154942771983305187e-05
6.012220286912224913e-05
5.872807289597481700e-05
5.736627038737924735e-05
5.603604572530524602e-05
5.473666667406908463e-05
5.346741797726711797e-05
5.222760096405530705e-05
5.101653316455912710e-05
4.983354793420075387e-05
4.867799408673807189e-05
4.754923553581235225e-05
4.644665094480814933e-05
4.536963338483236750e-05
4.431759000062380588e-05
4.328994168421026952e-05
4.228612275613244956e-05
4.130558065405999540e-05
4.034777562862808877e-05
3.941218044632669869e-05
3.849828009927975831e-05
3.760557152175363901e-05
3.673356331323971151e-05
3.588177546795775553e-05
3.504973911063196686e-05
3.423699623839393329e-05
3.344309946867004055e-05
3.266761179291544526e-05
3.191010633605803929e-05
3.117016612152098665e-05
3.044738384169349150e-05
2.974136163372429408e-05
2.905171086051409906e-05
2.837805189678612897e-05
2.772001392011778017e-05
2.707723470681742240e-05
2.644936043253481154e-05
2.583604547749491644e-05
2.523695223624785445e-05
2.465175093183071995e-05
2.408011943423832716e-05
2.352174308310362870e-05
2.297631451448961518e-05
2.244353349169772642e-05
2.192310673999960072e-05
2.141474778520087910e-05
2.091817679594870199e-05
2.043312042969560333e-05
1.995931168223535264e-05
1.949648974072785802e-05
1.904439984013191987e-05
1.860279312296742369e-05
1.817142650232902147e-05
1.775006252807663374e-05
1.733846925612849443e-05
1.693642012078521510e-05
1.654369381001442909e-05
1.616007414362725372e-05
1.578534995427980381e-05
1.541931497123387776e-05
1.506176770681323962e-05
1.471251134549259130e-05
1.437135363555849605e-05
1.403810678328251857e-05
1.371258734954816708e-05
1.339461614887506399e-05
1.308401815078439358e-05
1.278062238345162660e-05
1.248426183959339254e-05
1.219477338453652223e-05
1.191199766641901984e-05
1.163577902847310453e-05
1.136596542334245430e-05
1.110240832938612996e-05
1.084496266892334302e-05
1.059348672837400868e-05
1.034784208025099918e-05
1.010789350696140207e-05
9.873508926374552016e-06
9.644559319116117500e-06
9.420918657548089717e-06
9.202463836395537370e-06
8.989074604982114197e-06
8.780633501036800748e-06
8.577025786035652829e-06
8.378139382042771154e-06
8.183864810015879055e-06
7.994095129542494799e-06
7.808725879973450759e-06
7.627655022921509529e-06
7.450782886093262409e-06
7.278012108423515531e-06
7.109247586481923718e-06
6.944396422122297896e-06
6.783367871345919950e-06
6.626073294350546145e-06
6.472426106737768773e-06
6.322341731851715649e-06
6.175737554222985313e-06
6.032532874092145197e-06
5.892648862987682480e-06
5.756008520334118097e-06
5.622536631066216332e-06
5.492159724226127010e-06
5.364806032520515021e-06
5.240405452815538275e-06
5.118889507547883328e-06
5.000191307030558320e-06
4.884245512632821382e-06
4.770988300813838628e-06
4.660357327990380768e-06
4.552291696219173130e-06
4.446731919674978091e-06
4.343619891906049606e-06
4.242898853848814718e-06
4.144513362584301815e-06
4.048409260818994663e-06
3.954533647073409569e-06
3.862834846561954775e-06
3.773262382747989026e-06
3.685766949558528654e-06
3.600300384243195635e-06
3.516815640862552207e-06
3.435266764391193792e-06
3.355608865421317551e-06
3.277798095452914612e-06
3.201791622756895393e-06
3.127547608797951228e-06
3.055025185204088523e-06
2.984184431270224803e-06
2.914986351983441863e-06
2.847392856557762268e-06
2.781366737466712718e-06
2.716871649962041547e-06
2.653872092067403175e-06
2.592333385035916761e-06
2.532221654260904852e-06
2.473503810629279587e-06
2.416147532307287553e-06
2.360121246948644562e-06
2.305394114315203850e-06
2.251936009300639159e-06
2.199717505347779190e-06
2.148709858250446297e-06
2.098884990330933133e-06
2.050215474984341955e-06
2.002674521581348478e-06
1.956235960721013512e-06
1.910874229825576119e-06
1.866564359069277809e-06
1.823281957633456829e-06
1.781003200280387322e-06
1.739704814238423403e-06
1.699364066391269794e-06
1.659958750764313259e-06
1.621467176301105601e-06
1.583868154923314493e-06
1.547140989867518343e-06
1.511265464292473822e-06
1.476221830150540136e-06
1.441990797317170736e-06
1.408553522972470812e-06
1.375891601228966934e-06
1.343987052999909060e-06
1.312822316102494384e-06
1.282380235590583536e-06
1.252644054311590189e-06
1.223597403682334406e-06
1.195224294678787260e-06
1.167509109034759215e-06
1.140436590644653779e-06
1.113991837165598307e-06
1.088160291814293292e-06
1.062927735354085122e-06
1.038280278267846965e-06
1.014204353112343228e-06
9.906867070498991922e-07
9.677143945532414544e-07
9.452747702794968763e-07
9.233554821094443861e-07
9.019444643481532346e-07
8.810299310833065999e-07
8.606003696975223465e-07
8.406445345311230345e-07
8.211514406918373473e-07
8.021103580080624853e-07
7.835108051223293598e-07
7.653425437217320610e-07
7.475955729021497803e-07
7.302601236631389166e-07
7.133266535304941185e-07
6.967858413034937402e-07
6.806285819239495888e-07
6.648459814642397071e-07
6.494293522315487822e-07
6.343702079856435812e-07
6.196602592675348447e-07
6.052914088364590259e-07
5.912557472126747721e-07
5.775455483236020855e-07
5.641532652509321518e-07
5.510715260763471565e-07
5.382931298235766523e-07
5.258110424945412874e-07
5.136183931974212083e-07
5.017084703645027544e-07
4.900747180577263099e-07
4.787107323599081489e-07
4.676102578496330428e-07
4.567671841578978293e-07
4.461755426045956708e-07
4.358295029129950018e-07
4.257233700004069716e-07
4.158515808432652079e-07
4.062087014149056776e-07
3.967894236943509898e-07
3.875885627444553151e-07
3.786010538578061709e-07
3.698219497688002842e-07
3.612464179303739035e-07
3.528697378538773521e-07
3.446872985106336439e-07
3.366945957937531703e-07
3.288872300387987009e-07
3.212609036019476692e-07
3.138114184943096189e-07
3.065346740711025333e-07
2.994266647744077572e-07
2.924834779282727201e-07
2.857012915849373906e-07
2.790763724210044947e-07
2.726050736823952310e-07
2.662838331769535542e-07
2.601091713136034418e-07
2.540776891869719788e-07
2.481860667064269314e-07
2.424310607685010963e-07
2.368095034716897897e-07
2.313183003726499053e-07
2.259544287828308710e-07
2.207149361046052148e-07
2.155969382059824862e-07
2.105976178330070656e-07
2.057142230589739277e-07
2.009440657696016423e-07
1.962845201833341069e-07
1.917330214059501853e-07
1.872870640186930861e-07
1.829442006991368235e-07
1.787020408740322752e-07
1.745582494033932972e-07
1.705105452950930451e-07
1.665567004492702167e-07
1.626945384318483201e-07
1.589219332764952382e-07
1.552368083143645198e-07
1.516371350309702343e-07
1.481209319495717593e-07
1.446862635404494023e-07
1.413312391554721069e-07
1.380540119873721586e-07
1.348527780531496617e-07
1.317257752010528807e-07
1.286712821405835853e-07
1.256876174949949840e-07
1.227731388757618245e-07
1.199262419785094133e-07
1.171453596999089092e-07
1.144289612750490971e-07
1.117755514348118899e-07
1.091836695827851612e-07
1.066518889912633337e-07
1.041788160158905402e-07
1.017630893285145831e-07
9.940337916783084860e-08
9.709838660740057432e-08
9.484684284064429206e-08
9.264750848241418055e-08
9.049917288676180722e-08
8.840065348052627480e-08
8.635079511237404887e-08
8.434846941693456698e-08
8.239257419368008396e-08
8.048203280020793617e-08
7.861579355959245973e-08
7.679282918147778162e-08
7.501213619659600358e-08
7.327273440439712515e-08
7.157366633348815634e-08
6.991399671458249656e-08
6.829281196567193288e-08
6.670921968913612503e-08
6.516234818051300773e-08
6.365134594866074059e-08
6.217538124704505193e-08
6.073364161589643738e-08
5.932533343498316274e-08
5.794968148675496779e-08
5.660592852961705243e-08
5.529333488109810253e-08
5.401117801068501974e-08
5.275875214209851507e-08
5.153536786479130311e-08
5.034035175445544450e-08
4.917304600232852113e-08
4.803280805309646781e-08
4.691901025119243934e-08
4.583103949529727268e-08
4.476829690085201383e-08
4.373019747039530208e-08
4.271616977154591470e-08
4.172565562245186751e-08
4.075810978453378587e-08
3.981299966235240516e-08
3.888980501043624683e-08
3.798801764690716401e-08
3.710714117374639382e-08
3.624669070354747913e-08
3.540619259260465928e-08
3.458518418019118573e-08
3.378321353388291176e-08
3.299983920078746210e-08
3.223462996454223962e-08
3.148716460794661050e-08
3.075703168109891034e-08
3.004382927490953521e-08
2.934716479986601421e-08
2.866665476992827931e-08
2.800192459143459174e-08
2.735260835690285551e-08
2.671834864361302174e-08
2.609879631686032372e-08
2.549361033777022122e-08
2.490245757557030640e-08
2.432501262421500948e-08
2.376095762326250907e-08
2.320998208290539278e-08
2.267178271305810940e-08
2.214606325640806205e-08
2.163253432533769161e-08
2.113091324262809564e-08
2.064092388585663087e-08
2.016229653540228701e-08
1.969476772597594523e-08
1.923808010159316707e-08
1.879198227390998210e-08
1.835622868384372417e-08
1.793057946640233245e-08
1.751480031864840562e-08
1.710866237072465483e-08
1.671194205987031272e-08
1.632442100735855869e-08
1.594588589828783309e-08
1.557612836416047880e-08
1.521494486818413049e-08
1.486213659323294447e-08
1.451750933240651486e-08
1.418087338212683296e-08
1.385204343771399424e-08
1.353083849138332772e-08
1.321708173260791112e-08
1.291060045079129235e-08
1.261122594019726582e-08
1.231879340708407368e-08
1.203314187899198134e-08
1.175411411613445121e-08
1.148155652484376991e-08
1.121531907302393026e-08
1.095525520756392956e-08
1.070122177366610357e-08
1.045307893604517245e-08
1.021069010195438962e-08
9.973921845996743202e-09
9.742643836679557970e-09
9.516728764672268823e-09
9.296052272727603201e-09
9.080492887227935158e-09
8.869931951318886544e-09
8.664253559593438533e-09
8.463344494290680343e-09
8.267094162973859637e-09
8.075394537653696120e-09
7.888140095323278858e-09
7.705227759871835628e-09
7.526556845345489786e-09
7.352029000523577603e-09
7.181548154780269429e-09
7.015020465201509408e-09
6.852354264928212401e-09
6.693460012697360711e-09
6.538250243553034455e-09
6.386639520700482303e-09
6.238544388476548544e-09
6.093883326410702227e-09
5.952576704351192034e-09
5.814546738631873770e-09
5.679717449255382271e-09
5.548014618069161574e-09
5.419365747911371808e-09
5.293700022704023764e-09
5.170948268471597043e-09
5.051042915263502749e-09
4.933917959959517645e-09
4.819508929937723668e-09
4.707752847584853139e-09
4.598588195629648086e-09
4.491954883280049690e-09
4.387794213145603820e-09
4.286048848926911977e-09
4.186662783854241522e-09
4.089581309858060873e-09
3.994750987454411789e-09
3.902119616328605718e-09
3.811636206601048847e-09
3.723250950759309857e-09
3.636915196241091956e-09
3.552581418652923827e-09
3.470203195609900258e-09
3.389735181181968257e-09
3.311133080932827283e-09
3.234353627537598235e-09
3.159354556965879902e-09
3.086094585217106884e-09
3.014533385595316939e-09
2.944631566510935383e-09
2.876350649797266820e-09
2.809653049529794818e-09
2.744502051336644064e-09
2.680861792188754742e-09
2.618697240658733732e-09
2.557974177637440666e-09
2.498659177497730878e-09
2.440719589694996028e-09
2.384123520794311556e-09
2.328839816914391755e-09
2.274838046578609526e-09
2.222088483963696443e-09
2.170562092536837624e-09
2.120230509072233217e-09
2.071066028038268654e-09
2.023041586346719525e-09
1.976130748455613379e-09
1.930307691817496932e-09
1.885547192665164417e-09
1.841824612126977502e-09
1.799115882664143547e-09
1.757397494822507160e-09
1.716646484291513000e-09
1.676840419263280253e-09
1.637957388084784218e-09
1.599975987196359010e-09
1.562875309349904155e-09
1.526634932100258901e-09
1.491234906563472543e-09
1.456655746435731166e-09
1.422878417266936056e-09
1.389884325982979973e-09
1.357655310651012481e-09
1.326173630482014915e-09
1.295421956065202643e-09
1.265383359828882081e-09
1.236041306722484849e-09
1.207379645114688170e-09
1.179382597902585657e-09
1.152034753827015692e-09
1.125321058989287618e-09
1.099226808564597406e-09
1.073737638707614343e-09
1.048839518645756653e-09
1.024518742955805910e-09
1.000761924019626943e-09
9.775559846548045906e-10
9.548881509161842410e-10
9.327459450643219157e-10
9.111171786969838473e-10
8.899899460399232022e-10
8.693526173932161823e-10
8.491938327295811898e-10
8.295024954411346233e-10
8.102677662311548469e-10
7.914790571474732316e-10
7.731260257542335928e-10
7.551985694387923619e-10
7.376868198506307886e-10
7.205811374692267700e-10
7.038721062978752696e-10
6.875505286805618807e-10
6.716074202390182888e-10
6.560340049271793747e-10
6.408217102003237397e-10
6.259621622962221372e-10
6.114471816257201414e-10
5.972687782701986521e-10
5.834191475834410323e-10
5.698906658954904787e-10
5.566758863161171012e-10
5.437675346356055937e-10
5.311585053205911274e-10
5.188418576027493687e-10
5.068108116581745485e-10
4.950587448753606711e-10
4.835791882097161560e-10
4.723658226226123054e-10
4.614124756030070410e-10
4.507131177697196290e-10
4.402618595524949278e-10
4.300529479500398932e-10
4.200807633632130613e-10
4.103398165016657050e-10
4.008247453622053402e-10
3.915303122772258761e-10
3.824514010315807049e-10
3.735830140463098736e-10
3.649202696276720791e-10
3.564583992799653167e-10
3.481927450806651441e-10
3.401187571164162981e-10
3.322319909784917192e-10
3.245281053163210533e-10
3.170028594477506619e-10
3.096521110247166175e-10
3.024718137530471059e-10
2.954580151651390398e-10
2.886068544442816075e-10
2.819145602994298250e-10
2.753774488892630606e-10
2.689919217943709432e-10
2.627544640364708479e-10
2.566616421435516377e-10
2.507101022598837859e-10
2.448965682998555425e-10
2.392178401446183865e-10
2.336707918805490426e-10
2.282523700785575996e-10
2.229595921132998545e-10
2.177895445213560169e-10
2.127393813974882323e-10
2.078063228280825631e-10
2.029876533609170449e-10
1.982807205104135948e-10
1.936829332975502598e-10
1.891917608236305372e-10
1.848047308771244349e-10
1.805194285728139340e-10
1.763334950224974077e-10
1.722446260365116095e-10
1.682505708553700426e-10
1.643491309108085031e-10
1.605381586155608819e-10
1.568155561811982054e-10
1.531792744633793564e-10
1.496273118338789239e-10
1.461577130787700128e-10
1.427685683221590240e-10
1.394580119748718219e-10
1.362242217075234014e-10
1.330654174473975880e-10
1.299798603985879091e-10
1.269658520848597985e-10
1.240217334147069361e-10
1.211458837680876807e-10
1.183367201043380763e-10
1.155926960907708234e-10
1.129123012514821814e-10
1.102940601358928684e-10
1.077365315065728277e-10
1.052383075458970714e-10
1.027980130810981377e-10
1.004143048272883224e-10
9.808587064803477390e-11
9.581142883308072412e-11
9.358972739281469663e-11
9.141954336910146387e-11
8.929968216209024334e-11
8.722897687263645780e-11
8.520628765996993349e-11
8.323050111425789397e-11
8.130052964371724671e-11
7.941531087593862109e-11
7.757380707309269412e-11
7.577500456069682416e-11
7.401791316962743104e-11
7.230156569107231155e-11
7.062501734411915983e-11
6.898734525569245963e-11
6.738764795254818840e-11
6.582504486504886575e-11
6.429867584244495562e-11
6.280770067939620548e-11
6.135129865347201160e-11
5.992866807337645231e-11
5.853902583764899514e-11
5.718160700359910184e-11
5.585566436623452580e-11
5.456046804695561400e-11
5.329530509178591580e-11
5.205947907891950133e-11
5.085230973536846874e-11
4.967313256249974784e-11
4.852129847025509650e-11
4.739617341985272923e-11
4.629713807477485265e-11
4.522358745984661070e-11
4.417493062822202987e-11
4.315059033609112038e-11
4.215000272493018592e-11
4.117261701112014137e-11
4.021789518276212247e-11
3.928531170352330364e-11
3.837435322335011779e-11
3.748451829588938747e-11
3.661531710246256179e-11
3.576627118243930044e-11
3.493691316986447202e-11
3.412678653619166467e-11
3.333544533898243956e-11
3.256245397643274864e-11
3.180738694759153773e-11
3.106982861813937320e-11
3.034937299159823329e-11
2.964562348584706195e-11
2.895819271481841376e-11
2.828670227525834563e-11
2.763078253843035421e-11
2.699007244664948890e-11
2.636421931453449648e-11
2.575287863486854424e-11
2.515571388896173464e-11
2.457239636141097685e-11
2.400260495915516147e-11
2.344602603472656453e-11
2.290235321359988434e-11
2.237128722554564689e-11
2.185253573989374242e-11
2.134581320461706947e-11
2.085084068914649052e-11
2.036734573083069759e-11
1.989506218495634075e-11
1.943373007824593091e-11
1.898309546575316722e-11
1.854291029107593406e-11
1.811293224981143567e-11
1.769292465617719010e-11
1.728265631272493868e-11
1.688190138307566150e-11
1.649043926760565009e-11
1.610805448201518828e-11
1.573453653871304960e-11
1.536967983095140567e-11
1.501328351964770163e-11
1.466515142283043893e-11
1.432509190764901444e-11
1.399291778488743531e-11
1.366844620592409086e-11
1.335149856208088740e-11
1.304190038630627964e-11
1.273948125713811034e-11
1.244407470489333978e-11
1.215551812003329096e-11
1.187365266365331749e-11
1.159832318004848645e-11
1.132937811130650162e-11
1.106666941388111031e-11
1.081005247710002879e-11
1.055938604356252145e-11
1.031453213138284801e-11
1.007535595823670758e-11
9.841725867168921553e-12
9.613513254121658589e-12
9.390592497142810430e-12
9.172840887236258255e-12
8.960138560815420232e-12
8.752368433723123718e-12
8.549416136781438469e-12
8.351169952836000664e-12
8.157520755260176607e-12
7.968361947885163020e-12
7.783589406323166122e-12
7.603101420650895375e-12
7.426798639422418877e-12
7.254584014980130891e-12
7.086362750033866422e-12
6.922042245478782580e-12
6.761532049423232303e-12
6.604743807398607290e-12
6.451591213723718266e-12
6.301989963996935858e-12
6.155857708690063328e-12
6.013114007818073224e-12
5.873680286660178462e-12
5.737479792507569456e-12
5.604437552414097231e-12
5.474480331926655858e-12
5.347536594772532062e-12
5.223536463481539212e-12
5.102411680921252077e-12
4.984095572724158763e-12
4.868523010586144847e-12
4.755630376415853123e-12
4.645355527315530314e-12
4.537637761373815366e-12
4.432417784251760028e-12
4.329637676543655124e-12
4.229240861894707713e-12
4.131172075858006865e-12
4.035377335473637513e-12
3.941803909553265460e-12
3.850400289653634595e-12
3.761116161723279261e-12
3.673902378406626308e-12
3.588710931990337044e-12
3.505494927976969161e-12
3.424208559271428428e-12
3.344807080965984117e-12
3.267246785709983983e-12
3.191484979650682935e-12
3.117479958932026442e-12
3.045190986738269283e-12
2.974578270870028411e-12
2.905602941840249529e-12
2.838227031478104562e-12
2.772413452029023424e-12
2.708125975739366375e-12
2.645329214914485225e-12
2.583988602439201114e-12
2.524070372750018229e-12
2.465541543248474797e-12
2.408369896145569484e-12
2.352523960727145578e-12
2.297972996030515606e-12
2.244686973922786752e-12
2.192636562571567552e-12
2.141793110298966583e-12
2.092128629809981254e-12
2.043615782786601804e-12
1.996227864839186644e-12
1.949938790806711222e-12
1.904723080397960295e-12
1.860555844165633342e-12
1.817412769805695124e-12
1.775270108774420962e-12
1.734104663215769843e-12
1.693893773191888924e-12
1.654615304209713367e-12
1.616247635036835419e-12
1.578769645799840136e-12
1.542160706358680312e-12
1.506400664950600620e-12
1.471469837097395784e-12
1.437348994769887598e-12
1.404019355803663097e-12
1.371462573560239402e-12
1.339660726827970990e-12
1.308596309957132080e-12
1.278252223223772415e-12
1.248611763416971791e-12
1.219658614644407054e-12
1.191376839351099460e-12
1.163750869546423732e-12
1.136765498234551043e-12
1.110405871043603161e-12
1.084657478048911908e-12
1.059506145785880704e-12
1.034938029448071758e-12
1.010939605266168330e-12
9.874976630636949577e-13
9.645992989853365078e-13
9.422319083938806983e-13
9.203831789318667036e-13
8.990410837441241234e-13
8.781938748574666754e-13
8.578300767139023095e-13
8.379384798537920230e-13
8.185081347455011296e-13
7.995283457581000665e-13
7.809886652738580176e-13
7.628788879372421391e-13
7.451890450372762323e-13
7.279093990201624908e-13
7.110304381291454764e-13
6.945428711686698781e-13
6.784376223899441908e-13
6.627058264951130271e-13
6.473388237572485476e-13
6.323281552535260896e-13
6.176655582089211012e-13
6.033429614478813176e-13
5.893524809514657777e-13
5.756864155175063996e-13
5.623372425214030646e-13
5.492976137752186970e-13
5.365603514827922206e-13
5.241184442886560391e-13
5.119650434185514499e-13
5.000934589094604090e-13
4.884971559270442963e-13
4.771697511684787790e-13
4.661050093486991168e-13
4.552968397681248782e-13
4.447392929599719618e-13
4.344265574153084382e-13
4.243529563840486414e-13
4.145129447501345171e-13
4.049011059791613106e-13
3.955121491367968200e-13
3.863409059763315209e-13
3.773823280937646266e-13
3.686314841488588614e-13
3.600835571506339375e-13
3.517338418058050221e-13
3.435777419287051003e-13
3.356107679112725946e-13
3.278285342516937347e-13
3.202267571403632822e-13
3.128012521018170192e-13
3.055479316913444907e-13
2.984628032450136631e-13
2.915419666818683440e-13
2.847816123570890962e-13
2.781780189649354398e-13
2.717275514903145011e-13
2.654266592078537291e-13
