4.043541684526477491e-03
3.949222177474484390e-03
3.857102763831833994e-03
3.767132124299252607e-03
3.679260136649583311e-03
3.593437847804927063e-03
3.509617446565110009e-03
3.427752236972282131e-03
3.347796612296817954e-03
3.269706029630017451e-03
3.193436985069457012e-03
3.118946989483167322e-03
3.046194544839134644e-03
2.975139121086938995e-03
2.905741133578648022e-03
2.837961921016398086e-03
2.771763723914359451e-03
2.707109663563102113e-03
2.643963721484639002e-03
2.582290719366697827e-03
2.522056299465045160e-03
2.463226905462946592e-03
2.405769763777098301e-03
2.349652865299614764e-03
2.294844947565902356e-03
2.241315477338487114e-03
2.189034633597086547e-03
2.137973290925458680e-03
2.088103003285767065e-03
2.039395988171425599e-03
1.991825111129591225e-03
1.945363870644685770e-03
1.899986383374525261e-03
1.855667369730828499e-03
1.812382139796077027e-03
1.770106579568874686e-03
1.728817137530149275e-03
1.688490811522710749e-03
1.649105135936855407e-03
1.610638169194879201e-03
1.573068481527525484e-03
1.536375143035559505e-03
1.500537712029820009e-03
1.465536223643246856e-03
1.431351178708546636e-03
1.397963532895297230e-03
1.365354686100438879e-03
1.333506472086242855e-03
1.302401148359984360e-03
1.272021386289682015e-03
1.242350261450397494e-03
1.213371244195715929e-03
1.185068190449157155e-03
1.157425332710384537e-03
1.130427271271204105e-03
1.104058965636458157e-03
1.078305726145034832e-03
1.053153205786325512e-03
1.028587392207572920e-03
1.004594599907652781e-03
9.811614626129446220e-04
9.582749258310434021e-04
9.359222395781617273e-04
9.140909512761721985e-04
8.927688988153348239e-04
8.719442037788413882e-04
8.516052648254040808e-04
8.317407512262025302e-04
8.123395965525870895e-04
7.933909925110220907e-04
7.748843829218359392e-04
7.568094578384225533e-04
7.391561478036169294e-04
7.219146182400477387e-04
7.050752639713397897e-04
6.886287038711145451e-04
6.725657756368078966e-04
6.568775306853936796e-04
6.415552291681700424e-04
6.265903351018297512e-04
6.119745116131029491e-04
5.976996162943245313e-04
5.837576966673359768e-04
5.701409857531964222e-04
5.568418977452347903e-04
5.438530237830321423e-04
5.311671278249794747e-04
5.187771426171128861e-04
5.066761657559783454e-04
4.948574558433355402e-04
4.833144287305550057e-04
4.720406538506208500e-04
4.610298506356898772e-04
4.502758850182179799e-04
4.397727660136980599e-04
4.295146423831114205e-04
4.194957993732283986e-04
4.097106555329472393e-04
4.001537596038918197e-04
3.908197874835424995e-04
3.817035392592016386e-04
3.727999363111476937e-04
3.641040184833585838e-04
3.556109413202326094e-04
3.473159733677635107e-04
3.392144935376708637e-04
3.313019885330112987e-04
3.235740503338437849e-04
3.160263737415400080e-04
3.086547539803796529e-04
3.014550843550885132e-04
2.944233539630180586e-04
2.875556454596893256e-04
2.808481328764595559e-04
2.742970794890916392e-04
2.678988357360432247e-04
2.616498371853121516e-04
2.555466025487084609e-04
2.495857317424443373e-04
2.437639039929636329e-04
2.380778759869537416e-04
2.325244800645114571e-04
2.271006224544533684e-04
2.218032815507913250e-04
2.166295062294086278e-04
2.115764142040034207e-04
2.066411904203794181e-04
2.018210854881930807e-04
1.971134141492801996e-04
1.925155537817116588e-04
1.880249429387425100e-04
1.836390799218416952e-04
1.793555213870078882e-04
1.751718809835933483e-04
1.710858280248793407e-04
1.670950861896610654e-04
1.631974322541199923e-04
1.593906948532756974e-04
1.556727532713290843e-04
1.520415362602206674e-04
1.484950208857486499e-04
1.450312314006009116e-04
1.416482381436759452e-04
1.383441564650770216e-04
1.351171456761829500e-04
1.319654080242085783e-04
1.288871876906853148e-04
1.258807698133024126e-04
1.229444795305656673e-04
1.200766810487392480e-04
1.172757767305529817e-04
1.145402062051657061e-04
1.118684454988902129e-04
1.092590061861942760e-04
1.067104345605058657e-04
1.042213108243597846e-04
1.017902482984352517e-04
9.941589264904300343e-05
9.709692113363259283e-05
9.483204186389828283e-05
9.261999308607438196e-05
9.045954247801772955e-05
8.834948646268705834e-05
8.628864953763548098e-05
8.427588362014375850e-05
8.231006740762855428e-05
8.039010575297013666e-05
7.851492905441068810e-05
7.668349265968452968e-05
7.489477628404669256e-05
7.314778344187746254e-05
7.144154089154461644e-05
6.977509809321485437e-05
6.814752667931281611e-05
6.655791993733159982e-05
6.500539230470744217e-05
6.348907887547677593e-05
6.200813491844140238e-05
6.056173540657242888e-05
5.914907455739160450e-05
5.776936538407367340e-05
5.642183925701943129e-05
5.510574547565604719e-05
5.382035085022505576e-05
5.256493929332579744e-05
5.133881142098631225e-05
5.014128416303996802e-05
4.897169038259011509e-05
4.782937850435123978e-05
4.671371215165926290e-05
4.562406979194924713e-05
4.455984439050235504e-05
4.352044307226967290e-05
4.250528679158414050e-05
4.151381000957704532e-05
4.054546037911886620e-05
3.959969843710927300e-05
3.867599730394458531e-05
3.777384238999579761e-05
3.689273110893295489e-05
3.603217259773667722e-05
3.519168744324051838e-05
3.437080741505230933e-05
3.356907520470503594e-05
3.278604417089246942e-05
3.202127809064724104e-05
3.127435091632324067e-05
3.054484653824629878e-05
2.983235855290147559e-05
2.913649003652743927e-05
2.845685332399224023e-05
2.779306979282675035e-05
2.714476965229586792e-05
2.651159173738974398e-05
2.589318330762054504e-05
2.528919985051227636e-05
2.469930488967451716e-05
2.412316979735289101e-05
2.356047361135219469e-05
2.301090285622976232e-05
2.247415136865977566e-05
2.194992012687102352e-05
2.143791708406337829e-05
2.093785700570977178e-05
2.044946131065342756e-05
1.997245791591148930e-05
1.950658108509897964e-05
1.905157128038820013e-05
1.860717501792145053e-05
1.817314472659627091e-05
1.774923861014483873e-05
1.733522051243030241e-05
1.693085978588532232e-05
1.653593116301937843e-05
1.615021463092324971e-05
1.577349530870091063e-05
1.540556332776033658e-05
1.504621371489669748e-05
1.469524627810268399e-05
1.435246549504254572e-05
1.401768040412745063e-05
1.369070449813169590e-05
1.337135562029033404e-05
1.305945586282056851e-05
1.275483146781009485e-05
1.245731273041739618e-05
1.216673390432991348e-05
1.188293310942761856e-05
1.160575224160028864e-05
1.133503688466846852e-05
1.107063622435889257e-05
1.081240296428660056e-05
1.056019324389677440e-05
1.031386655832069818e-05
1.007328568010111997e-05
9.838316582743511661e-06
9.608828366050502643e-06
9.384693183197997824e-06
9.165786169512269956e-06
8.951985372908483380e-06
8.743171685951707674e-06
8.539228779502736730e-06
8.340043037911647089e-06
8.145503495723061053e-06
7.955501775857801787e-06
7.769932029236527137e-06
7.588690875811664992e-06
7.411677346974916605e-06
7.238792829308080470e-06
7.069941009645986988e-06
6.905027821420853377e-06
6.743961392258274599e-06
6.586651992795518410e-06
6.433011986693730289e-06
6.282955781816105474e-06
6.136399782544944232e-06
5.993262343210896119e-06
5.853463722608544317e-06
5.716926039572930933e-06
5.583573229592346633e-06
5.453331002433129838e-06
5.326126800752917787e-06
5.201889759679298323e-06
5.080550667331293207e-06
4.962041926261771225e-06
4.846297515799202761e-06
4.733252955267858693e-06
4.622845268065904576e-06
4.515012946581458605e-06
4.409695917926958777e-06
4.306835510472856417e-06
4.206374421161891225e-06
4.108256683585861145e-06
4.012427636806971457e-06
3.918833894906487874e-06
3.827423317243675886e-06
3.738144979408509640e-06
3.650949144851906805e-06
3.565787237177732492e-06
3.482611813081101592e-06
3.401376535917951057e-06
3.322036149891098851e-06
3.244546454838452266e-06
3.168864281609293013e-06
3.094947468014959909e-06
3.022754835340474900e-06
2.952246165404079126e-06
2.883382178151859178e-06
2.816124509775024445e-06
2.750435691337599741e-06
2.686279127902655695e-06
2.623619078145431455e-06
2.562420634442021512e-06
2.502649703422491102e-06
2.444272986977619687e-06
2.387257963708672312e-06
2.331572870809891712e-06
2.277186686373574743e-06
2.224069112107918977e-06
2.172190556457972268e-06
2.121522118120330680e-06
2.072035569942345314e-06
2.023703343196910331e-06
1.976498512224045455e-06
1.930394779430747582e-06
1.885366460640712950e-06
1.841388470785808726e-06
1.798436309931287428e-06
1.756486049626999134e-06
1.715514319576954041e-06
1.675498294619843299e-06
1.636415682013239805e-06
1.598244709014425268e-06
1.560964110750887934e-06
1.524553118373763834e-06
1.488991447487606430e-06
1.454259286850040871e-06
1.420337287335018290e-06
1.387206551153503521e-06
1.354848621325603501e-06
1.323245471398273174e-06
1.292379495402856020e-06
1.262233498046881716e-06
1.232790685134657764e-06
1.204034654211283856e-06
1.175949385424937303e-06
1.148519232602273867e-06
1.121728914532022299e-06
1.095563506451898970e-06
1.070008431734078890e-06
1.045049453764631549e-06
1.020672668012371959e-06
9.968644942827007309e-07
9.736116691521524889e-07
9.509012385793931038e-07
9.287205506885880269e-07
9.070572487211052937e-07
8.858992641516132219e-07
8.652348099647651804e-07
8.450523740887130385e-07
8.253407129817739121e-07
8.060888453687173392e-07
7.872860461231373695e-07
7.689218402925384820e-07
7.509859972627925157e-07
7.334685250587019366e-07
7.163596647775215482e-07
6.996498851523220950e-07
6.833298772421571331e-07
6.673905492461047633e-07
6.518230214382588931e-07
6.366186212208787363e-07
6.217688782929280225e-07
6.072655199313025166e-07
5.931004663821382591e-07
5.792658263596204617e-07
5.657538926497777974e-07
5.525571378168370266e-07
5.396682100097169299e-07
5.270799288663480868e-07
5.147852815135302419e-07
5.027774186600866452e-07
4.910496507811587126e-07
4.795954443915058512e-07
4.684084184057238341e-07
4.574823405833792872e-07
4.468111240570512322e-07
4.363888239413680893e-07
4.262096340211415705e-07
4.162678835167457949e-07
4.065580339249583577e-07
3.970746759334803483e-07
3.878125264074359578e-07
3.787664254461644387e-07
3.699313335086591097e-07
3.613023286060644222e-07
3.528746035596609569e-07
3.446434633228034718e-07
3.366043223653375304e-07
3.287527021190172712e-07
3.210842284825178224e-07
3.135946293846451796e-07
3.062797324043818878e-07
2.991354624464521868e-07
2.921578394711068473e-07
2.853429762768577829e-07
2.786870763349401708e-07
2.721864316742804466e-07
2.658374208158041279e-07
2.596365067549279003e-07
2.535802349911082488e-07
2.476652316033560791e-07
2.418882013706428669e-07
2.362459259361446275e-07
2.307352620143140415e-07
2.253531396397673675e-07
2.200965604570225369e-07
2.149625960501300643e-07
2.099483863112637688e-07
2.050511378473692672e-07
2.002681224239784734e-07
1.955966754453204914e-07
1.910341944698903670e-07
1.865781377606384045e-07
1.822260228689815102e-07
1.779754252518433402e-07
1.738239769209507077e-07
1.697693651236391926e-07
1.658093310544303461e-07
1.619416685966592942e-07
1.581642230934599223e-07
1.544748901474133358e-07
1.508716144481987278e-07
1.473523886275903079e-07
1.439152521411598037e-07
1.405582901760683449e-07
1.372796325843314334e-07
1.340774528409687094e-07
1.309499670264561782e-07
1.278954328329113729e-07
1.249121485934626045e-07
1.219984523342585538e-07
1.191527208485891040e-07
1.163733687926059228e-07
1.136588478021333186e-07
1.110076456300823520e-07
1.084182853039855531e-07
1.058893243031812426e-07
1.034193537551925177e-07
1.010069976508514096e-07
9.865091207772931461e-08
9.634978447145108371e-08
9.410233288447010064e-08
9.190730527190187574e-08
8.976347879401613070e-08
8.766965913499735566e-08
8.562467983759761003e-08
8.362740165330889929e-08
8.167671190769218733e-08
7.977152388051271665e-08
7.791077620033215613e-08
7.609343225322396438e-08
7.431847960528097731e-08
7.258492943859228862e-08
7.089181600037784753e-08
6.923819606497234773e-08
6.762314840835780355e-08
6.604577329495475757e-08
6.450519197638300344e-08
6.300054620191525439e-08
6.153099774035002030e-08
6.009572791303609701e-08
5.869393713779092500e-08
5.732484448345731141e-08
5.598768723484957351e-08
5.468172046784926783e-08
5.340621663441066862e-08
5.216046515724746908e-08
5.094377203397372675e-08
4.975545945047773938e-08
4.859486540331527321e-08
4.746134333091074277e-08
4.635426175336016242e-08
4.527300392063724711e-08
4.421696746900427128e-08
4.318556408543828808e-08
4.217821917988485938e-08
4.119437156515605976e-08
4.023347314429631319e-08
3.929498860523957557e-08
3.837839512258970679e-08
3.748318206635702826e-08
3.660885071748832944e-08
3.575491399003302015e-08
3.492089615978993862e-08
3.410633259928318310e-08
3.331076951892078766e-08
3.253376371419022167e-08
3.177488231875137601e-08
3.103370256328890351e-08
3.030981153998905002e-08
2.960280597251077140e-08
2.891229199132253940e-08
2.823788491427906223e-08
2.757920903231704535e-08
2.693589740014907864e-08
2.630759163184023508e-08
2.569394170115309434e-08
2.509460574654943587e-08
2.450924988074093566e-08
2.393754800468218689e-08
2.337918162590215710e-08
2.283383968107383433e-08
2.230121836272200632e-08
2.178102094997362702e-08
2.127295764325612406e-08
2.077674540285114890e-08
2.029210779121458612e-08
1.981877481897459813e-08
1.935648279452149988e-08
1.890497417710671570e-08
1.846399743336773296e-08
1.803330689720017260e-08
1.761266263289840094e-08
1.720183030148828779e-08
1.680058103017813101e-08
1.640869128485478034e-08
1.602594274555361121e-08
1.565212218483369579e-08
1.528702134898960470e-08
1.493043684203430676e-08
1.458217001238828938e-08
1.424202684221151107e-08
1.390981783931705585e-08
1.358535793160597447e-08
1.326846636396430828e-08
1.295896659756544008e-08
1.265668621152096628e-08
1.236145680682589178e-08
1.207311391254438082e-08
1.179149689418361905e-08
1.151644886420523751e-08
1.124781659462384910e-08
1.098545043164451736e-08
1.072920421229136481e-08
1.047893518298074724e-08
1.023450391999394572e-08
9.995774251804923625e-09
9.762613183219648911e-09
9.534890821285255323e-09
9.312480302927142560e-09
9.095257724274194901e-09
8.883102071632564169e-09
8.675895154069399292e-09
8.473521537569271197e-09
8.275868480726466961e-09
8.082825871937162594e-09
7.894286168056883404e-09
7.710144334488604673e-09
7.530297786668516248e-09
7.354646332916667399e-09
7.183092118620576851e-09
7.015539571720909455e-09
6.851895349468768535e-09
6.692068286424789801e-09
6.535969343671399044e-09
6.383511559209558547e-09
6.234609999512669686e-09
6.089181712210542399e-09
5.947145679876934417e-09
5.808422774895160795e-09
5.672935715376489286e-09
5.540609022106689781e-09
5.411368976496992784e-09
5.285143579515730868e-09
5.161862511578050518e-09
5.041457093371212372e-09
4.923860247593617520e-09
4.809006461586379046e-09
4.696831750836541756e-09
4.587273623331557615e-09
4.480271044745329991e-09
4.375764404436223341e-09
4.273695482238272945e-09
4.174007416027021147e-09
4.076644670041845017e-09
3.981553003947266481e-09
3.888679442615932056e-09
3.797972246616362035e-09
3.709380883389215041e-09
3.622855999095777031e-09
3.538349391123191599e-09
3.455813981231026140e-09
3.375203789324154785e-09
3.296473907837513447e-09
3.219580476718255869e-09
3.144480658991543507e-09
3.071132616896279799e-09
2.999495488577453455e-09
2.929529365322204508e-09
2.861195269326881597e-09
2.794455131982650913e-09
2.729271772667690823e-09
2.665608878034004099e-09
2.603430981777435977e-09
2.542703444879573111e-09
2.483392436310478912e-09
2.425464914181597110e-09
2.368888607338281978e-09
2.313631997381655123e-09
2.259664301109889188e-09
2.206955453368994753e-09
2.155476090303678103e-09
2.105197532998882190e-09
2.056091771502874993e-09
2.008131449223044367e-09
1.961289847685678421e-09
1.915540871651204014e-09
1.870859034576674018e-09
1.827219444417311366e-09
1.784597789759274207e-09
1.742970326275890040e-09
1.702313863499782682e-09
1.662605751903578543e-09
1.623823870281968868e-09
1.585946613428068569e-09
1.548952880097277805e-09
1.512822061251856203e-09
1.477534028579733087e-09
1.443069123281124262e-09
1.409408145116690477e-09
1.376532341711180761e-09
1.344423398106577833e-09
1.313063426558904033e-09
1.282434956573058608e-09
1.252520925170071661e-09
1.223304667381403045e-09
1.194769906964972396e-09
1.166900747337724993e-09
1.139681662719735619e-09
1.113097489484853627e-09
1.087133417713123624e-09
1.061774982940252985e-09
1.037008058099514453e-09
1.012818845651628223e-09
9.891938698982214707e-10
9.661199694745672650e-10
9.435842900174636907e-10
9.215742770041140446e-10
9.000776687580663957e-10
8.790824896182951858e-10
8.585770432676057773e-10
8.385499062166752046e-10
8.189899214400839515e-10
7.998861921607779475e-10
7.812280757795359465e-10
7.630051779460169319e-10
7.452073467681203924e-10
7.278246671564170229e-10
7.108474553004914690e-10
6.942662532741393380e-10
6.780718237664050581e-10
6.622551449355088940e-10
6.468074053828308536e-10
6.317199992441131189e-10
6.169845213951763262e-10
6.025927627694664262e-10
5.885367057848160618e-10
5.748085198768893932e-10
5.614005571368140446e-10
5.483053480505592638e-10
5.355155973377122409e-10
5.230241798873045286e-10
5.108241367884479415e-10
4.989086714535612255e-10
4.872711458320158416e-10
4.759050767121126441e-10
4.648041321093162809e-10
4.539621277387312191e-10
4.433730235698676102e-10
4.330309204617699750e-10
4.229300568766319902e-10
4.130648056700654305e-10
4.034296709562527379e-10
3.940192850462101550e-10
3.848284054574688071e-10
3.758519119935204536e-10
3.670848038913751539e-10
3.585221970356557381e-10
3.501593212376874779e-10
3.419915175780429012e-10
3.340142358110816751e-10
3.262230318300251160e-10
3.186135651911719944e-10
3.111815966958538728e-10
3.039229860287936666e-10
2.968336894515620333e-10
2.899097575498258342e-10
2.831473330331447954e-10
2.765426485860988611e-10
2.700920247695311127e-10
2.637918679707465962e-10
2.576386684015327870e-10
2.516289981428691276e-10
2.457595092352508712e-10
2.400269318135532413e-10
2.344280722854094780e-10
2.289598115520726752e-10
2.236191032707782245e-10
2.184029721576450633e-10
2.133085123301560926e-10
2.083328856883025429e-10
2.034733203334960361e-10
1.987271090243542652e-10
1.940916076685074176e-10
1.895642338495907675e-10
1.851424653885901822e-10
1.808238389387460366e-10
1.766059486132380874e-10
1.724864446448743541e-10
1.684630320770479430e-10
1.645334694852249797e-10
1.606955677282609830e-10
1.569471887288385735e-10
1.532862442823528268e-10
1.497106948935855533e-10
1.462185486405102488e-10
1.428078600645999637e-10
1.394767290870245297e-10
1.362232999501237630e-10
1.330457601835721127e-10
1.299423395946627585e-10
1.269113092821397561e-10
1.239509806730341025e-10
1.210597045819700321e-10
1.182358702924098498e-10
1.154779046593318401e-10
1.127842712328369966e-10
1.101534694022022989e-10
1.075840335598961065e-10
1.050745322850939351e-10
1.026235675462427547e-10
1.002297739222230097e-10
9.789181784167765666e-11
9.560839684008800157e-11
9.337823883417553193e-11
9.120010141322927353e-11
8.907277114696660044e-11
8.699506290953535031e-11
8.496581921928647398e-11
8.298390959394506592e-11
8.104822992082576777e-11
7.915770184173579774e-11
7.731127215222564742e-11
7.550791221485563022e-11
7.374661738614567749e-11
7.202640645689241200e-11
7.034632110554369390e-11
6.870542536432111864e-11
6.710280509779615831e-11
6.553756749363095039e-11
6.400884056519587495e-11
6.251577266578921890e-11
6.105753201419011921e-11
5.963330623127615850e-11
5.824230188745111255e-11
5.688374406062823329e-11
5.555687590452592792e-11
5.426095822703158955e-11
5.299526907840050203e-11
5.175910334906213730e-11
5.055177237680634490e-11
4.937260356313216946e-11
4.822093999854753134e-11
4.709614009660737905e-11
4.599757723648837790e-11
4.492463941390232234e-11
4.387672890015091841e-11
4.285326190913335855e-11
4.185366827212280888e-11
4.087739112012734155e-11
3.992388657366115151e-11
3.899262343975121917e-11
3.808308291601300677e-11
3.719475830162763291e-11
3.632715471506078866e-11
3.547978881836732329e-11
3.465218854792549844e-11
3.384389285145218617e-11
3.305445143115347896e-11
3.228342449286553486e-11
3.153038250104691119e-11
3.079490593948700716e-11
3.007658507759506750e-11
2.937501974214137264e-11
2.868981909432217625e-11
2.802060141202583485e-11
2.736699387717686685e-11
2.672863236804044234e-11
2.610516125637243558e-11
2.549623320930027529e-11
2.490150899582512697e-11
2.432065729783845220e-11
2.375335452554590583e-11
2.319928463719672757e-11
2.265813896301886563e-11
2.212961603326018288e-11
2.161342141024085566e-11
2.110926752432394945e-11
2.061687351371141084e-11
2.013596506797738752e-11
1.966627427525089141e-11
1.920753947296375887e-11
1.875950510207940958e-11
1.832192156472191864e-11
1.789454508512657761e-11
1.747713757383334919e-11
1.706946649504812645e-11
1.667130473709853606e-11
1.628243048591082166e-11
1.590262710143814317e-11
1.553168299697170392e-11
1.516939152126663776e-11
1.481555084341736686e-11
1.446996384041888780e-11
1.413243798735021363e-11
1.380278525011975911e-11
1.348082198071220420e-11
1.316636881487933847e-11
1.285925057221691457e-11
1.255929615857231887e-11
1.226633847072909074e-11
1.198021430331434748e-11
1.170076425787770055e-11
1.142783265409137637e-11
1.116126744302130002e-11
1.090092012242119945e-11
1.064664565400296043e-11
1.039830238263631411e-11
1.015575195743333471e-11
9.918859254674008665e-12
9.687492302529293007e-12
9.461522207540289592e-12
9.240823082812153367e-12
9.025271977883298273e-12
8.814748810230157328e-12
8.609136298369664669e-12
8.408319896522486867e-12
8.212187730799987161e-12
8.020630536879720596e-12
7.833541599134967267e-12
7.650816691183846449e-12
7.472354017825215165e-12
7.298054158329189721e-12
7.127820011050206258e-12
6.961556739332197191e-12
6.799171718675431344e-12
6.640574485135980829e-12
6.485676684928598391e-12
6.334392025205167035e-12
6.186636225981491219e-12
6.042326973185237663e-12
5.901383872799082677e-12
5.763728406073703706e-12
5.629283885785285128e-12
5.497975413513358594e-12
5.369729837915363704e-12
5.244475713974308314e-12
5.122143263197024155e-12
5.002664334741009437e-12
4.885972367447827465e-12
4.772002352762233145e-12
4.660690798516141038e-12
4.551975693557528537e-12
4.445796473204261051e-12
4.342093985503743792e-12
4.240810458279733648e-12
4.141889466947680206e-12
4.045275903080805880e-12
3.950915943709548700e-12
3.858757021336983237e-12
3.768747794653676856e-12
3.680838119935766457e-12
3.594979023110071164e-12
3.511122672470836729e-12
3.429222352032981690e-12
3.349232435506791639e-12
3.271108360879746290e-12
3.194806605591182605e-12
3.120284662286148340e-12
3.047501015134713098e-12
2.976415116703662362e-12
2.906987365367774203e-12
2.839179083247902197e-12
2.772952494663681005e-12
2.708270705088927544e-12
2.645097680597842588e-12
2.583398227790646332e-12
2.523137974187559331e-12
2.464283349080011977e-12
2.406801564828576732e-12
2.350660598597090317e-12
2.295829174512935064e-12
2.242276746243364656e-12
2.189973479978261505e-12
2.138890237809908107e-12
2.088998561500367641e-12
2.040270656627508111e-12
1.992679377100907075e-12
1.946198210038863942e-12
1.900801260998176111e-12
1.856463239548507737e-12
1.813159445183185330e-12
1.770865753558641336e-12
1.729558603054893065e-12
1.689214981649446120e-12
1.649812414097416821e-12
1.611328949410652353e-12
1.573743148628973497e-12
1.537034072876610095e-12
1.501181271697234422e-12
1.466164771661138989e-12
1.431965065238116041e-12
1.398563099929884551e-12
1.365940267656066249e-12
1.334078394387691011e-12
1.302959730022517467e-12
1.272566938496561139e-12
1.242883088126238142e-12
1.213891642175790607e-12
1.185576449644773439e-12
1.157921736270389730e-12
1.130912095739729520e-12
1.104532481106968798e-12
1.078768196410809228e-12
1.053604888487413603e-12
1.029028538974314614e-12
1.005025456500871614e-12
9.815822690608592006e-13
9.586859165629763588e-13
9.363236435551485553e-13
9.144829921185155579e-13
8.931517949271714244e-13
8.723181684698240876e-13
8.519705064295326687e-13
8.320974732178884589e-13
8.126879976599990444e-13
7.937312668268055977e-13
7.752167200112413436e-13
7.571340428449023844e-13
7.394731615519770913e-13
7.222242373371839043e-13
7.053776609046164224e-13
6.889240471044644361e-13
6.728542297045827879e-13
6.571592562840181800e-13
6.418303832456722032e-13
6.268590709452756346e-13
6.122369789339859680e-13
5.979559613119751743e-13
5.840080621903778198e-13
5.703855112591065899e-13
5.570807194580395393e-13
5.440862747492031473e-13
5.313949379875531407e-13
5.189996388880752086e-13
5.068934720869727654e-13
4.950696932947156860e-13
4.835217155388218806e-13
4.722431054942963863e-13
4.612275798996502297e-13
4.504690020565197644e-13
4.399613784109503028e-13
4.296988552144096295e-13
4.196757152626876070e-13
4.098863747108771124e-13
4.003253799626338126e-13
3.909874046320059949e-13
3.818672465761234924e-13
3.729598249971169929e-13
3.642601776116241224e-13
3.557634578863210406e-13
3.474649323379485786e-13
3.393599778963068935e-13
3.314440793287607265e-13
3.237128267248314254e-13
3.161619130394527039e-13
3.087871316935321845e-13
3.015843742304927831e-13
2.945496280274664791e-13
2.876789740598783418e-13
2.809685847181818114e-13
2.744147216755111766e-13
2.680137338050788395e-13
2.617620551461457619e-13
2.556562029174470077e-13
2.496927755769473254e-13
2.438684509268551834e-13
2.381799842628472962e-13
2.326242065664558835e-13
