6.463397109944558731e-03
6.257583253853507381e-03
6.058323125258773846e-03
5.865408033915146639e-03
5.678635934897720457e-03
5.497811216995073837e-03
5.322744497840616734e-03
5.153252425567588640e-03
4.989157486779938547e-03
4.830287820637991537e-03
4.676477038864183637e-03
4.527564051480347310e-03
4.383392898094046024e-03
4.243812584557252882e-03
4.108676924826305289e-03
3.977844387857509476e-03
3.851177949378051767e-03
3.728544948376953660e-03
3.609816948165798980e-03
3.494869601863692839e-03
3.383582522165578133e-03
3.275839155257528629e-03
3.171526658746945480e-03
3.070535783479825826e-03
2.972760759121317528e-03
2.878099183379738760e-03
2.786451914758026390e-03
2.697722968720303680e-03
2.611819417164814444e-03
2.528651291097934635e-03
2.448131486407341580e-03
2.370175672635636832e-03
2.294702204658899229e-03
2.221632037177647540e-03
2.150888641930674521e-03
2.082397927545033122e-03
2.016088161938238508e-03
1.951889897191421905e-03
1.889735896814741202e-03
1.829561065328878973e-03
1.771302380088878763e-03
1.714898825278910171e-03
1.660291328008841379e-03
1.607422696445684604e-03
1.556237559915121457e-03
1.506682310910375210e-03
1.458705048947694883e-03
1.412255526209645583e-03
1.367285094919281187e-03
1.323746656390077051e-03
1.281594611698270211e-03
1.240784813925934881e-03
1.201274521924782478e-03
1.163022355552261128e-03
1.125988252333069879e-03
1.090133425500701371e-03
1.055420323375065280e-03
1.021812590033651042e-03
9.892750272350355877e-04
9.577735575548645616e-04
9.272751886956902322e-04
8.977479789332910463e-04
8.691610036632857342e-04
8.414843230130009859e-04
8.146889504846747346e-04
7.887468225971523954e-04
7.636307694942856246e-04
7.393144864892413912e-04
7.157725065149317129e-04
6.929801734516986920e-04
6.709136163043282960e-04
6.495497242013456183e-04
6.288661221904047732e-04
6.088411478044284666e-04
5.894538283739493871e-04
5.706838590618956188e-04
5.525115815978149346e-04
5.349179636892618418e-04
5.178845790887904059e-04
5.013935882956735033e-04
4.854277198721336094e-04
4.699702523545256239e-04
4.550049967405163593e-04
4.405162795339286736e-04
4.264889263294868987e-04
4.129082459202713137e-04
3.997600149112420895e-04
3.870304628227113752e-04
3.747062576681667919e-04
3.627744919913409032e-04
3.512226693478997445e-04
3.400386912175966414e-04
3.292108443331820660e-04
3.187277884127970567e-04
3.085785442830065220e-04
2.987524823800278510e-04
2.892393116171169303e-04
2.800290686064487540e-04
2.711121072242053741e-04
2.624790885079435199e-04
2.541209708756590963e-04
2.460290006563063746e-04
2.381947029218544612e-04
2.306098726112765587e-04
2.232665659371798369e-04
2.161570920660731056e-04
2.092740050635589360e-04
2.026100960960162218e-04
1.961583858806033645e-04
1.899121173756762159e-04
1.838647487039655516e-04
1.780099463011003012e-04
1.723415782823040229e-04
1.668537080203137473e-04
1.615405879277985153e-04
1.563966534377636130e-04
1.514165171756366279e-04
1.465949633169317840e-04
1.419269421245835164e-04
1.374075646602267327e-04
1.330320976638867667e-04
1.287959585967143113e-04
1.246947108415750918e-04
1.207240590564671189e-04
1.168798446758983621e-04
1.131580415555148510e-04
1.095547517554159352e-04
1.060662014577422633e-04
1.026887370142592909e-04
9.941882111979779592e-05
9.625302910754315953e-05
9.318804536229439517e-05
9.022065984793509446e-05
8.734776474547991645e-05
8.456635119817652760e-05
8.187350616025253951e-05
7.926640934600763468e-05
7.674233027605649514e-05
7.429862541762743521e-05
7.193273541592246989e-05
6.964218241363982504e-05
6.742456745585012807e-05
6.527756797750947180e-05
6.319893537097723377e-05
6.118649263099191452e-05
5.923813207463751984e-05
5.735181313391305368e-05
5.552556021859350778e-05
5.375746064714347040e-05
5.204566264351647467e-05
5.038837339774273119e-05
4.878385718827309093e-05
4.723043356411338334e-05
4.572647558484482344e-05
4.427040811668781861e-05
4.286070618282380567e-05
4.149589336624780130e-05
4.017454026347924332e-05
3.889526298751087754e-05
3.765672171842832002e-05
3.645761930018252020e-05
3.529669988204479084e-05
3.417274760332203324e-05
3.308458531995487527e-05
3.203107337166429989e-05
3.101110838835631267e-05
3.002362213453398738e-05
2.906758039050718763e-05
2.814198186922770476e-05
2.724585716761549612e-05
2.637826775127819775e-05
2.553830497155983145e-05
2.472508911388972725e-05
2.393776847643500495e-05
2.317551847809132262e-05
2.243754079487786862e-05
2.172306252383229808e-05
2.103133537352955146e-05
2.036163488037707483e-05
1.971325964986544687e-05
1.908553062198002100e-05
1.847779036000388715e-05
1.788940236196749604e-05
1.731975039402389396e-05
1.676823784505116226e-05
1.623428710180625112e-05
1.571733894397588167e-05
1.521685195849071705e-05
1.473230197248954218e-05
1.426318150433964487e-05
1.380899923213822224e-05
1.336927947913838469e-05
1.294356171556063943e-05
1.253140007626831024e-05
1.213236289380149566e-05
1.174603224628064334e-05
1.137200351970629787e-05
1.100988498419644725e-05
1.065929738371774447e-05
1.031987353888097907e-05
