2.328155570578256672e-02
2.155212128297494256e-02
1.995115522631044080e-02
1.846911446154361064e-02
1.709716480696643615e-02
1.582712831442058959e-02
1.465143452200131334e-02
1.356307532787892102e-02
1.255556321624883009e-02
1.162289258640235821e-02
1.075950395440783934e-02
9.960250814014566176e-03
9.220368959243321547e-03
8.535448085800928161e-03
7.901405502039861306e-03
7.314461792758644720e-03
6.771118290779262229e-03
6.268136222013666672e-03
5.802517399706817215e-03
5.371486352778081022e-03
4.972473781731186551e-03
4.603101243516379872e-03
4.261166974053942798e-03
3.944632763909663824e-03
3.651611808890505278e-03
3.380357463139997340e-03
3.129252827692593185e-03
2.896801112426182143e-03
2.681616713962081244e-03
2.482416956329459076e-03
2.298014445161737467e-03
2.127309989849726028e-03
1.969286051461670642e-03
1.823000677374456840e-03
1.687581886461358809e-03
1.562222471367461386e-03
1.446175186890013729e-03
1.338748295782533730e-03
1.239301445431965996e-03
1.147241850830521938e-03
1.062020761089554118e-03
9.831301884330012186e-04
9.100998801724976455e-04
8.424945156146440269e-04
7.799111111916864946e-04
7.219766183480647416e-04
6.683456998642424993e-04
6.186986713628961484e-04
5.727395957271310973e-04
5.301945190719056832e-04
4.908098377535886512e-04
4.543507866836960082e-04
4.206000399359026529e-04
3.893564153048070277e-04
3.604336750945442958e-04
3.336594159889664569e-04
3.088740413861049356e-04
2.859298100711777594e-04
2.646899555574557254e-04
2.450278708455312497e-04
2.268263537414885614e-04
2.099769082354463066e-04
1.943790977761177723e-04
1.799399465863709183e-04
1.665733854511395858e-04
1.541997386741223222e-04
1.427452491451116625e-04
1.321416386869629438e-04
1.223257010615112035e-04
1.132389252084135334e-04
1.048271464711135492e-04
9.704022373094579022e-05
8.983174052483562601e-05
8.315872836500876086e-05
7.698141061146907503e-05
7.126296537051397936e-05
6.596930600596799272e-05
6.106887795479983558e-05
5.653247063597811287e-05
5.233304333138700338e-05
4.844556400090978520e-05
4.484686007088445000e-05
4.151548030650900026e-05
3.843156694484150876e-05
3.557673732620324588e-05
3.293397431840995327e-05
3.048752488067013811e-05
2.822280616250737054e-05
2.612631857797948094e-05
2.418556533704491147e-05
2.238897795441742517e-05
2.072584729188040389e-05
1.918625972301663500e-05
1.776103803984229750e-05
1.644168674910061117e-05
1.522034143213572617e-05
1.408972186649034174e-05
1.304308862979295142e-05
1.207420292725839977e-05
1.117728940334045759e-05
1.034700171586351088e-05
9.578390667426596054e-06
8.866874704116964562e-06
8.208212605681105458e-06
7.598478204364332899e-06
7.034036981722271890e-06
6.511524403902099348e-06
6.027825866253981702e-06
5.580058127726080442e-06
5.165552124376825170e-06
4.781837059558992162e-06
4.426625675939790005e-06
4.097800621566258885e-06
3.793401828706424877e-06
3.511614830233773239e-06
3.250759943911049929e-06
3.009282260102855373e-06
2.785742373235518928e-06
2.578807801756229333e-06
2.387245045447192333e-06
2.209912232749976647e-06
2.045752314272011067e-06
1.893786761902946991e-06
1.753109735982429097e-06
1.622882685750811841e-06
1.502329350897039818e-06
1.390731134408858301e-06
1.287422819143671854e-06
1.191788602587340392e-06
1.103258426164790738e-06
1.021304577222125126e-06
9.454385434252411746e-07
8.752081008245961594e-07
8.101946182285768706e-07
7.500105618173479372e-07
6.942971851225919480e-07
6.427223906035462474e-07
5.949787500725613057e-07
5.507816721702899286e-07
5.098677059671526336e-07
4.719929705791510025e-07
4.369317014372410132e-07
4.044749045448501015e-07
3.744291107017886072e-07
3.466152222687194507e-07
3.208674455979468520e-07
2.970323027669368164e-07
2.749677167236867982e-07
2.545421643906595526e-07
2.356338926790819934e-07
2.181301927404156827e-07
2.019267281289318329e-07
1.869269128706948278e-07
1.730413357317303409e-07
1.601872272535440462e-07
1.482879663790837125e-07
1.372726237282304586e-07
1.270755388003639043e-07
1.176359285837841456e-07
1.088975252389764867e-07
1.008082406960165239e-07
9.331985616683895294e-08
8.638773472160825933e-08
7.997055521590988508e-08
7.403006598274929691e-08
6.853085682116018074e-08
6.344014792228802108e-08
5.872759447477238062e-08
5.436510578471753518e-08
5.032667783205643616e-08
4.658823826520694531e-08
4.312750291006053075e-08
3.992384293797938099e-08
3.695816190101338505e-08
3.421278190136693747e-08
3.167133821659041557e-08
2.931868175237699579e-08
2.714078874150277654e-08
2.512467715064176028e-08
2.325832929677149716e-08
2.153062021189963573e-08
1.993125132910592874e-08
1.845068909461466981e-08
1.708010813997415273e-08
1.581133867560320668e-08
1.463681779212693178e-08
1.354954437921749169e-08
1.254303739321920734e-08
1.161129722479875167e-08
1.074876993633967082e-08
9.950314155907073586e-09
9.211170430442817700e-09
8.526932855511390394e-09
7.893522812486302427e-09
7.307164656629025488e-09
6.764363211141482803e-09
6.261882933038084995e-09
5.796728626648762531e-09
5.366127589789753202e-09
4.967513086178418803e-09
4.598509045574271237e-09
4.256915900446382387e-09
3.940697474742100254e-09
3.647968846603330273e-09
3.376985112682211171e-09
3.126130987082222033e-09
2.893911172925955818e-09
2.678941449156045304e-09
2.479940419439389744e-09
2.295721873991190984e-09
2.125187718789239562e-09
1.967321430030483411e-09
1.821181994813240409e-09
1.685898301926463337e-09
1.560663949310569241e-09
1.444732437238022372e-09
1.337412718561077712e-09
1.238065079502499923e-09
1.146097326435385194e-09
1.060961255922157213e-09
9.821493869712667480e-10
9.091919360331562128e-10
8.416540167039804626e-10
7.791330474450131237e-10
7.212563518656132521e-10
6.676789372654723621e-10
6.180814381944062779e-10
5.721682127716585715e-10
5.296655804171612960e-10
4.903201904902199429e-10
4.538975121113535186e-10
4.201804361653871732e-10
3.889679811525867438e-10
3.600740951736445676e-10
3.333265469073600409e-10
3.085658989703319184e-10
2.856445575390404879e-10
2.644258925692861883e-10
2.447834233687691358e-10
2.266000646681520988e-10
2.097674286965704528e-10
1.941851791013867193e-10
1.797604328610145214e-10
1.664072066257324064e-10
1.540459041862084255e-10
1.426028420146377911e-10
1.320098100503237541e-10
1.222036651116235432e-10
1.131259545106603568e-10
1.047225676272351644e-10
9.694341336503280353e-11
8.974212156749561654e-11
8.307576661355817968e-11
7.690461154564597520e-11
7.119187120473075855e-11
6.590349296053256992e-11
6.100795372984032985e-11
5.647607207301314779e-11
5.228083424860202712e-11
4.839723318923745731e-11
4.480211943894257615e-11
4.147406316333890260e-11
3.839322641021071497e-11
3.554124485899617774e-11
3.290111835433498068e-11
3.045710957116237978e-11
2.819465020731028393e-11
2.610025414444616594e-11
2.416143705971752841e-11
2.236664200892129441e-11
2.070517053761252223e-11
1.916711890951811628e-11
1.774331907212432825e-11
1.642528400754451721e-11
1.520515714291305839e-11
1.407566551875059653e-11
1.303007643614442557e-11
1.206215732432640886e-11
1.116613858942588923e-11
1.033667922294560960e-11
9.568834964958913690e-12
8.858028832254691535e-12
8.200023835753588501e-12
7.590897724568801608e-12
7.027019606165367928e-12
6.505028303254796200e-12
6.021812318414378829e-12
5.574491287003828902e-12
5.160398807823362574e-12
4.777066549169868505e-12
4.422209535550059567e-12
4.093712527347602975e-12
3.789617412255473499e-12
3.508111533316379927e-12
3.247516883996665641e-12
3.006280105887467751e-12
2.782963229411201869e-12
2.576235102340372172e-12
2.384863455035627951e-12
2.207707555105361053e-12
2.043711407702575388e-12
1.891897460927205928e-12
1.751360778812908991e-12
1.621263647164531678e-12
1.500830580092618934e-12
1.389343697479799313e-12
1.286138445824919479e-12
1.190599636957715444e-12
1.102157781011400149e-12
1.020285691794743573e-12
9.444953443288452834e-13
8.743349658169341852e-13
8.093863427069858898e-13
7.492623277950372408e-13
6.936045325094814207e-13
6.420811906204618230e-13
5.943851806403156848e-13
5.502321951269474691e-13
5.093590459776749538e-13
4.715220956117055680e-13
4.364958046898007572e-13
4.040713877143437387e-13
3.740555684960745252e-13
3.462694280690706159e-13
3.205473381865709754e-13
2.967359740404231878e-13
2.746934003191406162e-13
2.542882251567263460e-13
2.353988169291021965e-13
2.179125792296058034e-13
2.017252797018138911e-13
1.867404287289829230e-13
1.728687042765854432e-13
1.600274194595307302e-13
1.481400296603323674e-13
1.371356762602420120e-13
1.269487642636111619e-13
1.175185712977759824e-13
1.087888856577795883e-13
1.007076712383876223e-13
9.322675735610773581e-14
8.630155161230334646e-14
7.989077408582748625e-14
7.395621127074632881e-14
6.846248829241913763e-14
6.337685804415502002e-14
5.866900598752758519e-14
5.431086945279697006e-14
5.027647036232085344e-14
4.654176037984879578e-14
4.308447756266219057e-14
3.988401366208857191e-14
3.692129128139244346e-14
3.417865015880263783e-14
3.163974189782885650e-14
2.928943251737524074e-14
2.711371224076724113e-14
2.509961198596181202e-14
2.323512605915341427e-14
2.150914059096608933e-14
1.991136728865251400e-14
1.843228210940873399e-14
1.706306848924695661e-14
1.579556478902393112e-14
1.462221564435998096e-14
1.353602692945415138e-14
1.253052406634287555e-14
1.159971343109093968e-14
1.073804662686401919e-14
9.940387410920874672e-15
9.201981078382698960e-15
8.518426120282248677e-15
7.885647986950689156e-15
7.299874800350924729e-15
6.757614870582691794e-15
6.255635882539391348e-15
5.790945628651973142e-15
5.360774172871180528e-15
4.962557339570869535e-15
4.593921428952626269e-15
4.252669067842970203e-15
3.936766111542239815e-15
3.644329518649409273e-15
3.373616126586831664e-15
3.123012260917791370e-15
2.891024116519872902e-15
2.676268853277964970e-15
2.477466353220066189e-15
2.293431589961429025e-15
2.123067564972815901e-15
1.965358768567152766e-15
1.819365126626694995e-15
1.684216396988217258e-15
1.559106982084082906e-15
1.443291126918261057e-15
1.336078473753279776e-15
1.236829947010400217e-15
1.144953943853624845e-15
1.059902807750292957e-15
9.811695639877839822e-16
9.082848976873198983e-16
8.408143563013533206e-16
7.783557599191008988e-16
7.205368039435626556e-16
6.670128398499482498e-16
6.174648207970523372e-16
5.715973998457137302e-16
5.291371694481813171e-16
4.898310317142932814e-16
4.534446897399178566e-16
4.197612510047322116e-16
3.885799345144398990e-16
3.597148739809338449e-16
3.329940099063728416e-16
3.082580639670820051e-16
2.853595895837616269e-16
2.641620930186237388e-16
2.445392197604647706e-16
2.263740013478821449e-16
2.095581581410424071e-16
1.939914538859976304e-16
1.795810982241709099e-16
1.662411935855248407e-16
1.538922231683959937e-16
1.424605769539765100e-16
1.318781129300608886e-16
1.220817509086208219e-16
1.130130965160131131e-16
1.046180931144862198e-16
9.684669958017271387e-17
8.965259201683377804e-17
8.299288762734902449e-17
7.682788909697591452e-17
7.112084796471387221e-17
6.583774557225219935e-17
6.094709028479570115e-17
5.641972977502035761e-17
5.222867725123280392e-17
4.834895059389603132e-17
4.475742344165606514e-17
4.143268733920758390e-17
3.835492412529783729e-17
3.550578780018590911e-17
3.286829516839859075e-17
3.042672460491992059e-17
2.816652234137578227e-17
2.607421571360801518e-17
2.413733285351516077e-17
2.234432834646391396e-17
2.068451441112218284e-17
1.914799719149460735e-17
1.772561778140342104e-17
1.640889762987700504e-17
1.518998800201271981e-17
1.406162319406349463e-17
1.301707722386767653e-17
1.205012373846508853e-17
1.115499889991249002e-17
1.032636702806987420e-17
9.559288795559265815e-18
8.849191785311190261e-18
8.191843235199401596e-18
7.583324807297288081e-18
7.020009231362087331e-18
6.498538683320916927e-18
6.015804769878430822e-18
5.568929999936211346e-18
5.155250632379892623e-18
4.772300797991267255e-18
4.417797800840259985e-18
4.089628511539731706e-18
3.785836771256872135e-18
3.504611731397675186e-18
3.244277059460399403e-18
3.003280946715145687e-18
2.780186858147789526e-18
2.573664969530022366e-18
2.382484240573234883e-18
2.205505076916208736e-18
2.041672537205442100e-18
1.890010044777286578e-18
1.749613566457827964e-18
1.619646223781852276e-18
1.499333304508887755e-18
1.387957644701264287e-18
1.284855353837201744e-18
1.189411857477431942e-18
1.101058233896074290e-18
1.019267822839368058e-18
9.435530861974051139e-19
8.734627018760973575e-19
8.085788735463685383e-19
7.485148402344174257e-19
6.929125709083099025e-19
6.414406303185589796e-19
5.937922033715246649e-19
5.496832662591096987e-19
5.088508934433327586e-19
4.710516904038734839e-19
4.360603428066076651e-19
4.036682734448611344e-19
3.736823989477612181e-19
3.459239788445417403e-19
3.202275501243719931e-19
2.964399409407247588e-19
2.744193575812290730e-19
2.540345392605256662e-19
2.351639756980517212e-19
2.176951828168494236e-19
2.015240322459549615e-19
1.865541306296910108e-19
1.726962450439859898e-19
1.598677710947774982e-19
1.479922405278841794e-19
1.369988654153366729e-19
1.268221162011063030e-19
1.174013310910710451e-19
1.086803544588302300e-19
1.006072021119987095e-19
9.313375142366489220e-20
8.621545448196684519e-20
7.981107254789887744e-20
7.388243023851674729e-20
6.839418797026350340e-20
6.331363130598630359e-20
5.861047594999252413e-20
5.425668722873950077e-20
5.022631298112943649e-20
4.649532886228449195e-20
4.304149513869786896e-20
3.984422412113068085e-20
3.688445744505639899e-20
3.414455246713334442e-20
3.160817710054423589e-20
2.926021246232608484e-20
2.708666275239666801e-20
2.507457182707491093e-20
2.321194596981172607e-20
2.148768239877507020e-20
1.989150308514050781e-20
1.841389348758770215e-20
1.704604583780890354e-20
1.577980663896790956e-20
1.460762806415288964e-20
1.352252296512203016e-20
1.251802322315327618e-20
1.158814119373852643e-20
1.072733401529771065e-20
9.930470569166301696e-21
9.192800893907900775e-21
8.509927871638532964e-21
7.877781017587582961e-21
7.292592216661708674e-21
6.750873262379770613e-21
6.249395064293897615e-21
5.785168399955093103e-21
5.355426096688963469e-21
4.957606536971337966e-21
4.589338389080979635e-21
4.248426472012763790e-21
3.932838670393413210e-21
3.640693821403028478e-21
3.370250501497483421e-21
3.119896646092259064e-21
2.888139940331651018e-21
2.673598923665212729e-21
2.474994755206667033e-21
2.291143590790732653e-21
2.120949526288222324e-21
1.963398065116357028e-21
1.817550071004752348e-21
1.682536169971004789e-21
1.557551568136862632e-21
1.441851254494807765e-21
1.334745560029887328e-21
1.235596046725151580e-21
1.143811701946135877e-21
1.058845415519469387e-21
9.801907185063951324e-22
9.073787642313403542e-22
8.399755335702340296e-22
7.775792478395591803e-22
7.198179738650485026e-22
6.663474069540617774e-22
6.168488185565227816e-22
5.710271563806203699e-22
5.286092856385307745e-22
4.893423609384806206e-22
4.529923191182596093e-22
4.193424840363213916e-22
3.881922750037704473e-22
3.593560111585348835e-22
3.326618046547108961e-22
3.079505360696719573e-22
2.850749059214385331e-22
2.638985566426526749e-22
2.442952597773270062e-22
2.261481635554587208e-22
2.093490963603736694e-22
1.937979219369497141e-22
1.794019424971773081e-22
1.660753461651247420e-22
1.537386954675809737e-22
1.423184538213946174e-22
1.317465471949686904e-22
1.219599583310446342e-22
1.129003511120349860e-22
1.045137228287826960e-22
9.675008228001255841e-23
8.956315178365519127e-23
8.291009132381147218e-23
7.675124318902311861e-23
7.104989557970498635e-23
6.577206377562518960e-23
6.088628755902950284e-23
5.636344368586854359e-23
5.217657228731740889e-23
4.830071616678415440e-23
4.471277203449605269e-23
4.139135279289450796e-23
3.831666005194377885e-23
3.547036611444768058e-23
3.283550472790031890e-23
3.039636995167114761e-23
2.813842253668112906e-23
2.604820325952375009e-23
2.411325269442369845e-23
2.232203694481485589e-23
2.066387889183045743e-23
1.912889454989570704e-23
1.770793415004443790e-23
1.639252759977298036e-23
1.517483399432240546e-23
1.404759487843922114e-23
1.300409098001229201e-23
1.203810215768584434e-23
1.114387032370213738e-23
1.031606512096266205e-23
9.549752149717105613e-24
8.840363554482443183e-24
8.183670795868467929e-24
7.575759445005185009e-24
7.013005850328207040e-24
6.492055537635099929e-24
6.009803214661001745e-24
5.563374260982719147e-24
5.150107592917435594e-24
4.767539801275294327e-24
4.413390467415156812e-24
4.085548570073932886e-24
3.782059901944118271e-24
3.501115420990994414e-24
3.241040467074542138e-24
3.000284779597919188e-24
2.777413256679289482e-24
2.571097400764636626e-24
2.380107399689692702e-24
2.203304795988258738e-24
2.039635700749362095e-24
1.888124511572814689e-24
1.747868097176504630e-24
1.618030413991382069e-24
1.497837522654164478e-24
1.386572974692384376e-24
1.283573541902234157e-24
1.188225262963152165e-24
1.099959783723393602e-24
1.018250969341935844e-24
9.426117680921794494e-25
8.725913081330817520e-25
8.077722099422678492e-25
7.477680983907947795e-25
6.922212996296972709e-25
6.408007090596718164e-25
5.931998176754234787e-25
5.491348850198997316e-25
5.083432478578693464e-25
4.705817544870070665e-25
4.356253153538238231e-25
4.032655613347982447e-25
3.733096016850748142e-25
3.455788742509778373e-25
3.199080810927577374e-25
2.961442031729196888e-25
2.741455882369342405e-25
2.537811064493181147e-25
2.349293687519671126e-25
2.174780032855611355e-25
2.013229855608598870e-25
1.863680183872160307e-25
1.725239578621173405e-25
1.597082820002316065e-25
1.478445988345023452e-25
1.368621910572138603e-25
1.266955944866744757e-25
1.172842078468675867e-25
1.085719315340038927e-25
1.005068332167563656e-25
9.304083827685365593e-26
8.612944324482365167e-26
7.973145052271999289e-26
7.380872281255530408e-26
6.832595578664775679e-26
6.325046764479146273e-26
5.855200430385551278e-26
5.420255905856540444e-26
5.017620563851196486e-26
4.644894366625607161e-26
4.299855559534549843e-26
3.980447427546482372e-26
3.684766035530876499e-26
3.411048879238911652e-26
3.157664379328981086e-26
2.923102155811895123e-26
2.705964024944272128e-26
2.504955664903488834e-26
2.318878900565302284e-26
2.146624561394845104e-26
1.987165869877995267e-26
1.839552321083155213e-26
1.702904016870097693e-26
1.576406420973577543e-26
1.459305503697261172e-26
1.350903247276754158e-26
1.250553485119629668e-26
1.157658050121243085e-26
1.071663209096815380e-26
9.920563620763600609e-27
9.183629867872634373e-27
8.501438101113780198e-27
7.869921896559543899e-27
7.285316898306026296e-27
6.744138379816276313e-27
6.243160472084108271e-27
5.779396934802449207e-27
5.350083355915014745e-27
4.952660673447491296e-27
4.584759921393423038e-27
4.244188108728994751e-27
3.928915147382860417e-27
3.637061751242057973e-27
3.366888234061116651e-27
3.116784139501628245e-27
2.885258641487919618e-27
2.670931657657848186e-27
2.472525622936850735e-27
2.288857874199656198e-27
2.118833600625367670e-27
1.961439317724720945e-27
1.815736826139128376e-27
1.680857619200879318e-27
1.555997705919296680e-27
1.440412818533172482e-27
1.333413976062959351e-27
1.234363377417465717e-27
1.142670599574938049e-27
1.057789078176246182e-27
9.792128495519064852e-28
9.064735347624711319e-28
8.391375476749382031e-28
7.768035104327863941e-28
7.190998609139302078e-28
6.656826379148766142e-28
6.162334308591177995e-28
5.704574818082622200e-28
5.280819284622988009e-28
4.888541776759345699e-28
4.525403997956991317e-28
4.189241348429500656e-28
3.878050022343681455e-28
3.589975063489236955e-28
3.323299308214107980e-28
3.076433149717213023e-28
2.847905062684514946e-28
2.636352831788227231e-28
2.440515431763077895e-28
2.259225510658888820e-28
2.091402431462838665e-28
1.936045830614344490e-28
1.792229655015483553e-28
1.659096641993045964e-28
1.535853209308067300e-28
1.421764724753002343e-28
1.316151127139736658e-28
1.218382872575576694e-28
1.127877181864023613e-28
1.044094566661444497e-28
9.665356136829651802e-29
8.947380077885397221e-29
8.282737762045902986e-29
7.667467374542819050e-29
7.097901397901719762e-29
6.570644750521525323e-29
6.082554549196651504e-29
5.630721374948222658e-29
5.212451930494562856e-29
4.825252985984683152e-29
4.466816517297803655e-29
4.135005948321889241e-29
3.827843415202750468e-29
3.543497976649234189e-29
3.280274700017229009e-29
3.036604558117498646e-29
2.811035076523156158e-29
2.602221675627822487e-29
2.408919655845299042e-29
2.229976778176611449e-29
2.064326395917896207e-29
1.910981096569024413e-29
1.769026816042984387e-29
1.637617390092359541e-29
1.515969510474480378e-29
1.403358055790189720e-29
1.299111769164033519e-29
1.202609257001202922e-29
1.113275284970789438e-29
1.030577349136057553e-29
9.540225017931469096e-30
8.831544130973215934e-30
8.175506509618922121e-30
7.568201630155404923e-30
7.006009456086551792e-30
6.485578859738433908e-30
6.003807646782989275e-30
5.557824064608379962e-30
5.144969684312197727e-30
4.762783554278764172e-30
4.408987530883889975e-30
4.081472698885527446e-30
3.778286800554459120e-30
3.497622598613034412e-30
3.237807103614622683e-30
2.997291601550809078e-30
2.774642422242466492e-30
2.568532393486252124e-30
2.377732930017061078e-30
2.201106710129446451e-30
2.037600896305112409e-30
1.886240859435311055e-30
1.746124369230006608e-30
1.616416216183344510e-30
1.496343233038258407e-30
1.385189686073664818e-30
1.282293008743001057e-30
1.187039852232725129e-30
1.098862429398986522e-30
1.017235130289394476e-30
9.416713890753718789e-31
8.717207837197573476e-31
8.069663510910328946e-31
7.470221015202189874e-31
6.915307179849587780e-31
6.401614262062757224e-31
5.926080229618385052e-31
5.485870508629861220e-31
5.078361087155383581e-31
4.701122873929302073e-31
4.351907218980462956e-31
4.028632509829469090e-31
3.729371763366114820e-31
3.452341139445655457e-31
3.195889307734555170e-31
2.958487604423683624e-31
2.738720920135100509e-31
2.535279264706189784e-31
2.346949958571201169e-31
2.172610404193725414e-31
2.011221394462334859e-31
1.861820918161420865e-31
1.723518425593375701e-31
1.595489520169995637e-31
1.476971044330970976e-31
1.367256530497105276e-31
1.265691989942677585e-31
1.171672014484809771e-31
1.084636167752825094e-31
1.004065644526668859e-31
9.294801782310647775e-32
8.604351781518455656e-32
7.965190793096616095e-32
7.373508891943006144e-32
6.825779167359501325e-32
6.318736699764339427e-32
5.849359099086324461e-32
5.414848488834885399e-32
5.012614828454854427e-32
4.640260474555203983e-32
4.295565888982586964e-32
3.976476408548972670e-32
3.681089997549013062e-32
3.407645910063371913e-32
3.154514194465036270e-32
2.920185977567193062e-32
2.703264470498390210e-32
2.502456642691962578e-32
2.316565514360706878e-32
2.144483021512949226e-32
1.985183410980063525e-32
1.837717126083874267e-32
1.701205146498118806e-32
1.574833748564389543e-32
1.457849654830058664e-32
1.349555543895066696e-32
1.249305893803032828e-32
1.156503134199512729e-32
1.070594084321343044e-32
9.910666555842852960e-33
9.174467991140190402e-33
8.492956800250012864e-33
7.862070616036629106e-33
7.278048838035755413e-33
6.737410216182523029e-33
6.236932099698781909e-33
5.773631227444129492e-33
5.344745945226564922e-33
4.947719744071970614e-33
4.580186021328634393e-33
4.239953973769127470e-33
3.924995538601724140e-33
3.633433304548012844e-33
3.363529320928052667e-33
3.113674738045015233e-33
2.882380217118139961e-33
2.668267052598575465e-33
2.470058953950723001e-33
2.286574437911041386e-33
2.116719785876182529e-33
1.959482524440819367e-33
1.813925390223362299e-33
1.679180743005576389e-33
1.554445393883325485e-33
1.438975817600295444e-33
1.332083720525894190e-33
1.233131937859289783e-33
1.141530635603189839e-33
1.056733794668234746e-33
9.782359561501078684e-34
9.055692083788730004e-34
8.383003977806182245e-34
7.760285469259422316e-34
7.183824643747787989e-34
6.650185320700968548e-34
6.156186570917543316e-34
5.698883755610923571e-34
5.275550973940995858e-34
4.883664814402981446e-34
4.520889313220094110e-34
4.185062030078312537e-34
3.874181158204075381e-34
3.586393591949368370e-34
3.319983880758413338e-34
3.073364003671560210e-34
2.845063903414640036e-34
2.633722723648443707e-34
2.438080697146032418e-34
2.256971636544051045e-34
2.089315982907004944e-34
1.934114370668356056e-34
1.790441670589734260e-34
1.657441475230028662e-34
1.534320994052720795e-34
1.420346327742427123e-34
1.314838093561326259e-34
1.217167375669444649e-34
1.126751976269025372e-34
1.043052945226950496e-34
9.655713674886446547e-35
8.938453891341371680e-35
8.274474643488653474e-35
7.659818068990790222e-35
7.090820309203384418e-35
6.564089669565184610e-35
6.076486402309213239e-35
5.625103990984041650e-35
5.207251825225905597e-35
4.820439162507822546e-35
4.462360281266220897e-35
4.130880736904175875e-35
3.824024638746598843e-35
3.539962872106581276e-35
3.277002195257945107e-35
3.033575146322019464e-35
2.808230699906023042e-35
2.599625617798208257e-35
2.406516442163699488e-35
2.227752083513161306e-35
2.062266959262981494e-35
1.909074641986596954e-35
1.767261979495980797e-35
1.635983651703639940e-35
1.514457131819728375e-35
1.401958021848958678e-35
1.297815734582710447e-35
1.201409496347903267e-35
1.112164646685376062e-35
1.029549212901045203e-35
9.530707390710833809e-36
8.822733505997116884e-36
8.167350368316937678e-36
7.560651355218384678e-36
