6.272988286558965967e-03
6.077159447683445383e-03
5.887443952621669932e-03
5.703650956282593255e-03
5.525595571337378782e-03
5.353098682231232155e-03
5.185986765001356601e-03
5.024091712719803808e-03
4.867250666385609936e-03
4.715305851096110619e-03
4.568104417332613694e-03
4.425498287200797798e-03
4.287344005471135922e-03
4.153502595269508921e-03
4.023839418272846455e-03
3.898224039269138769e-03
3.776530094945599290e-03
3.658635166772963854e-03
3.544420657858056174e-03
3.433771673640759886e-03
3.326576906315347783e-03
3.222728522859940031e-03
3.122122056561423258e-03
3.024656301926727676e-03
2.930233212874739073e-03
2.838757804106437597e-03
2.750138055554041030e-03
2.664284819813032400e-03
2.581111732463962829e-03
2.500535125193798381e-03
2.422473941629438993e-03
2.346849655798718091e-03
2.273586193136877334e-03
2.202609853959039670e-03
2.133849239321707579e-03
2.067235179198696413e-03
2.002700662899261144e-03
1.940180771658409813e-03
1.879612613331608064e-03
1.820935259128158039e-03
1.764089682319633454e-03
1.709018698861693424e-03
1.655666909869556733e-03
1.603980645889263156e-03
1.553907912908662498e-03
1.505398340053823230e-03
1.458403128918240059e-03
1.412875004473877717e-03
1.368768167514655600e-03
1.326038248584549733e-03
1.284642263343951148e-03
1.244538569329393420e-03
1.205686824063140509e-03
1.168047944470506109e-03
1.131584067564070590e-03
1.096258512355251886e-03
1.062035742954913105e-03
1.028881332825885495e-03
9.967619301514522596e-04
9.656452242849478205e-04
9.354999132467306348e-04
9.062956722358247270e-04
8.780031231245612492e-04
8.505938049055277199e-04
8.240401450611008856e-04
7.983154318267563897e-04
7.733937873202592671e-04
7.492501415096998159e-04
7.258602069941914739e-04
7.032004545718590661e-04
6.812480895705395369e-04
6.599810289173868453e-04
6.393778789243139728e-04
6.194179137669224072e-04
6.000810546352737659e-04
5.813478495355260895e-04
5.631994537221214105e-04
5.456176107408346188e-04
5.285846340636177112e-04
5.120833892967634280e-04
4.960972769444900498e-04
4.806102157106105282e-04
4.656066263214853171e-04
4.510714158539873590e-04
4.369899625527126521e-04
4.233481011211655178e-04
4.101321084721195882e-04
3.973286899228207656e-04
3.849249658211454750e-04
3.729084585892622418e-04
3.612670801717593905e-04
3.499891198756158758e-04
3.390632325897808392e-04
3.284784273725117236e-04
3.182240563949911968e-04
3.082898042300993477e-04
2.986656774755668442e-04
2.893419947010698640e-04
2.803093767091559643e-04
2.715587371002006777e-04
2.630812731319066020e-04
2.548684568641472622e-04
2.469120265802514109e-04
2.392039784760939926e-04
2.317365586086364982e-04
2.245022550958155510e-04
2.174937905599338950e-04
2.107041148069521740e-04
2.041263977343169206e-04
1.977540224601904094e-04
1.915805786671706914e-04
1.855998561538065646e-04
1.798058385874193711e-04
1.741926974519480986e-04
1.687547861847294502e-04
1.634866344963145787e-04
1.583829428676088473e-04
1.534385772187984922e-04
1.486485637447016676e-04
1.440080839113482957e-04
1.395124696087560721e-04
1.351571984550256405e-04
1.309378892470318011e-04
1.268502975531338184e-04
1.228903114434720157e-04
1.190539473535547749e-04
1.153373460769751662e-04
1.117367688832263090e-04
1.082485937567097040e-04
1.048693117531540283e-04
1.015955234697774994e-04
9.842393562564475263e-05
9.535135774877744953e-05
9.237469896668525126e-05
8.949096489708998801e-05
8.669725463571466783e-05
8.399075783810613948e-05
8.136875189255804615e-05
7.882859918128771396e-05
7.636774442711384732e-05
7.398371212296496620e-05
7.167410404163238394e-05
6.943659682326399078e-05
6.726893963817042030e-05
6.516895192259368507e-05
6.313452118516015628e-05
6.116360088181080378e-05
5.925420835707180875e-05
5.740442284959422817e-05
5.561238355995574441e-05
5.387628777878219241e-05
5.219438907330418227e-05
5.056499553052598209e-05
4.898646805523868626e-05
4.745721872116531444e-05
4.597570917358010262e-05
4.454044908179384364e-05
4.314999463994971784e-05
4.180294711462085189e-05
4.049795143774841284e-05
3.923369484350536034e-05
3.800890554771430067e-05
3.682235146849070540e-05
3.567283898682524452e-05
3.455921174585754798e-05
3.348034948763435983e-05
3.243516692618141794e-05
3.142261265575535637e-05
3.044166809317795362e-05
2.949134645318792514e-05
2.857069175578028818e-05
2.767877786453438310e-05
2.681470755496292080e-05
2.597761161194536329e-05
2.516664795533745216e-05
2.438100079287698691e-05
2.361987979953439551e-05
2.288251932248185023e-05
2.216817761088167880e-05
2.147613606971907291e-05
2.080569853692832810e-05
2.015619058308584728e-05
1.952695883296495617e-05
1.891737030827040150e-05
1.832681179089129064e-05
1.775468920603162445e-05
1.720042702459845957e-05
1.666346768424586982e-05
1.614327102849287622e-05
1.563931376335079486e-05
1.515108893091341572e-05
1.467810539938060824e-05
1.421988736900231264e-05
1.377597389344567651e-05
1.334591841610430817e-05
1.292928832088269813e-05
1.252566449700429917e-05
1.213464091740533568e-05
1.175582423029010558e-05
1.138883336343719957e-05
