4.096374307351707302e-03
3.999995196887632179e-03
3.905883685094210279e-03
3.813986420122618230e-03
3.724251305381327468e-03
3.636627470002530300e-03
3.551065240003422468e-03
3.467516110126009354e-03
3.385932716339455986e-03
3.306268808989402605e-03
3.228479226579018813e-03
3.152519870166935363e-03
3.078347678367538733e-03
3.005920602939458376e-03
2.935197584948400981e-03
2.866138531490828624e-03
2.798704292965276987e-03
2.732856640878433743e-03
2.668558246173389093e-03
2.605772658067784849e-03
2.544464283389851270e-03
2.484598366400623138e-03
2.426140969090903685e-03
2.369058951941792595e-03
2.313319955137880558e-03
2.258892380222461780e-03
2.205745372184353924e-03
2.153848801966186041e-03
2.103173249384220587e-03
2.053689986450044080e-03
2.005370961084660449e-03
1.958188781215756177e-03
1.912116699249126212e-03
1.867128596905452600e-03
1.823198970413843732e-03
1.780302916053737089e-03
1.738416116036971487e-03
1.697514824722024841e-03
1.657575855152601182e-03
1.618576565912937431e-03
1.580494848292377311e-03
1.543309113751934174e-03
1.506998281685742284e-03
1.471541767470453113e-03
1.436919470795805379e-03
1.403111764269753025e-03
1.370099482291687329e-03
1.337863910187454602e-03
1.306386773599998389e-03
1.275650228129621231e-03
1.245636849217988083e-03
1.216329622270136829e-03
1.187711933008901407e-03
1.159767558056269297e-03
1.132480655736344509e-03
1.105835757094695638e-03
1.079817757128999963e-03
1.054411906226012524e-03
1.029603801800005759e-03
1.005379380127937629e-03
9.817249083767225909e-04
9.586269768180843932e-04
9.360724912265751827e-04
9.140486654564557688e-04
8.925430141932240522e-04
8.715433458756870460e-04
8.510377557845589776e-04
8.310146192936739961e-04
8.114625852799790947e-04
7.923705696885806294e-04
7.737277492491883950e-04
7.555235553404005336e-04
7.377476679983477944e-04
7.203900100663032657e-04
7.034407414819382953e-04
6.868902536989873872e-04
6.707291642401605426e-04
6.549483113782130677e-04
6.395387489421599592e-04
6.244917412456876815e-04
6.097987581348909576e-04
5.954514701525252980e-04
5.814417438160353812e-04
5.677616370066801118e-04
5.544033944671434904e-04
5.413594434050756146e-04
5.286223892000757813e-04
5.161850112116773710e-04
5.040402586859657474e-04
4.921812467585029091e-04
4.806012525512961078e-04
4.692937113615947052e-04
4.582522129403589521e-04
4.474704978582869823e-04
4.369424539573429130e-04
4.266621128857712758e-04
4.166236467146371635e-04
4.068213646339706685e-04
3.972497097266456897e-04
3.879032558181604810e-04
3.787767044005378920e-04
3.698648816286002243e-04
3.611627353869129812e-04
3.526653324257402540e-04
3.443678555643826778e-04
3.362656009603171340e-04
3.283539754425857863e-04
3.206284939079264329e-04
3.130847767781652679e-04
3.057185475174337510e-04
2.985256302077975740e-04
2.915019471819278339e-04
2.846435167114703827e-04
2.779464507498021733e-04
2.714069527278962731e-04
2.650213154020457308e-04
2.587859187522261362e-04
2.526972279299041953e-04
2.467517912541315208e-04
2.409462382547852789e-04
2.352772777618477738e-04
2.297416960396404426e-04
2.243363549649564641e-04
2.190581902480573818e-04
2.139042096955265176e-04
2.088714915139930123e-04
2.039571826537663242e-04
1.991584971914416968e-04
1.944727147505586836e-04
1.898971789594190490e-04
1.854292959451887140e-04
1.810665328634305084e-04
1.768064164622333795e-04
1.726465316801253415e-04
1.685845202769740883e-04
1.646180794971002022e-04
1.607449607638436636e-04
1.569629684048451032e-04
1.532699584073188520e-04
1.496638372026105890e-04
1.461425604793530986e-04
1.427041320245451129e-04
1.393466025918978115e-04
1.360680687968061008e-04
1.328666720373193329e-04
1.297405974404991600e-04
1.266880728335677264e-04
1.237073677392618119e-04
1.207967923948250079e-04
1.179546967940805672e-04
1.151794697520423214e-04
1.124695379915332909e-04
1.098233652512942658e-04
1.072394514150770386e-04
1.047163316612275937e-04
1.022525756322784660e-04
9.984678662407844862e-05
9.749760079400076305e-05
9.520368638777986859e-05
9.296374298453972083e-05
9.077650075958459562e-05
8.864071976453526385e-05
8.655518922440151564e-05
8.451872685119355159e-05
8.253017817368259255e-05
8.058841588293054589e-05
7.869233919321829709e-05
7.684087321800985254e-05
7.503296836059892443e-05
7.326759971909192087e-05
7.154376650539103540e-05
6.986049147784675428e-05
6.821682038725963002e-05
6.661182143591569654e-05
6.504458474935032291e-05
6.351422186053995141e-05
6.201986520622963567e-05
6.056066763511151171e-05
5.913580192757419306e-05
5.774446032675155822e-05
5.638585408060545689e-05
5.505921299478166569e-05
5.376378499598635210e-05
5.249883570563579458e-05
5.126364802353650406e-05
5.005752172136122065e-05
4.887977304568909807e-05
4.772973433038549696e-05
4.660675361810210049e-05
4.551019429068192793e-05
4.443943470826015115e-05
4.339386785685650445e-05
4.237290100425871044e-05
4.137595536400226687e-05
4.040246576725645941e-05
3.945188034242967022e-05
3.852366020231342886e-05
3.761727913858697620e-05
3.673222332350943825e-05
3.586799101863093507e-05
3.502409229035678933e-05
3.420004873220387797e-05
3.339539319359204620e-05
3.260966951501607854e-05
3.184243226944888459e-05
3.109324650982868529e-05
3.036168752248728835e-05
2.964734058637993614e-05
2.894980073797971031e-05
2.826867254170348489e-05
2.760356986573952724e-05
2.695411566314913598e-05
2.631994175811856455e-05
2.570068863724016224e-05
2.509600524570391086e-05
2.450554878828450968e-05
2.392898453501056700e-05
2.336598563140599439e-05
2.281623291319621988e-05
2.227941472537377831e-05
2.175522674552094011e-05
2.124337181128932707e-05
2.074355975193841522e-05
2.025550722383759607e-05
1.977893754983870090e-05
1.931358056242746751e-05
1.885917245056562786e-05
1.841545561013628065e-05
1.798217849790796405e-05
1.755909548893483288e-05
1.714596673731170619e-05
1.674255804020534350e-05
1.634864070508482210e-05
1.596399142007564318e-05
1.558839212736409842e-05
1.522162989958033130e-05
1.486349681908960473e-05
1.451378986012383444e-05
1.417231077368616258e-05
1.383886597516349567e-05
1.351326643458339973e-05
1.319532756945289587e-05
1.288486914011855110e-05
1.258171514758863470e-05
1.228569373375917105e-05
1.199663708398751209e-05
1.171438133195822144e-05
1.143876646678711783e-05
1.116963624231112762e-05
1.090683808851224361e-05
1.065022302502550172e-05
1.039964557668202211e-05
1.015496369103904893e-05
9.916038657850351150e-06
9.682735030431395440e-06
9.454920548874496606e-06
9.232466065070704539e-06
9.015245469495659301e-06
8.803135619718036793e-06
8.596016270590110375e-06
8.393770006080707670e-06
8.196282172712007327e-06
8.003440814562475967e-06
7.815136609799004552e-06
7.631262808702294365e-06
7.451715173150458501e-06
7.276391917526339201e-06
7.105193651015248407e-06
6.938023321260264956e-06
6.774786159343199328e-06
6.615389626060096637e-06
6.459743359460714363e-06
6.307759123622279570e-06
6.159350758628552813e-06
6.014434131725721524e-06
5.872927089627496866e-06
5.734749411942425908e-06
5.599822765696878190e-06
5.468070660928096627e-06
5.339418407321991563e-06
5.213793071871164829e-06
5.091123437529186849e-06
4.971339962837618242e-06
4.854374742502917892e-06
4.740161468900930012e-06
4.628635394487067127e-06
4.519733295090880999e-06
4.413393434074291213e-06
4.309555527333031681e-06
4.208160709121602050e-06
4.109151498682234647e-06
4.012471767659033019e-06
3.918066708278800637e-06
3.825882802280489194e-06
3.735867790575665969e-06
3.647970643622838968e-06
3.562141532498783026e-06
3.478331800650492462e-06
3.396493936311791166e-06
3.316581545568868184e-06
3.238549326059575204e-06
3.162353041291488400e-06
3.087949495564223239e-06
3.015296509481786937e-06
2.944352896041061558e-06
2.875078437282867323e-06
2.807433861492403880e-06
2.741380820936085343e-06
2.676881870122210582e-06
2.613900444573094865e-06
2.552400840096648142e-06
2.492348192545669801e-06
2.433708458053343664e-06
2.376448393733752371e-06
2.320535538836486976e-06
2.265938196344629589e-06
2.212625415005695633e-06
2.160566971785374720e-06
2.109733354734066251e-06
2.060095746256554850e-06
2.011626006775304118e-06
1.964296658778112345e-06
1.918080871241112233e-06
1.872952444418250864e-06
1.828885794988636213e-06
1.785855941553356538e-06
1.743838490473509846e-06
1.702809622041437478e-06
1.662746076977334821e-06
1.623625143243544469e-06
1.585424643169105071e-06
1.548122920877217151e-06
1.511698830008515283e-06
1.476131721733198409e-06
1.441401433045194806e-06
1.407488275331745326e-06
1.374373023211928912e-06
1.342036903637783153e-06
1.310461585251854529e-06
1.279629167995147484e-06
1.249522172959582687e-06
1.220123532479182841e-06
1.191416580454415540e-06
1.163385042904181524e-06
1.136013028740075389e-06
1.109285020757729406e-06
1.083185866840110821e-06
1.057700771367769205e-06
1.032815286831201113e-06
1.008515305640556275e-06
9.847870521280304254e-07
9.616170747384388016e-07
9.389922384035308749e-07
9.168997170957043375e-07
8.953269865569331456e-07
8.742618171987577848e-07
8.536922671693331966e-07
8.336066755835804157e-07
8.139936559126302712e-07
7.948420895288011832e-07
7.761411194024368375e-07
7.578801439470561532e-07
7.400488110093141207e-07
7.226370120003549909e-07
7.056348761652532217e-07
6.890327649872831182e-07
6.728212667238328509e-07
6.569911910708876989e-07
6.415335639530473880e-07
6.264396224361126957e-07
6.117008097593777176e-07
5.973087704848037854e-07
5.832553457603107476e-07
5.695325686945255020e-07
5.561326598403506529e-07
5.430480227847874146e-07
5.302712398425303228e-07
5.177950678508774613e-07
5.056124340635820790e-07
4.937164321413050314e-07
4.821003182364111286e-07
4.707575071698826989e-07
4.596815686981735980e-07
4.488662238679046653e-07
4.383053414563253940e-07
4.279929344955165623e-07
4.179231568783786584e-07
4.080903000444738617e-07
3.984887897438367176e-07
3.891131828769320159e-07
3.799581644089620448e-07
3.710185443567670038e-07
3.622892548466244564e-07
3.537653472412710681e-07
3.454419893345151918e-07
3.373144626118597358e-07
3.293781595755735461e-07
3.216285811327016771e-07
3.140613340445243030e-07
3.066721284360304549e-07
2.994567753639874320e-07
2.924111844422243240e-07
2.855313615227926561e-07
2.788134064316834200e-07
2.722535107578146955e-07
2.658479556940429762e-07
2.595931099289720680e-07
2.534854275883582009e-07
2.475214462249541498e-07
2.416977848556481280e-07
2.360111420447805611e-07
2.304582940325604419e-07
2.250360929075159110e-07
2.197414648219398322e-07
2.145714082493254389e-07
2.095229922828013653e-07
2.045933549735970054e-07
1.997797017086043712e-07
1.950793036261101680e-07
1.904894960688045974e-07
1.860076770731840437e-07
1.816313058944981738e-07
1.773579015664018036e-07
1.731850414944922116e-07
1.691103600829405323e-07
1.651315473934356309e-07
1.612463478356773604e-07
1.574525588886826278e-07
1.537480298521762180e-07
1.501306606273564548e-07
1.465984005263492863e-07
1.431492471096734318e-07
1.397812450510550315e-07
1.364924850289534800e-07
1.332811026441669817e-07
1.301452773629025352e-07
1.270832314847157601e-07
1.240932291347312924e-07
1.211735752795757085e-07
1.183226147664611181e-07
1.155387313848792015e-07
1.128203469503715209e-07
1.101659204098548740e-07
1.075739469679985135e-07
1.050429572341556003e-07
1.025715163893640967e-07
1.001582233729478829e-07
9.780171008825556371e-08
9.550064062708488821e-08
9.325371051235650785e-08
9.105964595860590596e-08
8.891720314987301368e-08
8.682516753458302882e-08
8.478235313701711607e-08
8.278760188498143456e-08
8.083978295329614672e-08
7.893779212273057589e-08
7.708055115402009001e-08
7.526700717661249114e-08
7.349613209179505247e-08
7.176692198986552041e-08
7.007839658101452869e-08
6.842959863959943126e-08
6.681959346149306818e-08
6.524746833419894590e-08
6.371233201943459688e-08
6.221331424788857620e-08
6.074956522586384505e-08
5.932025515352975395e-08
5.792457375450857753e-08
5.656172981652887892e-08
5.523095074288729897e-08
5.393148211446358203e-08
5.266258726203944649e-08
5.142354684868091467e-08
5.021365846194617218e-08
4.903223621568716047e-08
4.787861036122082957e-08
4.675212690764852531e-08
4.565214725110789483e-08
4.457804781274843073e-08
4.352921968522423594e-08
4.250506828750458589e-08
4.150501302780524046e-08
4.052848697445098862e-08
3.957493653448213221e-08
3.864382113982197621e-08
3.773461294082883177e-08
3.684679650705806944e-08
3.597986853506401545e-08
3.513333756307726746e-08
3.430672369239500437e-08
3.349955831532589521e-08
3.271138384953641324e-08
3.194175347864744580e-08
3.119023089893353177e-08
3.045639007198237207e-08
2.973981498317361196e-08
2.904009940583970907e-08
2.835684667097610125e-08
2.768966944236930829e-08
2.703818949701610426e-08
2.640203751070844610e-08
2.578085284866363144e-08
2.517428336108041960e-08
2.458198518350493988e-08
2.400362254189393343e-08
2.343886756226446362e-08
2.288740008482178357e-08
2.234890748246076581e-08
2.182308448353761530e-08
2.130963299881100964e-08
2.080826195245534013e-08
2.031868711704983290e-08
1.984063095244970475e-08
1.937382244844865498e-08
1.891799697114320555e-08
1.847289611291144333e-08
1.803826754592172583e-08
1.761386487908808304e-08
1.719944751839079530e-08
1.679478053048370365e-08
1.639963450951036242e-08
1.601378544705386945e-08
1.563701460514626880e-08
1.526910839226599768e-08
1.490985824225284921e-08
1.455906049607160112e-08
1.421651628635770606e-08
1.388203142467938513e-08
1.355541629145200486e-08
1.323648572844272234e-08
1.292505893380430623e-08
1.262095935957835819e-08
1.232401461161027869e-08
1.203405635181904397e-08
1.175092020276613483e-08
1.147444565446999270e-08
1.120447597341291143e-08
1.094085811368862774e-08
1.068344263024061733e-08
1.043208359414162290e-08
1.018663850986654027e-08
9.946968234511571072e-09
9.712936898914102528e-09
9.484411830628482742e-09
9.261263478713869102e-09
9.043365340291804806e-09
8.830593888831737629e-09
8.622828504123692665e-09
8.419951403898680584e-09
8.221847577057937423e-09
8.028404718472993614e-09
7.839513165319911571e-09
7.655065834911429916e-09
7.474958163991665590e-09
7.299088049459216270e-09
7.127355790484909143e-09
6.959664031991289153e-09
6.795917709462032514e-09
6.636023995049876628e-09
6.479892244952402805e-09
6.327433948026088518e-09
6.178562675609279151e-09
6.033194032525800436e-09
5.891245609241233000e-09
5.752636935144954091e-09
5.617289432931348480e-09
5.485126374054249811e-09
5.356072835229527324e-09
5.230055655961078625e-09
5.107003397066066563e-09
4.986846300176043121e-09
4.869516248190939867e-09
4.754946726663400029e-09
4.643072786091748617e-09
4.533831005100116231e-09
4.427159454484792204e-09
4.322997662106561821e-09
4.221286578609053691e-09
4.121968543943590699e-09
4.024987254681712944e-09
3.930287732096765232e-09
3.837816290996394991e-09
3.747520509288426871e-09
3.659349198262746527e-09
3.573252373572429131e-09
3.489181226897555757e-09
3.407088098275782010e-09
3.326926449083904827e-09
3.248650835655062983e-09
3.172216883516727965e-09
3.097581262234816812e-09
3.024701660849615881e-09
2.953536763889704912e-09
2.884046227950215155e-09
2.816190658822108472e-09
2.749931589159600302e-09
2.685231456673025532e-09
2.622053582834732534e-09
2.560362152086026565e-09
2.500122191533334653e-09
2.441299551122026762e-09
2.383860884276760617e-09
2.327773628997287894e-09
2.273005989399058988e-09
2.219526917688100102e-09
2.167306096560023872e-09
2.116313922013148121e-09
2.066521486565952484e-09
2.017900562869432307e-09
1.970423587705011763e-09
1.924063646358926717e-09
1.878794457364273244e-09
1.834590357602046129e-09
1.791426287752686866e-09
1.749277778089956852e-09
1.708120934609050888e-09
1.667932425481057841e-09
1.628689467826148882e-09
1.590369814797964095e-09
1.552951742971848798e-09
1.516414040029846066e-09
1.480735992735434505e-09
1.445897375191170054e-09
1.411878437372630323e-09
1.378659893932111195e-09
1.346222913265768685e-09
1.314549106837959979e-09
1.283620518756784141e-09
1.253419615594887453e-09
1.223929276449743736e-09
1.195132783237815458e-09
1.167013811217072711e-09
1.139556419732478745e-09
1.112745043179233053e-09
1.086564482178630903e-09
1.060999894961518321e-09
1.036036788954493794e-09
1.011661012564068356e-09
9.878587471541129717e-10
9.646164992120722563e-10
9.419210926994942989e-10
9.197596615825183880e-10
8.981196425381238303e-10
8.769887678319736650e-10
8.563550583638385526e-10
8.362068168766307854e-10
8.165326213252303604e-10
7.973213184013284823e-10
7.785620172106025803e-10
7.602440830986711325e-10
7.423571316223070912e-10
7.248910226624855913e-10
7.078358546759510128e-10
6.911819590820328306e-10
6.749198947815152644e-10
6.590404428044798972e-10
6.435346010840712380e-10
6.283935793532147219e-10
6.136087941614151747e-10
5.991718640087986174e-10
5.850746045946310074e-10
5.713090241776380913e-10
5.578673190454877654e-10
5.447418690908568308e-10
5.319252334915930501e-10
5.194101464925093723e-10
5.071895132864279392e-10
4.952564059921254059e-10
4.836040597269187870e-10
4.722258687716524433e-10
4.611153828259081402e-10
4.502663033513342423e-10
4.396724800009961087e-10
4.293279071327456013e-10
4.192267204046199747e-10
4.093631934503438509e-10
3.997317346330491857e-10
3.903268838753798338e-10
3.811433095641633428e-10
3.721758055279231875e-10
3.634192880854972069e-10
3.548687931640966128e-10
3.465194734851702857e-10
3.383665958164861197e-10
3.304055382888519826e-10
3.226317877759820415e-10
3.150409373360022607e-10
3.076286837131537109e-10
3.003908248982741432e-10
2.933232577466820718e-10
2.864219756520959331e-10
2.796830662752919729e-10
2.731027093261967091e-10
2.666771743981633239e-10
2.604028188532025370e-10
2.542760857569689615e-10
2.482935018623378577e-10
2.424516756404142335e-10
2.367472953578775004e-10
2.311771271995583301e-10
2.257380134351871365e-10
2.204268706292752189e-10
2.152406878931172088e-10
2.101765251779123282e-10
2.052315116080530737e-10
2.004028438536239422e-10
1.956877845411927502e-10
1.910836607019918356e-10
1.865878622566142176e-10
1.821978405353542347e-10
1.779111068333686357e-10
1.737252309998284092e-10
1.696378400602651891e-10
1.656466168713307341e-10
1.617492988072099966e-10
1.579436764769340159e-10
1.542275924718780012e-10
1.505989401427248037e-10
1.470556624052048894e-10
1.435957505739343723e-10
1.402172432236903427e-10
1.369182250774798175e-10
1.336968259207659500e-10
1.305512195412444795e-10
1.274796226935629588e-10
1.244802940883984087e-10
1.215515334053191295e-10
1.186916803288744679e-10
1.158991136073586122e-10
1.131722501337242168e-10
1.105095440481181269e-10
1.079094858615327372e-10
1.053706016000758860e-10
1.028914519693760072e-10
1.004706315386433539e-10
9.810676794393238588e-11
9.579852111014773286e-11
9.354458249135516113e-11
9.134367432896641378e-11
8.919454892737718705e-11
8.709598794664922783e-11
8.504680171183113042e-11
8.304582853853248269e-11
8.109193407436421528e-11
7.918401065587387894e-11
7.732097668061057230e-11
7.550177599396522824e-11
7.372537729043452610e-11
7.199077352897457197e-11
7.029698136210866683e-11
6.864304057846732447e-11
6.702801355844387150e-11
6.545098474265847377e-11
6.391106011292579906e-11
6.240736668543677707e-11
6.093905201586349578e-11
5.950528371610824179e-11
5.810524898242237084e-11
5.673815413462742195e-11
5.540322416617829473e-11
5.409970230481060326e-11
5.282684958352701858e-11
5.158394442167639733e-11
5.037028221588947816e-11
4.918517494063881171e-11
4.802795075819753028e-11
4.689795363777326302e-11
4.579454298360478567e-11
4.471709327180782431e-11
4.366499369576540217e-11
4.263764781986117532e-11
4.163447324136047803e-11
4.065490126024512331e-11
3.969837655681774292e-11
3.876435687689072732e-11
3.785231272438213511e-11
3.696172706114401731e-11
3.609209501385390121e-11
3.524292358780107021e-11
3.441373138740825869e-11
3.360404834332818558e-11
3.281341544596107734e-11
3.204138448524197454e-11
3.128751779655017004e-11
3.055138801259743768e-11
2.983257782115267922e-11
2.913067972846793964e-11
2.844529582826995844e-11
2.777603757618692448e-11
2.712252556948247652e-11
2.648438933197254289e-11
2.586126710400165713e-11
2.525280563736170051e-11
2.465865999503525294e-11
2.407849335565069073e-11
2.351197682253793682e-11
2.295878923727718158e-11
2.241861699763352829e-11
2.189115387977613388e-11
2.137610086467972659e-11
2.087316596861060906e-11
2.038206407760099029e-11
1.990251678581769362e-11
1.943425223773407635e-11
1.897700497401462681e-11
1.853051578102624429e-11
1.809453154388987463e-11
1.766880510298958958e-11
1.725309511385766801e-11
1.684716591035657355e-11
1.645078737107934981e-11
1.606373478889399339e-11
1.568578874355682206e-11
1.531673497732305754e-11
1.495636427348400244e-11
1.460447233776220374e-11
1.426085968249666084e-11
1.392533151355338711e-11
1.359769761989652175e-11
1.327777226575760322e-11
1.296537408534191370e-11
1.266032598001209709e-11
1.236245501789106054e-11
1.207159233582655263e-11
1.178757304366278532e-11
1.151023613076407948e-11
1.123942437473789147e-11
1.097498425230534932e-11
1.071676585226899379e-11
1.046462279052784484e-11
1.021841212709236133e-11
9.977994285051664968e-12
9.743232971447342852e-12
9.513995100008892646e-12
9.290150715707202548e-12
9.071572921082794080e-12
8.858137804307743372e-12
8.649724368939994582e-12
8.446214465330428653e-12
8.247492723643790521e-12
8.053446488455456789e-12
7.863965754887155153e-12
7.678943106244984379e-12
7.498273653124969006e-12
7.321854973951193944e-12
7.149587056912973699e-12
6.981372243268099086e-12
6.817115171980160663e-12
6.656722725658196955e-12
6.500103977768508496e-12
6.347170141088353505e-12
6.197834517372438975e-12
6.052012448203630664e-12
5.909621267000160141e-12
5.770580252151772612e-12
5.634810581258711681e-12
5.502235286447248178e-12
5.372779210736565240e-12
5.246368965432224607e-12
5.122932888522161293e-12
5.002401004051351655e-12
4.884704982452498694e-12
4.769778101809954799e-12
4.657555210035043235e-12
4.547972687931321772e-12
4.440968413128818118e-12
4.336481724866896928e-12
4.234453389605566775e-12
4.134825567446022596e-12
4.037541779341173904e-12
3.942546875077650582e-12
3.849787002011118187e-12
3.759209574537246822e-12
3.670763244280831098e-12
3.584397870986436000e-12
3.500064494093852176e-12
3.417715304982338863e-12
3.337303619867887943e-12
3.258783853338217594e-12
3.182111492510315071e-12
3.107243071796115174e-12
3.034136148261832245e-12
2.962749277567045634e-12
2.893041990469888083e-12
2.824974769885009288e-12
2.758509028481366079e-12
2.693607086806992087e-12
2.630232151928539509e-12
2.568348296573348055e-12
2.507920438762257350e-12
2.448914321921612600e-12
2.391296495463238788e-12
2.335034295821233851e-12
2.280095827935020143e-12
2.226449947168013121e-12
2.174066241651716928e-12
2.122915015045216523e-12
2.072967269700344130e-12
2.024194690222854778e-12
1.976569627420451352e-12
1.930065082628438594e-12
1.884654692404173645e-12
1.840312713581616817e-12
1.797014008677519960e-12
1.754734031641001006e-12
1.713448813938341731e-12
1.673134950965243429e-12
1.633769588778741638e-12
1.595330411141298960e-12
1.557795626869715340e-12
1.521143957481721794e-12
1.485354625133167971e-12
1.450407340839076863e-12
1.416282292971807231e-12
1.382960136029833959e-12
1.350421979670773622e-12
1.318649378002459720e-12
1.287624319125932575e-12
1.257329214924506568e-12
1.227746891093055400e-12
1.198860577401893121e-12
1.170653898189720172e-12
1.143110863080273315e-12
1.116215857917349228e-12
1.089953635913150420e-12
1.064309309004874078e-12
1.039268339414661719e-12
1.014816531408128750e-12
9.909400232467939538e-13
9.676252793298695316e-13
9.448590825209031835e-13
9.226285266549921465e-13
9.009210092222715197e-13
8.797242242235460235e-13
8.590261551940123933e-13
8.388150683911326946e-13
8.190795061427542941e-13
7.998082803517629565e-13
7.809904661535439287e-13
7.626153957226725855e-13
7.446726522253171010e-13
7.271520639139434476e-13
7.100436983609312027e-13
6.933378568278880726e-13
6.770250687674289286e-13
6.610960864543192484e-13
6.455418797429362658e-13
6.303536309480741397e-13
6.155227298462043719e-13
6.010407687943229980e-13
5.868995379636645095e-13
5.730910206855444894e-13
5.596073889067072493e-13
5.464409987515977683e-13
5.335843861890541786e-13
5.210302628009339032e-13
5.087715116503144876e-13
4.968011832468976446e-13
4.851124916073414633e-13
4.736988104082815785e-13
4.625536692298731819e-13
4.516707498876978239e-13
4.410438828509889670e-13
4.306670437451212616e-13
4.205343499363904604e-13
4.106400571971462748e-13
4.009785564493864729e-13
3.915443705849740351e-13
3.823321513606542764e-13
3.733366763661394723e-13
3.645528460635214547e-13
3.559756808963414583e-13
3.476003184666768425e-13
3.394220107786508093e-13
3.314361215467846711e-13
3.236381235676906750e-13
3.160235961535976899e-13
3.085882226262619863e-13
3.013277878698394237e-13
2.942381759413393858e-13
2.873153677372885254e-13
2.805554387153041762e-13
2.739545566692687050e-13
2.675089795568507045e-13
2.612150533781385665e-13
2.550692101041906996e-13
2.490679656543131674e-13
2.432079179209364114e-13
2.374857448409590360e-13
2.318982025124683379e-13
2.264421233557717700e-13
2.211144143176937538e-13
2.159120551181261026e-13
2.108320965378253699e-13
2.058716587465025856e-13
2.010279296702457506e-13
1.962981633973539993e-13
1.916796786216787541e-13
