7.832635769172835785e-03
7.549343571810686500e-03
7.276297538249760881e-03
7.013127083371164215e-03
6.759475025446090579e-03
6.514997101359570712e-03
6.279361499367687623e-03
6.052248408754128291e-03
5.833349585774822571e-03
5.622367935301593629e-03
5.419017107596976399e-03
5.223021109672977731e-03
5.034113930706272250e-03
4.852039181001448036e-03
4.676549744012307823e-03
4.507407440948908196e-03
4.344382707515174850e-03
4.187254282338311213e-03
4.035808906667158122e-03
3.889841034931917820e-03
3.749152555772405047e-03
3.613552523156200562e-03
3.482856897221768989e-03
3.356888294494812797e-03
3.235475747138848428e-03
3.118454470913246002e-03
3.005665641523809148e-03
2.896956179062346991e-03
2.792178540242675443e-03
2.691190518151061976e-03
2.593855049239335644e-03
2.500040027298704778e-03
2.409618124161802457e-03
2.322466616889615372e-03
2.238467221208743658e-03
2.157505930972935561e-03
2.079472863431006558e-03
2.004262110091132535e-03
1.931771592979115775e-03
1.861902926095524834e-03
1.794561281883678364e-03
1.729655262527240046e-03
1.667096775902744037e-03
1.606800916018693648e-03
1.548685847778960697e-03
1.492672695914080711e-03
1.438685437929704963e-03
1.386650800926908034e-03
1.336498162154320770e-03
1.288159453157112187e-03
1.241569067392724306e-03
1.196663771187982551e-03
1.153382617916722886e-03
1.111666865281458333e-03
1.071459895586819415e-03
1.032707138896556045e-03
9.953559989698131886e-04
9.593557818761569780e-04
9.246576271924648004e-04
8.912144416882972469e-04
8.589808354097531670e-04
8.279130600750521374e-04
7.979689496982390233e-04
7.691078633604206925e-04
7.412906300508612274e-04
7.144794955030768979e-04
6.886380709537719266e-04
6.637312837550700916e-04
6.397253297730134264e-04
6.165876275077181341e-04
5.942867738729240438e-04
5.727925015749154181e-04
5.520756380329688677e-04
5.321080657855762003e-04
5.128626843286981972e-04
4.943133733342625069e-04
4.764349571989813449e-04
4.592031708753725413e-04
4.425946269386115783e-04
4.265867838445159448e-04
4.111579153355788109e-04
3.962870809535329894e-04
3.819540976184207753e-04
3.681395122355965704e-04
3.548245752934864631e-04
3.419912154162661907e-04
3.296220148369243420e-04
3.177001857574198872e-04
3.062095475638493464e-04
2.951345048657011221e-04
2.844600263293878858e-04
2.741716242773341197e-04
2.642553350249260652e-04
2.546976999286385576e-04
2.454857471196176220e-04
2.366069738979247527e-04
2.280493297635505028e-04
2.198012000611649730e-04
2.118513902164080023e-04
2.041891105423245271e-04
1.968039615953223634e-04
1.896859200607799341e-04
1.828253251491446815e-04
1.762128654840604497e-04
1.698395664647276348e-04
1.636967780853429682e-04
1.577761631950889141e-04
1.520696861827375670e-04
1.465696020705115955e-04
1.412684460024008946e-04
1.361590231126675503e-04
1.312343987607879098e-04
1.264878891195805291e-04
1.219130521037429339e-04
1.175036786264871207e-04
1.132537841724075316e-04
1.091576006751416374e-04
1.052095686888021196e-04
1.014043298425533018e-04
9.773671956809174422e-05
9.420176009016153487e-05
9.079465367058873852e-05
8.751077609666792320e-05
8.434567040506112915e-05
8.129504083269215378e-05
7.835474698642653319e-05
7.552079822362272037e-05
7.278934823592933415e-05
7.015668982897617866e-05
6.761924989087413800e-05
6.517358454269610161e-05
6.281637446435510267e-05
6.054442038953792714e-05
5.835463876357818171e-05
5.624405755837622950e-05
5.420981223868633926e-05
5.224914187429519703e-05
5.035938539281653353e-05
4.853797796801491269e-05
4.678244753875727437e-05
4.509041145386812516e-05
4.345957323833357628e-05
4.188771947646650293e-05
4.037271680780155683e-05
3.891250903164322154e-05
3.750511431633747752e-05
3.614862250947844743e-05
3.484119254540051592e-05
3.358104994643647495e-05
3.236648441455054054e-05
3.119584751007796106e-05
3.006755041441996299e-05
2.898006177365840367e-05
2.793190562016250055e-05
2.692165936936770165e-05
2.594795188900712510e-05
2.500946163817543405e-05
2.410491487369959614e-05
2.323308392138159255e-05
2.239278550976752025e-05
2.158287916418097100e-05
2.080226565884132862e-05
2.004988552496634314e-05
1.932471761283359029e-05
1.862577770584990984e-05
1.795211718474714924e-05
1.730282174009161958e-05
1.667701013135984518e-05
1.607383299089608524e-05
1.549247167112874281e-05
1.493213713348071540e-05
1.439206887746585996e-05
1.387153390851820613e-05
1.336982574315272532e-05
1.288626345010781200e-05
1.242019072616777577e-05
1.197097500541114905e-05
1.153800660067599637e-05
1.112069787607667556e-05
1.071848244944933925e-05
1.033081442364341444e-05
9.957167645615889922e-06
9.597034992322898766e-06
9.249927682439173442e-06
8.915374612971482449e-06
8.592921719865474590e-06
8.282131361738208293e-06
7.982581725900036152e-06
7.693866255859481182e-06
7.415593099534336597e-06
7.147384577419882511e-06
6.888876669992511898e-06
6.639718523653084950e-06
6.399571974539322690e-06
6.168111089561140866e-06
5.945021724035834014e-06
5.730001095322786084e-06
5.522757371879110437e-06
5.323009277178303177e-06
5.130485707954527545e-06
