4.049724556218455181e-03
3.955164935186905074e-03
3.862813247511193062e-03
3.772617938736567457e-03
3.684528658186368537e-03
3.598496230854243347e-03
3.514472629952660604e-03
3.432410950102415034e-03
3.352265381148140499e-03
3.273991182585226419e-03
3.197544658583855500e-03
3.122883133596219933e-03
3.049964928533300656e-03
2.978749337497911716e-03
2.909196605061017526e-03
2.841267904068642616e-03
2.774925313966980587e-03
2.710131799633602994e-03
2.646851190702954274e-03
2.585048161374586817e-03
2.524688210692869594e-03
2.465737643287153544e-03
2.408163550561652749e-03
2.351933792324529832e-03
2.297016978845943351e-03
2.243382453335020493e-03
2.191000274826002906e-03
2.139841201463979145e-03
2.089876674180900836e-03
2.041078800752750121e-03
1.993420340228972687e-03
1.946874687725472838e-03
1.901415859572690202e-03
1.857018478810463060e-03
1.813657761021579074e-03
1.771309500496109609e-03
1.729950056718802896e-03
1.689556341171988491e-03
1.650105804446631722e-03
1.611576423654340322e-03
1.573946690133295025e-03
1.537195597441242192e-03
1.501302629628847906e-03
1.466247749786863406e-03
1.432011388860708351e-03
1.398574434726233611e-03
1.365918221520559094e-03
1.334024519222030232e-03
1.302875523473484174e-03
1.272453845643134289e-03
1.242742503117531165e-03
1.213724909821179993e-03
1.185384866957521228e-03
1.157706553966105509e-03
1.130674519690915217e-03
1.104273673754904532e-03
1.078489278135937859e-03
1.053306938939429192e-03
1.028712598363086712e-03
1.004692526849277918e-03
9.812333154206344648e-04
9.583218681946170442e-04
9.359453950728628636e-04
9.140914046012353416e-04
8.927476969965875576e-04
8.719023573363480399e-04
8.515437489071299567e-04
8.316605067086451112e-04
8.122415311092997733e-04
7.932759816499309084e-04
7.747532709922232228e-04
7.566630590084267010e-04
7.389952470090788757e-04
7.217399721055069812e-04
7.048876017039638507e-04
6.884287281283239541e-04
6.723541633683362273e-04
6.566549339505059132e-04
6.413222759287370497e-04
6.263476299919428078e-04
6.117226366858911652e-04
5.974391317466189958e-04
5.834891415428084763e-04
5.698648786245834666e-04
5.565587373762392442e-04
5.435632897704796920e-04
5.308712812217908968e-04
5.184756265366386634e-04
5.063694059582247217e-04
4.945458613035997198e-04
4.829983921909701289e-04
4.717205523550990678e-04
4.607060460487385697e-04
4.499487245280887654e-04
4.394425826203204898e-04
4.291817553712433072e-04
4.191605147712515770e-04
4.093732665577162603e-04
3.998145470920418804e-04
3.904790203096407961e-04
3.813614747411272522e-04
3.724568206030623484e-04
3.637600869566316470e-04
3.552664189326657082e-04
3.469710750214544982e-04
3.388694244258459742e-04
3.309569444761456558e-04
3.232292181053806712e-04
3.156819313835129595e-04
3.083108711092294083e-04
3.011119224579613188e-04
2.940810666848236435e-04
2.872143788811875914e-04
2.805080257836382505e-04
2.739582636340916980e-04
2.675614360898768648e-04
2.613139721826177714e-04
2.552123843247731732e-04
2.492532663627251236e-04
2.434332916753246655e-04
2.377492113168382852e-04
2.321978522032537790e-04
2.267761153409369275e-04
2.214809740966470672e-04
2.163094725079479214e-04
2.112587236330700261e-04
2.063259079393019895e-04
2.015082717290139465e-04
1.968031256024311854e-04
1.922078429563029160e-04
1.877198585176251104e-04
1.833366669116019330e-04
1.790558212630433425e-04
1.748749318304206794e-04
1.707916646718157946e-04
1.668037403420201197e-04
1.629089326200562615e-04
1.591050672664107190e-04
1.553900208092858686e-04
1.517617193591913138e-04
1.482181374512154311e-04
1.447572969143280273e-04
1.413772657670857324e-04
1.380761571391212383e-04
1.348521282178160869e-04
1.317033792195677715e-04
1.286281523850775813e-04
1.256247309980983856e-04
1.226914384270937509e-04
1.198266371892745029e-04
1.170287280364892271e-04
1.142961490624594428e-04
1.116273748308598798e-04
1.090209155237584448e-04
1.064753161099391546e-04
1.039891555326450415e-04
1.015610459162864104e-04
9.918963179167256919e-05
9.687358933933412132e-05
9.461162565051295750e-05
9.240247800540861184e-05
9.024491316827642671e-05
8.813772669898587168e-05
8.607974228065276958e-05
8.406981106297198964e-05
8.210681102088229094e-05
8.018964632820658621e-05
7.831724674591752390e-05
7.648856702468640378e-05
7.470258632138284717e-05
7.295830762919879562e-05
7.125475722107859765e-05
6.959098410614557588e-05
6.796605949882004809e-05
6.637907630033376347e-05
6.482914859235030993e-05
6.331541114241000657e-05
6.183701892092186090e-05
6.039314662943366137e-05
5.898298823991723194e-05
5.760575654481078149e-05
5.626068271756774140e-05
5.494701588346651293e-05
5.366402270044201019e-05
5.241098694970424874e-05
5.118720913591605332e-05
4.999200609670622746e-05
4.882471062130093107e-05
4.768467107805943428e-05
4.657125105070678554e-05
4.548382898306073608e-05
4.442179783205371229e-05
4.338456472885685473e-05
4.237155064791642907e-05
4.138219008371859278e-05
4.041593073510106946e-05
3.947223319693638833e-05
3.855057065901390767e-05
3.765042861195322811e-05
3.677130455998410904e-05
3.591270774043284631e-05
3.507415884975885733e-05
3.425518977598793023e-05
3.345534333739315423e-05
3.267417302727745513e-05
3.191124276471567174e-05
3.116612665111632459e-05
3.043840873246788717e-05
2.972768276713624679e-05
2.903355199908434520e-05
2.835562893638678486e-05
2.769353513491606256e-05
2.704690098707987738e-05
2.641536551549108082e-05
2.579857617145552993e-05
2.519618863816502227e-05
2.460786663848583841e-05
2.403328174723511591e-05
2.347211320784066269e-05
2.292404775328154965e-05
2.238877943120988489e-05
2.186600943315574752e-05
2.135544592772014907e-05
2.085680389766301842e-05
2.036980498079495402e-05
1.989417731458421865e-05
1.942965538439196579e-05
1.897597987525133335e-05
1.853289752710722936e-05
1.810016099343636533e-05
1.767752870316830903e-05
1.726476472583083610e-05
1.686163863984393676e-05
1.646792540388908416e-05
1.608340523128216283e-05
1.570786346727957056e-05
1.534109046924925343e-05
1.498288148963965496e-05
1.463303656168141374e-05
1.429136038775775193e-05
1.395766223038145514e-05
1.363175580571743199e-05
1.331345917959159485e-05
1.300259466592780627e-05
1.269898872755626026e-05
1.240247187933808346e-05
1.211287859355180581e-05
1.183004720748910992e-05
1.155381983320810718e-05
1.128404226939395396e-05
1.102056391527739361e-05
1.076323768656328564e-05
1.051191993332223366e-05
1.026647035979935392e-05
1.002675194609549813e-05
9.792630871677169725e-06
9.563976440672527555e-06
9.340661008911621964e-06
9.122559912670252905e-06
8.909551399077610866e-06
8.701516558148925082e-06
8.498339256405070330e-06
8.299906072042130510e-06
8.106106231614803231e-06
7.916831548198127613e-06
7.731976360993184723e-06
7.551437476342930841e-06
7.375114110125349503e-06
7.202907831491648657e-06
7.034722507918183052e-06
6.870464251541355415e-06
6.710041366745651199e-06
6.553364298975404701e-06
6.400345584741798126e-06
6.250899802797240611e-06
6.104943526449734166e-06
5.962395276990729642e-06
5.823175478210386662e-06
5.687206411974936630e-06
5.554412174841257913e-06
5.424718635684500736e-06
5.298053394315070277e-06
5.174345741061942213e-06
5.053526617299633113e-06
4.935528576896874815e-06
4.820285748565470521e-06
4.707733799088255056e-06
4.597809897405699194e-06
4.490452679541041881e-06
4.385602214344463498e-06
4.283199970037067455e-06
4.183188781536081108e-06
4.085512818542969942e-06
3.990117554376730681e-06
3.896949735534872093e-06
3.805957351965143269e-06
3.717089608031435882e-06
3.630296894157586832e-06
3.545530759133309922e-06
3.462743883066752073e-06
3.381890050968634565e-06
3.302924126953154976e-06
3.225802029041319692e-06
3.150480704552578081e-06
3.076918106071093975e-06
3.005073167973162508e-06
2.934905783502707241e-06
2.866376782382081364e-06
2.799447908945616967e-06
2.734081800783772133e-06
2.670241967885905568e-06
2.607892772270090522e-06
2.546999408088539401e-06
2.487527882197573433e-06
2.429444995181261916e-06
2.372718322818178699e-06
2.317316197980878575e-06
2.263207692958018556e-06
2.210362602189267941e-06
2.158751425403334073e-06
2.108345351149715270e-06
2.059116240714977067e-06
2.011036612414593120e-06
1.964079626251547572e-06
1.918219068933162051e-06
1.873429339237770564e-06
1.829685433723087276e-06
1.786962932768268415e-06
1.745237986941883249e-06
1.704487303688207436e-06
1.664688134324365834e-06
1.625818261341099772e-06
1.587855986000046669e-06
1.550780116220634418e-06
1.514569954749796669e-06
1.479205287607930130e-06
1.444666372804627407e-06
1.410933929317905078e-06
1.377989126330752098e-06
1.345813572718999463e-06
1.314389306784664035e-06
1.283698786228980035e-06
1.253724878359596184e-06
1.224450850526401644e-06
1.195860360780685966e-06
1.167937448752400489e-06
1.140666526740433064e-06
1.114032371010923180e-06
1.088020113298749378e-06
1.062615232507472881e-06
1.037803546603065211e-06
1.013571204696923320e-06
9.899046793137426672e-07
9.667907588399332629e-07
9.442165401483601131e-07
9.221694213952969050e-07
9.006370949855597762e-07
8.796075407019184650e-07
8.590690189949175019e-07
8.390100644293853671e-07
8.194194792839644909e-07
8.002863273000885715e-07
7.815999275769217744e-07
7.633498486088414003e-07
7.455259024621567834e-07
7.281181390877868223e-07
7.111168407667398913e-07
6.945125166852901642e-07
6.782958976368199877e-07
6.624579308473748038e-07
6.469897749220329230e-07
6.318827949092877396e-07
6.171285574806628495e-07
6.027188262228882128e-07
5.886455570399992748e-07
5.749008936627981491e-07
5.614771632631640325e-07
5.483668721707723391e-07
5.355627016898186725e-07
5.230575040134336497e-07
5.108442982334821046e-07
4.989162664435390927e-07
4.872667499328579859e-07
4.758892454692085766e-07
4.647774016685092712e-07
4.539250154492248348e-07
4.433260285695590665e-07
4.329745242454959741e-07
4.228647238478114725e-07
4.129909836762087025e-07
4.033477918087756480e-07
3.939297650250077765e-07
3.847316458006732620e-07
3.757482993728541460e-07
3.669747108735107694e-07
3.584059825299798604e-07
3.500373309308395308e-07
3.418640843556148816e-07
3.338816801668344966e-07
3.260856622629817773e-07
3.184716785909163009e-07
3.110354787163848044e-07
3.037729114512540477e-07
2.966799225361502185e-07
2.897525523772068035e-07
2.829869338356589491e-07
2.763792900690503997e-07
2.699259324228449313e-07
2.636232583712728450e-07
2.574677495062532514e-07
2.514559695732764435e-07
2.455845625531473863e-07
2.398502507885197796e-07
2.342498331541754543e-07
2.287801832700246704e-07
2.234382477558367361e-07
2.182210445267177038e-07
2.131256611283899850e-07
2.081492531113425714e-07
2.032890424429439236e-07
1.985423159566316088e-07
1.939064238373129946e-07
1.893787781421299646e-07
1.849568513557660887e-07
1.806381749794840204e-07
1.764203381531096187e-07
1.723009863091922028e-07
1.682778198585895720e-07
1.643485929067444691e-07
1.605111119999338617e-07
1.567632349007961805e-07
1.531028693924463977e-07
1.495279721105158479e-07
1.460365474024637052e-07
1.426266462135226695e-07
1.392963649986579087e-07
1.360438446599301591e-07
1.328672695086733455e-07
1.297648662519024779e-07
1.267349030023901104e-07
1.237756883118565035e-07
1.208855702267347751e-07
1.180629353659836456e-07
1.153062080204318910e-07
1.126138492731548905e-07
1.099843561403880431e-07
1.074162607325004648e-07
1.049081294345595269e-07
1.024585621060289147e-07
1.000661912991534640e-07
9.772968149559450059e-08
9.544772836088875151e-08
9.321905801631699894e-08
9.104242632777269905e-08
8.891661821123603311e-08
8.684044695446476171e-08
8.481275355452337748e-08
8.283240607078087942e-08
8.089829899301495624e-08
7.900935262427235728e-08
7.716451247813765104e-08
7.536274869007634948e-08
7.360305544252274322e-08
7.188445040339184581e-08
7.020597417770188597e-08
6.856668977200064254e-08
6.696568207129849883e-08
6.540205732821370033e-08
6.387494266404639068e-08
6.238348558150242115e-08
6.092685348879475815e-08
5.950423323485705638e-08
5.811483065540983503e-08
5.675787012962541180e-08
5.543259414714551845e-08
5.413826288520794357e-08
5.287415379564753467e-08
5.163956120154058445e-08
5.043379590326733658e-08
4.925618479377291866e-08
4.810607048281138381e-08
4.698281092996432537e-08
4.588577908622754749e-08
4.481436254396702345e-08
4.376796319504807342e-08
4.274599689694725198e-08
4.174789314666027402e-08
4.077309476222395281e-08
3.982105757167497491e-08
3.889125010927085100e-08
3.798315331880421839e-08
3.709626026384463559e-08
3.623007584474615839e-08
3.538411652226261342e-08
3.455791004761647519e-08
3.375099519887021759e-08
3.296292152345388758e-08
3.219324908670398567e-08
3.144154822627420381e-08
3.070739931228042413e-08
2.999039251304637229e-08
2.929012756631898608e-08
2.860621355582560072e-08
2.793826869304897273e-08
2.728592010409722703e-08
2.664880362155059890e-08
2.602656358116842792e-08
2.541885262334295765e-08
2.482533149918916819e-08
2.424566888116213568e-08
2.367954117809682345e-08
2.312663235456619944e-08
2.258663375445749822e-08
2.205924392866789878e-08
2.154416846682336058e-08
2.104111983292688522e-08
2.054981720484426085e-08
2.006998631753764279e-08
1.960135930995989482e-08
1.914367457552358148e-08
1.869667661606157249e-08
1.826011589919762979e-08
1.783374871904732291e-08
1.741733706017154432e-08
1.701064846470654389e-08
1.661345590259669796e-08
1.622553764485699944e-08
1.584667713979501492e-08
1.547666289212292806e-08
1.511528834489229715e-08
1.476235176418564183e-08
1.441765612650026785e-08
1.408100900876193716e-08
1.375222248090639782e-08
1.343111300096923160e-08
1.311750131262529103e-08
1.281121234512055791e-08
1.251207511554054716e-08
1.221992263336074472e-08
1.193459180722563233e-08
1.165592335390462320e-08
1.138376170937361537e-08
1.111795494197286933e-08
1.085835466759260308e-08
1.060481596683896675e-08
1.035719730413417895e-08
1.011536044870556144e-08
9.879170397419628319e-09
9.648495299417797691e-09
9.423206382511906992e-09
9.203177881298366392e-09
8.988286966950812223e-09
8.778413678652095067e-09
8.573440856627221328e-09
8.373254076740122760e-09
8.177741586617394791e-09
7.986794243263610243e-09
7.800305452133284861e-09
7.618171107625466124e-09
7.440289534967797709e-09
7.266561433457473658e-09
7.096889821027654358e-09
6.931179980108082685e-09
6.769339404749915022e-09
6.611277748985156560e-09
6.456906776391869514e-09
6.306140310837037541e-09
6.158894188369560290e-09
6.015086210236483937e-09
5.874636096996390863e-09
5.737465443704117258e-09
5.603497676141949325e-09
5.472658008072787074e-09
5.344873399491440486e-09
5.220072515850743972e-09
5.098185688239687052e-09
4.979144874491461494e-09
4.862883621199521137e-09
4.749337026620619228e-09
4.638441704444013867e-09
4.530135748406664978e-09
4.424358697734659818e-09
4.321051503391522553e-09
4.220156495114700413e-09
4.121617349221648752e-09
4.025379057167683497e-09
3.931387894837979552e-09
3.839591392556590034e-09
3.749938305795750826e-09
3.662378586569111295e-09
3.576863355492896813e-09
3.493344874499493854e-09
3.411776520188098996e-09
3.332112757797656306e-09
3.254309115787504059e-09
3.178322161011563666e-09
3.104109474472198575e-09
3.031629627640189794e-09
2.960842159327687440e-09
2.891707553101109815e-09
2.824187215221477657e-09
2.758243453099822995e-09
2.693839454255659072e-09
2.630939265766766596e-09
2.569507774198797683e-09
2.509510686003559510e-09
2.450914508374948470e-09
2.393686530551914636e-09
2.337794805557987349e-09
2.283208132367178494e-09
2.229896038486305451e-09
2.177828762944014768e-09
2.126977239676987356e-09
2.077313081304103387e-09
2.028808563279445161e-09
1.981436608415332184e-09
1.935170771766740293e-09
1.889985225868659308e-09
1.845854746318158973e-09
1.802754697693094036e-09
1.760661019799631205e-09
1.719550214240860316e-09
1.679399331299041166e-09
1.640185957124140641e-09
1.601888201221513309e-09
1.564484684231743023e-09
1.527954525995806216e-09
1.492277333898938810e-09
1.457433191486640993e-09
1.423402647346506011e-09
1.390166704249656063e-09
1.357706808545718168e-09
1.326004839805423983e-09
1.295043100705054904e-09
1.264804307147069354e-09
1.235271578611433022e-09
1.206428428732219128e-09
1.178258756094252581e-09
1.150746835244648847e-09
1.123877307914227546e-09
1.097635174443906594e-09
1.072005785411277140e-09
1.046974833452713050e-09
1.022528345276414762e-09
9.986526738619511453e-10
9.753344908419411604e-10
9.525607790616184238e-10
9.303188253121299730e-10
9.085962132335007309e-10
8.873808163833285714e-10
8.666607914673057934e-10
8.464245717278140860e-10
8.266608604868915597e-10
8.073586248399693660e-10
7.885070894968572206e-10
7.700957307665409961e-10
7.521142706824267946e-10
7.345526712647712695e-10
7.174011289170691963e-10
7.006500689532898473e-10
6.842901402528997446e-10
6.683122100406874244e-10
6.527073587884799859e-10
6.374668752358959963e-10
6.225822515273738310e-10
6.080451784627378934e-10
5.938475408586665945e-10
5.799814130184686731e-10
5.664390543076380285e-10
5.532129048327188625e-10
5.402955812210624545e-10
5.276798724991359916e-10
5.153587360670601125e-10
5.033252937671460138e-10
4.915728280442284097e-10
4.800947781956543214e-10
4.688847367088330721e-10
4.579364456843037801e-10
4.472437933423188838e-10
4.368008106110060284e-10
4.266016677941870840e-10
4.166406713170059594e-10
4.069122605475448454e-10
3.974110046926535529e-10
3.881315997662613265e-10
3.790688656284762940e-10
3.702177430938219122e-10
3.615732911069954421e-10
3.531306839845657988e-10
3.448852087210892290e-10
3.368322623581133596e-10
3.289673494146206021e-10
3.212860793774684158e-10
3.137841642504270443e-10
3.064574161604461574e-10
2.993017450198144482e-10
2.923131562429068433e-10
2.854877485162449519e-10
2.788217116206258963e-10
2.723113243041032615e-10
2.659529522046338283e-10
2.597430458212289894e-10
2.536781385324806601e-10
2.477548446613489188e-10
2.419698575851453493e-10
2.363199478896387649e-10
2.308019615662660643e-10
2.254128182514367838e-10
2.201495095069494820e-10
2.150090971405593682e-10
2.099887115657606772e-10
2.050855501998668591e-10
2.002968758994953862e-10
1.956200154325836215e-10
1.910523579860821495e-10
1.865913537084930655e-10
1.822345122864397157e-10
1.779794015544734065e-10
1.738236461373374935e-10
1.697649261239405075e-10
1.658009757722852746e-10
1.619295822446404056e-10
1.581485843722447186e-10
1.544558714488552163e-10
1.508493820524653197e-10
1.473271028945355429e-10
1.438870676960942250e-10
1.405273560900810322e-10
1.372460925493201084e-10
1.340414453395248487e-10
1.309116254967495823e-10
1.278548858287178750e-10
1.248695199394670892e-10
1.219538612767719467e-10
1.191062822018053949e-10
1.163251930805253843e-10
1.136090413962765934e-10
1.109563108831127301e-10
1.083655206793554449e-10
1.058352245009173425e-10
1.033640098339275368e-10
1.009504971462092078e-10
9.859333911716886780e-11
9.629121988566730670e-11
9.404285431545264074e-11
9.184698727774519742e-11
8.970239295057399661e-11
8.760787413447208552e-11
8.556226158415310636e-11
8.356441335578991217e-11
8.161321416953563977e-11
7.970757478692926451e-11
7.784643140283846656e-11
7.602874505160061297e-11
7.425350102703000098e-11
7.251970831596762475e-11
7.082639904505766355e-11
6.917262794044113184e-11
6.755747180006592074e-11
6.598002897831778522e-11
6.443941888268542619e-11
6.293478148217810310e-11
6.146527682722072648e-11
6.003008458076122858e-11
5.862840356032431234e-11
5.725945129075913995e-11
5.592246356742996982e-11
5.461669402960622138e-11
5.334141374381358440e-11
5.209591079691387755e-11
5.087948989868627812e-11
4.969147199368808368e-11
4.853119388217851685e-11
4.739800784989371807e-11
4.629128130646638970e-11
4.521039643228839506e-11
4.415474983361815746e-11
4.312375220574278214e-11
4.211682800400367376e-11
4.113341512250429012e-11
4.017296458031990702e-11
3.923494021503414833e-11
3.831881838343146851e-11
3.742408766917826427e-11
3.655024859732950604e-11
3.569681335550166949e-11
3.486330552155599863e-11
3.404925979764042908e-11
3.325422175044144691e-11
3.247774755750098448e-11
3.171940375945687288e-11
3.097876701806778782e-11
3.025542387988939004e-11
2.954897054546736626e-11
2.885901264392036603e-11
2.818516501278615633e-11
2.752705148300834826e-11
2.688430466894358342e-11
2.625656576327196898e-11
2.564348433669628436e-11
2.504471814231817043e-11
2.445993292458203270e-11
2.388880223268001678e-11
2.333100723831397681e-11
2.278623655771257395e-11
2.225418607780432430e-11
2.173455878644903708e-11
2.122706460663408146e-11
2.073142023454130931e-11
2.024734898139549551e-11
1.977458061900541271e-11
1.931285122891152017e-11
1.886190305505599445e-11
1.842148435989283624e-11
1.799134928385776833e-11
1.757125770811947835e-11
1.716097512053554655e-11
1.676027248473826674e-11
1.636892611227725171e-11
1.598671753774755657e-11
1.561343339683318061e-11
1.524886530719882357e-11
1.489280975216218034e-11
1.454506796708274536e-11
1.420544582840332056e-11
1.387375374528240163e-11
1.354980655375686615e-11
1.323342341337595915e-11
1.292442770624881555e-11
1.262264693844920024e-11
1.232791264372240641e-11
1.204006028944056820e-11
1.175892918475387608e-11
1.148436239088642928e-11
1.121620663352670013e-11
1.095431221726343191e-11
1.069853294201984506e-11
1.044872602143865523e-11
1.020475200317299299e-11
9.966474691038447552e-12
9.733761068982839960e-12
9.506481226831268016e-12
9.284508287764981542e-12
9.067718337493611068e-12
8.855990355081172908e-12
8.649206145387289774e-12
8.447250273085870676e-12
8.250009998224426021e-12
8.057375213288103404e-12
7.869238381733075674e-12
7.685494477955470243e-12
7.506040928661697464e-12
7.330777555607919622e-12
7.159606519676485335e-12
6.992432266258172750e-12
6.829161471909734411e-12
6.669702992256972574e-12
6.513967811114248220e-12
6.361868990792045202e-12
6.213321623564826444e-12
6.068242784272099310e-12
5.926551484026230860e-12
5.788168625001173297e-12
5.653016956276863315e-12
5.521021030714553454e-12
5.392107162839280276e-12
5.266203387705570794e-12
5.143239420723702693e-12
5.023146618424006752e-12
4.905857940137298453e-12
4.791307910570056480e-12
4.679432583253465835e-12
4.570169504845901321e-12
4.463457680268944125e-12
4.359237538657459639e-12
4.257450900104720251e-12
4.158040943184030202e-12
4.060952173228698157e-12
3.966130391352679739e-12
3.873522664194507919e-12
3.783077294367831140e-12
3.694743791601775634e-12
3.608472844555249115e-12
3.524216293289351057e-12
3.441927102382541080e-12
3.361559334673561094e-12
3.283068125617451748e-12
3.206409658240342633e-12
3.131541138679044235e-12
3.058420772291778616e-12
2.987007740326714168e-12
2.917262177135288471e-12
2.849145147917593668e-12
2.782618626987355267e-12
2.717645476544511852e-12
2.654189425943352327e-12
2.592215051444778382e-12
2.531687756441340655e-12
2.472573752144008505e-12
2.414840038719898602e-12
2.358454386870431968e-12
2.303385319839633416e-12
2.249602095842528473e-12
2.197074690903836030e-12
2.145773782097368197e-12
2.095670731176781100e-12
2.046737568588550168e-12
1.998946977858235315e-12
1.952272280341290827e-12
1.906687420330007615e-12
1.862166950508132635e-12
1.818686017745151778e-12
1.776220349222266531e-12
1.734746238882322104e-12
1.694240534196126094e-12
1.654680623237768173e-12
1.616044422061726205e-12
1.578310362374713615e-12
1.541457379495383192e-12
1.505464900595169305e-12
1.470312833213700360e-12
1.435981554042373687e-12
1.402451897969833854e-12
1.369705147383211158e-12
1.337723021719222369e-12
1.306487667259197269e-12
1.275981647162417215e-12
1.246187931732161258e-12
1.217089888909041339e-12
1.188671274986311284e-12
1.160916225541972642e-12
1.133809246582610093e-12
1.107335205894017557e-12
1.081479324593782392e-12
1.056227168881113797e-12
1.031564641979311810e-12
1.007477976266377073e-12
9.839537255893534560e-13
9.609787577581601817e-13
9.385402472146594220e-13
9.166256678729108987e-13
8.952227861266051192e-13
8.743196540197669394e-13
8.539046025769237356e-13
8.339662352890089061e-13
8.144934217513704785e-13
7.954752914503263899e-13
7.769012276948042385e-13
7.587608616896738823e-13
7.410440667474653758e-13
7.237409526352423827e-13
7.068418600534751148e-13
6.903373552438183444e-13
6.742182247228196871e-13
6.584754701385705316e-13
6.431003032474628472e-13
6.280841410082365065e-13
6.134186007905767850e-13
5.990954956955910671e-13
5.851068299855500328e-13
5.714447946203426153e-13
5.581017628981532929e-13
5.450702861979283367e-13
5.323430898212533763e-13
5.199130689313222993e-13
5.077732845867306142e-13
4.959169598678706333e-13
4.843374760937907494e-13
4.730283691273720964e-13
4.619833257667876606e-13
4.511961802212162293e-13
4.406609106688491987e-13
4.303716358952646629e-13
4.203226120102956618e-13
4.105082292415577861e-13
4.009230088028468773e-13
3.915615998356585532e-13
3.824187764221220891e-13
3.734894346676813641e-13
3.647685898518941631e-13
3.562513736457599927e-13
3.479330313940171688e-13
3.398089194609086492e-13
3.318745026379115893e-13
3.241253516120010301e-13
3.165571404930284238e-13
3.091656443988339737e-13
3.019467370967462966e-13
2.948963887001525039e-13
2.880106634188513796e-13
2.812857173619366165e-13
2.747177963919807002e-13
2.683032340293232989e-13
2.620384494052937186e-13
2.559199452632250496e-13
2.499443060061444949e-13
2.441081957900451659e-13
2.384083566616881051e-13
2.328416067398774358e-13
2.274048384392057132e-13
