6.225865488154269309e-03
6.032477189400804567e-03
5.845095932425855081e-03
5.663535126049078217e-03
5.487613974999311015e-03
5.317157299881603363e-03
5.151995362736457550e-03
4.991963698017546844e-03
4.836902948819627596e-03
4.686658708193549606e-03
4.541081365390347950e-03
4.400025956881313018e-03
4.263352022005693041e-03
4.130923463102270828e-03
4.002608409985542424e-03
3.878279088631557923e-03
3.757811693942639253e-03
3.641086266464300687e-03
3.527986572931588773e-03
3.418399990525907307e-03
3.312217394727061913e-03
3.209333050648854879e-03
3.109644507750018629e-03
3.013052497815651119e-03
2.919460836107554743e-03
2.828776325585053136e-03
2.740908664100906011e-03
2.655770354479917647e-03
2.573276617390679588e-03
2.493345306923709648e-03
2.415896828791898668e-03
2.340854061071829303e-03
2.268142277407029107e-03
2.197689072596690010e-03
2.129424290495759379e-03
2.063279954154602445e-03
1.999190198128668935e-03
1.937091202890767931e-03
1.876921131280626705e-03
1.818620066928464032e-03
1.762129954591252047e-03
1.707394542342255406e-03
1.654359325556290471e-03
1.602971492634910206e-03
1.553179872417482458e-03
1.504934883225789036e-03
1.458188483491402749e-03
1.412894123916682730e-03
1.369006701121749069e-03
1.326482512731274243e-03
1.285279213856377768e-03
1.245355774928280689e-03
1.206672440841732039e-03
1.169190691367530789e-03
1.132873202794711532e-03
1.097683810764205460e-03
1.063587474256967201e-03
1.030550240700700993e-03
9.985392121604479577e-04
9.675225125793617247e-04
9.374692560370539909e-04
9.083495159939021469e-04
8.801342954906928679e-04
8.527954982739247751e-04
8.263059008180213567e-04
8.006391252165906934e-04
7.757696129157395839e-04
7.516725992632833061e-04
7.283240888485141866e-04
7.057008316079635586e-04
6.837802996733699295e-04
6.625406649387989913e-04
6.419607773245731034e-04
6.220201437163682713e-04
6.026989075585089577e-04
5.839778290811349724e-04
5.658382661415533883e-04
5.482621556607010071e-04
5.312319956362250052e-04
5.147308277142764862e-04
4.987422203026604895e-04
4.832502522085262088e-04
4.682394967843041375e-04
4.536950065661030204e-04
4.396022983892720957e-04
4.259473389663024885e-04
4.127165309127093953e-04
3.998966992069808422e-04
3.874750780711072227e-04
3.754392982586280628e-04
3.637773747375409351e-04
3.524776947558022795e-04
3.415290062775396072e-04
3.309204067784592336e-04
3.206413323892914739e-04
3.106815473764622335e-04
3.010311339495186844e-04
2.916804823851556908e-04
2.826202814580107349e-04
2.738415091686991019e-04
2.653354237598549038e-04
2.570935550112320275e-04
2.491076958051985997e-04
2.413698939542234306e-04
2.338724442822180704e-04
2.266078809518494810e-04
2.195689700301812976e-04
2.127487022852423738e-04
2.061402862063483092e-04
1.997371412412268733e-04
1.935328912432121551e-04
1.875213581219818129e-04
1.816965556915167712e-04
1.760526837091551291e-04
1.705841220998054371e-04
1.652854253595688165e-04
1.601513171331950085e-04
1.551766849599745153e-04
1.503565751828343398e-04
1.456861880155674576e-04
1.411608727632842339e-04
1.367761231913273035e-04
1.325275730380366321e-04
1.284109916668978754e-04
1.244222798537441914e-04
1.205574657048159019e-04
1.168127007016138435e-04
1.131842558686080454e-04
1.096685180599846757e-04
1.062619863617353627e-04
1.029612686055038660e-04
9.976307799072072033e-05
9.666422981166148960e-05
9.366163828616855844e-05
9.075231348288009066e-05
8.793335834390579087e-05
8.520196579998368840e-05
8.255541597524681348e-05
7.999107347881576503e-05
7.750638478051914638e-05
7.509887566813074425e-05
7.276614878358906051e-05
7.050588123574778876e-05
6.831582228727905157e-05
6.619379111342573992e-05
6.413767463037224950e-05
6.214542539107042736e-05
6.021505954642505394e-05
5.834465486980968838e-05
5.653234884294506337e-05
5.477633680123364320e-05
5.307487013670439592e-05
5.142625455677783626e-05
4.982884839711694796e-05
4.828106098688496968e-05
4.678135106478159989e-05
4.532822524428002534e-05
4.392023652653724737e-05
4.255598285949653011e-05
4.123410574174669007e-05
3.995328886974885605e-05
3.871225682708309023e-05
3.750977381440942320e-05
3.634464241887929944e-05
3.521570242177156655e-05
3.412182964316554925e-05
3.306193482250122887e-05
3.203496253391153477e-05
3.103989013524640803e-05
3.007572674974264316e-05
2.914151227932512488e-05
2.823631644855677310e-05
2.735923787828559845e-05
2.650940318806624640e-05
2.568596612646188151e-05
2.488810672836102200e-05
2.411503049846977276e-05
2.336596762016632196e-05
2.264017218893026918e-05
2.193692146958318116e-05
2.125551517660066158e-05
2.059527477677956843e-05
1.995554281356584254e-05
1.933568225236995583e-05
1.873507584621838398e-05
1.815312552110922366e-05
1.758925178045983755e-05
1.704289312805375988e-05
1.651350550891191019e-05
1.600056176753158398e-05
1.550355112295372144e-05
1.502197866013550792e-05
1.455536483712216485e-05
1.410324500752694875e-05
1.366516895784386080e-05
1.324070045913243042e-05
1.282941683262816769e-05
1.243090852884588636e-05
1.204477871975709907e-05
1.167064290363520356e-05
