3.908883983532234103e-03
3.819733383243893287e-03
3.732616056279922361e-03
3.647485629420194574e-03
3.564296787086720236e-03
3.483005247221818926e-03
3.403567737716439723e-03
3.325941973376087425e-03
3.250086633412089393e-03
3.175961339446221714e-03
3.103526634016991366e-03
3.032743959576128263e-03
2.963575637964102963e-03
2.895984850353759514e-03
2.829935617651366253e-03
2.765392781344673187e-03
2.702321984787764073e-03
2.640689654912752385e-03
2.580462984358578103e-03
2.521609914007401625e-03
2.464099115919286299e-03
2.407899976656098246e-03
2.352982580985738675e-03
2.299317695958035500e-03
2.246876755343821860e-03
2.195631844428913917e-03
2.145555685154891968e-03
2.096621621598783632e-03
2.048803605783910964e-03
2.002076183814354565e-03
1.956414482325646940e-03
1.911794195244492529e-03
1.868191570850458432e-03
1.825583399132751352e-03
1.783946999435351115e-03
1.743260208383924431e-03
1.703501368088089366e-03
1.664649314612757754e-03
1.626683366712406396e-03
1.589583314822295285e-03
1.553329410300759725e-03
1.517902354916856981e-03
1.483283290577771217e-03
1.449453789290506287e-03
1.416395843352522780e-03
1.384091855766101048e-03
1.352524630871324712e-03
1.321677365192698616e-03
1.291533638494530775e-03
1.262077405040314560e-03
1.233292985051460955e-03
1.205165056360831813e-03
1.177678646256633422e-03
1.150819123512327076e-03
1.124572190598315240e-03
1.098923876071257119e-03
1.073860527136962818e-03
1.049368802382905736e-03
1.025435664676486482e-03
1.002048374225268570e-03
9.791944817954879084e-04
9.568618220852313089e-04
9.350385072487523482e-04
9.137129205684812626e-04
8.928737102713560272e-04
8.725097834861871059e-04
8.526103003388377406e-04
8.331646681820748359e-04
8.141625359570226882e-04
7.955937886832145861e-04
7.774485420743116812e-04
7.597171372766208745e-04
7.423901357276142593e-04
7.254583141317089319e-04
7.089126595506368891e-04
6.927443646057882898e-04
6.769448227899773881e-04
6.615056238861317245e-04
6.464185494904698933e-04
6.316755686377822053e-04
6.172688335264860321e-04
6.031906753411814997e-04
5.894336001704820983e-04
5.759902850179481190e-04
5.628535739039997217e-04
5.500164740567344739e-04
5.374721521896207079e-04
5.252139308640873779e-04
5.132352849350717543e-04
5.015298380776357342e-04
4.900913593927985149e-04
4.789137600907810875e-04
4.679910902498976826e-04
4.573175356493664953e-04
4.468874146743550537e-04
4.366951752916139258e-04
4.267353920940861753e-04
4.170027634129222635e-04
4.074921084953605577e-04
3.981983647469735082e-04
3.891165850368094223e-04
3.802419350639971185e-04
3.715696907844104465e-04
3.630952358960233832e-04
3.548140593816168195e-04
3.467217531075303069e-04
3.388140094771782641e-04
3.310866191380833256e-04
3.235354687412059097e-04
3.161565387513768982e-04
3.089459013076685588e-04
3.018997181325638358e-04
2.950142384888119963e-04
2.882857971828823099e-04
2.817108126139536775e-04
2.752857848674008937e-04
2.690072938517635952e-04
2.628719974782049306e-04
2.568766298814925708e-04
2.510179996815532755e-04
2.452929882846770584e-04
2.396985482234658587e-04
2.342317015346430679e-04
2.288895381738612121e-04
2.236692144666629781e-04
2.185679515947714020e-04
2.135830341169037377e-04
2.087118085233211984e-04
2.039516818233454631e-04
1.993001201650898937e-04
1.947546474866706698e-04
1.903128441981802906e-04
1.859723458937211234e-04
1.817308420928141907e-04
1.775860750105126974e-04
1.735358383555657121e-04
1.695779761559925380e-04
1.657103816114424081e-04
1.619309959717283112e-04
1.582378074409387459e-04
1.546288501065431001e-04
1.511022028929214487e-04
1.476559885387615447e-04
1.442883725977778654e-04
1.409975624622220535e-04
1.377818064086640075e-04
1.346393926655360554e-04
1.315686485019439968e-04
1.285679393372594014e-04
1.256356678710200160e-04
1.227702732326744876e-04
1.199702301507188818e-04
1.172340481407831175e-04
1.145602707122346666e-04
1.119474745928774662e-04
1.093942689713332193e-04
1.068992947567018285e-04
1.044612238551069380e-04
1.020787584627413913e-04
9.975063037503636206e-05
9.747560031158613724e-05
9.525245725647002177e-05
9.308001781361907947e-05
9.095712557688529246e-05
8.888265051447790375e-05
8.685548836743866002e-05
8.487456006183645386e-05
8.293881113436789548e-05
8.104721117105851606e-05
7.919875325876544439e-05
7.739245344918990624e-05
7.562735023511396777e-05
7.390250403858284226e-05
7.221699671076048995e-05
7.056993104319170230e-05
6.896043029021151939e-05
6.738763770224651518e-05
6.585071606976057644e-05
6.434884727760182611e-05
6.288123186951365747e-05
6.144708862257806307e-05
6.004565413136465343e-05
5.867618240156418822e-05
5.733794445288998285e-05
5.603022793103621822e-05
5.475233672848622011e-05
5.350359061396914821e-05
5.228332487036764140e-05
5.109088994088384437e-05
4.992565108327532732e-05
4.878698803197692978e-05
4.767429466792867302e-05
4.658697869593391734e-05
4.552446132937611471e-05
4.448617698212624090e-05
4.347157296747700968e-05
4.248010920394342752e-05
4.151125792777339411e-05
4.056450341201491396e-05
3.963934169199075986e-05
3.873528029703416671e-05
3.785183798834297636e-05
3.698854450281250012e-05
3.614494030271088259e-05
3.532057633106365036e-05
3.451501377261725353e-05
3.372782382025426028e-05
3.295858744673623282e-05
3.220689518165212908e-05
3.147234689345418748e-05
3.075455157646478387e-05
3.005312714274112744e-05
2.936770021868693588e-05
2.869790594630280189e-05
2.804338778896948346e-05
2.740379734166074636e-05
2.677879414548467690e-05
2.616804550645483352e-05
2.557122631839467503e-05
2.498801888988105540e-05
2.441811277513465824e-05
2.386120460876730440e-05
2.331699794429826472e-05
2.278520309635351617e-05
2.226553698646398667e-05
2.175772299238074516e-05
2.126149080082683475e-05
2.077657626360746601e-05
2.030272125700188714e-05
1.983967354436218507e-05
1.938718664184575286e-05
1.894501968721006569e-05
1.851293731159988541e-05
1.809070951425857191e-05
1.767811154009696847e-05
1.727492376005450761e-05
1.688093155418900982e-05
1.649592519743282677e-05
1.611969974795458670e-05
1.575205493806709702e-05
1.539279506762330807e-05
1.504172889984362896e-05
1.469866955951913526e-05
1.436343443353647367e-05
1.403584507367144287e-05
1.371572710159972366e-05
1.340291011607391113e-05
1.309722760221763634e-05
1.279851684288842009e-05
1.250661883206209636e-05
1.222137819019268419e-05
1.194264308150266970e-05
1.167026513315965929e-05
1.140409935629638318e-05
1.114400406883200943e-05
1.088984082005369232e-05
1.064147431691819229e-05
1.039877235203435983e-05
1.016160573328812311e-05
9.929848215072538503e-06
9.703376431086288811e-06
9.482069828664853580e-06
9.265810604609409930e-06
9.054483642479277541e-06
8.847976451314560137e-06
8.646179105756352377e-06
8.448984187532623043e-06
8.256286728278644377e-06
8.067984153661535368e-06
7.883976228779154249e-06
7.704165004804290363e-06
7.528454766845762003e-06
7.356751982998638404e-06
7.188965254556494367e-06
7.025005267359178625e-06
6.864784744250204680e-06
6.708218398618447160e-06
6.555222888999430644e-06
6.405716774712028177e-06
6.259620472506960974e-06
6.116856214204036287e-06
5.977348005295522915e-06
5.841021584493727892e-06
5.707804384201123346e-06
5.577625491882060306e-06
5.450415612315488256e-06
5.326107030708575259e-06
5.204633576651607981e-06
5.085930588894970224e-06
4.969934880929470378e-06
4.856584707351680368e-06
4.745819730996375598e-06
4.637580990818609213e-06
4.531810870508291984e-06
4.428453067820590419e-06
4.327452564605809768e-06
4.228755597522815667e-06
4.132309629420387011e-06
4.038063321371301729e-06
3.945966505344218034e-06
3.855970157498858431e-06
3.768026372090238358e-06
3.682088335968073539e-06
3.598110303657782187e-06
3.516047573009815814e-06
3.435856461404366260e-06
3.357494282498769685e-06
3.280919323505242559e-06
3.206090822986842143e-06
3.132968949159844250e-06
3.061514778690977996e-06
2.991690275978239689e-06
2.923458272904246932e-06
2.856782449051369668e-06
2.791627312368090086e-06
2.727958180276313469e-06
2.665741161209567673e-06
2.604943136572262260e-06
2.545531743110398543e-06
2.487475355684377179e-06
2.430743070434681677e-06
2.375304688331523620e-06
2.321130699099663353e-06
2.268192265509869306e-06
2.216461208028636249e-06
2.165909989818006409e-06
2.116511702077498721e-06
2.068240049720346745e-06
2.021069337376426585e-06
1.974974455714410798e-06
1.929930868075881125e-06
1.885914597414277386e-06
1.842902213531730490e-06
1.800870820606990601e-06
1.759798045007805274e-06
1.719662023381263096e-06
1.680441391015764919e-06
1.642115270468423021e-06
1.604663260451839976e-06
1.568065424974344973e-06
1.532302282727915070e-06
1.497354796718124252e-06
1.463204364130606102e-06
1.429832806428633241e-06
1.397222359676543262e-06
1.365355665083859322e-06
1.334215759765073364e-06
1.303786067710172200e-06
1.274050390961100798e-06
1.244992900989464731e-06
1.216598130270883169e-06
1.188850964051508031e-06
1.161736632302324201e-06
1.135240701856949898e-06
1.109349068728752232e-06
1.084047950603186771e-06
1.059323879501366082e-06
1.035163694610951173e-06
1.011554535280550774e-06
9.884838341738979344e-07
9.659393105801606233e-07
9.439089638768260441e-07
9.223810671416757739e-07
9.013441609104569205e-07
8.807870470769209903e-07
8.606987829319856931e-07
8.410686753388478654e-07
8.218862750409446165e-07
8.031413710997340275e-07
7.848239854593342799e-07
7.669243676351280681e-07
7.494329895235055346e-07
7.323405403299810127e-07
7.156379216129877882e-07
6.993162424407023133e-07
6.833668146583412118e-07
6.677811482633846800e-07
6.525509468862842891e-07
6.376681033742424157e-07
6.231246954757120417e-07
6.089129816233224188e-07
5.950253968129825701e-07
5.814545485769728396e-07
5.681932130488763053e-07
5.552343311182608511e-07
5.425710046730593246e-07
5.301964929276528051e-07
5.181042088346977969e-07
5.062877155787913098e-07
4.947407231501045323e-07
4.834570849961619645e-07
4.724307947499849124e-07
4.616559830328564140e-07
4.511269143300058554e-07
4.408379839375504989e-07
4.307837149790687834e-07
4.209587554902170515e-07
4.113578755698380997e-07
4.019759645960443538e-07
3.928080285057951646e-07
3.838491871365185781e-07
3.750946716283634600e-07
3.665398218856987682e-07
3.581800840965094340e-07
3.500110083083666847e-07
3.420282460596847898e-07
3.342275480650016211e-07
3.266047619530511762e-07
3.191558300564248033e-07
3.118767872516438030e-07
3.047637588484937722e-07
2.978129585274972071e-07
2.910206863244267693e-07
2.843833266607862353e-07
2.778973464192098683e-07
2.715592930627574725e-07
2.653657927971022429e-07
2.593135487746344638e-07
2.533993393395239623e-07
2.476200163128084154e-07
2.419725033165932442e-07
2.364537941364723882e-07
2.310609511212971441e-07
2.257911036194420928e-07
2.206414464507352422e-07
2.156092384132390771e-07
2.106918008240879438e-07
2.058865160936044601e-07
2.011908263319365640e-07
1.966022319874732003e-07
1.921182905163138233e-07
1.877366150820835957e-07
1.834548732854020737e-07
1.792707859223292317e-07
1.751821257711276680e-07
1.711867164066954962e-07
1.672824310420385401e-07
1.634671913961654045e-07
1.597389665878025447e-07
1.560957720543405422e-07
1.525356684954364234e-07
1.490567608407090378e-07
1.456571972409788008e-07
1.423351680825138843e-07
1.390889050237593619e-07
1.359166800540351063e-07
1.328168045737027154e-07
1.297876284953108781e-07
1.268275393652414517e-07
1.239349615053871530e-07
1.211083551744073584e-07
1.183462157481112173e-07
1.156470729185346773e-07
1.130094899112845422e-07
1.104320627207322805e-07
1.079134193626512067e-07
1.054522191438986792e-07
1.030471519487549219e-07
1.006969375415384063e-07
9.840032488512656501e-08
9.615609147501913751e-08
9.396304268858978238e-08
9.182001114917912290e-08
8.972585610469135254e-08
8.767946282036313109e-08
8.567974198538170761e-08
8.372562913303644619e-08
8.181608407409502416e-08
7.995009034310285167e-08
7.812665465731053489e-08
7.634480638794204019e-08
7.460359704352149726e-08
7.290209976498385844e-08
7.123940883230086506e-08
6.961463918235923769e-08
6.802692593783479667e-08
6.647542394681172496e-08
6.495930733290165138e-08
6.347776905562337336e-08
6.203002048080901456e-08
6.061529096080799788e-08
5.923282742426546204e-08
5.788189397525654076e-08
5.656177150156336355e-08
5.527175729188613634e-08
5.401116466178448492e-08
5.277932258815011421e-08
5.157557535201607162e-08
5.039928218951247561e-08
4.924981695078305020e-08
4.812656776668073078e-08
4.702893672306505304e-08
4.595633954252786866e-08
4.490820527337800770e-08
4.388397598571931903e-08
4.288310647446033218e-08
4.190506396909738356e-08
4.094932785011682873e-08
4.001538937186526434e-08
3.910275139174035639e-08
3.821092810555798113e-08
3.733944478895495230e-08
3.648783754468963866e-08
3.565565305570589306e-08
3.484244834382888362e-08
3.404779053396446205e-08
3.327125662367640359e-08
3.251243325801902323e-08
3.177091650950508801e-08
3.104631166309221417e-08
3.033823300607295648e-08
2.964630362275703607e-08
2.897015519383618146e-08
2.830942780032499559e-08
2.766376973197327010e-08
2.703283730004797385e-08
2.641629465438506498e-08
2.581381360461392301e-08
2.522507344545905668e-08
2.464976078602627137e-08
2.408756938298226312e-08
2.353819997753896558e-08
2.300136013615585209e-08
2.247676409487513562e-08
2.196413260720770106e-08
2.146319279548787230e-08
2.097367800561860413e-08
2.049532766512944635e-08
2.002788714447182822e-08
1.957110762147781234e-08
1.912474594891013175e-08
1.868856452503306740e-08
1.826233116713521234e-08
1.784581898793685289e-08
1.743880627481611665e-08
1.704107637178966172e-08
1.665241756418502493e-08
1.627262296594328190e-08
1.590149040949202862e-08
1.553882233813001429e-08
1.518442570086621085e-08
1.483811184965728452e-08
1.449969643898880908e-08
1.416899932774672392e-08
1.384584448332684508e-08
1.353005988793136567e-08
1.322147744700245849e-08
1.291993289974426818e-08
1.262526573168561085e-08
1.233731908923691516e-08
1.205593969619584222e-08
1.178097777215718920e-08
1.151228695278364186e-08
1.124972421189490973e-08
1.099314978533379426e-08
1.074242709656866291e-08
1.049742268399272045e-08
1.025800612988135392e-08
1.002404999096980526e-08
9.795429730614122246e-09
9.572023652499368948e-09
9.353712835859735410e-09
9.140381072176097783e-09
8.931914803317349429e-09
8.728203061092524947e-09
8.529137408181594403e-09
8.334611880413428724e-09
8.144522930360285897e-09
7.958769372218698680e-09
7.777252327947511410e-09
7.599875174634334610e-09
7.426543493062434712e-09
7.257165017450656048e-09
7.091649586339643117e-09
6.929909094598203542e-09
6.771857446524273336e-09
6.617410510015513565e-09
6.466486071785153099e-09
6.319003793599219104e-09
6.174885169511888326e-09
6.034053484076162896e-09
5.896433771507656730e-09
5.761952775779731875e-09
5.630538911628755209e-09
5.502122226448714102e-09
5.376634363054909375e-09
5.254008523296902204e-09
5.134179432501346497e-09
5.017083304725782541e-09
4.902657808804887868e-09
4.790842035171126338e-09
4.681576463432113631e-09
4.574802930687457383e-09
4.470464600568204121e-09
4.368505932982401465e-09
4.268872654550681181e-09
4.171511729716127593e-09
4.076371332513045825e-09
3.983400818979582603e-09
3.892550700199594939e-09
3.803772615959291028e-09
3.717019309004734715e-09
3.632244599886435215e-09
3.549403362377680876e-09
3.468451499453500809e-09
3.389345919817480227e-09
3.312044514963934121e-09
3.236506136763227988e-09
3.162690575558311905e-09
3.090558538760813376e-09
3.020071629935290402e-09
2.951192328360516713e-09
2.883883969056913885e-09
2.818110723269501478e-09
2.753837579395976224e-09
2.691030324349769101e-09
2.629655525348157441e-09
2.569680512115737506e-09
2.511073359493787975e-09
2.453802870446262400e-09
2.397838559453368714e-09
2.343150636283894900e-09
2.289709990137638411e-09
2.237488174149505024e-09
2.186457390247027224e-09
2.136590474353232967e-09
2.087860881927003322e-09
2.040242673833209223e-09
1.993710502535109525e-09
1.948239598601665404e-09
1.903805757522579587e-09
1.860385326824054208e-09
1.817955193478395054e-09
1.776492771600769918e-09
1.735975990426570797e-09
1.696383282562976342e-09
1.657693572508462504e-09
1.619886265434153071e-09
1.582941236221033496e-09
1.546838818747197245e-09
1.511559795419416880e-09
1.477085386943473806e-09
1.443397242327794303e-09
1.410477429115078253e-09
1.378308423836713451e-09
1.346873102684898896e-09
1.316154732397512310e-09
1.286136961350864491e-09
1.256803810855607147e-09
1.228139666651152506e-09
1.200129270594083107e-09
1.172757712536126168e-09
1.146010422387366151e-09
1.119873162360475885e-09
1.094332019391832192e-09
1.069373397735485589e-09
1.044984011726041513e-09
1.021150878706598191e-09
9.978613121179793624e-10
9.751029147455813004e-10
9.528635721202406540e-10
9.311314460696105976e-10
9.098949684166094864e-10
8.891428348215928650e-10
8.688639987649667878e-10
8.490476656670401205e-10
8.296832871419882554e-10
8.107605553828653973e-10
7.922693976746809508e-10
7.741999710326156172e-10
7.565426569625254948e-10
7.392880563409439989e-10
7.224269844118575929e-10
7.059504658975848813e-10
6.898497302211752619e-10
6.741162068377585351e-10
6.587415206723794380e-10
6.437174876618809535e-10
6.290361103984653831e-10
6.146895738726126334e-10
6.006702413130905845e-10
5.869706501218435916e-10
5.735835079015945948e-10
5.605016885740454268e-10
5.477182285866116052e-10
5.352263232056700840e-10
5.230193228943461048e-10
5.110907297729156420e-10
4.994341941599328175e-10
4.880435111922467713e-10
4.769126175221047343e-10
4.660355880895864390e-10
4.554066329686487133e-10
4.450200942851037159e-10
4.348704432048884472e-10
4.249522769910280431e-10
4.152603161277086449e-10
4.057894015099627011e-10
3.965344916974254047e-10
3.874906602307493900e-10
3.786530930092011704e-10
3.700170857280895673e-10
3.615780413746178018e-10
3.533314677808683306e-10
3.452729752325776026e-10
3.373982741324677194e-10
3.297031727168506470e-10
3.221835748243303300e-10
3.148354777153750698e-10
3.076549699416378374e-10
3.006382292638545246e-10
2.937815206172399929e-10
2.870811941232878161e-10
2.805336831469043812e-10
2.741355023978702017e-10
2.678832460755852664e-10
2.617735860561428226e-10
2.558032701207361340e-10
2.499691202244849015e-10
2.442680308047306080e-10
2.386969671279282129e-10
2.332529636742280739e-10
2.279331225589132357e-10
2.227346119898269089e-10
2.176546647599941567e-10
2.126905767746101188e-10
2.078397056116358602e-10
2.030994691152108262e-10
1.984673440211574503e-10
1.939408646138224912e-10
1.895176214135633439e-10
1.851952598941581773e-10
1.809714792294788532e-10
1.768440310687383089e-10
1.728107183396815213e-10
1.688693940790618776e-10
1.650179602898013069e-10
1.612543668242053850e-10
1.575766102926589126e-10
1.539827329972015077e-10
1.504708218894346396e-10
1.470390075521868661e-10
1.436854632044130233e-10
1.404084037287804463e-10
1.372060847214416480e-10
1.340768015634705725e-10
1.310188885134848842e-10
1.280307178209553189e-10
1.251106988597452630e-10
1.222572772814046453e-10
1.194689341877819098e-10
1.167441853224995563e-10
1.140815802808763012e-10
1.114797017378623619e-10
1.089371646935896820e-10
1.064526157361227826e-10
1.040247323210302670e-10
1.016522220673812885e-10
9.933382206980423755e-11
9.706829822622969089e-11
9.485444458097118913e-11
9.269108268278310154e-11
9.057706095756460257e-11
8.851125409536548480e-11
8.649256245137747641e-11
8.451991146058245268e-11
8.259225106575568535e-11
8.070855515850996911e-11
7.886782103309257255e-11
7.706906885263503134e-11
7.531134112758072022e-11
7.359370220600361164e-11
7.191523777555578496e-11
7.027505437676978607e-11
6.867227892746547328e-11
6.710605825799957234e-11
6.557555865711900206e-11
6.407996542816796788e-11
6.261848245542071546e-11
6.119033178030101852e-11
5.979475318727083913e-11
5.843100379915988489e-11
5.709835768172823352e-11
5.579610545724420509e-11
5.452355392687886169e-11
5.328002570170955075e-11
5.206485884214117439e-11
5.087740650555125614e-11
4.971703660196934823e-11
4.858313145761215385e-11
4.747508748608963805e-11
4.639231486711273617e-11
4.533423723252616027e-11
4.430029135950455083e-11
4.328992687074331939e-11
4.230260594148990013e-11
4.133780301325427799e-11
4.039500451405136150e-11
3.947370858502151912e-11
3.857342481328843862e-11
3.769367397090743339e-11
3.683398775976986915e-11
3.599390856232339415e-11
3.517298919797970819e-11
3.437079268507580902e-11
3.358689200826639676e-11
3.282086989121930091e-11
3.207231857449706488e-11
3.134083959850254959e-11
3.062604359137673813e-11
2.992755006173222541e-11
2.924498719611562181e-11
2.857799166108755037e-11
2.792620840981829732e-11
2.728929049309285551e-11
2.666689887462800859e-11
2.605870225059992618e-11
2.546437687328937999e-11
2.488360637874760069e-11
2.431608161839405046e-11
2.376150049445356089e-11
2.321956779914807599e-11
2.268999505755458886e-11
2.217250037404842493e-11
2.166680828224737975e-11
2.117264959837947970e-11
2.068976127799379970e-11
2.021788627594047958e-11
1.975677340954302761e-11
1.930617722489245526e-11
1.886585786618969862e-11
1.843558094806910825e-11
1.801511743083276171e-11
1.760424349853143101e-11
1.720274043982511919e-11
1.681039453156182227e-11
1.642699692501059423e-11
1.605234353469023372e-11
1.568623492973255223e-11
1.532847622772426318e-11
1.497887699096911750e-11
1.463725112511691307e-11
1.430341678010361452e-11
1.397719625335158248e-11
1.365841589517673361e-11
1.334690601635387955e-11
1.304250079778945379e-11
1.274503820225514290e-11
1.245435988813382532e-11
1.217031112513351001e-11
1.189274071192284167e-11
1.162150089564583255e-11
1.135644729327153942e-11
1.109743881473821032e-11
1.084433758784963410e-11
1.059700888488503012e-11
1.035532105088215152e-11
1.011914543355663084e-11
9.888356314819133301e-12
9.662830843854760140e-12
9.442448971728732749e-12
9.227093387483171592e-12
9.016649455691850435e-12
8.811005155438625349e-12
8.610051020688086229e-12
8.413680082015710347e-12
8.221787809667455093e-12
8.034272057917534753e-12
7.851033010695701427e-12
7.671973128454153020e-12
7.496997096246719675e-12
7.326011772991760182e-12
7.158926141892669399e-12
6.995651261988724738e-12
6.836100220811348876e-12
6.680188088119726845e-12
6.527831870691985548e-12
6.378950468147080718e-12
6.233464629774622832e-12
6.091296912348939715e-12
5.952371638905631636e-12
5.816614858457969185e-12
5.683954306632385737e-12
5.554319367201434230e-12
5.427641034494391460e-12
5.303851876664849753e-12
5.182885999796383974e-12
5.064679012826567532e-12
4.949167993271261402e-12
4.836291453730350518e-12
4.725989309157672274e-12
4.618202844877145946e-12
4.512874685328638588e-12
4.409948763526380787e-12
4.309370291214213423e-12
4.211085729701247830e-12
4.115042761362941073e-12
4.021190261791895736e-12
3.929478272584070132e-12
3.839857974745420021e-12
3.752281662705286187e-12
3.666702718922245288e-12
3.583075589069342157e-12
3.501355757785067594e-12
3.421499724977595597e-12
3.343464982669247072e-12
3.267209992369269926e-12
3.192694162962483405e-12
3.119877829102413342e-12
3.048722230097029612e-12
2.979189489276225829e-12
2.911242593829687730e-12
2.844845375104779000e-12
2.779962489353603935e-12
2.716559398919343808e-12
2.654602353851517481e-12
2.594058373940701346e-12
2.534895231162836153e-12
2.477081432524077460e-12
2.420586203296760356e-12
2.365379470637848766e-12
2.311431847580860048e-12
2.258714617393026175e-12
2.207199718289090525e-12
2.156859728493869950e-12
2.107667851645370499e-12
2.059597902530939856e-12
2.012624293148618506e-12
1.966722019086509916e-12
1.921866646212681928e-12
1.878034297668747635e-12
1.835201641159975965e-12
1.793345876535388247e-12
1.752444723651012667e-12
1.712476410510018055e-12
1.673419661673327852e-12
1.635253686934499905e-12
1.597958170252987922e-12
1.561513258939710380e-12
1.525899553089358770e-12
1.491098095253633900e-12
1.457090360350095197e-12
1.423858245801074451e-12
1.391384061897577443e-12
1.359650522382874725e-12
1.328640735250936004e-12
1.298338193754645082e-12
1.268726767619172350e-12
1.239790694455666759e-12
1.211514571370853277e-12
1.183883346767919100e-12
1.156882312334467484e-12
1.130497095213136715e-12
1.104713650350852950e-12
1.079518253022504860e-12
1.054897491525203075e-12
1.030838260039094748e-12
1.007327751651065451e-12
9.843534515374938054e-13
9.619031303025409054e-13
9.399648374683235173e-13
9.185268951136100156e-13
8.975778916575459634e-13
8.771066757852093600e-13
8.571023505116543214e-13
8.375542673813877127e-13
8.184520208000900699e-13
7.997854424956622520e-13
7.815445961055529470e-13
7.637197718875796387e-13
7.463014815513359876e-13
7.292804532075240470e-13
7.126476264324357348e-13
6.963941474450402252e-13
6.805113643940284007e-13
6.649908227523861406e-13
6.498242608169650201e-13
6.350036053107339729e-13
6.205209670852932812e-13
6.063686369214386495e-13
5.925390814254671943e-13
5.790249390191112509e-13
5.658190160208975506e-13
5.529142828169115750e-13
5.403038701188643015e-13
5.279810653075330359e-13
5.159393088595676508e-13
5.041721908558211692e-13
4.926734475692855760e-13
4.814369581308769177e-13
4.704567412712352911e-13
4.597269521368635497e-13
4.492418791788531278e-13
4.389959411125964419e-13
4.289836839468132296e-13
4.191997780803617255e-13
4.096390154652391792e-13
4.002963068343098118e-13
3.911666789922372671e-13
3.822452721682262465e-13
