4.081322407542535384e-03
3.985531878693202891e-03
3.891989597960774858e-03
3.800642797919745377e-03
3.711439949620546665e-03
3.624330733521943966e-03
3.539266011105662944e-03
3.456197797157230245e-03
3.375079232697399990e-03
3.295864558548893247e-03
3.218509089523532291e-03
3.142969189215220546e-03
3.069202245384541287e-03
2.997166645921089945e-03
2.926821755369983600e-03
2.858127892009300428e-03
2.791046305465528891e-03
2.725539154854387039e-03
2.661569487434688012e-03
2.599101217763209303e-03
2.538099107338810841e-03
2.478528744724308938e-03
2.420356526134901081e-03
2.363549636482192851e-03
2.308076030863125908e-03
2.253904416483371378e-03
2.201004235004989321e-03
2.149345645308396984e-03
2.098899506658921839e-03
2.049637362268442228e-03
2.001531423242845255e-03
1.954554552906244934e-03
1.908680251493117186e-03
1.863882641199719487e-03
1.820136451586359429e-03
1.777417005322278094e-03
1.735700204265109561e-03
1.694962515867059084e-03
1.655180959900138778e-03
1.616333095492963109e-03
1.578397008471802082e-03
1.541351298998740313e-03
1.505175069499979429e-03
1.469847912877464847e-03
1.435349900997193780e-03
1.401661573447705780e-03
1.368763926562419292e-03
1.336638402699615643e-03
1.305266879774030992e-03
1.274631661034143033e-03
1.244715465079391202e-03
1.215501416111696440e-03
1.186973034415784480e-03
1.159114227062937831e-03
1.131909278832935427e-03
1.105342843349060335e-03
1.079399934421170631e-03
1.054065917591954756e-03
1.029326501881598025e-03
1.005167731726205839e-03
9.815759791054388082e-04
9.585379358549115519e-04
9.360406061590263640e-04
9.140712992200013395e-04
8.926176220989620342e-04
8.716674727250543200e-04
8.512090330686369281e-04
8.312307624747023761e-04
8.117213911527662671e-04
7.926699138195513568e-04
7.740655834908801748e-04
7.558979054192757445e-04
7.381566311738496340e-04
7.208317528591369136e-04
7.039134974696187970e-04
6.873923213767460646e-04
6.712589049453557277e-04
6.555041472764422394e-04
6.401191610733186115e-04
6.250952676282710979e-04
6.104239919268788714e-04
5.960970578672380961e-04
5.821063835913934444e-04
5.684440769263422299e-04
5.551024309320401863e-04
5.420739195538992923e-04
5.293511933773204035e-04
5.169270754818733890e-04
5.047945573927761732e-04
4.929467951273996517e-04
4.813771053345590098e-04
4.700789615244199476e-04
4.590459903868906013e-04
4.482719681964207462e-04
4.377508173011838586e-04
4.274766026946597887e-04
4.174435286676819322e-04
4.076459355390652070e-04
3.980782964629649688e-04
3.887352143111706139e-04
3.796114186285730720e-04
3.707017626600871293e-04
3.620012204473560947e-04
3.535048839935949947e-04
3.452079604949787896e-04
3.371057696370102969e-04
3.291937409543427805e-04
3.214674112525699526e-04
3.139224220905275763e-04
3.065545173216853870e-04
2.993595406932456743e-04
2.923334335015902912e-04
2.854722323027563975e-04
2.787720666766485165e-04
2.722291570437248925e-04
2.658398125329274162e-04
2.596004288996531738e-04
2.535074864925903910e-04
2.475575482682755893e-04
2.417472578522482623e-04
2.360733376457124430e-04
2.305325869766355993e-04
2.251218802942412029e-04
2.198381654058782894e-04
2.146784617552726564e-04
2.096398587411870632e-04
2.047195140755449802e-04
1.999146521800883195e-04
1.952225626206673624e-04
1.906405985782785818e-04
1.861661753559871427e-04
1.817967689208937457e-04
1.775299144803209501e-04
1.733632050914181595e-04
1.692942903033994113e-04
1.653208748316480916e-04
1.614407172629415044e-04
1.576516287910645711e-04
1.539514719820983600e-04
1.503381595686892314e-04
1.468096532726157139e-04
1.433639626549909347e-04
1.399991439934516828e-04
1.367132991856994664e-04
1.335045746787765723e-04
1.303711604234726585e-04
1.273112888532711780e-04
1.243232338872613061e-04
1.214053099564512057e-04
1.185558710529346210e-04
1.157733098013740525e-04
1.130560565522761369e-04
1.104025784965487374e-04
1.078113788008398045e-04
1.052809957631697908e-04
1.028100019883823049e-04
1.003970035829468947e-04
9.804063936866039513e-05
9.573958011480318575e-05
9.349252778831663719e-05
9.129821482157993693e-05
8.915540339737174980e-05
8.706288475061477259e-05
8.501947848650849235e-05
8.302403191466541923e-05
8.107541939887589046e-05
7.917254172213387356e-05
7.731432546656595529e-05
7.549972240791398277e-05
7.372770892422874918e-05
7.199728541844306639e-05
7.030747575449603664e-05
6.865732670669270866e-05
6.704590742198703068e-05
6.547230889488543171e-05
6.393564345467481354e-05
6.243504426468499710e-05
6.096966483330439469e-05
5.953867853647192162e-05
5.814127815137633271e-05
5.677667540110013257e-05
5.544410050995034471e-05
5.414280176922637314e-05
5.287204511317931022e-05
5.163111370492359705e-05
5.041930753206783804e-05
4.923594301183579293e-05
4.808035260545593536e-05
4.695188444160114518e-05
4.584990194866652542e-05
4.477378349567779384e-05
4.372292204162793016e-05
4.269672479304362250e-05
4.169461286958922293e-05
4.071602097751888356e-05
3.976039709079302604e-05
3.882720213967918077e-05
3.791590970666132443e-05
3.702600572948656113e-05
3.615698821118139392e-05
3.530836693687396024e-05
3.447966319726277905e-05
3.367040951857549829e-05
3.288014939886592890e-05
3.210843705050017916e-05
3.135483714868678927e-05
3.061892458590888982e-05
2.990028423212021623e-05
2.919851070056903367e-05
2.851320811911860445e-05
2.784398990693477471e-05
2.719047855641473665e-05
2.655230542023418730e-05
2.592911050339235089e-05
2.532054226013801519e-05
2.472625739566172717e-05
2.414592067244230954e-05
2.357920472113868808e-05
2.302578985591991080e-05
2.248536389412969557e-05
2.195762198018341160e-05
2.144226641359831074e-05
2.093900648106002994e-05
2.044755829243039905e-05
1.996764462060440345e-05
1.949899474512571313e-05
1.904134429947258847e-05
1.859443512192809404e-05
1.815801510995051677e-05
1.773183807796160618e-05
1.731566361847278163e-05
1.690925696647065132e-05
1.651238886698551154e-05
1.612483544576810801e-05
1.574637808300156016e-05
1.537680328997743988e-05
1.501590258866627204e-05
1.466347239411457042e-05
1.431931389960211165e-05
1.398323296449451726e-05
1.365504000472811246e-05
1.333454988586507601e-05
1.302158181865865354e-05
1.271595925706955221e-05
1.241750979867582671e-05
1.212606508742030868e-05
1.184146071864053230e-05
1.156353614632766956e-05
1.129213459256213677e-05
1.102710295907482699e-05
1.076829174088395087e-05
1.051555494195895446e-05
1.026874999286380051e-05
1.002773767033319587e-05
9.792382018736448809e-06
9.562550273384515760e-06
9.338112785637164132e-06
9.118942949767842035e-06
8.904917131545083976e-06
8.695914598490167644e-06
8.491817451771599203e-06
8.292510559698112367e-06
8.097881492772610298e-06
7.907820460270409353e-06
7.722220248306022964e-06
7.540976159353577713e-06
7.363985953186644031e-06
7.191149789204310849e-06
7.022370170110849392e-06
6.857551886917253201e-06
6.696601965233643667e-06
6.539429612822149523e-06
6.385946168380819132e-06
6.236065051529556379e-06
6.089701713969917181e-06
5.946773591791227865e-06
5.807200058896061821e-06
5.670902381518872318e-06
5.537803673812095200e-06
5.407828854474639971e-06
5.280904604398373880e-06
5.156959325308604248e-06
5.035923099375342716e-06
4.917727649772479833e-06
4.802306302162667541e-06
4.689593947086155240e-06
4.579527003232412884e-06
4.472043381573726170e-06
4.367082450340645893e-06
4.264585000819462462e-06
4.164493213952419462e-06
4.066750627721857056e-06
3.971302105299834316e-06
3.878093803945325031e-06
3.787073144631395418e-06
3.698188782385241363e-06
3.611390577324384683e-06
3.526629566372620099e-06
3.443857935639842497e-06
3.363028993450112314e-06
3.284097144002764552e-06
3.207017861651723511e-06
3.131747665788455558e-06
3.058244096314470381e-06
2.986465689689471332e-06
2.916371955541673076e-06
2.847923353827084250e-06
2.781081272524882363e-06
2.715808005856264369e-06
2.652066733014537955e-06
2.589821497394412967e-06
2.529037186308790364e-06
2.469679511181621807e-06
2.411714988205626436e-06
2.355110919454003752e-06
2.299835374435453901e-06
2.245857172082106748e-06
2.193145863160216119e-06
2.141671713093660621e-06
2.091405685190605894e-06
2.042319424263836008e-06
1.994385240635522201e-06
1.947576094517409750e-06
1.901865580757613615e-06
1.857227913945398369e-06
1.813637913865573525e-06
1.771070991294271724e-06
1.729503134128107442e-06
1.688910893838896624e-06
1.649271372246276892e-06
1.610562208600795817e-06
1.572761566970155458e-06
1.535848123921510594e-06
1.499801056492873056e-06
1.464600030446821555e-06
1.430225188799914600e-06
1.396657140621316735e-06
1.363876950094327503e-06
1.331866125834646096e-06
1.300606610459325568e-06
1.270080770400574628e-06
1.240271385958611826e-06
1.211161641587985520e-06
1.182735116411899238e-06
1.154975774959138558e-06
1.127867958118438981e-06
1.101396374305135286e-06
1.075546090835137240e-06
1.050302525501380694e-06
1.025651438347952880e-06
1.001578923637314746e-06
9.780714020060268771e-07
9.551156128046095764e-07
9.326986066171733050e-07
9.108077379566175546e-07
8.894306581312925906e-07
8.685553082790595737e-07
8.481699125648688049e-07
8.282629715379781639e-07
8.088232556450803487e-07
7.898397988956959354e-07
7.713018926762195541e-07
7.531990797091755712e-07
7.355211481542382872e-07
7.182581258477041170e-07
7.014002746771796624e-07
6.849380850882786002e-07
6.688622707202676880e-07
6.531637631676052667e-07
6.378337068644279713e-07
6.228634540891124084e-07
6.082445600860668292e-07
5.939687783020304342e-07
5.800280557341704378e-07
5.664145283873607284e-07
5.531205168380900112e-07
5.401385219024727356e-07
5.274612204059487635e-07
5.150814610522592162e-07
5.029922603893807004e-07
4.911867988701499833e-07
4.796584170053333132e-07
4.684006116069988234e-07
4.574070321200503481e-07
4.466714770398608144e-07
4.361878904139952006e-07
4.259503584260259684e-07
4.159531060595410228e-07
4.061904938404403852e-07
3.966570146556934197e-07
3.873472906467678365e-07
3.782560701759616036e-07
3.693782248639465070e-07
3.607087466968318332e-07
3.522427452011364315e-07
3.439754446850587317e-07
3.359021815444957085e-07
3.280184016322970372e-07
3.203196576892546632e-07
3.128016068353975179e-07
3.054600081201604772e-07
2.982907201300527744e-07
2.912896986524799343e-07
2.844529943943898603e-07
2.777767507544707281e-07
2.712572016476310347e-07
2.648906693805409631e-07
2.586735625770397958e-07
2.526023741522282396e-07
2.466736793341168339e-07
2.408841337317021399e-07
2.352304714483866156e-07
2.297095032396816381e-07
2.243181147141433517e-07
2.190532645765400704e-07
2.139119829122490621e-07
2.088913695119192933e-07
2.039885922354591882e-07
1.992008854144164194e-07
1.945255482918605602e-07
1.899599434988781530e-07
1.855014955668256969e-07
1.811476894745040573e-07
1.768960692294261894e-07
1.727442364823881328e-07
1.686898491745535507e-07
1.647306202162917879e-07
1.608643161970272074e-07
1.570887561253645022e-07
1.534018101987886653e-07
1.498013986022357605e-07
1.462854903348665017e-07
1.428521020643727176e-07
1.394992970081740691e-07
1.362251838408762810e-07
1.330279156273678973e-07
1.299056887809612591e-07
1.268567420459844388e-07
1.238793555042519329e-07
1.209718496048561305e-07
1.181325842167270011e-07
1.153599577034316383e-07
1.126524060196866990e-07
1.100084018290759946e-07
1.074264536424779190e-07
1.049051049767111161e-07
1.024429335329302817e-07
1.000385503943032425e-07
9.769059924251929606e-08
9.539775559268786881e-08
9.315872604619203446e-08
9.097224756108059146e-08
8.883708673958230244e-08
8.675203913234297280e-08
8.471592855899368193e-08
8.272760644466341696e-08
8.078595117206624694e-08
7.888986744879387664e-08
7.703828568945817018e-08
7.523016141233637428e-08
7.346447465017546339e-08
7.174022937482705051e-08
7.005645293538506199e-08
6.841219550951074917e-08
6.680652956763641249e-08
6.523854934974278703e-08
6.370737035441867053e-08
6.221212883991044830e-08
6.075198133688428392e-08
5.932610417262254662e-08
5.793369300638781219e-08
5.657396237569304837e-08
5.524614525321948752e-08
5.394949261413539541e-08
5.268327301356905786e-08
5.144677217399869667e-08
5.023929258232744640e-08
4.906015309641378632e-08
4.790868856083829101e-08
4.678424943168757601e-08
4.568620141014473257e-08
4.461392508468047537e-08
4.356681558164089479e-08
4.254428222403740633e-08
4.154574819834413932e-08
4.057065022911583521e-08
3.961843826124336252e-08
3.868857514966567604e-08
3.778053635636553819e-08
3.689380965447613475e-08
3.602789483933245430e-08
3.518230344630511185e-08
3.435655847525574009e-08
3.355019412146055578e-08
3.276275551284855024e-08
3.199379845340689350e-08
3.124288917260935827e-08
3.050960408072478037e-08
2.979352952986953746e-08
2.909426158066758107e-08
2.841140577438710581e-08
2.774457691042580470e-08
2.709339882901787760e-08
2.645750419904174288e-08
2.583653431080751882e-08
2.523013887370789668e-08
2.463797581861867842e-08
2.405971110493641266e-08
2.349501853214562220e-08
2.294357955580797686e-08
2.240508310787090424e-08
2.187922542119322355e-08
2.136570985818925866e-08
2.086424674349512362e-08
2.037455320056186275e-08
1.989635299208436294e-08
1.942937636417511440e-08
1.897335989419529096e-08
1.852804634215764910e-08
1.809318450561655590e-08
1.766852907796432343e-08
1.725384051005307071e-08
1.684888487506435479e-08
1.645343373655073174e-08
1.606726401957395434e-08
1.569015788486806998e-08
1.532190260595567911e-08
1.496229044914834081e-08
1.461111855636367732e-08
1.426818883069244704e-08
1.393330782465177089e-08
1.360628663106086518e-08
1.328694077647797888e-08
1.297509011713864726e-08
1.267055873733597623e-08
1.237317485018632376e-08
1.208277070072384534e-08
1.179918247126943710e-08
1.152225018902095835e-08
1.125181763581199734e-08
1.098773225998899705e-08
1.072984509035641844e-08
1.047801065214168526e-08
1.023208688493264026e-08
9.991935062540790353e-09
9.757419714745651547e-09
9.528408550875557168e-09
9.304772385182275132e-09
9.086385063966965079e-09
8.873123394416538217e-09
8.664867075110392609e-09
8.461498628157976401e-09
8.262903332929338772e-09
8.068969161340878057e-09
7.879586714660021766e-09
7.694649161793203571e-09
7.514052179022104507e-09
7.337693891154467319e-09
7.165474814056025326e-09
6.997297798531220408e-09
6.833067975521199510e-09
6.672692702587849512e-09
6.516081511654063034e-09
6.363146057970435976e-09
6.213800070279754023e-09
6.067959302151249019e-09
5.925541484456886538e-09
5.786466278963240512e-09
5.650655233012464463e-09
5.518031735266927663e-09
5.388520972492648701e-09
5.262049887356887214e-09
5.138547137216399391e-09
5.017943053872849581e-09
4.900169604272784417e-09
4.785160352130089499e-09
4.672850420449047257e-09
4.563176454927128677e-09
4.456076588216655768e-09
4.351490405025255767e-09
4.249358908035501260e-09
4.149624484624329731e-09
4.052230874363664891e-09
3.957123137283763043e-09
3.864247622881412439e-09
3.773551939855613164e-09
3.684984926553458989e-09
3.598496622109777681e-09
3.514038238264039076e-09
3.431562131838822775e-09
3.351021777864167901e-09
3.272371743332706385e-09
3.195567661570839844e-09
3.120566207211340456e-09
3.047325071753451901e-09
2.975802939696543279e-09
2.905959465233918155e-09
2.837755249493687779e-09
2.771151818313730832e-09
2.706111600538359302e-09
2.642597906824328259e-09
2.580574908944269039e-09
2.520007619575938841e-09
2.460861872565748799e-09
2.403104303655583921e-09
2.346702331661935729e-09
2.291624140096761757e-09
2.237838659219760672e-09
2.185315548511821723e-09
2.134025179559895614e-09
2.083938619343519477e-09
2.035027613913623560e-09
1.987264572454434622e-09
1.940622551719400628e-09
1.895075240832467049e-09
1.850596946446037378e-09
1.807162578247282769e-09
1.764747634804660928e-09
1.723328189746573042e-09
1.682880878264462242e-09
1.643382883932659589e-09
1.604811925837574713e-09
1.567146246008998668e-09
1.530364597146359334e-09
1.494446230633088370e-09
1.459370884832256467e-09
1.425118773656953119e-09
1.391670575408899769e-09
1.359007421879025681e-09
1.327110887703883740e-09
1.295962979971838200e-09
1.265546128073237203e-09
1.235843173788783131e-09
1.206837361610531579e-09
1.178512329290086028e-09
1.150852098608596451e-09
1.123841066363422165e-09
1.097463995566321105e-09
1.071706006848222895e-09
1.046552570065754595e-09
1.021989496104736133e-09
9.980029288760804301e-10
9.745793374995342507e-10
9.517055086708711684e-10
9.293685392082470957e-10
9.075558287734702893e-10
8.862550727641323343e-10
8.654542553725475444e-10
8.451416428076016545e-10
8.253057766757035335e-10
8.059354675170652871e-10
7.870197884937115831e-10
7.685480692256196528e-10
7.505098897715281163e-10
7.328950747510325984e-10
7.156936876046183645e-10
6.988960249884330272e-10
6.824926113006019599e-10
6.664741933360156125e-10
6.508317350665825492e-10
6.355564125439748025e-10
6.206396089220265585e-10
6.060729095959415999e-10
5.918480974556021475e-10
5.779571482502741138e-10
5.643922260621045987e-10
5.511456788858692878e-10
5.382100343124497458e-10
5.255779953136364072e-10
5.132424361258541994e-10
5.011963982304997586e-10
4.894330864286306934e-10
4.779458650077700942e-10
4.667282539986918531e-10
4.557739255200502388e-10
4.450767002088090899e-10
4.346305437344454839e-10
4.244295633949706142e-10
4.144680047928474239e-10
4.047402485889119906e-10
3.952408073324970643e-10
3.859643223659448885e-10
3.769055608017812206e-10
3.680594125708224158e-10
3.594208875395773965e-10
3.509851126953054469e-10
3.427473293971297045e-10
3.347028906916821139e-10
3.268472586917429395e-10
3.191760020164128489e-10
3.116847932913526291e-10
3.043694067077051630e-10
2.972257156383092280e-10
2.902496903098527792e-10
2.834373955296715935e-10
2.767849884659004942e-10
2.702887164797164298e-10
2.639449150084703251e-10
2.577500054984961421e-10
2.517004933864441136e-10
2.457929661279833536e-10
2.400240912727805186e-10
2.343906145846589699e-10
2.288893582058710648e-10
2.235172188644636371e-10
2.182711661237173205e-10
2.131482406726648515e-10
2.081455526567400644e-10
2.032602800476023422e-10
1.984896670512264934e-10
1.938310225533485709e-10
1.892817186014037980e-10
1.848391889220944194e-10
1.805009274737445306e-10
1.762644870326382005e-10
1.721274778125363252e-10
1.680875661165888215e-10
1.641424730208930708e-10
1.602899730889463439e-10
1.565278931162740063e-10
1.528541109045160303e-10
1.492665540642918181e-10
1.457631988461617649e-10
1.423420689990221127e-10
1.390012346552992406e-10
1.357388112423055320e-10
1.325529584191494628e-10
1.294418790385918788e-10
1.264038181332724368e-10
1.234370619257295848e-10
1.205399368616520397e-10
1.177108086658238615e-10
1.149480814202273564e-10
1.122501966637792220e-10
1.096156325132006920e-10
1.070429028045185854e-10
1.045305562547183249e-10
1.020771756430692226e-10
9.968137701166818244e-11
9.734180888474672869e-11
9.505715150629801705e-11
9.282611609560058302e-11
9.064744412021485919e-11
8.851990658604009877e-11
8.644230334403710139e-11
8.441346241322066399e-11
8.243223931954352830e-11
8.049751645029390687e-11
7.860820242364850886e-11
7.676323147302218561e-11
7.496156284586472495e-11
7.320218021657075564e-11
7.148409111316878767e-11
6.980632635746378940e-11
6.816793951832247562e-11
6.656800637778877434e-11
6.500562440973119623e-11
6.347991227072419231e-11
6.199000930288100497e-11
6.053507504835512929e-11
5.911428877523458470e-11
5.772684901456614084e-11
5.637197310824415367e-11
5.504889676751218054e-11
5.375687364182455417e-11
5.249517489782893156e-11
5.126308880823014209e-11
5.005992035030203120e-11
4.888499081382399320e-11
4.773763741821947477e-11
4.661721293867875854e-11
4.552308534105861761e-11
4.445463742534999738e-11
4.341126647751462609e-11
4.239238392949164303e-11
4.139741502718543408e-11
4.042579850624585745e-11
3.947698627545683156e-11
3.855044310755719886e-11
3.764564633731813492e-11
3.676208556670559867e-11
3.589926237696419046e-11
3.505669004745757008e-11
3.423389328110875500e-11
3.343040793628313446e-11
3.264578076496539758e-11
3.187956915708161839e-11
3.113134089082114693e-11
3.040067388881958549e-11
2.968715598006426486e-11
2.899038466738693154e-11
2.830996690041454735e-11
2.764551885384845383e-11
2.699666571094795337e-11
2.636304145209472458e-11
2.574428864832055717e-11
2.514005825968109532e-11
2.455000943836099929e-11
2.397380933640125982e-11
2.341113291793866314e-11
2.286166277585264240e-11
2.232508895271463788e-11
2.180110876594061725e-11
2.128942663704734537e-11
2.078975392491538462e-11
2.030180876296616514e-11
1.982531590016059728e-11
1.936000654572886951e-11
1.890561821754519524e-11
1.846189459406090301e-11
1.802858536971308135e-11
1.760544611372621493e-11
1.719223813222840784e-11
1.678872833360376358e-11
1.639468909700448191e-11
1.600989814394958338e-11
1.563413841293724993e-11
1.526719793699955031e-11
1.490886972413162142e-11
1.455895164052684653e-11
1.421724629655290949e-11
1.388356093540351639e-11
1.355770732436396603e-11
1.323950164862877933e-11
1.292876440761102619e-11
1.262532031368576537e-11
1.232899819331000175e-11
1.203963089046300960e-11
1.175705517235340537e-11
1.148111163733904175e-11
1.121164462500832948e-11
1.094850212837157410e-11
1.069153570811360000e-11
1.044060040885888221e-11
1.019555467740163932e-11
9.956260282855484654e-12
9.722582238676985556e-12
9.494388726519555391e-12
9.271551021874207447e-12
9.053943421455855454e-12
8.841443172293877569e-12
8.633930402486685034e-12
8.431288053581787977e-12
8.233401814542928381e-12
8.040160057266769536e-12
7.851453773613338928e-12
7.667176513914209910e-12
7.487224326924108691e-12
7.311495701181586346e-12
7.139891507746256682e-12
6.972314944279991775e-12
6.808671480440340181e-12
6.648868804555804494e-12
6.492816771552685166e-12
6.340427352103877706e-12
6.191614582971414279e-12
6.046294518514353350e-12
5.904385183334920742e-12
5.765806526035866870e-12
5.630480374063344245e-12
5.498330389609642444e-12
5.369282026550726840e-12
5.243262488394649387e-12
5.120200687216931288e-12
5.000027203559578754e-12
4.882674247271474738e-12
4.768075619267758629e-12
4.656166674186829395e-12
4.546884283923638335e-12
4.440166802019025719e-12
4.335954028884857199e-12
4.234187177845185197e-12
4.134808841974604003e-12
4.037762961714898613e-12
3.942994793251631844e-12
3.850450877633080797e-12
3.760079010613887753e-12
3.671828213206574907e-12
3.585648702924091776e-12
3.501491865697437296e-12
3.419310228452382100e-12
3.339057432329718331e-12
3.260688206534167123e-12
3.184158342796989877e-12
3.109424670438040120e-12
3.036445032013015359e-12
2.965178259532372321e-12
2.895584151238398873e-12
2.827623448927240847e-12
2.761257815803286645e-12
2.696449814853320138e-12
2.633162887728149288e-12
2.571361334119994640e-12
2.511010291623841074e-12
2.452075716071506318e-12
2.394524362327190210e-12
2.338323765533841838e-12
2.283442222799680067e-12
2.229848775314464276e-12
2.177513190885582292e-12
2.126405946884020839e-12
2.076498213590531479e-12
2.027761837932747621e-12
1.980169327603957749e-12
1.933693835554650738e-12
1.888309144847994384e-12
1.843989653870815407e-12
1.800710361891691777e-12
1.758446854957935045e-12
1.717175292123646461e-12
1.676872392000995733e-12
1.637515419627100089e-12
1.599082173639200581e-12
1.561550973750807937e-12
1.524900648521824476e-12
1.489110523415648025e-12
1.454160409136635537e-12
1.420030590241287349e-12
1.386701814016686114e-12
1.354155279620016834e-12
1.322372627472955648e-12
1.291335928905007892e-12
1.261027676039870842e-12
1.231430771919216273e-12
1.202528520858265559e-12
1.174304619027688929e-12
1.146743145256588737e-12
1.119828552051340929e-12
1.093545656825191870e-12
1.067879633333741148e-12
1.042816003311413722e-12
1.018340628304250341e-12
9.944397016943488040e-13
9.710997409115297538e-13
9.483075798277960635e-13
9.260503613302683502e-13
9.043155300684657679e-13
8.830908253718139474e-13
8.623642743333503016e-13
8.421241850557925072e-13
8.223591400561039593e-13
8.030579898248766999e-13
7.842098465368481820e-13
7.658040779090622997e-13
7.478303012031806761e-13
7.302783773685385508e-13
7.131384053226906662e-13
6.964007163661939665e-13
6.800558687284561157e-13
6.640946422416194977e-13
6.485080331394381447e-13
6.332872489782405453e-13
6.184237036770772453e-13
6.039090126742987630e-13
5.897349881978107600e-13
5.758936346463193410e-13
5.623771440790012335e-13
5.491778918110220864e-13
5.362884321124407341e-13
5.237014940080434289e-13
5.114099771757756396e-13
4.994069479414380044e-13
4.876856353673736086e-13
4.762394274329710983e-13
4.650618673048130900e-13
4.541466496943504763e-13
4.434876173010810759e-13
4.330787573391981469e-13
4.229141981457698594e-13
4.129882058685104657e-13
4.032951812313057416e-13
3.938296563756515346e-13
3.845862917762133294e-13
3.755598732287913806e-13
3.667453089089796460e-13
3.581376264998473995e-13
3.497319703870483820e-13
3.415235989197548799e-13
3.335078817358857084e-13
3.256802971501005630e-13
3.180364296031101946e-13
3.105719671708522158e-13
3.032826991321174361e-13
2.961645135932753381e-13
2.892133951687483664e-13
2.824254227159165584e-13
2.757967671231959445e-13
2.693236891500257118e-13
2.630025373175570369e-13
2.568297458488396194e-13
2.508018326573611245e-13
2.449153973827965541e-13
2.391671194728512789e-13
2.335537563101332607e-13
2.280721413829830268e-13
2.227191824992398933e-13
2.174918600419243938e-13
2.123872252658672087e-13
2.074023986343174899e-13
2.025345681945843758e-13
