4.067060217567127454e-03
3.971826063733829328e-03
3.878821909844266079e-03
3.787995538290061560e-03
3.699295954188708095e-03
3.612673356752261252e-03
3.528079111326455804e-03
3.445465722084557932e-03
3.364786805360615689e-03
3.285997063607135754e-03
3.209052259962569698e-03
3.133909193414324314e-03
3.060525674543354471e-03
2.988860501836722219e-03
2.918873438554817675e-03
2.850525190140256425e-03
2.783777382155771304e-03
2.718592538738707869e-03
2.654934061560031665e-03
2.592766209276025149e-03
2.532054077461150070e-03
2.472763579010794823e-03
2.414861425002915157e-03
2.358315106007816825e-03
2.303092873835585128e-03
2.249163723710919521e-03
2.196497376865361780e-03
2.145064263537140373e-03
2.094835506369092677e-03
2.045782904195341759e-03
1.997878916207621296e-03
1.951096646492363586e-03
1.905409828929864472e-03
1.860792812447051693e-03
1.817220546615569898e-03
1.774668567587105866e-03
1.733112984358045790e-03
1.692530465355764372e-03
1.652898225339004702e-03
1.614194012605001463e-03
1.576396096496158377e-03
1.539483255199274384e-03
1.503434763830455590e-03
1.468230382799037099e-03
1.433850346443969618e-03
1.400275351936300936e-03
1.367486548441513130e-03
1.335465526535634410e-03
1.304194307869184629e-03
1.273655335073147670e-03
1.243831461901307930e-03
1.214705943603409553e-03
1.186262427523741662e-03
1.158484943919862835e-03
1.131357896996318738e-03
1.104866056148307712e-03
1.078994547410391976e-03
1.053728845105438190e-03
1.029054763689111248e-03
1.004958449785335519e-03
9.814263744082512338e-04
9.584453253663067487e-04
9.360023998442102734e-04
9.140849971585863999e-04
8.926808116832640836e-04
8.717778259402273562e-04
8.513643038523460238e-04
8.314287841541021613e-04
8.119600739566100673e-04
7.929472424633167947e-04
7.743796148328576474e-04
7.562467661856158438e-04
7.385385157506279240e-04
7.212449211495417433e-04
7.043562728144235618e-04
6.878630885362760046e-04
6.717561081412087940e-04
6.560262882912715893e-04
6.406647974070299369e-04
6.256630107090358070e-04
6.110125053754039302e-04
5.967050558127815884e-04
5.827326290380497069e-04
5.690873801681697527e-04
5.557616480156361534e-04
5.427479507870689758e-04
5.300389818825263855e-04
5.176276057931799386e-04
5.055068540950509448e-04
4.936699215365570985e-04
4.821101622176729462e-04
4.708210858585580127e-04
4.597963541555599677e-04
4.490297772225451526e-04
4.385153101155584484e-04
4.282470494388617853e-04
4.182192300304458108e-04
4.084262217251523807e-04
3.988625261935938959e-04
3.895227738550899820e-04
3.804017208628924281e-04
3.714942461600027456e-04
3.627953486039320287e-04
3.543001441587861921e-04
3.460038631531017284e-04
3.379018476018912781e-04
3.299895485913976654e-04
3.222625237250845392e-04
3.147164346294329079e-04
3.073470445181414757e-04
3.001502158133627905e-04
2.931219078226425545e-04
2.862581744702531413e-04
2.795551620816520981e-04
2.730091072198180947e-04
2.666163345722529420e-04
2.603732548874597126e-04
2.542763629597414210e-04
2.483222356611874352e-04
2.425075300197419501e-04
2.368289813422776657e-04
2.312834013816186308e-04
2.258676765464842379e-04
2.205787661533490165e-04
2.154137007192371840e-04
2.103695802944927334e-04
2.054435728345892838e-04
2.006329126100659538e-04
1.959348986536953879e-04
1.913468932440140545e-04
1.868663204243608145e-04
1.824906645565946728e-04
1.782174689086778283e-04
1.740443342753325280e-04
1.699689176309962502e-04
1.659889308143190113e-04
1.621021392434650798e-04
1.583063606614962043e-04
1.545994639111340915e-04
1.509793677382119848e-04
1.474440396231451714e-04
1.439914946397632554e-04
1.406197943408646269e-04
1.373270456698662126e-04
1.341113998979382132e-04
1.309710515860267272e-04
1.279042375711819386e-04
1.249092359766220111e-04
1.219843652449776033e-04
1.191279831941737265e-04
1.163384860954189316e-04
1.136143077727847428e-04
1.109539187238688384e-04
1.083558252610489258e-04
1.058185686728448934e-04
1.033407244049187510e-04
1.009209012602519377e-04
9.855774061805145020e-05
9.624991567094594704e-05
9.399613068004359490e-05
9.179512024743364444e-05
8.964564860572296319e-05
8.754650892420871573e-05
8.549652263129767791e-05
8.349453875279202314e-05
8.153943326566938778e-05
7.963010846699503770e-05
7.776549235761166996e-05
7.594453804026025695e-05
7.416622313179519366e-05
7.242954918916218524e-05
7.073354114881816800e-05
6.907724677927719185e-05
6.745973614647578708e-05
6.588010109165718016e-05
6.433745472148143382e-05
6.283093091007505200e-05
6.135968381274074541e-05
5.992288739105402362e-05
5.851973494907991357e-05
5.714943868045020573e-05
5.581122922604572892e-05
5.450435524203616443e-05
5.322808297803466673e-05
5.198169586513029104e-05
5.076449411356712333e-05
4.957579431984412424e-05
4.841492908301514000e-05
4.728124662997336473e-05
4.617411044951067774e-05
4.509289893494528159e-05
4.403700503511784271e-05
4.300583591355984655e-05
4.199881261564282584e-05
4.101536974352164733e-05
4.005495513868927718e-05
3.911702957196493808e-05
3.820106644074122357e-05
3.730655147332087812e-05
3.643298244017648590e-05
3.557986887197140693e-05
3.474673178418349764e-05
3.393310340817711721e-05
3.313852692857223415e-05
3.236255622676337848e-05
3.160475563044419972e-05
3.086469966899743671e-05
3.014197283461233443e-05
2.943616934899595796e-05
2.874689293554706925e-05
2.807375659686485128e-05
2.741638239746739636e-05
2.677440125159815542e-05
2.614745271600102148e-05
2.553518478754774644e-05
2.493725370560430737e-05
2.435332375902482372e-05
2.378306709766502225e-05
2.322616354830927204e-05
2.268230043490786872e-05
2.215117240302363194e-05
2.163248124838924524e-05
2.112593574947914241e-05
2.063125150400175716e-05
2.014815076922067674e-05
1.967636230601462618e-05
1.921562122658904874e-05
1.876566884575361720e-05
1.832625253568229061e-05
1.789712558407421510e-05
1.747804705563601026e-05
1.706878165680754460e-05
1.666909960365521443e-05
1.627877649285881069e-05
1.589759317571919658e-05
1.552533563511624513e-05
1.516179486534797950e-05
1.480676675478334004e-05
1.446005197126279388e-05
1.412145585018236869e-05
1.379078828519833522e-05
1.346786362149107784e-05
1.315250055152841881e-05
1.284452201326962893e-05
1.254375509075313808e-05
1.225003091701208531e-05
1.196318457926318176e-05
1.168305502631566559e-05
1.140948497814839352e-05
1.114232083760423701e-05
1.088141260415223140e-05
1.062661378966914330e-05
1.037778133619301005e-05
1.013477553560259175e-05
9.897459951177610727e-06
9.665701340995732803e-06
9.439369583123274722e-06
9.218337602557651904e-06
9.002481299880534606e-06
8.791679481581647821e-06
8.585813792014148073e-06
8.384768646943282721e-06
8.188431168651091156e-06
7.996691122560705114e-06
7.809440855344628701e-06
7.626575234482288397e-06
7.447991589232898880e-06
7.273589652990509594e-06
7.103271506988838977e-06
6.936941525324362152e-06
6.774506321266694736e-06
6.615874694826184445e-06
6.460957581549263411e-06
6.309668002512800196e-06
6.161921015489382529e-06
6.017633667256121628e-06
5.876724947020181370e-06
5.739115740934886100e-06
5.604728787680908844e-06
5.473488635087542282e-06
5.345321597769724865e-06
5.220155715757048389e-06
5.097920714091505288e-06
4.978547963371288724e-06
4.861970441218504032e-06
4.748122694649132872e-06
4.636940803324179325e-06
4.528362343661284559e-06
4.422326353786728629e-06
4.318773299308103862e-06
4.217645039888457598e-06
4.118884796603135714e-06
4.022437120060991237e-06
3.928247859272077150e-06
3.836264131244311009e-06
3.746434291292093190e-06
3.658707904040152423e-06
3.573035715106373778e-06
3.489369623447701408e-06
3.407662654353587393e-06
3.327868933071824371e-06
3.249943659051957512e-06
3.173843080791811057e-06
3.099524471272995830e-06
3.026946103971648257e-06
2.956067229430867429e-06
2.886848052381752105e-06
2.819249709400161922e-06
2.753234247086672215e-06
2.688764600757460809e-06
2.625804573634174719e-06
2.564318816521083468e-06
2.504272807958103566e-06
2.445632834838577679e-06
2.388365973480890245e-06
2.332440071143315102e-06
2.277823727971714309e-06
2.224486279369942418e-06
2.172397778783072573e-06
2.121528980883763285e-06
2.071851325152337555e-06
2.023336919841340838e-06
1.975958526315604390e-06
1.929689543758979002e-06
1.884503994239188343e-06
1.840376508122398489e-06
1.797282309829322781e-06
1.755197203924856917e-06
1.714097561533442897e-06
1.673960307072528987e-06
1.634762905296672242e-06
1.596483348645032141e-06
1.559100144885115890e-06
1.522592305045870408e-06
1.486939331633326489e-06
1.452121207122188096e-06
1.418118382716899467e-06
1.384911767375885993e-06
1.352482717092801837e-06
1.320813024428760816e-06
1.289884908289700326e-06
1.259681003943086271e-06
1.230184353268423665e-06
1.201378395236024596e-06
1.173246956608751697e-06
1.145774242861483598e-06
1.118944829313193907e-06
1.092743652466708261e-06
1.067156001551219483e-06
1.042167510262873751e-06
1.017764148698728054e-06
9.939322154796110138e-07
9.706583300574090491e-07
9.479294252025013023e-07
9.257327396671089099e-07
9.040558110204219197e-07
8.828864686515238586e-07
8.622128269361336370e-07
8.420232785633792930e-07
8.223064880188087652e-07
8.030513852200247779e-07
7.842471593013259515e-07
7.658832525439016309e-07
7.479493544481558778e-07
7.304353959448208819e-07
7.133315437416430776e-07
6.966281948024241937e-07
6.803159709553649530e-07
6.643857136276355275e-07
6.488284787032638267e-07
6.336355315014119425e-07
6.187983418722530616e-07
6.043085794076830686e-07
5.901581087641670301e-07
5.763389850951219673e-07
5.628434495902379624e-07
5.496639251192669079e-07
5.367930119777993178e-07
5.242234837326748705e-07
5.119482831646617692e-07
4.999605183061509643e-07
4.882534585716325641e-07
4.768205309787709965e-07
4.656553164579814546e-07
4.547515462484068797e-07
4.441030983782998708e-07
4.337039942278074019e-07
4.235483951722534726e-07
4.136305993040112233e-07
4.039450382311429702e-07
3.944862739510032906e-07
3.852489957970424848e-07
3.762280174571139639e-07
3.674182740615902831e-07
3.588148193396741142e-07
3.504128228422865902e-07
3.422075672299947573e-07
3.341944456244351579e-07
3.263689590217629888e-07
3.187267137666672391e-07
3.112634190855290035e-07
3.039748846773512540e-07
2.968570183610910007e-07
2.899058237780895163e-07
2.831173981482949230e-07
2.764879300790299919e-07
2.700136974250697577e-07
2.636910651988225609e-07
2.575164835294535009e-07
2.514864856697893362e-07
2.455976860499011453e-07
2.398467783762570965e-07
2.342305337753919609e-07
2.287457989810386789e-07
2.233894945637135899e-07
2.181586132017580473e-07
2.130502179928609039e-07
2.080614408051244907e-07
2.031894806667357389e-07
1.984316021933506742e-07
1.937851340522976083e-07
1.892474674627475991e-07
1.848160547310005667e-07
1.804884078200716920e-07
1.762620969527727266e-07
1.721347492475002100e-07
1.681040473859727369e-07
1.641677283121595244e-07
1.603235819616795868e-07
1.565694500209487081e-07
1.529032247153866049e-07
1.493228476259953262e-07
1.458263085336512747e-07
1.424116442904592152e-07
1.390769377175322290e-07
1.358203165285845739e-07
1.326399522787263687e-07
1.295340593378764690e-07
1.265008938882105652e-07
1.235387529450883191e-07
1.206459734009035148e-07
1.178209310913251282e-07
1.150620398834036263e-07
1.123677507850276577e-07
1.097365510752372757e-07
1.071669634548979135e-07
1.046575452172658307e-07
1.022068874379721070e-07
9.981361418397719628e-08
9.747638174104567117e-08
9.519387785931226721e-08
9.296482101651375251e-08
9.078795969847108647e-08
8.866207169642246515e-08
8.658596342080728178e-08
8.455846923112108158e-08
8.257845078146010789e-08
8.064479638139293587e-08
7.875642037179588299e-08
7.691226251530503177e-08
7.511128740104157823e-08
7.335248386327465753e-08
7.163486441369882134e-08
6.995746468700314292e-08
6.831934289942491389e-08
6.671957931997981096e-08
6.515727575407573736e-08
6.363155503921649790e-08
6.214156055251525728e-08
6.068645572974000798e-08
5.926542359562001679e-08
5.787766630515213252e-08
5.652240469564624713e-08
5.519887784926163055e-08
5.390634266578533641e-08
5.264407344541597269e-08
5.141136148131550934e-08
5.020751466170291190e-08
4.903185708126505167e-08
4.788372866166596064e-08
4.676248478094350682e-08
4.566749591158278395e-08
4.459814726706562096e-08
4.355383845669529887e-08
4.253398314850499941e-08
4.153800874005855604e-08
4.056535603696036266e-08
3.961547893889339365e-08
3.868784413300813976e-08
3.778193079449223928e-08
3.689723029415044514e-08
3.603324591283296581e-08
3.518949256254972848e-08
3.436549651411596764e-08
3.356079513117440350e-08
3.277493661044610361e-08
3.200747972806366968e-08
3.125799359184360111e-08
3.052605739936045036e-08
2.981126020168484940e-08
2.911320067265482523e-08
2.843148688354895883e-08
2.776573608303661893e-08
2.711557448228010493e-08
2.648063704506935996e-08
2.586056728287087140e-08
2.525501705467517830e-08
2.466364637153192555e-08
2.408612320566110266e-08
2.352212330403491926e-08
2.297133000632407736e-08
2.243343406710774612e-08
2.190813348224597890e-08
2.139513331931827561e-08
2.089414555203248295e-08
2.040488889851089530e-08
1.992708866336352598e-08
1.946047658345883614e-08
1.900479067730646027e-08
1.855977509796621256e-08
1.812517998940192341e-08
1.770076134619840034e-08
1.728628087656355650e-08
1.688150586853847811e-08
1.648620905934004122e-08
1.610016850776339215e-08
1.572316746957182702e-08
1.535499427580495784e-08
1.499544221393599645e-08
1.464430941181227116e-08
1.430139872431299369e-08
1.396651762266131136e-08
1.363947808632820906e-08
1.332009649746736039e-08
1.300819353782223319e-08
1.270359408804684190e-08
1.240612712938437815e-08
1.211562564764776110e-08
1.183192653944893765e-08
1.155487052062358465e-08
1.128430203680034296e-08
1.102006917606417832e-08
1.076202358366458573e-08
1.051002037872129758e-08
1.026391807288009828e-08
1.002357849087368215e-08
9.788866692942382218e-09
9.559650899071754921e-09
9.335802415003969294e-09
9.117195559981879763e-09
8.903707596185039000e-09
8.695218659817861770e-09
8.491611693811690949e-09
8.292772382102439120e-09
8.098589085447424689e-09
7.908952778744912289e-09
7.723756989821513288e-09
7.542897739652933153e-09
7.366273483984381185e-09
7.193785056318184092e-09
7.025335612236205182e-09
6.860830575026196348e-09
6.700177582581171907e-09
6.543286435542383977e-09
6.390069046656384742e-09
6.240439391318080441e-09
6.094313459271850615e-09
5.951609207443525817e-09
5.812246513877020375e-09
5.676147132749402693e-09
5.543234650439506629e-09
5.413434442625068343e-09
5.286673632384641914e-09
5.162881049280446116e-09
5.041987189399430450e-09
4.923924176330004866e-09
4.808625723052459136e-09
4.696027094721881147e-09
4.586065072322414027e-09
4.478677917172714373e-09
4.373805336262421769e-09
4.271388448400439070e-09
4.171369751155759254e-09
4.073693088572487820e-09
3.978303619640843761e-09
3.885147787506375378e-09
3.794173289400271633e-09
3.705329047273682775e-09
3.618565179119765139e-09
3.533832970967148446e-09
3.451084849529307693e-09
3.370274355494275000e-09
3.291356117439866677e-09
3.214285826359709549e-09
3.139020210785702558e-09
3.065517012493100959e-09
2.993734962774395548e-09
2.923633759268852538e-09
2.855174043334525916e-09
2.788317377950209277e-09
2.723026226134757271e-09
2.659263929871792494e-09
2.596994689527906672e-09
2.536183543752761146e-09
2.476796349849912258e-09
2.418799764607201757e-09
2.362161225576094091e-09
2.306848932789304870e-09
2.252831830906597861e-09
2.200079591778591087e-09
2.148562597418894851e-09
2.098251923374964458e-09
2.049119322488310990e-09
2.001137209035030286e-09
1.954278643237647512e-09
1.908517316139680426e-09
1.863827534834329418e-09
1.820184208039103789e-09
1.777562832008182153e-09
1.735939476774683478e-09
1.695290772715085492e-09
1.655593897428221929e-09
1.616826562921564565e-09
1.578967003097503383e-09
1.541993961532695600e-09
1.505886679543526742e-09
1.470624884531072531e-09
1.436188778598940012e-09
1.402559027437652734e-09
1.369716749469323001e-09
1.337643505246486738e-09
1.306321287099208959e-09
1.275732509024577571e-09
1.245859996812978645e-09
1.216686978405540561e-09
1.188197074477402375e-09
1.160374289241450851e-09
1.133203001467419958e-09
1.106667955711284910e-09
1.080754253750009582e-09
1.055447346216886049e-09
1.030733024432711418e-09
1.006597412428274156e-09
9.830269591536130484e-10
9.600084308697331746e-10
9.375289037184488188e-10
9.155757564662306451e-10
8.941366634179602177e-10
8.731995874966012354e-10
8.527527734849400562e-10
8.327847414255525356e-10
8.132842801753416593e-10
7.942404411109778384e-10
7.756425319817559217e-10
7.574801109063718115e-10
7.397429805102853523e-10
7.224211822003604590e-10
7.055049905735592739e-10
6.889849079565797367e-10
6.728516590733334028e-10
6.570961858373092316e-10
6.417096422658593514e-10
6.266833895135919051e-10
6.120089910220423284e-10
5.976782077829334840e-10
5.836829937123494451e-10
5.700154911332173096e-10
5.566680263635870700e-10
5.436331054081990436e-10
5.309034097509544135e-10
5.184717922458928476e-10
5.063312731044021382e-10
4.944750359763770516e-10
4.828964241231522117e-10
4.715889366800471825e-10
4.605462250064213132e-10
4.497620891212025006e-10
4.392304742218846793e-10
4.289454672850215233e-10
4.189012937463389191e-10
4.090923142585777556e-10
3.995130215252552988e-10
3.901580372085735375e-10
3.810221089097187572e-10
3.721001072198837129e-10
3.633870228403347212e-10
3.548779637699231838e-10
3.465681525584412553e-10
3.384529236243059003e-10
3.305277206350453976e-10
3.227880939491241296e-10
3.152296981176762392e-10
3.078482894447257106e-10
3.006397236045490706e-10
2.935999533148222186e-10
2.867250260642594348e-10
2.800110818934516298e-10
2.734543512276784208e-10
2.670511527604625159e-10
2.607978913866818860e-10
2.546910561840854946e-10
2.487272184420643059e-10
2.429030297365897757e-10
2.372152200502239667e-10
2.316605959361567394e-10
2.262360387252251343e-10
2.209385027749259747e-10
2.157650137594248061e-10
2.107126669996065045e-10
2.057786258322327348e-10
2.009601200172798173e-10
1.962544441825778904e-10
1.916589563048659503e-10
1.871710762264183191e-10
1.827882842063992578e-10
1.785081195061457349e-10
1.743281790075735585e-10
1.702461158639353684e-10
1.662596381821749371e-10
1.623665077361298800e-10
1.585645387098715791e-10
1.548515964704678179e-10
1.512255963694854188e-10
1.476845025725515709e-10
1.442263269163275098e-10
1.408491277922444879e-10
1.375510090563782914e-10
1.343301189648526440e-10
1.311846491341659245e-10
1.281128335258680395e-10
1.251129474550092524e-10
1.221833066218093931e-10
1.193222661659976335e-10
1.165282197432998422e-10
1.137995986235486606e-10
1.111348708099125858e-10
1.085325401787507754e-10
1.059911456396051649e-10
1.035092603148662347e-10
1.010854907386452139e-10
9.871847607440773483e-11
9.640688735092372272e-11
9.414942671611188975e-11
9.194482670835437457e-11
8.979184954487428231e-11
8.768928642677816105e-11
8.563595686036835835e-11
8.363070799435076481e-11
8.167241397256053049e-11
7.975997530184615050e-11
7.789231823475222519e-11
7.606839416666016145e-11
7.428717904704412943e-11
7.254767280451282438e-11
7.084889878531585469e-11
6.918990320499558089e-11
6.756975461288130842e-11
6.598754336912169034e-11
6.444238113396419805e-11
6.293340036899117769e-11
6.145975385003748033e-11
6.002061419151228909e-11
5.861517338185950193e-11
5.724264232989674147e-11
5.590225042177528633e-11
5.459324508831617547e-11
5.331489138247645098e-11
5.206647156671049722e-11
5.084728470999188024e-11
4.965664629427316926e-11
4.849388783015994280e-11
4.735835648158422252e-11
4.624941469926726986e-11
4.516643986276371579e-11
4.410882393088903048e-11
4.307597310033175763e-11
4.206730747226052701e-11
4.108226072673623988e-11
4.012027980474981270e-11
3.918082459770447533e-11
3.826336764416918066e-11
3.736739383373356654e-11
3.649240011779595152e-11
3.563789522712500913e-11
3.480339939603411140e-11
3.398844409301521629e-11
3.319257175767890221e-11
3.241533554385554746e-11
3.165629906871132768e-11
3.091503616773901800e-11
3.019113065548635901e-11
2.948417609188620623e-11
2.879377555405932582e-11
2.811954141345999840e-11
2.746109511824062839e-11
2.681806698071143385e-11
2.619009596977802187e-11
2.557682950823873091e-11
2.497792327482844861e-11
2.439304101089821464e-11
2.382185433162072292e-11
2.326404254161752429e-11
2.271929245490295518e-11
2.218729821904477131e-11
2.166776114344138147e-11
2.116038953162099818e-11
2.066489851746721440e-11
2.018100990527955437e-11
1.970845201357951114e-11
1.924695952257329113e-11
1.879627332518710977e-11
1.835614038159017782e-11
1.792631357712460878e-11
1.750655158356135494e-11
1.709661872360564165e-11
1.669628483857479114e-11
1.630532515917453561e-11
1.592352017930148023e-11
1.555065553280005482e-11
1.518652187310588975e-11
1.483091475570711504e-11
1.448363452335825968e-11
1.414448619398146201e-11
1.381327935119310132e-11
1.348982803739359235e-11
1.317395064936059180e-11
1.286546983628722641e-11
1.256421240020738485e-11
1.227000919875311457e-11
1.198269505018877994e-11
1.170210864066918593e-11
1.142809243366892008e-11
1.116049258153292638e-11
1.089915883909799209e-11
1.064394447933686730e-11
1.039470621097786618e-11
1.015130409805308030e-11
9.913601481330859260e-12
9.681464901587777859e-12
9.454764024677480234e-12
9.233371568353767321e-12
9.017163230807542754e-12
8.806017620876949655e-12
8.599816189891722285e-12
8.398443165113611759e-12
8.201785484735066561e-12
8.009732734400284043e-12
7.822177085212510000e-12
7.639013233193122614e-12
7.460138340158056451e-12
7.285451975978952655e-12
7.114856062196171055e-12
6.948254816952164296e-12
6.785554701214417651e-12
6.626664366257377108e-12
6.471494602374392619e-12
6.319958288790469088e-12
6.171970344747998256e-12
6.027447681737646199e-12
5.886309156848011501e-12
5.748475527207551184e-12
5.613869405493282866e-12
5.482415216481400064e-12
5.354039154615094273e-12
5.228669142566168314e-12
5.106234790766850955e-12
4.986667357889323829e-12
4.869899712250483791e-12
4.755866294120616588e-12
4.644503078914572885e-12
4.535747541244855172e-12
4.429538619816518473e-12
4.325816683143923456e-12
4.224523496070436351e-12
4.125602187072000435e-12
4.028997216326418268e-12
3.934654344530172565e-12
3.842520602445582111e-12
3.752544261160964749e-12
3.664674803047191931e-12
3.578862893394384446e-12
3.495060352712635475e-12
3.413220129681467392e-12
3.333296274732627008e-12
3.255243914251540011e-12
3.179019225382740141e-12
3.104579411425373385e-12
3.031882677804786220e-12
2.960888208606755395e-12
2.891556143661249584e-12
2.823847556162692794e-12
2.757724430814369066e-12
2.693149642484543401e-12
2.630086935362424341e-12
2.568500902602113838e-12
2.508356966443310425e-12
2.449621358797457381e-12
2.392261102288487229e-12
2.336243991737556642e-12
2.281538576081247820e-12
2.228114140713262910e-12
2.175940690239546770e-12
2.124988931637271387e-12
2.075230257808082511e-12
2.026636731516547509e-12
1.979181069704658177e-12
1.932836628173625986e-12
1.887577386624400672e-12
1.843377934048415004e-12
1.800213454460482427e-12
1.758059712965738146e-12
1.716893042152869846e-12
1.676690328805904026e-12
1.637429000927208932e-12
1.599087015064338757e-12
1.561642843933629071e-12
1.525075464333627991e-12
1.489364345341489551e-12
1.454489436785814636e-12
1.420431157989381395e-12
1.387170386775502932e-12
1.354688448731764373e-12
1.322967106725207297e-12
1.291988550663004650e-12
1.261735387492896058e-12
1.232190631437799064e-12
1.203337694459037453e-12
1.175160376942930964e-12
1.147642858605437768e-12
1.120769689609800793e-12
1.094525781892141734e-12
1.068896400690213722e-12
1.043867156270498618e-12
1.019423995849020681e-12
9.955531957013620393e-13
9.722413534573918853e-13
9.494753805764593699e-13
9.272424949987660766e-13
9.055302139688323496e-13
8.843263470269775150e-13
8.636189891649438568e-13
8.433965141417713859e-13
8.236475679561895814e-13
8.043610624718717446e-13
7.855261691919335569e-13
7.671323131792350442e-13
7.491691671190285914e-13
7.316266455206506466e-13
7.144948990549612147e-13
6.977643090244038707e-13
6.814254819625407428e-13
6.654692443600452559e-13
6.498866375142037859e-13
6.346689124989953462e-13
6.198075252529771622e-13
6.052941317821804609e-13
5.911205834753333884e-13
5.772789225287954212e-13
5.637613774785987418e-13
5.505603588371331113e-13
5.376684548319885577e-13
5.250784272445903570e-13
5.127832073462558370e-13
5.007758919294322851e-13
4.890497394318571684e-13
4.775981661514758786e-13
4.664147425499986656e-13
4.554931896429963950e-13
4.448273754745433121e-13
4.344113116743984867e-13
4.242391500958146990e-13
4.143051795320595887e-13
4.046038225098394082e-13
3.951296321577991605e-13
3.858772891483502483e-13
3.768415987111155862e-13
3.680174877162930835e-13
3.594000018263296848e-13
3.509843027142829094e-13
3.427656653473253382e-13
3.347394753338453750e-13
3.269012263326812173e-13
3.192465175230136619e-13
3.117710511335040046e-13
3.044706300292949006e-13
2.973411553555033083e-13
2.903786242359039095e-13
2.835791275254939756e-13
2.769388476156898727e-13
2.704540562909072142e-13
2.641211126353410920e-13
2.579364609887565579e-13
2.518966289501454164e-13
2.459982254281349295e-13
2.402379387370382714e-13
2.346125347374971065e-13
2.291188550206576267e-13
2.237538151348704578e-13
2.185144028539065612e-13
2.133976764857319706e-13
