3.902873841285521127e-03
3.813951231944697276e-03
3.727054624666337364e-03
3.642137859262525434e-03
3.559155827253530045e-03
3.478064447905808692e-03
3.398820644815963958e-03
3.321382323028204773e-03
3.245708346673161892e-03
3.171758517116179520e-03
3.099493551603470839e-03
3.028875062394796678e-03
2.959865536371587228e-03
2.892428315109665197e-03
2.826527575405991637e-03
2.762128310249087251e-03
2.699196310223021811e-03
2.637698145335094606e-03
2.577601147257546545e-03
2.518873391973879168e-03
2.461483682820556594e-03
2.405401533915079403e-03
2.350597153961641022e-03
2.297041430425741156e-03
2.244705914069373628e-03
2.193562803838559113e-03
2.143584932095195326e-03
2.094745750185386321e-03
2.047019314336582987e-03
2.000380271876035961e-03
1.954803847763250842e-03
1.910265831429283244e-03
1.866742563915885786e-03
1.824210925307678940e-03
1.782648322450660098e-03
1.742032676950537205e-03
1.702342413444504895e-03
1.663556448140235703e-03
1.625654177615995727e-03
1.588615467875941585e-03
1.552420643654774113e-03
1.517050477966078647e-03
1.482486181888792529e-03
1.448709394586376008e-03
1.415702173553386092e-03
1.383446985084270863e-03
1.351926694959323201e-03
1.321124559342840617e-03
1.291024215888665009e-03
1.261609675048370191e-03
1.232865311577482871e-03
1.204775856235224376e-03
1.177326387673367607e-03
1.150502324509891042e-03
1.124289417583233938e-03
1.098673742383021257e-03
1.073641691653252428e-03
1.049179968164015231e-03
1.025275577647888044e-03
1.001915821897279108e-03
9.790882920190349583e-04
9.567808618427353726e-04
9.349816814791715811e-04
9.136791710255889052e-04
8.928620144143478796e-04
8.725191534017365030e-04
8.526397816937405323e-04
8.332133392056521393e-04
8.142295064524665256e-04
7.956781990670870001e-04
7.775495624434272191e-04
7.598339665015630415e-04
7.425220005721565970e-04
7.256044683974304616e-04
7.090723832460413918e-04
6.929169631392550002e-04
6.771296261858865103e-04
6.617019860235302938e-04
6.466258473636557610e-04
6.318932016382028958e-04
6.174962227453650518e-04
6.034272628923008320e-04
5.896788485325630625e-04
5.762436763960902255e-04
5.631146096096496280e-04
5.502846739056718858e-04
5.377470539174636875e-04
5.254950895588281906e-04
5.135222724861732537e-04
5.018222426412271729e-04
4.903887848725220315e-04
4.792158256338556748e-04
4.682974297579735171e-04
4.576277973037602871e-04
4.472012604752623882e-04
4.370122806109101284e-04
4.270554452413337343e-04
4.173254652142163452e-04
4.078171718846533632e-04
3.985255143695248890e-04
3.894455568644267316e-04
3.805724760217293326e-04
3.719015583883775308e-04
3.634281979020644775e-04
3.551478934444548055e-04
3.470562464501528123e-04
3.391489585701493626e-04
3.314218293885031722e-04
3.238707541910461774e-04
3.164917217849249221e-04
3.092808123678232862e-04
3.022341954457302584e-04
2.953481277981512580e-04
2.886189514896779886e-04
2.820430919268637412e-04
2.756170559593702492e-04
2.693374300243769740e-04
2.632008783332696693e-04
2.572041410996412747e-04
2.513440328076674149e-04
2.456174405199335769e-04
2.400213222238184940e-04
2.345527052155508456e-04
2.292086845210859238e-04
2.239864213529586476e-04
2.188831416022973364e-04
2.138961343651936268e-04
2.090227505026490465e-04
2.042604012333296820e-04
1.996065567583854203e-04
1.950587449175992182e-04
1.906145498761561659e-04
1.862716108413316782e-04
1.820276208084193714e-04
1.778803253352315714e-04
1.738275213445205475e-04
1.698670559536865948e-04
1.659968253311486263e-04
1.622147735787720464e-04
1.585188916397585164e-04
1.549072162314190271e-04
1.513778288022613972e-04
1.479288545128409362e-04
1.445584612398294864e-04
1.412648586027773581e-04
1.380462970130478227e-04
1.349010667444221787e-04
1.318274970248783907e-04
1.288239551490639502e-04
1.258888456109891337e-04
1.230206092564811195e-04
1.202177224549490187e-04
1.174786962900181854e-04
1.148020757686063037e-04
1.121864390480186032e-04
1.096303966806539608e-04
1.071325908759184148e-04
1.046916947789562684e-04
1.023064117658134011e-04
9.997547475466052888e-05
9.769764553270854216e-05
9.547171409846014081e-05
9.329649801894678344e-05
9.117084180161102579e-05
8.909361628049901338e-05
8.706371801643866706e-05
8.508006871088353228e-05
8.314161463311181717e-05
8.124732606047624318e-05
7.939619673140660698e-05
7.758724331087570709e-05
7.581950486804353074e-05
7.409204236580313463e-05
7.240393816195624728e-05
7.075429552175445445e-05
6.914223814154619259e-05
6.756690968327709395e-05
6.602747331959648528e-05
6.452311128932747687e-05
6.305302446306576319e-05
6.161643191867544110e-05
6.021257052645706336e-05
5.884069454376649280e-05
5.750007521887059650e-05
5.619000040382829295e-05
5.490977417619169899e-05
5.365871646932663666e-05
5.243616271115537154e-05
5.124146347113072249e-05
5.007398411525311503e-05
4.893310446894801925e-05
4.781821848762386908e-05
4.672873393473641468e-05
4.566407206718772283e-05
4.462366732789329189e-05
4.360696704535325512e-05
4.261343114006893834e-05
4.164253183764812506e-05
4.069375338844713919e-05
3.976659179360019983e-05
3.886055453729125311e-05
3.797516032512551185e-05
3.710993882846187780e-05
3.626443043457071438e-05
3.543818600248355887e-05
3.463076662440590979e-05
3.384174339256578389e-05
3.307069717137449784e-05
3.231721837477825079e-05
3.158090674868276341e-05
3.086137115833501130e-05
3.015822938054932268e-05
2.947110790066715031e-05
2.879964171414315096e-05
2.814347413265171367e-05
2.750225659461132059e-05
2.687564848002563833e-05
2.626331692954348394e-05
2.566493666764119530e-05
2.508018982983359506e-05
2.450876579382186567e-05
2.395036101448830908e-05
2.340467886265079777e-05
2.287142946749087205e-05
2.235032956257209156e-05
2.184110233536645153e-05
2.134347728020939886e-05
2.085719005460496501e-05
2.038198233880494212e-05
1.991760169858723832e-05
1.946380145116078736e-05
1.902034053412563500e-05
1.858698337741867423e-05
1.816349977817679576e-05
1.774966477845132414e-05
1.734525854570848424e-05
1.695006625605261782e-05
1.656387798010988991e-05
1.618648857151213570e-05
1.581769755792145041e-05
1.545730903453758530e-05
1.510513156003182021e-05
1.476097805485163912e-05
1.442466570184263190e-05
1.409601584913448471e-05
1.377485391523969660e-05
1.346100929631439852e-05
1.315431527553224334e-05
1.285460893452304045e-05
1.256173106682923104e-05
1.227552609333405638e-05
1.199584197961669199e-05
1.172253015519031074e-05
1.145544543458026405e-05
1.119444594020030393e-05
1.093939302698609684e-05
1.069015120874582244e-05
1.044658808618878866e-05
1.020857427659388385e-05
9.975983345080368083e-06
9.748691737444658767e-06
9.526578714527320419e-06
9.309526288075460515e-06
9.097419158066362240e-06
8.890144651459201225e-06
8.687592662342186390e-06
8.489655593443439074e-06
8.296228298974383744e-06
8.107208028775490818e-06
7.922494373734527258e-06
7.741989212448448032e-06
7.565596659100460530e-06
7.393223012524726579e-06
7.224776706431527547e-06
7.060168260766498991e-06
6.899310234178113895e-06
6.742117177568093299e-06
6.588505588700165954e-06
6.438393867842987453e-06
6.291702274423719584e-06
6.148352884669150153e-06
6.008269550211976357e-06
5.871377857640149231e-06
5.737605088967891585e-06
5.606880183007272896e-06
5.479133697619946305e-06
5.354297772828911200e-06
5.232306094770754399e-06
5.113093860469156700e-06
4.996597743411040221e-06
4.882755859907003875e-06
4.771507736218196615e-06
4.662794276432190566e-06
4.556557731070726200e-06
4.452741666412727711e-06
4.351290934516247624e-06
4.252151643923445219e-06
4.155271131032975248e-06
4.060597932124669109e-06
3.968081756021586275e-06
3.877673457374932265e-06
3.789325010557635845e-06
3.702989484152754691e-06
3.618621016023114225e-06
3.536174788948982829e-06
3.455607006820773870e-06
3.376874871374211768e-06
3.299936559455539513e-06
3.224751200804714367e-06
3.151278856344803149e-06
3.079480496966000727e-06
3.009317982793061214e-06
2.940754042925076250e-06
2.873752255636881150e-06
2.808277029031519651e-06
2.744293582133547386e-06
2.681767926413089716e-06
2.620666847730865632e-06
2.560957888694551604e-06
2.502609331417159117e-06
2.445590180668229680e-06
2.389870147408921251e-06
2.335419632702214215e-06
2.282209711989720845e-06
2.230212119726720249e-06
2.179399234367270754e-06
2.129744063691424504e-06
2.081220230466727844e-06
2.033801958436429513e-06
1.987464058626918612e-06
1.942181915967140475e-06
1.897931476212861189e-06
1.854689233168863658e-06
1.812432216202261068e-06
1.771137978040314520e-06
1.730784582846249219e-06
1.691350594566765784e-06
1.652815065545028847e-06
1.615157525393109037e-06
1.578357970117933881e-06
1.542396851495010878e-06
1.507255066684249316e-06
1.472913948082373424e-06
1.439355253406545035e-06
1.406561156003905591e-06
1.374514235381917204e-06
1.343197467954453381e-06
1.312594217998735728e-06
1.282688228818289186e-06
1.253463614107270882e-06
1.224904849511517510e-06
1.196996764381889938e-06
1.169724533715499690e-06
1.143073670280544409e-06
1.117030016920573508e-06
1.091579739034090685e-06
1.066709317225498076e-06
1.042405540123490571e-06
1.018655497363056441e-06
9.954465727273933443e-07
9.727664374460684484e-07
9.506030436458760451e-07
9.289446179509073221e-07
9.077796552284380219e-07
8.870969124773073713e-07
8.668854028555427686e-07
8.471343898440652901e-07
8.278333815433540641e-07
8.089721251000697458e-07
7.905406012606534187e-07
7.725290190490166697e-07
7.549278105654961835e-07
7.377276259043062345e-07
7.209193281867918054e-07
7.044939887078482730e-07
6.884428821929136212e-07
6.727574821630354939e-07
6.574294564055349866e-07
6.424506625478674267e-07
6.278131437323270847e-07
6.135091243892997220e-07
5.995310061068160085e-07
5.858713635942127358e-07
5.725229407377610565e-07
5.594786467461533776e-07
5.467315523838221716e-07
5.342748862900713775e-07
5.221020313820745451e-07
5.102065213398267002e-07
4.985820371711817977e-07
4.872224038551521018e-07
4.761215870616894533e-07
4.652736899461951717e-07
4.546729500170712492e-07
4.443137360746367707e-07
4.341905452197889203e-07
4.242979999308176894e-07
4.146308452068224658e-07
4.051839457762127833e-07
3.959522833688092808e-07
3.869309540501003090e-07
3.781151656162276238e-07
3.695002350483316193e-07
3.610815860248923237e-07
3.528547464907503463e-07
3.448153462815144097e-07
3.369591148020945505e-07
3.292818787581261763e-07
3.217795599390846781e-07
3.144481730519030059e-07
3.072838236039535831e-07
3.002827058342619716e-07
2.934411006918547965e-07
2.867553738601701162e-07
2.802219738264783304e-07
2.738374299952899313e-07
2.675983508447458896e-07
2.615014221250161096e-07
2.555434050977392781e-07
2.497211348155809459e-07
2.440315184409868421e-07
2.384715336032427231e-07
2.330382267929658263e-07
2.277287117931769756e-07
2.225401681461178753e-07
2.174698396550026631e-07
2.125150329199010785e-07
2.076731159069842483e-07
2.029415165503661256e-07
1.983177213858013356e-07
1.937992742155122754e-07
1.893837748034367680e-07
1.850688776002032102e-07
1.808522904971550070e-07
1.767317736087652470e-07
1.727051380827891670e-07
1.687702449375292130e-07
1.649250039255902375e-07
1.611673724235228819e-07
1.574953543467655565e-07
1.539069990893076064e-07
1.504004004875116047e-07
1.469736958075444914e-07
1.436250647558765696e-07
1.403527285123277513e-07
1.371549487851435416e-07
1.340300268876002980e-07
1.309763028356487497e-07
1.279921544661171503e-07
1.250759965750047824e-07
1.222262800754084932e-07
1.194414911746359045e-07
1.167201505700651019e-07
1.140608126633278041e-07
1.114620647923955664e-07
1.089225264811620583e-07
1.064408487061229263e-07
1.040157131797635534e-07
1.016458316502736305e-07
9.932994521721813417e-08
9.706682366279793242e-08
9.485526479834881819e-08
9.269409382572889331e-08
9.058216271325615231e-08
8.851834958586470544e-08
8.650155812915555799e-08
8.453071700702544692e-08
8.260477929256422364e-08
8.072272191191925238e-08
7.888354510082939653e-08
7.708627187354265311e-08
7.532994750383315003e-08
7.361363901784280265e-08
7.193643469847799529e-08
7.029744360109795310e-08
6.869579508023762388e-08
6.713063832711409662e-08
6.560114191766934236e-08
6.410649337091144621e-08
6.264589871731792914e-08
6.121858207707264578e-08
5.982378524791212541e-08
5.846076730236223273e-08
5.712880419415157699e-08
5.582718837359201548e-08
5.455522841172291067e-08
5.331224863301781184e-08
5.209758875646048388e-08
5.091060354479817902e-08
4.975066246178626068e-08
4.861714933724226600e-08
4.750946203973123892e-08
4.642701215670850011e-08
4.536922468195046042e-08
4.433553771010606983e-08
4.332540213820848162e-08
4.233828137398695516e-08
4.137365105082466520e-08
4.043099874921088488e-08
3.950982372453952996e-08
3.860963664110953932e-08
3.772995931218569685e-08
3.687032444598219878e-08
3.603027539743299135e-08
3.520936592561852174e-08
3.440715995671878993e-08
3.362323135236740035e-08
3.285716368328335670e-08
3.210855000806046017e-08
3.137699265699660014e-08
3.066210302084864061e-08
2.996350134439964500e-08
2.928081652473002887e-08
2.861368591408460095e-08
2.796175512723111551e-08
2.732467785320794096e-08
2.670211567136085186e-08
2.609373787157119475e-08
2.549922127857994128e-08
2.491825008031453460e-08
2.435051566012663897e-08
2.379571643285266161e-08
2.325355768460918364e-08
2.272375141623856031e-08
2.220601619032139688e-08
2.170007698167468751e-08
2.120566503125616809e-08
2.072251770339745887e-08
2.025037834628963505e-08
1.978899615564781120e-08
1.933812604148185833e-08
1.889752849790256292e-08
1.846696947589416137e-08
1.804622025898558672e-08
1.763505734175440525e-08
1.723326231109888324e-08
1.684062173021527846e-08
1.645692702521828804e-08
1.608197437434502618e-08
1.571556459968318991e-08
1.535750306136613215e-08
1.500759955417858064e-08
1.466566820651806300e-08
1.433152738165837713e-08
1.400499958126277115e-08
1.368591135109522349e-08
1.337409318888024025e-08
1.306937945426184507e-08
1.277160828081404633e-08
1.248062149005609079e-08
1.219626450742674891e-08
1.191838628017304846e-08
1.164683919710980284e-08
1.138147901020741038e-08
1.112216475796601797e-08
1.086875869053568440e-08
1.062112619654252911e-08
1.037913573158205861e-08
1.014265874834171775e-08
9.911569628315484045e-09
9.685745615074301069e-09
9.465066749056906225e-09
9.249415803846241783e-09
9.038678223897885552e-09
8.832742063687197200e-09
8.631497928242940067e-09
8.434838915035775176e-09
8.242660557190763699e-09
8.054860767993718872e-09
7.871339786661880304e-09
7.692000125350238972e-09
7.516746517365105833e-09
7.345485866557728042e-09
7.178127197870833632e-09
7.014581609011941778e-09
6.854762223227737311e-09
6.698584143154428532e-09
6.545964405719564088e-09
6.396821938071414960e-09
6.251077514512345266e-09
6.108653714413519535e-09
5.969474881088421506e-09
5.833467081603403941e-09
5.700558067503908360e-09
5.570677236435496501e-09
5.443755594639305153e-09
5.319725720301981879e-09
5.198521727740712502e-09
5.080079232404146457e-09
4.964335316670833450e-09
4.851228496426864247e-09
4.740698688405002357e-09
4.632687178267964763e-09
4.527136589418882925e-09
4.423990852522383057e-09
4.323195175720119281e-09
4.224696015524854610e-09
4.128441048377745571e-09
4.034379142853637637e-09
3.942460332499630285e-09
3.852635789292493921e-09
3.764857797700818696e-09
3.679079729338139202e-09
3.595256018193547458e-09
3.513342136426678403e-09
3.433294570714121700e-09
3.355070799134812013e-09
3.278629268582033071e-09
3.203929372690066630e-09
3.130931430263757729e-09
3.059596664199542278e-09
2.989887180886725780e-09
2.921765950078108478e-09
2.855196785219185360e-09
2.790144324225572187e-09
2.726574010698372773e-09
2.664452075567537796e-09
2.603745519153457703e-09
2.544422093637264313e-09
2.486450285930525414e-09
2.429799300935230469e-09
2.374439045185200474e-09
2.320340110860165832e-09
2.267473760164111007e-09
2.215811910059515285e-09
2.165327117349416359e-09
2.115992564099359960e-09
2.067782043391491442e-09
2.020669945403225191e-09
1.974631243803112148e-09
1.929641482456623791e-09
1.885676762434871571e-09
1.842713729319295919e-09
1.800729560795606456e-09
1.759701954530383671e-09
1.719609116323897511e-09
1.680429748532845960e-09
1.642143038756886066e-09
1.604728648782898734e-09
1.568166703781174677e-09
1.532437781747740579e-09
1.497522903187231651e-09
1.463403521030827617e-09
1.430061510783899449e-09
1.397479160898129339e-09
1.365639163362989047e-09
1.334524604511592240e-09
1.304118956036002811e-09
1.274406066207272269e-09
1.245370151295506140e-09
1.216995787185418391e-09
1.189267901182915137e-09
1.162171764008356685e-09
1.135692981972240606e-09
1.109817489329166021e-09
1.084531540805981226e-09
1.059821704300190739e-09
1.035674853744711461e-09
1.012078162135197134e-09
9.890190947162298633e-10
9.664854023227556486e-10
9.444651148732265068e-10
9.229465350109957887e-10
9.019182318905912882e-10
8.813690351055483185e-10
8.612880287546040488e-10
8.416645456430805536e-10
8.224881616163835980e-10
8.037486900226066360e-10
7.854361763012977401e-10
7.675408926955148019e-10
7.500533330843670350e-10
7.329642079332770986e-10
7.162644393593104564e-10
6.999451563089280925e-10
6.839976898456105266e-10
6.684135685448480111e-10
6.531845139940501107e-10
6.383024363949861801e-10
6.237594302664160250e-10
6.095477702446395158e-10
5.956599069797124318e-10
5.820884631251753821e-10
5.688262294191452404e-10
5.558661608546970038e-10
5.432013729374979032e-10
5.308251380287082226e-10
5.187308817712035036e-10
5.069121795972258579e-10
4.953627533155958883e-10
4.840764677766893074e-10
4.730473276133952653e-10
4.622694740563274232e-10
4.517371818215983617e-10
4.414448560695012027e-10
4.313870294324886498e-10
4.215583591108542274e-10
4.119536240346051345e-10
4.025677220899749191e-10
3.933956674091507434e-10
3.844325877217282270e-10
3.756737217665315000e-10
3.671144167623880746e-10
3.587501259365293560e-10
3.505764061093172937e-10
3.425889153339806123e-10
3.347834105901471971e-10
3.271557455299071552e-10
3.197018682752487537e-10
3.124178192656580557e-10
3.052997291547761558e-10
2.983438167549674412e-10
2.915463870287183206e-10
2.849038291258110434e-10
2.784126144652018219e-10
2.720692948606177765e-10
2.658705006888448265e-10
2.598129390997626114e-10
2.538933922671527986e-10
2.481087156793607986e-10
2.424558364689119993e-10
2.369317517801720537e-10
2.315335271742124324e-10
2.262582950700059824e-10
2.211032532211507449e-10
2.160656632272873837e-10
2.111428490794442005e-10
2.063321957385168356e-10
2.016311477461357849e-10
1.970372078671915154e-10
1.925479357632766195e-10
1.881609466963641082e-10
1.838739102620092547e-10
1.796845491514253139e-10
1.755906379417530734e-10
1.715900019139026863e-10
1.676805158973231274e-10
1.638601031410924085e-10
1.601267342107347128e-10
1.564784259101635276e-10
1.529132402281963589e-10
1.494292833090627244e-10
1.460247044463769587e-10
1.426976951000235097e-10
1.394464879354494188e-10
1.362693558848401233e-10
1.331646112296854780e-10
1.301306047042532569e-10
1.271657246194819445e-10
1.242683960068421335e-10
1.214370797816965582e-10
1.186702719257289950e-10
1.159665026879961636e-10
1.133243358041825658e-10
1.107423677336482504e-10
1.082192269138532381e-10
1.057535730317753785e-10
1.033440963119221846e-10
1.009895168205702731e-10
9.868858378585120537e-11
9.644007493333383403e-11
9.424279583674094010e-11
9.209557928345932292e-11
8.999728465450922713e-11
8.794679731863560381e-11
8.594302804020946206e-11
8.398491240061442314e-11
8.207141023282140274e-11
8.020150506884090566e-11
7.837420359976906784e-11
7.658853514813282712e-11
7.484355115225746632e-11
7.313832466238469633e-11
7.147194984826723688e-11
6.984354151798657101e-11
6.825223464772957595e-11
6.669718392228268765e-11
6.517756328599274352e-11
6.369256550395874396e-11
6.224140173322373626e-11
6.082330110373322016e-11
5.943751030884433569e-11
5.808329320516156423e-11
5.675993042149303925e-11
5.546671897671298803e-11
5.420297190633388099e-11
5.296801789758462162e-11
5.176120093280319391e-11
5.058187994095604270e-11
4.942942845709438122e-11
4.830323428957235442e-11
4.720269919484445137e-11
4.612723855967497952e-11
4.507628109058543385e-11
4.404926851037983726e-11
4.304565526158288113e-11
4.206490821663484537e-11
4.110650639469097413e-11
4.016994068487098613e-11
3.925471357581639303e-11
3.836033889140723717e-11
3.748634153250250075e-11
3.663225722456246070e-11
3.579763227102318634e-11
3.498202331228884711e-11
3.418499709021504565e-11
3.340613021795947370e-11
3.264500895507435992e-11
3.190122898772512398e-11
3.117439521391463010e-11
3.046412153360255975e-11
2.977003064360561043e-11
2.909175383717059926e-11
2.842893080811520946e-11
2.778120945942953123e-11
2.714824571624009180e-11
2.652970334303365235e-11
2.592525376504695794e-11
2.533457589372437106e-11
2.475735595615363964e-11
2.419328732838691310e-11
2.364207037255930896e-11
2.310341227771945250e-11
2.257702690428521624e-11
2.206263463204472318e-11
2.155996221161911385e-11
2.106874261931092483e-11
2.058871491525826549e-11
2.011962410482197526e-11
1.966122100313015188e-11
1.921326210270891964e-11
1.877550944412973459e-11
1.834773048960285841e-11
1.792969799945192164e-11
1.752118991140181549e-11
1.712198922261791874e-11
1.673188387443191049e-11
1.635066663969490873e-11
1.597813501269652967e-11
1.561409110159202338e-11
1.525834152328091741e-11
1.491069730067986686e-11
1.457097376233695233e-11
1.423899044433223877e-11
1.391457099441424715e-11
1.359754307832003923e-11
1.328773828822969478e-11
1.298499205330705310e-11
1.268914355227795385e-11
1.240003562800103311e-11
1.211751470398420187e-11
1.184143070280391444e-11
1.157163696638246876e-11
1.130799017808233493e-11
1.105035028657505600e-11
1.079858043144471729e-11
1.055254687048686150e-11
1.031211890866321569e-11
1.007716882867572780e-11
9.847571823121799234e-12
9.623205928195852503e-12
9.403951958900892780e-12
9.189693445736696750e-12
8.980316572830153681e-12
8.775710117475262818e-12
8.575765391050934184e-12
8.380376181284458755e-12
8.189438695830922820e-12
8.002851507137631273e-12
7.820515498565199196e-12
7.642333811735743266e-12
7.468211795081123202e-12
7.298056953563176981e-12
7.131778899539512331e-12
6.969289304749036639e-12
6.810501853391065663e-12
6.655332196273856418e-12
6.503697906007436200e-12
6.355518433217666048e-12
6.210715063757683685e-12
6.069210876894235369e-12
5.930930704446914141e-12
5.795801090858032819e-12
5.663750254172599224e-12
5.534708047906990345e-12
5.408605923786729185e-12
5.285376895332923866e-12
5.164955502278637083e-12
5.047277775795798847e-12
4.932281204514387820e-12
4.819904701316012020e-12
4.710088570883780607e-12
4.602774477991813264e-12
4.497905416516950960e-12
4.395425679156765049e-12
4.295280827837263753e-12
4.197417664795046501e-12
4.101784204318171097e-12
4.008329645130873567e-12
3.917004343407622204e-12
3.827759786401792648e-12
3.740548566675412477e-12
3.655324356915836479e-12
3.572041885326404896e-12
3.490656911577588833e-12
3.411126203306259542e-12
3.333407513150260299e-12
3.257459556306229785e-12
3.183241988598860988e-12
3.110715385049649556e-12
3.039841218934116548e-12
2.970581841316008632e-12
2.902900461047949406e-12
2.836761125227650327e-12
2.772128700099406147e-12
2.708968852390823449e-12
2.647248031074630771e-12
2.586933449546174846e-12
2.527993068206830285e-12
2.470395577444381239e-12
2.414110381001023197e-12
2.359107579720444546e-12
2.305357955665123949e-12
2.252832956595499866e-12
2.201504680802840960e-12
2.151345862287569831e-12
2.102329856275402792e-12
2.054430625063367486e-12
2.007622724188419739e-12
1.961881288911081321e-12
1.917182021007135442e-12
1.873501175860190608e-12
1.830815549848326584e-12
1.789102468018186821e-12
1.748339772039806215e-12
1.708505808435976391e-12
1.669579417079690414e-12
1.631539919953761136e-12
1.594367110166440441e-12
1.558041241217394304e-12
1.522543016508183241e-12
1.487853579091735344e-12
1.453954501655419487e-12
1.420827776732263669e-12
1.388455807135283513e-12
1.356821396609671688e-12
1.325907740698042068e-12
1.295698417813748796e-12
1.266177380517592420e-12
1.237328946993320591e-12
1.209137792717284164e-12
1.181588942317958724e-12
1.154667761620870877e-12
1.128359949874840285e-12
1.102651532155268227e-12
1.077528851940574296e-12
1.052978563857726503e-12
1.028987626593060278e-12
1.005543295964650738e-12
9.826331181524712689e-13
9.602449230828505741e-13
9.383668179636014015e-13
9.169871809665013155e-13
8.960946550536537222e-13
8.756781419445607786e-13
8.557267962206160226e-13
8.362300195639197450e-13
8.171774551273882807e-13
7.985589820330870995e-13
7.803647099959620335e-13
7.625849740700155514e-13
7.452103295142312594e-13
7.282315467754281361e-13
7.116396065854652177e-13
6.954256951701252583e-13
6.795811995671570491e-13
6.640977030510181802e-13
6.489669806618216584e-13
6.341809948361890154e-13
6.197318911376122738e-13
6.056119940841291891e-13
5.918138030710376266e-13
5.783299883865069041e-13
5.651533873179893739e-13
5.522770003473124903e-13
5.396939874324942821e-13
5.273976643742405318e-13
5.153814992652595762e-13
5.036391090204443114e-13
4.921642559861384000e-13
4.809508446266377412e-13
4.699929182861875201e-13
4.592846560247696848e-13
4.488203695259583324e-13
4.385945000752532155e-13
4.286016156072320100e-13
4.188364078200053684e-13
4.092936893553912302e-13
3.999683910433585512e-13
3.908555592092379064e-13
