4.236001779965018442e-03
4.134094558731427060e-03
4.034638961052073973e-03
3.937576007219935510e-03
3.842848136426841883e-03
3.750399172628442104e-03
3.660174291230380069e-03
3.572119986575910712e-03
3.486184040215677821e-03
3.402315489940846080e-03
3.320464599561207073e-03
3.240582829410348659e-03
3.162622807560399978e-03
3.086538301729262451e-03
3.012284191863691223e-03
2.939816443381952724e-03
2.869092081060191281e-03
2.800069163547026698e-03
2.732706758491262097e-03
2.666964918267956432e-03
2.602804656288462606e-03
2.540187923880385130e-03
2.479077587723748678e-03
2.419437407829988507e-03
2.361232016050717180e-03
2.304426895103504815e-03
2.248988358102255256e-03
2.194883528580018634e-03
2.142080320992411236e-03
2.090547421690065570e-03
2.040254270348839695e-03
1.991171041846765116e-03
1.943268628576987501e-03
1.896518623186213602e-03
1.850893301728426688e-03
1.806365607223876964e-03
1.762909133613605427e-03
1.720498110099974486e-03
1.679107385863928261e-03
1.638712415149915598e-03
1.599289242709630654e-03
1.560814489595939523e-03
1.523265339298566015e-03
1.486619524213322711e-03
1.450855312436850290e-03
1.415951494879046091e-03
1.381887372685531787e-03
1.348642744962704745e-03
1.316197896798092454e-03
1.284533587568907620e-03
1.253631039531865905e-03
1.223471926687506959e-03
1.194038363912408151e-03
1.165312896352849528e-03
1.137278489073642292e-03
1.109918516955975308e-03
1.083216754838295945e-03
1.057157367894376830e-03
1.031724902242858039e-03
1.006904275782701886e-03
9.826807692491226157e-04
9.590400174846857705e-04
9.359680009204042906e-04
9.134510372617759329e-04
8.914757733748335461e-04
8.700291773673961889e-04
8.490985308608238946e-04
8.286714214476957607e-04
8.087357353309345851e-04
7.892796501400164109e-04
7.702916279200036328e-04
7.517604082892424475e-04
7.336750017616703841e-04
7.160246832297694191e-04
6.987989856043047001e-04
6.819876936070726030e-04
6.655808377129808322e-04
6.495686882378652431e-04
6.339417495685391356e-04
6.186907545316521926e-04
6.038066588980203720e-04
5.892806360191668808e-04
5.751040715928949169e-04
5.612685585547865907e-04
5.477658920925988729e-04
5.345880647806006006e-04
5.217272618309655875e-04
5.091758564594024792e-04
4.969264053622785395e-04
4.849716443025499000e-04
4.733044838018841006e-04
4.619180049364177208e-04
4.508054552336593942e-04
4.399602446680996731e-04
4.293759417531592491e-04
4.190462697271521929e-04
4.089651028310069595e-04
3.991264626755341972e-04
3.895245146960903061e-04
3.801535646925305735e-04
3.710080554524047489e-04
3.620825634553865224e-04
3.533717956569890810e-04
3.448705863496535602e-04
3.365738940993537494e-04
3.284767987558957531e-04
3.205744985351449802e-04
3.128623071714438397e-04
3.053356511385384360e-04
2.979900669373593399e-04
2.908211984490536575e-04
2.838247943516950022e-04
2.769967055991413461e-04
2.703328829605444413e-04
2.638293746190531561e-04
2.574823238282845667e-04
2.512879666251757846e-04
2.452426295978569299e-04
2.393427277072249096e-04
2.335847621609231644e-04
2.279653183384691413e-04
2.224810637662965099e-04
2.171287461415140785e-04
2.119051914032065147e-04
2.068073018501357481e-04
2.018320543037246451e-04
1.969764983152355847e-04
1.922377544160782151e-04
1.876130124102120937e-04
1.830995297076278754e-04
1.786946296979221086e-04
1.743957001629984477e-04
1.702001917279561197e-04
1.661056163492451567e-04
1.621095458391935760e-04
1.582096104260294421e-04
1.544034973485466022e-04
1.506889494845774192e-04
1.470637640124625189e-04
1.435257911047206104e-04
1.400729326531466171e-04
1.367031410245793659e-04
1.334144178466033399e-04
1.302048128224627137e-04
1.270724225744853514e-04
1.240153895153318247e-04
1.210319007463980697e-04
1.181201869827209198e-04
1.152785215037463587e-04
1.125052191293407250e-04
1.097986352204354508e-04
1.071571647037144705e-04
1.045792411197645112e-04
1.020633356941249518e-04
9.960795643068531195e-05
9.721164722689374456e-05
9.487298701025078827e-05
9.259058889557743679e-05
9.036309936255648766e-05
8.818919745306085173e-05
8.606759398779124590e-05
8.399703080176040945e-05
8.197627999816879110e-05
8.000414322023074781e-05
7.807945094051804919e-05
7.620106176740051819e-05
7.436786176817175727e-05
7.257876380845824948e-05
7.083270690752133190e-05
6.912865560906822045e-05
6.746559936720042145e-05
6.584255194713374722e-05
6.425855084033626910e-05
6.271265669373598910e-05
6.120395275266079941e-05
5.973154431717920117e-05
5.829455821152061456e-05
5.689214226625982494e-05
5.552346481295891863e-05
5.418771419096641168e-05
5.288409826608194130e-05
5.161184396080041272e-05
5.037019679585746972e-05
4.915842044280379486e-05
4.797579628734368744e-05
4.682162300317841525e-05
4.569521613610197185e-05
4.459590769810199375e-05
4.352304577122604598e-05
4.247599412097749575e-05
4.145413181901244501e-05
4.045685287491308845e-05
3.948356587682012815e-05
3.853369364071037928e-05
3.760667286811200964e-05
3.670195381205401024e-05
3.581899995105236183e-05
3.495728767093898116e-05
3.411630595434535820e-05
3.329555607765597363e-05
3.249455131525261003e-05
3.171281665087361104e-05
3.094988849591718443e-05
3.020531441452139904e-05
2.947865285525826893e-05
2.876947288928244549e-05
2.807735395477952393e-05
2.740188560756198280e-05
2.674266727766543372e-05
2.609930803180035227e-05
2.547142634151875720e-05
2.485864985695796113e-05
2.426061518602770062e-05
2.367696767890932155e-05
2.310736121773944649e-05
2.255145801135313930e-05
2.200892839496521752e-05
2.147945063467056231e-05
2.096271073664780914e-05
2.045840226095284241e-05
1.996622613979221340e-05
1.948589050016824776e-05
1.901711049079097307e-05
1.855960811315394849e-05
1.811311205667411791e-05
1.767735753779768815e-05
1.725208614297677159e-05
1.683704567542347041e-05
1.643199000555082767e-05
1.603667892501164566e-05
1.565087800424888262e-05
1.527435845347284660e-05
1.490689698698307854e-05
1.454827569075420387e-05
1.419828189320740908e-05
1.385670803909068152e-05
1.352335156639332297e-05
1.319801478622145650e-05
1.288050476556354033e-05
1.257063321287608465e-05
1.226821636642200705e-05
1.197307488529522405e-05
1.168503374306695207e-05
1.140392212399050348e-05
1.112957332170323579e-05
1.086182464036541122e-05
1.060051729817744011e-05
1.034549633321816903e-05
1.009661051154855012e-05
9.853712237526035853e-06
9.616657466276627673e-06
9.385305618272541748e-06
9.159519495964996922e-06
8.939165202422553059e-06
8.724112061926847655e-06
8.514232542478496785e-06
8.309402180167423983e-06
8.109499505362548135e-06
7.914405970677230198e-06
7.724005880667610425e-06
7.538186323222277255e-06
7.356837102602496793e-06
7.179850674093349883e-06
7.007122080226939452e-06
6.838548888539952307e-06
6.674031130828589676e-06
6.513471243864889626e-06
6.356774011539211561e-06
6.203846508394674519e-06
6.054598044519984756e-06
5.908940111768017270e-06
5.766786331268201193e-06
5.628052402201664442e-06
5.492656051808685939e-06
5.360516986598872794e-06
5.231556844735036308e-06
5.105699149562652933e-06
4.982869264257233391e-06
4.862994347562814216e-06
4.746003310595197668e-06
4.631826774684447715e-06
4.520397030231567351e-06
4.411647996554985593e-06
4.305515182703013546e-06
4.201935649209068474e-06
4.100847970766967084e-06
4.002192199804160966e-06
3.905909830931275912e-06
3.811943766246937238e-06
3.720238281477251215e-06
3.630738992929902219e-06
3.543392825243215291e-06
3.458147979911125449e-06
3.374953904565335997e-06
3.293761262996486405e-06
3.214521905896503526e-06
3.137188842304844383e-06
3.061716211741652615e-06
2.988059257011335566e-06
2.916174297660387506e-06
2.846018704073776597e-06
2.777550872194492714e-06
2.710730198851288657e-06
2.645517057679947499e-06
2.581872775623849326e-06
2.519759609999857507e-06
2.459140726115951210e-06
2.399980175427301520e-06
2.342242874217876870e-06
2.285894582794896840e-06
2.230901885183833738e-06
2.177232169311868004e-06
2.124853607668113046e-06
2.073735138429079288e-06
2.023846447038230445e-06
1.975157948228665948e-06
1.927640768478310666e-06
1.881266728887176273e-06
1.836008328466560793e-06
1.791838727830250178e-06
1.748731733278085684e-06
1.706661781262426331e-06
1.665603923228320618e-06
1.625533810818366575e-06
1.586427681433521101e-06
1.548262344141269479e-06
1.511015165922816639e-06
1.474664058251120388e-06
1.439187463991836903e-06
1.404564344619389144e-06
1.370774167740587654e-06
1.337796894918386881e-06
1.305612969788594000e-06
1.274203306462441174e-06
1.243549278208157145e-06
1.213632706404856303e-06
1.184435849762143266e-06
1.155941393799070696e-06
1.128132440576224220e-06
1.100992498674796232e-06
1.074505473416769744e-06
1.048655657320354627e-06
1.023427720785047911e-06
9.988067030007974149e-07
9.747780030758574182e-07
9.513273713780794840e-07
9.284409010845300833e-07
9.061050199343762211e-07
8.843064821802007065e-07
8.630323607329297782e-07
8.422700394957352638e-07
8.220072058823772093e-07
8.022318435155206823e-07
7.829322251007132313e-07
7.640969054718104963e-07
7.457147148036887086e-07
7.277747519882638728e-07
7.102663781698519272e-07
6.931792104360517773e-07
6.765031156604216097e-07
6.602282044932722572e-07
6.443448254970270659e-07
6.288435594226808271e-07
6.137152136239362928e-07
5.989508166057384551e-07
5.845416127039443493e-07
5.704790568929894879e-07
5.567548097184745020e-07
5.433607323516532701e-07
5.302888817628972008e-07
5.175315060112824388e-07
5.050810396474836091e-07
4.929300992272756646e-07
4.810714789329606484e-07
4.694981463001311033e-07
4.582032380472444339e-07
4.471800560055192694e-07
4.364220631467481989e-07
4.259228797066786411e-07
4.156762794016437823e-07
4.056761857362227688e-07
3.959166683997215158e-07
3.863919397493452731e-07
3.770963513779826889e-07
3.680243907645545160e-07
3.591706780049456968e-07
3.505299626215896464e-07
3.420971204497961551e-07
3.338671505989948559e-07
3.258351724870781644e-07
3.179964229460898039e-07
3.103462533975476972e-07
3.028801270957170065e-07
2.955936164372023586e-07
2.884824003352699049e-07
2.815422616573283394e-07
2.747690847240653930e-07
2.681588528687434655e-07
2.617076460552120059e-07
2.554116385532293999e-07
2.492670966697054967e-07
2.432703765345253506e-07
2.374179219396440292e-07
2.317062622301612662e-07
2.261320102461375433e-07
2.206918603139203068e-07
2.153825862857942608e-07
2.102010396267956458e-07
2.051441475475494712e-07
2.002089111820261208e-07
1.953924038091395119e-07
1.906917691171243348e-07
1.861042195096724137e-07
1.816270344528161175e-07
1.772575588615812373e-07
1.729932015254558901e-07
1.688314335717354808e-07
1.647697869658358598e-07
1.608058530476879419e-07
1.569372811033384013e-07
1.531617769709183318e-07
1.494771016801460474e-07
1.458810701245595006e-07
1.423715497656941777e-07
1.389464593684326005e-07
1.356037677667779284e-07
1.323414926593224705e-07
1.291576994336904949e-07
1.260505000192653750e-07
1.230180517675147613e-07
1.200585563592523559e-07
1.171702587381903708e-07
1.143514460701445116e-07
1.116004467272812126e-07
1.089156292967989268e-07
1.062954016134581844e-07
1.037382098153882093e-07
1.012425374226064856e-07
9.880690443770693748e-08
9.642986646818503490e-08
9.411001386987466751e-08
9.184597091099444101e-08
8.963639495630314480e-08
8.747997567088225680e-08
8.537543424307491882e-08
8.332152262611749986e-08
8.131702279801549460e-08
7.936074603922659555e-08
7.745153222771840947e-08
7.558824915098749232e-08
7.376979183462800518e-08
7.199508188705342080e-08
7.026306685998343229e-08
6.857271962431496546e-08
6.692303776100801478e-08
6.531304296662645957e-08
6.374178047317817279e-08
6.220831848191410043e-08
6.071174761074741896e-08
5.925118035496651753e-08
5.782575056092261907e-08
5.643461291237829411e-08
5.507694242921304697e-08
5.375193397818976450e-08
5.245880179548937729e-08
5.119677902073352440e-08
4.996511724221652117e-08
4.876308605307781640e-08
4.758997261815267625e-08
4.644508125124243214e-08
4.532773300255457020e-08
4.423726525606877635e-08
4.317303133658807512e-08
4.213440012624451726e-08
4.112075569022987660e-08
4.013149691153044617e-08
3.916603713444971508e-08
3.822380381670635409e-08
3.730423818990183952e-08
3.640679492815700852e-08
3.553094182471935323e-08
3.467615947635133824e-08
3.384194097531075374e-08
3.302779160874138937e-08
3.223322856529601286e-08
3.145778064881674120e-08
3.070098799890352336e-08
2.996240181820560298e-08
2.924158410627279464e-08
2.853810739981039201e-08
2.785155451918238668e-08
2.718151832101316866e-08
2.652760145674137365e-08
2.588941613698192803e-08
2.526658390155690470e-08
2.465873539505930083e-08
2.406551014781549252e-08
2.348655636211784906e-08
2.292153070359954195e-08
2.237009809762844437e-08
2.183193153059951145e-08
2.130671185600729177e-08
2.079412760518374412e-08
2.029387480258969676e-08
1.980565678554923932e-08
1.932918402832148924e-08
1.886417397040430015e-08
1.841035084896857948e-08
1.796744553532411221e-08
1.753519537531926708e-08
1.711334403358028991e-08
1.670164134149810226e-08
1.629984314887169504e-08
1.590771117912104465e-08
1.552501288798291613e-08
1.515152132560611062e-08
1.478701500196457395e-08
1.443127775550808024e-08
1.408409862497283639e-08
1.374527172427625271e-08
1.341459612042104285e-08
1.309187571433699791e-08
1.277691912458915789e-08
1.246953957388368358e-08
1.216955477830427459e-08
1.187678683921310172e-08
1.159106213775230078e-08
1.131221123188371986e-08
1.104006875590528988e-08
1.077447332238509529e-08
1.051526742645444307e-08
1.026229735240340057e-08
1.001541308252357784e-08
9.774468208143731168e-09
9.539319842805636793e-09
9.309828537528905046e-09
9.085858198114028760e-09
8.867276004435179879e-09
8.653952331674420480e-09
8.445760673450850575e-09
8.242577566799169629e-09
8.044282518952957588e-09
7.850757935889341056e-09
7.661889052592833618e-09
7.477563864996648808e-09
7.297673063561520500e-09
7.122109968452318602e-09
6.950770466274147533e-09
6.783552948330521552e-09
6.620358250366780091e-09
6.461089593763112305e-09
6.305652528142455853e-09
6.153954875358917943e-09
6.005906674833863017e-09
5.861420130206957043e-09
5.720409557270660289e-09
5.582791333157364365e-09
5.448483846748868939e-09
5.317407450278873767e-09
5.189484412099894509e-09
5.064638870586331808e-09
4.942796789146658045e-09
4.823885912317804491e-09
4.707835722915796056e-09
4.594577400217320269e-09
4.484043779147252932e-09
4.376169310448032270e-09
4.270890021807331746e-09
4.168143479920784464e-09
4.067868753467493100e-09
3.970006376976180916e-09
3.874498315560627710e-09
3.781287930503546570e-09
3.690319945668352210e-09
3.601540414718987557e-09
3.514896689128413717e-09
3.430337386956640110e-09
3.347812362379963655e-09
3.267272675953200807e-09
3.188670565587329922e-09
3.111959418225384887e-09
3.037093742199711908e-09
2.964029140254226976e-09
2.892722283215753696e-09
2.823130884298672088e-09
2.755213674027813359e-09
2.688930375764592668e-09
2.624241681821920374e-09
2.561109230153769300e-09
2.499495581605487734e-09
2.439364197711412760e-09
2.380679419026659876e-09
2.323406443980125314e-09
2.267511308236297496e-09
2.212960864553527821e-09
2.159722763126855992e-09
2.107765432403775861e-09
2.057058060361488650e-09
2.007570576234573375e-09
1.959273632682282273e-09
1.912138588384791819e-09
1.866137491058192011e-09
1.821243060878059451e-09
1.777428674301814610e-09
1.734668348280303148e-09
1.692936724849172030e-09
1.652209056090943957e-09
1.612461189458889628e-09
1.573669553453928492e-09
1.535811143646148866e-09
1.498863509032584619e-09
1.462804738723190245e-09
1.427613448947140175e-09
1.393268770371697732e-09
1.359750335726163380e-09
1.327038267723577806e-09
1.295113167272966409e-09
1.263956101975199608e-09
1.233548594895589533e-09
1.203872613606589098e-09
1.174910559494117887e-09
1.146645257321125898e-09
1.119059945042234316e-09
1.092138263863430615e-09
1.065864248540868070e-09
1.040222317913084058e-09
1.015197265660967650e-09
9.907742512900185562e-10
9.669387913295664411e-10
9.436767507436978129e-10
9.209743345488133543e-10
8.988180796328637767e-10
8.771948467713666683e-10
8.560918128355225993e-10
8.354964631877676635e-10
8.153965842602701460e-10
7.957802563119816724e-10
7.766358463599218578e-10
7.579520012805192946e-10
7.397176410769287092e-10
7.219219523082990183e-10
7.045543816771372114e-10
6.876046297709288016e-10
6.710626449543199353e-10
6.549186174082491704e-10
6.391629733124696704e-10
6.237863691680273591e-10
6.087796862563344086e-10
5.941340252315286141e-10
5.798407008429409378e-10
5.658912367845174925e-10
5.522773606681510097e-10
5.389909991179491113e-10
5.260242729825133383e-10
5.133694926623993564e-10
5.010191535499939026e-10
4.889659315790841531e-10
4.772026788815058274e-10
4.657224195482722697e-10
4.545183454926804234e-10
4.435838124129433329e-10
4.329123358519545344e-10
4.224975873518303889e-10
4.123333907009779426e-10
4.024137182714478455e-10
3.927326874443887776e-10
3.832845571215085481e-10
3.740637243204606807e-10
3.650647208521242583e-10
3.562822100778328933e-10
3.477109837446152559e-10
3.393459588965607768e-10
3.311821748605008065e-10
3.232147903042062688e-10
3.154390803653474113e-10
3.078504338495340957e-10
3.004443504957580233e-10
2.932164383076274054e-10
2.861624109487941075e-10
2.792780852010508913e-10
2.725593784835785521e-10
2.660023064318656072e-10
2.596029805348817141e-10
2.533576058290936471e-10
2.472624786479500934e-10
2.413139844255153983e-10
2.355085955529421601e-10
2.298428692865044224e-10
2.243134457059650134e-10
2.189170457220597849e-10
2.136504691319089279e-10
2.085105927212184836e-10
2.034943684121328668e-10
1.985988214556499354e-10
1.938210486675144044e-10
1.891582167065580340e-10
1.846075603944577575e-10
1.801663810759103468e-10
1.758320450182631783e-10
1.716019818496452163e-10
1.674736830346673764e-10
1.634447003867987070e-10
1.595126446165312645e-10
1.556751839144666919e-10
1.519300425684958484e-10
1.482749996142448252e-10
1.447078875179832513e-10
1.412265908912236198e-10
1.378290452362409365e-10
1.345132357217747667e-10
1.312771959881801010e-10
1.281190069813273747e-10
1.250367958145555423e-10
1.220287346580000473e-10
1.190930396546443358e-10
1.162279698624483815e-10
1.134318262219230557e-10
1.107029505485458957e-10
1.080397245494164437e-10
1.054405688635649577e-10
1.029039421253525678e-10
1.004283400504014659e-10
9.801229454351724417e-11
9.565437282806884057e-11
9.335317659631657556e-11
9.110734118018097153e-11
8.891553474195771468e-11
8.677645748450493951e-11
8.468884088043133025e-11
8.265144691982507511e-11
8.066306737608338045e-11
7.872252308940413932e-11
7.682866326751232170e-11
7.498036480321165772e-11
7.317653160835426642e-11
7.141609396383073080e-11
6.969800788520052977e-11
6.802125450358201371e-11
6.638483946143823551e-11
6.478779232289600903e-11
6.322916599825350606e-11
6.170803618233251738e-11
6.022350080634052485e-11
5.877467950292162560e-11
5.736071308407682251e-11
5.598076303164233826e-11
5.463401100002764425e-11
5.331965833091616261e-11
5.203692557963937369e-11
5.078505205294682280e-11
4.956329535789614213e-11
4.837093096159402146e-11
4.720725176153042217e-11
4.607156766624840652e-11
4.496320518610296613e-11
4.388150703386348703e-11
4.282583173492612785e-11
4.179555324690351139e-11
4.079006058836466254e-11
3.980875747650790205e-11
3.885106197355035001e-11
3.791640614162313365e-11
3.700423570597016375e-11
3.611400972624944234e-11
3.524520027574086006e-11
3.439729212827257728e-11
3.356978245267911741e-11
3.276218051460892115e-11
3.197400738550685893e-11
3.120479565859711468e-11
3.045408917169951853e-11
2.972144273671303922e-11
2.900642187560824774e-11
2.830860256277104809e-11
2.762757097354404917e-11
2.696292323881830399e-11
2.631426520552891477e-11
2.568121220291161178e-11
2.506338881438348179e-11
2.446042865491162949e-11
2.387197415373693512e-11
2.329767634232577780e-11
2.273719464742302365e-11
2.219019668908288341e-11
2.165635808355948860e-11
2.113536225093885061e-11
2.062690022739923476e-11
2.013067048198726831e-11
1.964637873780260777e-11
1.917373779748444297e-11
1.871246737289572627e-11
1.826229391890535139e-11
1.782295047116911734e-11
1.739417648781265175e-11
1.697571769492364970e-11
1.656732593576112613e-11
1.616875902359177116e-11
1.577978059806722987e-11
1.540015998505654450e-11
1.502967205985015891e-11
1.466809711365548490e-11
1.431522072330383231e-11
1.397083362409222928e-11
1.363473158568379623e-11
1.330671529099410762e-11
1.298659021799121671e-11
1.267416652433882936e-11
1.236925893481511465e-11
1.207168663143989541e-11
1.178127314624470518e-11
1.149784625662291667e-11
1.122123788319746886e-11
1.095128399014524448e-11
1.068782448791979149e-11
1.043070313831422418e-11
1.017976746180777433e-11
9.934868647141676669e-12
9.695861463070241959e-12
9.462604172235141205e-12
9.234958447111345931e-12
9.012789287975473354e-12
8.795964942847601932e-12
8.584356829358790849e-12
8.377839458498559697e-12
8.176290360196780104e-12
7.979590010695631446e-12
7.787621761669043456e-12
7.600271771047355511e-12
7.417428935505888498e-12
7.238984824577928948e-12
7.064833616352768957e-12
6.894872034720458317e-12
6.728999288126540136e-12
6.567117009800037934e-12
6.409129199419545511e-12
6.254942166182444548e-12
6.104464473243940574e-12
5.957606883492745249e-12
5.814282306631059307e-12
5.674405747527877259e-12
5.537894255814756966e-12
5.404666876694018684e-12
5.274644602930545066e-12
5.147750327998530465e-12
5.023908800355228292e-12
4.903046578814929355e-12
4.785091988996509170e-12
4.669975080818591431e-12
4.557627587017433876e-12
4.447982882662662163e-12
4.340975945647057378e-12
4.236543318126681985e-12
4.134623068888818073e-12
4.035154756625214403e-12
3.938079394088761532e-12
3.843339413112596435e-12
3.750878630470748693e-12
3.660642214559971849e-12
3.572576652883247678e-12
3.486629720315546036e-12
3.402750448132915298e-12
3.320889093786770441e-12
3.240997111405326598e-12
3.163027123004583948e-12
3.086932890392027496e-12
3.012669287746171776e-12
2.940192274855843095e-12
2.869458871003144393e-12
2.800427129474826960e-12
2.733056112686848959e-12
2.667305867907281589e-12
2.603137403563351369e-12
2.540512666118471669e-12
2.479394517505464747e-12
2.419746713102773322e-12
2.361533880240497102e-12
2.304721497223447060e-12
2.249275872858925709e-12
2.195164126477011831e-12
2.142354168431438769e-12
2.090814681069646081e-12
2.040515100160597310e-12
1.991425596769440475e-12
1.943517059568144453e-12
1.896761077571761779e-12
1.851129923290009633e-12
1.806596536284118430e-12
1.763134507119323361e-12
1.720718061703414624e-12
1.679322046002003384e-12
1.638921911121558986e-12
1.599493698751304423e-12
1.561014026955292532e-12
1.523460076306338610e-12
1.486809576353534417e-12
1.451040792415269460e-12
1.416132512690032610e-12
1.382064035677260848e-12
1.348815157900842813e-12
1.316366161927911286e-12
1.284697804675917415e-12
1.253791306001005912e-12
1.223628337560882550e-12
1.194191011945653444e-12
1.165461872070147915e-12
1.137423880821394460e-12
1.110060410955193610e-12
1.083355235235746370e-12
1.057292516812468226e-12
1.031856799828343643e-12
1.007033000254218812e-12
9.828063969435666991e-13
9.591626229024852689e-13
9.360876567696967811e-13
9.135678145015364237e-13
8.915897412569446746e-13
8.701404034777165952e-13
8.492070811592785268e-13
8.287773603073809006e-13
8.088391255762940817e-13
7.893805530841067947e-13
7.703901034008450150e-13
7.518565147053051098e-13
7.337687961065136930e-13
7.161162211258331842e-13
6.988883213358941279e-13
6.820748801525585507e-13
6.656659267762092109e-13
6.496517302788216551e-13
6.340227938332703453e-13
6.187698490814773343e-13
6.038838506380253977e-13
5.893559707260211099e-13
5.751775939420038503e-13
5.613403121467791239e-13
5.478359194791838256e-13
5.346564074898070305e-13
5.217939603917635070e-13
5.092409504257386149e-13
4.969899333365374946e-13
4.850336439584414236e-13
4.733649919067841811e-13
4.619770573731783227e-13
4.508630870218820071e-13
4.400164899849053074e-13
4.294308339534541851e-13
4.190998413634134501e-13
4.090173856725815890e-13
3.991774877274799041e-13
3.895743122175660769e-13
3.802021642147374045e-13
3.710554857960977611e-13
3.621288527479711749e-13
3.534169713491968593e-13
3.449146752318214200e-13
3.366169223173148636e-13
3.285187918264814617e-13
3.206154813613160918e-13
3.129023040570633441e-13
3.053746858027798435e-13
2.980281625287745589e-13
2.908583775592993957e-13
2.838610790289332501e-13
2.770321173611114401e-13
2.703674428073238670e-13
2.638631030455137417e-13
2.575152408362439514e-13
2.513200917352584236e-13
2.452739818610738211e-13
2.393733257162679504e-13
2.336146240611917023e-13
2.279944618388327008e-13
2.225095061495944613e-13
2.171565042748045850e-13
2.119322817477716763e-13
2.068337404712410401e-13
2.018578568801470485e-13
1.970016801485604002e-13
1.922623304397759472e-13
1.876369971984917930e-13
1.831229374840803433e-13
1.787174743439566406e-13
1.744179952260730120e-13
1.702219504296113725e-13
1.661268515929469714e-13
1.621302702179831962e-13
1.582298362299918315e-13
1.544232365721000386e-13
1.507082138335851618e-13
1.470825649111749959e-13
1.435441397025500109e-13
1.400908398312800321e-13
1.367206174024303663e-13
1.334314737881094543e-13
1.302214584422328507e-13
1.270886677437968139e-13
1.240312438679839693e-13
1.210473736844270924e-13
1.181352876819737473e-13
1.152932589193226339e-13
