4.022495556170358963e-03
3.928991558469855164e-03
3.837661086498315478e-03
3.748453616062007079e-03
3.661319797415754640e-03
3.576211427962562670e-03
3.493081425587847393e-03
3.411883802613517851e-03
3.332573640357505869e-03
3.255107064284662368e-03
3.179441219735281050e-03
3.105534248217816165e-03
3.033345264252685497e-03
2.962834332754342870e-03
2.893962446939112813e-03
2.826691506746562346e-03
2.760984297762471545e-03
2.696804470631750279e-03
2.634116520949904023e-03
2.572885769621927835e-03
2.513078343677763952e-03
2.454661157533711245e-03
2.397601894689412906e-03
2.341868989850308912e-03
2.287431611465653210e-03
2.234259644672438854e-03
2.182323674635799383e-03
2.131594970276664679e-03
2.082045468377671966e-03
2.033647758058539957e-03
1.986375065612317088e-03
1.940201239694115372e-03
1.895100736854134389e-03
1.851048607406977466e-03
1.808020481629435579e-03
1.765992556279110531e-03
1.724941581426415495e-03
1.684844847592667288e-03
1.645680173187160636e-03
1.607425892236268375e-03
1.570060842397783766e-03
1.533564353253870013e-03
1.497916234876147572e-03
1.463096766656585106e-03
1.429086686398021088e-03
1.395867179658279861e-03
1.363419869341985381e-03
1.331726805534316207e-03
1.300770455571078179e-03
1.270533694339600912e-03
1.240999794805092843e-03
1.212152418757210743e-03
1.183975607771733853e-03
1.156453774382329523e-03
1.129571693457538575e-03
1.103314493778202558e-03
1.077667649810676006e-03
1.052616973671275042e-03
1.028148607277509525e-03
1.004249014681768198e-03
9.809049745832041766e-04
9.581035730136866014e-04
9.358321961937687448e-04
9.140785235547197862e-04
8.928305209227636397e-04
8.720764338617497530e-04
8.518047811705768517e-04
8.320043485317699713e-04
8.126641823076986111e-04
7.937735834810029931e-04
7.753221017358769398e-04
7.572995296769332967e-04
7.396958971824528538e-04
7.225014658888931785e-04
7.057067238036084751e-04
6.893023800427953377e-04
6.732793596917584092e-04
6.576287987846507824e-04
6.423420394009094663e-04
6.274106248756786651e-04
6.128262951215646820e-04
5.985809820591410715e-04
5.846668051536706937e-04
5.710760670555788685e-04
5.578012493422648474e-04
5.448350083588954142e-04
5.321701711558818890e-04
5.197997315207885391e-04
5.077168461024850199e-04
4.959148306253887513e-04
4.843871561917124729e-04
4.731274456696643116e-04
4.621294701656070017e-04
4.513871455782209529e-04
4.408945292327686631e-04
4.306458165935943467e-04
4.206353380530450706e-04
4.108575557950310789e-04
4.013070607314970324e-04
3.919785695101024548e-04
3.828669215914623134e-04
3.739670763943254961e-04
3.652741105071164915e-04
3.567832149642937638e-04
3.484896925860216858e-04
3.403889553796801064e-04
3.324765220017798068e-04
3.247480152788728681e-04
3.171991597860932075e-04
3.098257794819821707e-04
3.026237953982954788e-04
2.955892233835087039e-04
2.887181718987785056e-04
2.820068398651344259e-04
2.754515145607157214e-04
2.690485695668854392e-04
2.627944627620897749e-04
2.566857343623483154e-04
2.507190050072961147e-04
2.448909738907138907e-04
2.391984169345163266e-04
2.336381850051857468e-04
2.282072021716649807e-04
2.229024640037469661e-04
2.177210359100175113e-04
2.126600515144342252e-04
2.077167110706411854e-04
2.028882799131444476e-04
1.981720869444891645e-04
1.935655231576038882e-04
1.890660401924923418e-04
1.846711489264762072e-04
1.803784180972070562e-04
1.761854729576879956e-04
1.720899939625583901e-04
1.680897154849174705e-04
1.641824245629745608e-04
1.603659596758349613e-04
1.566382095477417754e-04
1.529971119801146466e-04
1.494406527107370003e-04
1.459668642994628961e-04
1.425738250398245503e-04
1.392596578959414495e-04
1.360225294641397335e-04
1.328606489587103631e-04
1.297722672212423434e-04
1.267556757529856475e-04
1.238092057697056704e-04
1.209312272785092432e-04
1.181201481761287570e-04
1.153744133681681696e-04
1.126925039088212704e-04
1.100729361605882984e-04
1.075142609735245299e-04
1.050150628835679918e-04
1.025739593295016834e-04
1.001895998881183864e-04
9.786066552716361343e-05
9.558586787564470934e-05
9.336394851110125278e-05
9.119367826344355757e-05
8.907385653497316242e-05
8.700331063621014819e-05
8.498089513715872153e-05
8.300549123365344093e-05
8.107600612843435630e-05
7.919137242660957926e-05
7.735054754517026545e-05
7.555251313623184033e-05
7.379627452368179143e-05
7.208086015292296939e-05
7.040532105340785907e-05
6.876873031366603089e-05
6.717018256853508733e-05
6.560879349831065033e-05
6.408369933953935208e-05
6.259405640718299221e-05
6.113904062789038700e-05
5.971784708411828765e-05
5.832968956884968350e-05
5.697380015066238720e-05
5.564942874890795412e-05
5.435584271876545424e-05
5.309232644594122130e-05
5.185818095078944471e-05
5.065272350163536110e-05
4.947528723708661061e-05
4.832522079712448269e-05
4.720188796277012371e-05
4.610466730412703297e-05
4.503295183660471123e-05
4.398614868513381430e-05
4.296367875618641036e-05
4.196497641742032657e-05
4.098948918477016899e-05
4.003667741681224120e-05
3.910601401623373840e-05
3.819698413824155369e-05
3.730908490574900808e-05
3.644182513118350504e-05
3.559472504476045486e-05
3.476731602907367959e-05
3.395914035985547725e-05
3.316975095276261383e-05
3.239871111604838126e-05
3.164559430898385416e-05
3.090998390589482598e-05
3.019147296568361211e-05
2.948966400670848206e-05
2.880416878689595622e-05
2.813460808896468547e-05
2.748061151064162447e-05
2.684181725975481420e-05
2.621787195408915600e-05
2.560843042589484969e-05
2.501315553093982108e-05
2.443171796200091050e-05
2.386379606669041998e-05
2.330907566951750313e-05
2.276724989808559337e-05
2.223801901333004023e-05
2.172109024370180803e-05
2.121617762320579775e-05
2.072300183320382728e-05
2.024129004789507292e-05
1.977077578338821173e-05
1.931119875028214730e-05
1.886230470967331904e-05
1.842384533251031301e-05
1.799557806221763702e-05
1.757726598051310808e-05
1.716867767634409650e-05
1.676958711787051703e-05
1.637977352742354153e-05
1.599902125937103747e-05
1.562711968082192528e-05
1.526386305510369463e-05
1.490905042794842022e-05
1.456248551632455284e-05
1.422397659985270809e-05
1.389333641474562170e-05
1.357038205021339430e-05
1.325493484727697619e-05
1.294682029993361529e-05
1.264586795861982434e-05
1.235191133591831457e-05
1.206478781445689819e-05
1.178433855694819206e-05
1.151040841832055431e-05
1.124284585989148330e-05
1.098150286553619254e-05
1.072623485980475608e-05
1.047690062794271322e-05
1.023336223777076129e-05
9.995484963380449968e-06
9.763137210603525212e-06
9.536190444213791034e-06
9.314519116821136423e-06
9.098000599418538590e-06
8.886515113543416147e-06
8.679945665015966204e-06
8.478177979217737701e-06
8.281100437874726691e-06
8.088604017309907764e-06
7.900582228131137341e-06
7.716931056320986280e-06
7.537548905696025705e-06
7.362336541703599883e-06
7.191197036525086432e-06
7.024035715455217599e-06
6.860760104527888442e-06
6.701279879359352108e-06
6.545506815180611247e-06
6.393354738031277949e-06
6.244739477088012290e-06
6.099578818101033285e-06
5.957792457913048161e-06
5.819301960035370229e-06
5.684030711256732551e-06
5.551903879260695923e-06
5.422848371228251884e-06
5.296792793402765283e-06
5.173667411594784587e-06
5.053404112604971539e-06
4.935936366543720222e-06
4.821199190026726774e-06
4.709129110226037812e-06
4.599664129756762090e-06
4.492743692379987325e-06
4.388308649502972732e-06
4.286301227458018082e-06
4.186664995541964129e-06
4.089344834798606983e-06
3.994286907526807977e-06
3.901438627497354105e-06
3.810748630862163716e-06
3.722166747739694698e-06
3.635643974460885905e-06
3.551132446460220887e-06
3.468585411796964236e-06
3.387957205291885526e-06
3.309203223265211473e-06
3.232279898861770563e-06
3.157144677949733983e-06
3.083755995579573140e-06
3.012073252990266949e-06
2.942056795149978025e-06
2.873667888818817107e-06
2.806868701121530209e-06
2.741622278618293248e-06
2.677892526861988595e-06
2.615644190430691260e-06
2.554842833424292282e-06
2.495454820414505403e-06
2.437447297837675874e-06
2.380788175820127075e-06
2.325446110425972848e-06
2.271390486317607261e-06
2.218591399819227458e-06
2.167019642374068447e-06
2.116646684386166271e-06
2.067444659437741335e-06
2.019386348873432972e-06
1.972445166742892044e-06
1.926595145093374766e-06
1.881810919604230992e-06
1.838067715555305182e-06
1.795341334121518102e-06
1.753608138986023549e-06
1.712845043264559895e-06
1.673029496733736962e-06
1.634139473356210906e-06
1.596153459095830882e-06
1.559050440016043686e-06
1.522809890654935550e-06
1.487411762670510687e-06
1.452836473749904045e-06
1.419064896776416474e-06
1.386078349248350564e-06
1.353858582943816380e-06
1.322387773825781360e-06
1.291648512181774386e-06
1.261623792992800999e-06
1.232297006526141273e-06
1.203651929146798451e-06
1.175672714342569919e-06
1.148343883957711065e-06
1.121650319630395676e-06
1.095577254429215747e-06
1.070110264684073651e-06
1.045235262006986301e-06
1.020938485498367497e-06
9.972064941344582297e-07
9.740261593317407026e-07
9.513846576841685677e-07
9.292694638692394180e-07
9.076683437189664877e-07
8.865693474519037149e-07
8.659608030625081275e-07
8.458313098641690405e-07
8.261697321823163505e-07
8.069651931941489632e-07
7.882070689115589050e-07
7.698849823039114799e-07
7.519887975574624285e-07
7.345086144681968584e-07
7.174347629650211447e-07
7.007577977602647306e-07
6.844684931245211754e-07
6.685578377829607161e-07
6.530170299302790040e-07
6.378374723615130671e-07
6.230107677160603665e-07
6.085287138322343820e-07
5.943832992098167930e-07
5.805666985780828370e-07
5.670712685668399561e-07
5.538895434781046520e-07
5.410142311560654439e-07
5.284382089530427175e-07
5.161545197892331204e-07
5.041563683040332547e-07
4.924371170968356704e-07
4.809902830552088021e-07
4.698095337684213509e-07
4.588886840243431370e-07
4.482216923877759410e-07
4.378026578583144924e-07
4.276258166059079075e-07
4.176855387822920391e-07
4.079763254065493855e-07
3.984928053230639521e-07
3.892297322301831945e-07
3.801819817779565036e-07
3.713445487333363194e-07
3.627125442112690889e-07
3.542811929701599356e-07
3.460458307701949549e-07
3.380019017930771566e-07
3.301449561217401761e-07
3.224706472786425717e-07
3.149747298212893092e-07
3.076530569936467272e-07
3.005015784321450701e-07
2.935163379250139214e-07
2.866934712236945982e-07
2.800292039051315931e-07
2.735198492837565253e-07
2.671618063720028461e-07
2.609515578882346422e-07
2.548856683109808775e-07
2.489607819783947356e-07
2.431736212318989656e-07
2.375209846029756713e-07
2.319997450421088014e-07
2.266068481888958812e-07
2.213393106823672612e-07
2.161942185105862529e-07
2.111687253986134517e-07
2.062600512339390337e-07
2.014654805285223063e-07
1.967823609165757588e-07
1.922081016872724406e-07
1.877401723515605491e-07
1.833761012422900782e-07
1.791134741468827884e-07
1.749499329717861101e-07
1.708831744379688457e-07
1.669109488067454677e-07
1.630310586352140131e-07
1.592413575606274845e-07
1.555397491130225356e-07
1.519241855554466599e-07
1.483926667511468888e-07
1.449432390570910758e-07
1.415739942432073516e-07
1.382830684367481375e-07
1.350686410911930739e-07
1.319289339791171853e-07
1.288622102084743432e-07
1.258667732617431815e-07
1.229409660574112823e-07
1.200831700332750130e-07
1.172918042510465029e-07
1.145653245217762308e-07
1.119022225516052621e-07
1.093010251073727470e-07
1.067602932016221262e-07
1.042786212965490590e-07
1.018546365264558427e-07
9.948699793827992730e-08
9.717439574977508636e-08
9.491555062493776837e-08
9.270921296627659248e-08
9.055416222353129014e-08
8.844920621846336907e-08
8.639318048533959781e-08
8.438494762674781891e-08
8.242339668438698117e-08
8.050744252448188390e-08
7.863602523748560680e-08
7.680810955173586794e-08
7.502268426073981094e-08
7.327876166377362083e-08
7.157537701948369844e-08
6.991158801219031154e-08
6.828647423059702284e-08
6.669913665861672583e-08
6.514869717803448949e-08
6.363429808273129113e-08
6.215510160419847332e-08
6.071028944808350801e-08
5.929906234150720066e-08
5.792063959090473614e-08
5.657425865014476136e-08
5.525917469868678771e-08
5.397466022954534907e-08
5.272000464683202457e-08
5.149451387265169612e-08
5.029750996313814600e-08
4.912833073341347061e-08
4.798632939126648098e-08
4.687087417934618641e-08
4.578134802567194393e-08
4.471714820226826846e-08
4.367768599173481289e-08
4.266238636156619687e-08
4.167068764604354243e-08
4.070204123551934992e-08
3.975591127292585772e-08
3.883177435733804158e-08
3.792911925442681668e-08
3.704744661364341865e-08
3.618626869197791824e-08
3.534510908413835173e-08
3.452350245900296400e-08
3.372099430219765130e-08
3.293714066465792341e-08
3.217150791703561808e-08
3.142367250981392275e-08
3.069322073899916192e-08
2.997974851725911225e-08
2.928286115038072093e-08
2.860217311892493045e-08
2.793730786495620665e-08
2.728789758373012797e-08
2.665358302022324024e-08
2.603401327039217111e-08
2.542884558705300149e-08
2.483774519027297338e-08
2.426038508216930020e-08
2.369644586601362100e-08
2.314561556954083831e-08
2.260758947236557609e-08
2.208206993741039092e-08
2.156876624625213915e-08
2.106739443829608270e-08
2.057767715368846074e-08
2.009934347988025980e-08
1.963212880175798187e-08
1.917577465525814322e-08
1.873002858438423507e-08
1.829464400154781545e-08
1.786938005115558351e-08
1.745400147636767238e-08
1.704827848895321729e-08
1.665198664217086027e-08
1.626490670660449334e-08
1.588682454888519023e-08
1.551753101323201760e-08
1.515682180574688108e-08
1.480449738139854551e-08
1.446036283363403220e-08
1.412422778655599342e-08
1.379590628960626533e-08
1.347521671469772842e-08
1.316198165573736007e-08
1.285602783048468934e-08
1.255718598469190701e-08
1.226529079847192712e-08
1.198018079484317422e-08
1.170169825040026948e-08
1.142968910806101132e-08
1.116400289184176165e-08
1.090449262361389826e-08
1.065101474179510066e-08
1.040342902193094364e-08
1.016159849912234284e-08
9.925389392256353249e-09
9.694671029998253636e-09
9.469315778503805996e-09
9.249198970812023388e-09
9.034198837879211366e-09
8.824196441215974579e-09
8.619075607090365793e-09
8.418722862260215583e-09
8.223027371199576864e-09
8.031880874784347448e-09
7.845177630403007339e-09
7.662814353459659826e-09
7.484690160236833410e-09
7.310706512086307332e-09
7.140767160917462524e-09
6.974778095952549836e-09
6.812647491719788553e-09
6.654285657255376145e-09
6.499604986486194114e-09
6.348519909766007278e-09
6.200946846538189584e-09
6.056804159098730820e-09
5.916012107434183570e-09
5.778492805109258516e-09
5.644170176179931800e-09
5.512969913108115902e-09
5.384819435654522880e-09
5.259647850727166893e-09
5.137385913163200244e-09
5.017965987422283440e-09
4.901322010170552489e-09
4.787389453734189600e-09
4.676105290402615071e-09
4.567407957561462931e-09
4.461237323635972726e-09
4.357534654826110610e-09
4.256242582614942178e-09
4.157305072032202180e-09
4.060667390655702716e-09
3.966276078333195899e-09
3.874078917608144882e-09
3.784024904832934911e-09
3.696064221953525089e-09
3.610148208950020850e-09
3.526229336917877153e-09
3.444261181774775705e-09
3.364198398578757225e-09
3.285996696443325000e-09
3.209612814035600331e-09
3.135004495644117577e-09
3.062130467802841903e-09
2.990950416458624840e-09
2.921424964669408707e-09
2.853515650820793274e-09
2.787184907349013977e-09
2.722396039958505071e-09
2.659113207322513098e-09
2.597301401255641711e-09
2.536926427347222951e-09
2.477954886044920043e-09
2.420354154178039541e-09
2.364092366910305734e-09
2.309138400112186016e-09
2.255461853142973814e-09
2.203033032033063582e-09
2.151822933057227432e-09
2.101803226689664585e-09
2.052946241932069569e-09
2.005224951005989924e-09
1.958612954400987805e-09
1.913084466270387409e-09
1.868614300166508922e-09
1.825177855107449270e-09
1.782751101967801270e-09
1.741310570185669284e-09
1.700833334778721201e-09
1.661297003662051529e-09
1.622679705260818374e-09
1.584960076410856311e-09
1.548117250540539967e-09
1.512130846127336921e-09
1.476980955422732323e-09
1.442648133439204112e-09
1.409113387193227612e-09
1.376358165198327290e-09
1.344364347202343274e-09
1.313114234163280106e-09
1.282590538458171052e-09
1.252776374319513016e-09
1.223655248494047412e-09
1.195211051118644086e-09
1.167428046808300413e-09
1.140290865951303226e-09
1.113784496206715604e-09
1.087894274199528607e-09
1.062605877408859175e-09
1.037905316244690206e-09
1.013778926308817750e-09
9.902133608356657401e-10
9.671955833088360708e-10
9.447128602492872761e-10
9.227527541711386729e-10
9.013031167012343453e-10
8.803520818586450849e-10
8.598880594903723259e-10
8.398997288596671107e-10
8.203760323833647119e-10
8.013061695148134853e-10
7.826795907689954499e-10
7.644859918865227377e-10
7.467153081333047958e-10
7.293577087327232015e-10
7.124035914272164027e-10
6.958435771663037717e-10
6.796685049180671918e-10
6.638694266012546029e-10
6.484376021351874045e-10
6.333644946047240293e-10
6.186417655376257807e-10
6.042612702917003952e-10
5.902150535491633079e-10
5.764953449157489347e-10
5.630945546221055261e-10
5.500052693251240879e-10
5.372202480068652065e-10
5.247324179688079952e-10
5.125348709192223111e-10
5.006208591514918580e-10
4.889837918112634590e-10
4.776172312503772949e-10
4.665148894655494478e-10
4.556706246198304083e-10
4.450784376449367732e-10
4.347324689225452417e-10
4.246269950427505701e-10
4.147564256378581719e-10
4.051153002897846785e-10
3.956982855093382197e-10
3.865001717857308877e-10
3.775158707046627684e-10
3.687404121333969002e-10
3.601689414712811244e-10
3.517967169641688116e-10
3.436191070812678907e-10
3.356315879529766637e-10
3.278297408682662848e-10
3.202092498302381286e-10
3.127658991685127568e-10
3.054955712071096247e-10
2.983942439865369995e-10
2.914579890388435130e-10
2.846829692143770333e-10
2.780654365590685037e-10
2.716017302410524518e-10
2.652882745254937758e-10
2.591215767964810040e-10
2.530982256249020077e-10
2.472148888812402222e-10
2.414683118922312931e-10
2.358553156403690738e-10
2.303727950052721838e-10
2.250177170459226984e-10
2.197871193228348885e-10
2.146781082592330746e-10
2.096878575403165464e-10
2.048136065497347894e-10
2.000526588424135761e-10
1.954023806528733876e-10
1.908601994382265810e-10
1.864236024550391241e-10
1.820901353692800715e-10
1.778574008985771225e-10
1.737230574860335397e-10
1.696848180048781474e-10
1.657404484932204905e-10
1.618877669182169691e-10
1.581246419689695829e-10
1.544489918774790483e-10
1.508587832670047365e-10
1.473520300272002925e-10
1.439267922153917800e-10
1.405811749833961656e-10
1.373133275292906467e-10
1.341214420735434554e-10
1.310037528589477418e-10
1.279585351737993362e-10
1.249841043977856846e-10
1.220788150700493000e-10
1.192410599789142465e-10
1.164692692727762204e-10
1.137619095916562749e-10
1.111174832189418232e-10
1.085345272528494886e-10
1.060116127971436852e-10
1.035473441706673149e-10
1.011403581352506337e-10
9.878932314156397991e-11
9.649293859250115963e-11
9.424993412368867721e-11
9.205906890071634367e-11
8.991913093270591735e-11
8.782893640183413276e-11
8.578732900844431001e-11
8.379317933137817788e-11
8.184538420317703106e-11
7.994286609980913534e-11
7.808457254458043684e-11
7.626947552590164515e-11
7.449657092859180404e-11
7.276487797839909686e-11
7.107343869943378617e-11
6.942131738421572239e-11
6.780760007603828738e-11
6.623139406336511469e-11
6.469182738598182179e-11
6.318804835262509301e-11
6.171922506982488074e-11
6.028454498170061045e-11
5.888321442045277936e-11
5.751445816730491590e-11
5.617751902365012380e-11
5.487165739216865521e-11
5.359615086768057248e-11
5.235029383750926789e-11
5.113339709113632206e-11
4.994478743892827820e-11
4.878380733972637882e-11
4.764981453709452468e-11
4.654218170402130389e-11
4.546029609588090898e-11
4.440355921146268383e-11
4.337138646187854484e-11
4.236320684716685247e-11
4.137846264041505726e-11
4.041660907922343805e-11
3.947711406434184034e-11
3.855945786531070857e-11
3.766313283294611396e-11
3.678764311850676016e-11
3.593250439938911130e-11
3.509724361120002434e-11
3.428139868605616449e-11
3.348451829696682342e-11
3.270616160815969424e-11
3.194589803120924731e-11
3.120330698683412378e-11
3.047797767223249038e-11
2.976950883382479673e-11
2.907750854527922141e-11
2.840159399069788815e-11
2.774139125284196268e-11
2.709653510628010260e-11
2.646666881534465885e-11
2.585144393678539694e-11
2.525052012700971830e-11
2.466356495380367050e-11
2.409025371243032941e-11
2.353026924600224946e-11
2.298330177002939560e-11
2.244904870104629382e-11
2.192721448922199494e-11
2.141751045486111543e-11
2.091965462870613494e-11
2.043337159595122749e-11
1.995839234388203879e-11
1.949445411305776768e-11
1.904130025195184797e-11
1.859868007497196685e-11
1.816634872378003633e-11
1.774406703183650826e-11
1.733160139209274806e-11
1.692872362775899859e-11
1.653521086607691584e-11
1.615084541502572670e-11
1.577541464289441230e-11
1.540871086065379121e-11
1.505053120706236990e-11
1.470067753644292993e-11
1.435895630906831757e-11
1.402517848409469427e-11
1.369915941498364294e-11
1.338071874735565347e-11
1.306968031921755868e-11
1.276587206350926333e-11
1.246912591291617915e-11
1.217927770689388000e-11
1.189616710085425758e-11
1.161963747746241905e-11
1.134953585999593179e-11
1.108571282771766155e-11
1.082802243321583040e-11
1.057632212166585904e-11
1.033047265196863454e-11
1.009033801972196536e-11
9.855785381982900109e-12
9.626684983778643251e-12
9.402910086325748880e-12
9.184336896918190245e-12
8.970844500444894270e-12
8.762314792499162551e-12
8.558632414043287220e-12
8.359684687591579616e-12
8.165361554877020077e-12
7.975555515966708121e-12
7.790161569792852907e-12
7.609077156065898495e-12
7.432202098537895438e-12
7.259438549584962112e-12
7.090690936077712300e-12
6.925865906509937582e-12
6.764872279356530199e-12
6.607620992631604595e-12
6.454025054619166862e-12
6.303999495749271012e-12
6.157461321592618748e-12
6.014329466947811519e-12
5.874524750996058955e-12
5.737969833498110640e-12
5.604589172009522346e-12
5.474308980090356540e-12
5.347057186486496177e-12
5.222763395259628036e-12
5.101358846844020537e-12
4.982776380008707277e-12
4.866950394703709360e-12
4.753816815769909394e-12
4.643313057492653764e-12
4.535377988979162167e-12
4.429951900340749144e-12
4.326976469661297760e-12
4.226394730733413422e-12
4.128151041544563146e-12
4.032191053495894084e-12
3.938461681336429189e-12
3.846911073796226459e-12
3.757488584902104354e-12
3.670144745960274319e-12
3.584831238190120754e-12
3.501500865994120027e-12
3.420107530849221343e-12
3.340606205805017090e-12
3.262952910574710478e-12
3.187104687205207754e-12
3.113019576312658240e-12
3.040656593870410864e-12
2.969975708536637384e-12
2.900937819508880969e-12
2.833504734893389808e-12
2.767639150577346241e-12
2.703304629592120884e-12
2.640465581956287873e-12
2.579087244987143818e-12
2.519135664069978329e-12
2.460577673874287838e-12
2.403380880006626075e-12
2.347513641090013578e-12
2.292945051259839501e-12
2.239644923066656313e-12
2.187583770776471139e-12
2.136732794059156857e-12
2.087063862056029388e-12
2.038549497817851648e-12
1.991162863104505658e-12
1.944877743538006088e-12
1.899668534100698129e-12
1.855510224970491872e-12
1.812378387685359216e-12
1.770249161629502241e-12
1.729099240833587081e-12
1.688905861081850493e-12
1.649646787318865527e-12
1.611300301349104500e-12
1.573845189822370813e-12
1.537260732498517127e-12
1.501526690785001866e-12
1.466623296540843115e-12
1.432531241140830279e-12
1.399231664793985739e-12
1.366706146110277013e-12
1.334936691909852590e-12
1.303905727269210674e-12
1.273596085798701232e-12
1.243991000146033936e-12
1.215074092720573053e-12
1.186829366633203960e-12
1.159241196846833450e-12
1.132294321532570234e-12
1.105973833626878824e-12
1.080265172584948905e-12
1.055154116325762389e-12
1.030626773364435301e-12
1.006669575127407774e-12
9.832692684462739523e-13
9.604129082261245936e-13
9.380878502842840286e-13
9.162817443555143901e-13
8.949825272598456526e-13
8.741784162291902195e-13
8.538579023890834604e-13
8.340097443919717746e-13
8.146229621984640002e-13
7.956868310031587874e-13
7.771908753016497509e-13
7.591248630954740958e-13
7.414788002317417380e-13
7.242429248743426862e-13
7.074077021036972014e-13
6.909638186420111261e-13
6.749021777011453913e-13
6.592138939502701009e-13
6.438902886004749075e-13
6.289228846036392634e-13
6.143034019629268177e-13
6.000237531522685336e-13
5.860760386423202675e-13
5.724525425304420468e-13
5.591457282722365872e-13
5.461482345123221204e-13
5.334528710120090461e-13
5.210526146716578666e-13
5.089406056454802090e-13
4.971101435466540965e-13
4.855546837406677464e-13
4.742678337248095021e-13
4.632433495918179407e-13
4.524751325757506235e-13
4.419572256781297551e-13
4.316838103725143492e-13
4.216492033856897971e-13
4.118478535536650769e-13
4.022743387507540267e-13
3.929233628900536536e-13
3.837897529936326038e-13
3.748684563308327867e-13
3.661545376230836108e-13
3.576431763137041200e-13
3.493296639011580225e-13
3.412094013342974843e-13
3.332778964681670053e-13
3.255307615789358149e-13
3.179637109365976055e-13
3.105725584341033806e-13
3.033532152715950130e-13
2.963016876944703179e-13
2.894140747840369002e-13
2.826865662995126434e-13
2.761154405701907846e-13
2.696970624366099877e-13
2.634278812395743719e-13
2.573044288559188882e-13
2.513233177799430518e-13
