3.945457882599703696e-03
3.854914865285995283e-03
3.766449689943537904e-03
3.680014672859268417e-03
3.595563224597995988e-03
3.513049824890178158e-03
3.432429998095989834e-03
3.353660289232460092e-03
3.276698240550750957e-03
3.201502368650961054e-03
3.128032142122108995e-03
3.056247959695257074e-03
2.986111128897981325e-03
2.917583845198701894e-03
2.850629171629620595e-03
2.785211018877282226e-03
2.721294125830036464e-03
2.658844040571903961e-03
2.597827101812611762e-03
2.538210420743783509e-03
2.479961863311506629e-03
2.423050032895717777e-03
2.367444253387079346e-03
2.313114552652211550e-03
2.260031646378382695e-03
2.208166922288935449e-03
2.157492424720955891e-03
2.107980839556856077e-03
2.059605479501763325e-03
2.012340269698772912e-03
1.966159733674306947e-03
1.921038979606014057e-03
1.876953686905799600e-03
1.833880093110758659e-03
1.791794981074945224e-03
1.750675666455069664e-03
1.710499985483388561e-03
1.671246283021186061e-03
1.632893400886413103e-03
1.595420666449191794e-03
1.558807881489040342e-03
1.523035311307804679e-03
1.488083674092438189e-03
1.453934130521890647e-03
1.420568273612503622e-03
1.387968118796441708e-03
1.356116094227811410e-03
1.324995031311240095e-03
1.294588155447812337e-03
1.264879076993375004e-03
1.235851782424335875e-03
1.207490625706197657e-03
1.179780319860170099e-03
1.152705928723320433e-03
1.126252858897812577e-03
1.100406851884906103e-03
1.075153976399465970e-03
1.050480620860844410e-03
1.026373486056088519e-03
1.002819577971515328e-03
9.798062007887959127e-04
9.573209500417660710e-04
9.353517059302830436e-04
9.138866267875173262e-04
8.929141426971619984e-04
8.724229492571211261e-04
8.524020014863099241e-04
8.328405078712872904e-04
8.137279245495105014e-04
7.950539496260756837e-04
7.768085176208828222e-04
7.589817940432279147e-04
7.415641700909062070e-04
7.245462574709580312e-04
7.079188833392769222e-04
6.916730853563429413e-04
6.758001068564227455e-04
6.602913921276296538e-04
6.451385818002989799e-04
6.303335083411960253e-04
6.158681916511234578e-04
6.017348347635605036e-04
5.879258196420103976e-04
5.744337030737940155e-04
5.612512126580763939e-04
5.483712428859605558e-04
5.357868513105403007e-04
5.234912548048433010e-04
5.114778259056507095e-04
4.997400892412211118e-04
4.882717180409924698e-04
4.770665307253823726e-04
4.661184875738489828e-04
4.554216874694133350e-04
4.449703647178924874e-04
4.347588859401258811e-04
4.247817470355209511e-04
4.150335702152827422e-04
4.055091011037250249e-04
3.962032059061039902e-04
3.871108686414451486e-04
3.782271884388744990e-04
3.695473768959943580e-04
3.610667554978810542e-04
3.527807530953138869e-04
3.446849034408738647e-04
3.367748427815880322e-04
3.290463075068170954e-04
3.214951318501222755e-04
3.141172456438708462e-04
3.069086721253702762e-04
2.998655257933494143e-04
2.929840103136298183e-04
2.862604164728592784e-04
2.796911201792050099e-04
2.732725805089273002e-04
2.670013377977825848e-04
2.608740117762261765e-04
2.548872997474089966e-04
2.490379748069872137e-04
2.433228841037853518e-04
2.377389471403741389e-04
2.322831541126481921e-04
2.269525642875082859e-04
2.217443044177730633e-04
2.166555671934675457e-04
2.116836097286513296e-04
2.068257520829727756e-04
2.020793758171513801e-04
1.974419225816096009e-04
1.929108927374944377e-04
1.884838440093440268e-04
1.841583901686740833e-04
1.799321997477741999e-04
1.758029947830207370e-04
1.717685495870293006e-04
1.678266895489843879e-04
1.639752899625000434e-04
1.602122748803792450e-04
1.565356159956556796e-04
1.529433315483134373e-04
1.494334852570964722e-04
1.460041852758315218e-04
1.426535831737015946e-04
1.393798729389218532e-04
1.361812900052786646e-04
1.330561103010090437e-04
1.300026493195067655e-04
1.270192612113543837e-04
1.241043378971923392e-04
1.212563082009463237e-04
1.184736370029457143e-04
1.157548244124771448e-04
1.130984049593265230e-04
1.105029468038746886e-04
1.079670509653195618e-04
1.054893505676101983e-04
1.030685101026851045e-04
1.007032247106188745e-04
9.839221947628801700e-05
9.613424874217750191e-05
9.392809543695759811e-05
9.177257041946876824e-05
8.966651183776153762e-05
8.760878450284525967e-05
8.559827927680863167e-05
8.363391247498210587e-05
8.171462528181964579e-05
7.983938318018555819e-05
7.800717539373817563e-05
7.621701434211017388e-05
7.446793510859170558e-05
7.275899492002967344e-05
7.108927263866257856e-05
6.945786826561674916e-05
6.786390245579715472e-05
6.630651604391072664e-05
6.478486958136634095e-05
6.329814288380320776e-05
6.184553458900185182e-05
6.042626172494127378e-05
5.903955928776839600e-05
5.768467982945219165e-05
5.636089305490107600e-05
5.506748542832582490e-05
5.380375978863553052e-05
5.256903497366043315e-05
5.136264545299755522e-05
5.018394096928261230e-05
4.903228618769415597e-05
4.790706035350074854e-05
4.680765695746760748e-05
4.573348340894108842e-05
4.468396071643584722e-05
4.365852317555214392e-05
4.265661806405456616e-05
4.167770534394893222e-05
4.072125737039553582e-05
3.978675860730283148e-05
3.887370534944784072e-05
3.798160545097320522e-05
3.710997806011536679e-05
3.625835336001989194e-05
3.542627231550503450e-05
3.461328642563681849e-05
3.381895748198178269e-05
3.304285733240802154e-05
3.228456765030622040e-05
3.154367970910705230e-05
3.081979416197308541e-05
3.011252082654621349e-05
2.942147847463525006e-05
2.874629462672949288e-05
2.808660535122821882e-05
2.744205506827756367e-05
2.681229635810890774e-05
2.619698977377578830e-05
2.559580365818834216e-05
2.500841396534623983e-05
2.443450408567450494e-05
2.387376467536724288e-05
2.332589348964800237e-05
2.279059521985649651e-05
2.226758133427382574e-05
2.175656992260084890e-05
2.125728554400524634e-05
2.076945907865589228e-05
2.029282758266436290e-05
1.982713414635509767e-05
1.937212775578839750e-05
1.892756315746097558e-05
1.849320072611165643e-05
1.806880633556074716e-05
1.765415123251329562e-05
1.724901191325866253e-05
1.685317000319943432e-05
1.646641213914509897e-05
1.608852985430700146e-05
1.571931946593230141e-05
1.535858196551681071e-05
1.500612291153712560e-05
1.466175232464450591e-05
1.432528458526393480e-05
1.399653833354302074e-05
1.367533637159711765e-05
1.336150556799760689e-05
1.305487676445217343e-05
1.275528468462663541e-05
1.246256784505908737e-05
1.217656846811860323e-05
1.189713239696126654e-05
1.162410901243794938e-05
1.135735115190894537e-05
1.109671502992161100e-05
1.084206016070843997e-05
1.059324928246369665e-05
1.035014828335771402e-05
1.011262612924920110e-05
9.880554793056317228e-06
9.653809185748680961e-06
9.432267088923020624e-06
9.215809088926028790e-06
9.004318512489146856e-06
8.797681363840320962e-06
8.595786263259032597e-06
8.398524387041418838e-06
8.205789408843030687e-06
8.017477442367811367e-06
7.833486985372171193e-06
7.653718864954184219e-06
7.478076184098299476e-06
7.306464269446731246e-06
7.138790620269516157e-06
6.974964858605550977e-06
6.814898680547879592e-06
6.658505808646930485e-06
6.505701945405962553e-06
6.356404727843831722e-06
6.210533683100383124e-06
6.068010185060702789e-06
5.928757411974784657e-06
5.792700305049715094e-06
5.659765527992193639e-06
5.529881427479413717e-06
5.402977994537145295e-06
5.278986826804133321e-06
5.157841091662432349e-06
5.039475490213901671e-06
4.923826222083383424e-06
4.810830951029559652e-06
4.700428771345062799e-06
4.592560175027587794e-06
4.487167019704437390e-06
4.384192497293139982e-06
4.283581103381239058e-06
4.185278607308828619e-06
4.089232022937596935e-06
3.995389580090721255e-06
3.903700696648175425e-06
3.814115951282380866e-06
3.726587056819592131e-06
3.641066834212545483e-06
3.557509187110440609e-06
3.475869077012503473e-06
3.396102498991712460e-06
3.318166457975676955e-06
3.242018945571795150e-06
3.167618917424271895e-06
3.094926271090763722e-06
3.023901824426695618e-06
2.954507294465673550e-06
2.886705276784518007e-06
2.820459225341874924e-06
2.755733432779500151e-06
2.692493011175577444e-06
2.630703873239761608e-06
2.570332713939731554e-06
2.511346992549418385e-06
2.453714915109194308e-06
2.397405417288562708e-06
2.342388147642154843e-06
2.288633451249947880e-06
2.236112353732941304e-06
2.184796545635648559e-06
2.134658367166975959e-06
2.085670793291290851e-06
2.037807419161635607e-06
1.991042445887206656e-06
1.945350666627480756e-06
1.900707453005434672e-06
1.857088741832582460e-06
1.814471022138653016e-06
1.772831322498905481e-06
1.732147198652287588e-06
1.692396721403719359e-06
1.653558464804017257e-06
1.615611494601074292e-06
1.578535356956054492e-06
1.542310067418558396e-06
1.506916100154771644e-06
1.472334377422828416e-06
1.438546259289699941e-06
1.405533533584054540e-06
1.373278406079704173e-06
1.341763490904311353e-06
1.310971801168212816e-06
1.280886739808301049e-06
1.251492090642019743e-06
1.222772009626655269e-06
1.194711016319232863e-06
1.167293985532380664e-06
1.140506139181678254e-06
1.114333038320117953e-06
1.088760575355345447e-06
1.063774966445504725e-06
1.039362744069605686e-06
1.015510749768373427e-06
9.922061270516953687e-07
9.694363144688229958e-07
9.471890388376219391e-07
9.254523086291837757e-07
9.042144075042544037e-07
8.834638879980065804e-07
8.631895653497242330e-07
8.433805114740871725e-07
8.240260490708213930e-07
8.051157458695090419e-07
7.866394090064818487e-07
7.685870795307479537e-07
7.509490270360162134e-07
7.337157444158936021e-07
7.168779427394461014e-07
7.004265462443690550e-07
6.843526874450464264e-07
6.686477023528744261e-07
6.533031258062816234e-07
6.383106869079099495e-07
6.236623045665051715e-07
6.093500831411261945e-07
5.953663081853018157e-07
5.817034422888603303e-07
5.683541210151781394e-07
5.553111489316722872e-07
5.425674957313792137e-07
5.301162924435383547e-07
5.179508277311464370e-07
5.060645442734688610e-07
4.944510352315686760e-07
4.831040407949546308e-07
4.720174448074695272e-07
4.611852714706165484e-07
4.506016821225335713e-07
4.402609720908946077e-07
4.301575676180256758e-07
4.202860228565848147e-07
4.106410169341948173e-07
4.012173510854312812e-07
3.920099458496281371e-07
3.830138383329962718e-07
3.742241795335656847e-07
3.656362317275209097e-07
3.572453659155125113e-07
3.490470593275790779e-07
3.410368929853216014e-07
3.332105493200236954e-07
3.255638098454370956e-07
3.180925528839693585e-07
3.107927513450518073e-07
3.036604705544965316e-07
2.966918661336608836e-07
2.898831819272856634e-07
2.832307479788838285e-07
2.767309785525961598e-07
2.703803702004379941e-07
2.641754998739006785e-07
2.581130230788930000e-07
2.521896720730204456e-07
2.464022541042342929e-07
2.407476496899054009e-07
2.352228109353870999e-07
2.298247598911648007e-07
2.245505869477106916e-07
2.193974492671700767e-07
2.143625692510411071e-07
2.094432330430165712e-07
2.046367890661876940e-07
1.999406465938133375e-07
1.953522743528886191e-07
1.908691991597625575e-07
1.864890045870636973e-07
1.822093296612177576e-07
1.780278675898587146e-07
1.739423645184406836e-07
1.699506183153859432e-07
1.660504773851102969e-07
1.622398395082909197e-07
1.585166507087459150e-07
1.548789041463174400e-07
1.513246390351642560e-07
1.478519395868753899e-07
1.444589339778383711e-07
1.411437933403067891e-07
1.379047307766193528e-07
1.347400003960426432e-07
1.316478963737156565e-07
1.286267520311926546e-07
1.256749389380842035e-07
1.227908660343144639e-07
1.199729787725234935e-07
1.172197582801481889e-07
1.145297205407324636e-07
1.119014155940272240e-07
1.093334267544449410e-07
1.068243698474498523e-07
1.043728924634736346e-07
1.019776732289508550e-07
9.963742109408426333e-08
9.735087463695396869e-08
9.511680138359796488e-08
9.293399714369448671e-08
9.080128536148951660e-08
8.871751648162116559e-08
8.668156732949605389e-08
8.469234050588521731e-08
8.274876379541471568e-08
8.084978958862895172e-08
7.899439431731786400e-08
7.718157790280168586e-08
7.541036321687827787e-08
7.367979555513972199e-08
7.198894212237567896e-08
7.033689152978713776e-08
6.872275330373734937e-08
6.714565740577627948e-08
6.560475376368093627e-08
6.409921181325648430e-08
6.262822005065317974e-08
6.119098559495629320e-08
5.978673376081517304e-08
5.841470764087889867e-08
5.707416769781443092e-08
5.576439136568848660e-08
5.448467266049607847e-08
5.323432179962701312e-08
5.201266483006602636e-08
5.081904326512424116e-08
4.965281372950732892e-08
4.851334761252956017e-08
4.740003072928531294e-08
4.631226298959678685e-08
4.524945807455832567e-08
4.421104312050457999e-08
4.319645841023031076e-08
4.220515707129639783e-08
4.123660478125995888e-08
4.029027947966839045e-08
3.936567108666277403e-08
3.846228122803956413e-08
3.757962296662111023e-08
3.671722053979118883e-08
3.587460910305343608e-08
3.505133447947537567e-08
3.424695291488180847e-08
3.346103083866620126e-08
3.269314463009168265e-08
3.194288038995452523e-08
3.120983371748776395e-08
3.049360949238501619e-08
2.979382166182596517e-08
2.911009303238977275e-08
2.844205506674338897e-08
2.778934768499614960e-08
2.715161907061255574e-08
2.652852548077910004e-08
2.591973106112337658e-08
2.532490766468466408e-08
2.474373467503896430e-08
2.417589883348342919e-08
2.362109407018631839e-08
2.307902133921182484e-08
2.254938845733124009e-08
2.203190994653278505e-08
2.152630688014585597e-08
2.103230673249631595e-08
2.054964323201233387e-08
2.007805621770094802e-08
1.961729149891826764e-08
1.916710071835814163e-08
1.872724121818466612e-08
1.829747590923683092e-08
1.787757314323502754e-08
1.746730658791991253e-08
1.706645510505685939e-08
1.667480263123989398e-08
1.629213806143126854e-08
1.591825513517343117e-08
1.555295232541224909e-08
1.519603272987186234e-08
1.484730396492207585e-08
1.450657806188136668e-08
1.417367136569984206e-08
1.384840443596700999e-08
1.353060195019145777e-08
1.322009260929998170e-08
1.291670904530563077e-08
1.262028773109442124e-08
1.233066889228234206e-08
1.204769642109531974e-08
1.177121779222532274e-08
1.150108398061746934e-08
1.123714938114397584e-08
1.097927173012130968e-08
1.072731202862851013e-08
1.048113446758515211e-08
1.024060635454885472e-08
1.000559804219252226e-08
9.775982858422943256e-09
9.551637038103226423e-09
9.332439656341961472e-09
9.118272563313317456e-09
8.909020320573060896e-09
8.704570138835910857e-09
8.504811817180801341e-09
8.309637683651474937e-09
8.118942537220013703e-09
7.932623591082357477e-09
7.750580417255025269e-09
7.572714892443382000e-09
7.398931145152064997e-09
7.229135504009131772e-09
7.063236447276236733e-09
6.901144553517348792e-09
6.742772453399574000e-09
6.588034782600185015e-09
6.436848135794249542e-09
6.289131021698259875e-09
6.144803819145380747e-09
6.003788734168821061e-09
5.866009758069985652e-09
5.731392626448911900e-09
5.599864779174996454e-09
5.471355321276246474e-09
5.345794984726065678e-09
5.223116091107090060e-09
5.103252515131714726e-09
4.986139648999859852e-09
4.871714367574601547e-09
4.759914994357085011e-09
4.650681268242168803e-09
4.543954311037003431e-09
4.439676595725075864e-09
4.337791915458482350e-09
4.238245353261791621e-09
4.140983252431232822e-09
4.045953187613107080e-09
3.953103936545918861e-09
3.862385452451055822e-09
3.773748837056983119e-09
3.687146314242550976e-09
3.602531204285104874e-09
3.519857898699634477e-09
3.439081835655275197e-09
3.360159475955967199e-09
3.283048279572381889e-09
3.207706682712353328e-09
3.134094075417516867e-09
3.062170779674122007e-09
2.991898028026122159e-09
2.923237942679092683e-09
2.856153515083660168e-09
2.790608585987512148e-09
2.726567825945144172e-09
2.663996716274879143e-09
2.602861530452945323e-09
2.543129315934490789e-09
2.484767876391777741e-09
2.427745754360037066e-09
2.372032214281523090e-09
2.317597225938715045e-09
2.264411448267681228e-09
2.212446213542941967e-09
2.161673511925236989e-09
2.112065976363896429e-09
2.063596867845721111e-09
2.016240060982344307e-09
1.969970029928348686e-09
1.924761834622569362e-09
1.880591107345116466e-09
1.837434039582891837e-09
1.795267369196555350e-09
1.754068367881960718e-09
1.713814828919352335e-09
1.674485055203685854e-09
1.636057847549663935e-09
1.598512493265130675e-09
1.561828754986692638e-09
1.525986859771571688e-09
1.490967488439760201e-09
1.456751765160760137e-09
1.423321247279317340e-09
1.390657915374613505e-09
1.358744163547604691e-09
1.327562789931234547e-09
1.297096987418452678e-09
1.267330334602988202e-09
1.238246786928024820e-09
1.209830668038017166e-09
1.182066661328956068e-09
1.154939801692541487e-09
1.128435467449835638e-09
1.102539372470006686e-09
1.077237558469950974e-09
1.052516387490613038e-09
1.028362534545987419e-09
1.004762980440797095e-09
9.817050047529961085e-10
9.591761789773327578e-10
9.371643598262402509e-10
9.156576826844660178e-10
8.946445552139215710e-10
8.741136511052767895e-10
8.540539039729565109e-10
8.344545013902293607e-10
8.153048790611993167e-10
7.965947151265269426e-10
7.783139245998297517e-10
7.604526539317696861e-10
7.430012756988768466e-10
7.259503834142567353e-10
7.092907864573981684e-10
6.930135051203213497e-10
6.771097657674126145e-10
6.615709961063447721e-10
6.463888205675106213e-10
6.315550557895008133e-10
6.170617062081762626e-10
6.029009597469768165e-10
5.890651836061223640e-10
5.755469201484448745e-10
5.623388828796459980e-10
5.494339525207919215e-10
5.368251731709407199e-10
5.245057485578397301e-10
5.124690383746552921e-10
5.007085547007756803e-10
4.892179585047460384e-10
4.779910562274653732e-10
4.670217964437867248e-10
4.563042666007288928e-10
4.458326898305501277e-10
4.356014218369491889e-10
4.256049478527243653e-10
4.158378796672604977e-10
4.062949527222140447e-10
3.969710232738621844e-10
3.878610656205717622e-10
3.789601693938820462e-10
3.702635369117654091e-10
3.617664805926277778e-10
3.534644204286416642e-10
3.453528815170753094e-10
3.374274916482740322e-10
3.296839789489828041e-10
3.221181695797635415e-10
3.147259854852518683e-10
3.075034421960336183e-10
3.004466466809747555e-10
2.935517952488375570e-10
2.868151714980420692e-10
2.802331443134880398e-10
2.738021659093462237e-10
2.675187699167553073e-10
2.613795695154184981e-10
2.553812556080630615e-10
2.495205950368029158e-10
2.437944288404331729e-10
2.381996705517097121e-10
2.327333045337117702e-10
2.273923843543822778e-10
2.221740311983635210e-10
2.170754323152860827e-10
2.120938395036674711e-10
2.072265676295961481e-10
2.024709931794171012e-10
1.978245528456306814e-10
1.932847421452372906e-10
1.888491140697951655e-10
1.845152777664578335e-10
1.802808972492735571e-10
1.761436901400652486e-10
1.721014264382048892e-10
1.681519273186141423e-10
1.642930639573583162e-10
1.605227563841823228e-10
1.568389723613854895e-10
1.532397262884243756e-10
1.497230781316487743e-10
1.462871323786036344e-10
1.429300370163283189e-10
1.396499825330979812e-10
1.364452009430779991e-10
1.333139648333617361e-10
1.302545864328724683e-10
1.272654167026378249e-10
1.243448444469406116e-10
1.214912954448636431e-10
1.187032316017686468e-10
1.159791501202475011e-10
1.133175826900949062e-10
1.107170946968743557e-10
1.081762844486461514e-10
1.056937824204374210e-10
1.032682505160541708e-10
1.008983813468336750e-10
9.858289752694485844e-11
9.632055098486597918e-11
9.411012229065781709e-11
9.195041999867832037e-11
8.984028000538127856e-11
8.777856492184948629e-11
8.576416346073049137e-11
8.379598983724130227e-11
8.187298318391644295e-11
7.999410697878951127e-11
7.815834848669722122e-11
7.636471821340215956e-11
7.461224937224515748e-11
7.289999736303749257e-11
7.122703926290913348e-11
6.959247332884394801e-11
6.799541851163092139e-11
6.643501398096728128e-11
6.491041866146224783e-11
6.342081077928861431e-11
6.196538741923627910e-11
6.054336409193255128e-11
5.915397431099445241e-11
5.779646917988240603e-11
5.647011698823844447e-11
5.517420281748472216e-11
5.390802815547504891e-11
5.267091051998969481e-11
5.146218309086868144e-11
5.028119435058892617e-11
4.912730773308959224e-11
4.799990128065475308e-11
4.689836730867191464e-11
4.582211207808367935e-11
4.477055547535480478e-11
4.374313069978507847e-11
4.273928395799790703e-11
4.175847416543853718e-11
4.080017265472404638e-11
3.986386289068604546e-11
3.894904019195172037e-11
3.805521145891531609e-11
3.718189490795244939e-11
3.632861981173236492e-11
3.549492624549175939e-11
3.468036483912931420e-11
3.388449653499061037e-11
3.310689235121149673e-11
3.234713315049142719e-11
3.160480941417409216e-11
3.087952102151272757e-11
3.017087703399981137e-11
2.947849548464729385e-11
2.880200317210239972e-11
2.814103545948732947e-11
2.749523607785626358e-11
2.686425693416271753e-11
2.624775792363292616e-11
2.564540674644589856e-11
2.505687872862039408e-11
2.448185664701146080e-11
2.392003055832394731e-11
2.337109763204985224e-11
2.283476198723879982e-11
2.231073453301519755e-11
2.179873281275524172e-11
2.129848085183913958e-11
2.080970900889831508e-11
2.033215383047519020e-11
1.986555790901908265e-11
1.940966974414085585e-11
1.896424360705102208e-11
1.852903940810938553e-11
1.810382256741425433e-11
1.768836388836087549e-11
1.728243943410211703e-11
1.688583040684420506e-11
1.649832302991188092e-11
1.611970843252063291e-11
1.574978253719314973e-11
1.538834594975896212e-11
1.503520385187894661e-11
1.469016589603622992e-11
1.435304610293642805e-11
1.402366276126292516e-11
1.370183832973257892e-11
1.338739934139870752e-11
1.308017631015062733e-11
1.278000363935889067e-11
1.248671953261653293e-11
1.220016590652938668e-11
1.192018830550704515e-11
1.164663581850973468e-11
1.137936099770569165e-11
1.111821977899490767e-11
1.086307140435709883e-11
1.061377834598167401e-11
1.037020623213849673e-11
1.013222377475014135e-11
9.899702698626262077e-12
9.672517672321628695e-12
9.450546240581190634e-12
9.233668758335431036e-12
9.021768326210152796e-12
8.814730727516496235e-12
8.612444366686996105e-12
8.414800209124114131e-12
8.221691722429491075e-12
8.033014818981884487e-12
7.848667799832567679e-12
7.668551299888713529e-12
7.492568234354289931e-12
7.320623746400373421e-12
7.152625156036333571e-12
6.988481910154132361e-12
6.828105533719274400e-12
6.671409582081848553e-12
6.518309594381757464e-12
6.368723048023443134e-12
6.222569314195363430e-12
6.079769614410030950e-12
5.940246978041594537e-12
5.803926200837883995e-12
5.670733804384354700e-12
5.540597996498466612e-12
5.413448632532963530e-12
5.289217177567003104e-12
5.167836669465138247e-12
5.049241682784032661e-12
4.933368293507309363e-12
4.820154044589854415e-12
4.709537912292822105e-12
4.601460273291042655e-12
4.495862872535520614e-12
4.392688791853204826e-12
4.291882419267503323e-12
4.193389419022861393e-12
4.097156702297087019e-12
4.003132398585939085e-12
3.911265827744383897e-12
3.821507472669354502e-12
3.733808952609520189e-12
3.648122997087565447e-12
3.564403420420794365e-12
3.482605096826580387e-12
3.402683936099098191e-12
3.324596859844141558e-12
3.248301778259426865e-12
3.173757567447756808e-12
3.100924047250710535e-12
3.029761959591130245e-12
2.960232947312609224e-12
2.892299533504487259e-12
2.825925101301459899e-12
2.761073874146609599e-12
2.697710896507475370e-12
2.635802015034662027e-12
2.575313860152742602e-12
2.516213828073722403e-12
2.458470063223255305e-12
2.402051441070083524e-12
2.346927551349597450e-12
2.293068681672388277e-12
2.240445801508889528e-12
2.189030546541625641e-12
2.138795203376550645e-12
2.089712694605176040e-12
2.041756564209567868e-12
1.994900963302282458e-12
1.949120636193483614e-12
1.904390906777868503e-12
1.860687665233991549e-12
1.817987355028761630e-12
1.776266960220231189e-12
1.735503993051764354e-12
1.695676481830843044e-12
1.656762959086130085e-12
1.618742449996220362e-12
1.581594461083997129e-12
1.545298969170437871e-12
1.509836410581862576e-12
1.475187670604915330e-12
1.441334073183534607e-12
1.408257370852321729e-12
1.375939734900968972e-12
1.344363745764401764e-12
1.313512383633409344e-12
1.283369019280793936e-12
1.253917405098044863e-12
1.225141666337671048e-12
1.197026292556548094e-12
1.169556129255630490e-12
1.142716369711482277e-12
1.116492546995300836e-12
1.090870526175094349e-12
1.065836496696771787e-12
1.041376964940112948e-12
1.017478746945567640e-12
9.941289613079296757e-13
9.713150222331451725e-13
9.490246327544040196e-13
9.272457781039501098e-13
9.059667192369966787e-13
8.851759865042308270e-13
8.648623734695555906e-13
8.450149308697051980e-13
8.256229607124517543e-13
8.066760105102779969e-13
7.881638676463791586e-13
7.700765538699308855e-13
7.524043199177108112e-13
7.351376402591443228e-13
7.182672079619224043e-13
7.017839296754690873e-13
6.856789207295322089e-13
6.699435003452324638e-13
6.545691869560340761e-13
6.395476936360936528e-13
6.248709236334989114e-13
6.105309660060464004e-13
5.965200913571415977e-13
5.828307476695740035e-13
5.694555562349023771e-13
5.563873076762362577e-13
5.436189580623079534e-13
5.311436251107213047e-13
5.189545844783131076e-13
5.070452661366629467e-13
4.954092508307807240e-13
4.840402666190460018e-13
4.729321854925666823e-13
4.620790200721196943e-13
4.514749203808762991e-13
4.411141706912052965e-13
4.309911864438365110e-13
4.211005112377118193e-13
4.114368138889294370e-13
4.019948855571804690e-13
3.927696369381174693e-13
3.837560955201672574e-13
3.749494029042959457e-13
3.663448121852683624e-13
3.579376853930238256e-13
3.497234909927497821e-13
3.416978014423379717e-13
3.338562908058938406e-13
