1.894409680756172637e-02
1.515567536161334210e-02
1.250346864892437106e-02
1.075731567537388349e-02
9.477785019827962912e-03
8.476662620533204073e-03
7.661433108868746095e-03
6.961433312601236073e-03
6.369268634167073867e-03
5.860036191188383592e-03
5.423953892717800311e-03
5.030912794415631599e-03
4.685754202310064842e-03
4.385228472628756140e-03
4.121609411504800757e-03
3.878980396379771208e-03
3.661751658087566193e-03
3.460439542353788232e-03
3.271068209501864013e-03
3.104145946383388751e-03
2.944671336237044117e-03
2.796713065704328413e-03
2.662953748878943688e-03
2.537656769713788913e-03
2.416116776665029869e-03
2.305376875214770922e-03
2.198387327954840799e-03
2.094096974603777608e-03
2.001717560467271197e-03
1.916832222785357477e-03
1.835902829001819598e-03
1.759794845468272287e-03
1.687006140930763379e-03
1.622779252944475453e-03
1.559547153868089163e-03
1.499501695266421564e-03
1.444151640319489994e-03
1.388516412551719795e-03
1.335663277768641376e-03
1.286716347438443932e-03
1.241383816814222579e-03
1.198372460313105190e-03
1.154664751575056872e-03
1.114365852834938060e-03
1.076553926369573774e-03
1.041182548696501734e-03
1.006815907822430391e-03
9.726946482128014364e-04
9.405364387187118130e-04
9.113228043979314024e-04
8.821788053008440848e-04
8.562313945675741923e-04
8.279992853045634472e-04
8.014914768187156834e-04
7.770727250436614648e-04
7.550812582087675215e-04
7.322044292440609481e-04
7.107998878660089269e-04
6.894616657486170872e-04
6.682262384852484310e-04
6.507444813752422683e-04
6.320623456472879934e-04
6.149818200642753968e-04
5.970988314272755596e-04
5.805621237816759516e-04
5.644001199588060758e-04
5.492760125652668786e-04
5.334787646760276751e-04
5.201950167658067224e-04
5.066625716281102521e-04
4.925763606639019503e-04
4.798198508759289409e-04
4.672722467590352644e-04
4.548672290525608477e-04
4.429131823185751874e-04
4.311448295144378290e-04
4.202618388401130464e-04
4.098032914340129693e-04
3.996796562942464938e-04
3.901694743155860456e-04
3.807388754497177501e-04
3.716000813307539599e-04
3.618047265312550461e-04
3.528847859724696485e-04
3.443660769406779254e-04
3.360164820235695131e-04
3.277288956151782695e-04
3.200869272093132597e-04
3.125656598578496759e-04
3.049933266756778131e-04
2.983882599102337060e-04
2.919028994102810864e-04
2.850153125944249080e-04
2.785173514349468886e-04
2.718386702901700431e-04
2.657704579397695177e-04
2.596926292965733539e-04
2.544345067151361560e-04
2.482963275447392791e-04
2.432166037744777718e-04
2.376789455093582097e-04
2.327302022789004738e-04
2.272217244884713568e-04
2.220740234760332395e-04
2.179111634843978616e-04
2.132194073889980576e-04
2.091351357212448939e-04
2.043853502727674854e-04
1.999704770906236785e-04
1.965162383991415874e-04
1.922078076303572426e-04
1.883052507368128165e-04
1.845250528791862721e-04
1.806520080566356040e-04
1.768847424548377722e-04
1.738443359498748368e-04
1.709279464623462931e-04
1.669796292789463765e-04
1.631573186908006744e-04
1.600489349436611019e-04
1.565469463845037517e-04
1.533384205537674169e-04
1.503189046159123768e-04
1.481940355043623195e-04
1.450518289342860848e-04
1.420296602260046775e-04
1.393682682957142699e-04
1.368007181192579247e-04
1.339095299507802347e-04
1.314739551030375453e-04
1.293580390916765821e-04
1.268733879910453823e-04
1.245770835906889057e-04
1.220552937040880645e-04
1.195146028281990694e-04
1.176788856931270961e-04
1.150947557015057326e-04
1.130859452961108707e-04
1.109116683353690038e-04
1.090278697363184586e-04
1.073705514124221894e-04
1.054250759009577341e-04
1.032693683332007082e-04
1.015410884003981219e-04
9.984198894228598080e-05
9.822413057848248868e-05
9.654393210965848786e-05
9.476723911657401690e-05
9.288344051752345817e-05
9.140651058262271597e-05
9.004431296866395856e-05
8.851631720305492385e-05
8.715710395582587351e-05
8.581513371636845353e-05
8.440419144582451212e-05
8.286657938741975762e-05
8.146094265772863181e-05
7.989713449136312572e-05
7.860954604564700460e-05
7.715151710003438916e-05
7.577539244133700775e-05
7.454881771542818465e-05
7.361238975490737052e-05
7.251580077989238044e-05
7.140163720080244716e-05
7.012764420352165075e-05
6.883043946500980983e-05
6.785322515918302156e-05
6.665848367839106493e-05
6.570414951749200833e-05
6.460656575356710685e-05
6.370860296422915835e-05
6.241007184050412031e-05
6.159699770481111291e-05
6.081840958466136623e-05
5.961902575562319934e-05
5.873930076296677904e-05
5.789671455628002047e-05
5.707103976106159298e-05
5.595687618197167326e-05
5.530263667555963792e-05
5.447762507294781576e-05
5.359159975052868203e-05
5.275763504772774541e-05
5.180263769422209025e-05
5.113082358373513206e-05
5.023120281288068038e-05
4.941580750306457124e-05
4.870154906575513572e-05
4.794252512750012791e-05
4.716493179626027907e-05
4.657104281704895675e-05
4.587734335054415794e-05
4.508549137826238582e-05
4.446739586891012116e-05
4.377237001719211845e-05
4.313006797769891143e-05
4.250235617555092696e-05
4.197080730136010658e-05
4.143295809740657953e-05
4.074589055696779344e-05
4.025214366135324012e-05
3.955844419484844132e-05
3.896588160085031613e-05
3.842073727822417780e-05
3.791140535635449731e-05
3.735432356680953067e-05
3.691993240948578575e-05
3.656578755756077168e-05
3.584058644224241924e-05
3.537668321392491638e-05
3.487597279594105106e-05
3.458184687491344396e-05
3.414480294716329124e-05
3.367426779277977566e-05
3.318615803432133044e-05
3.270822828237421786e-05
3.217720996226868175e-05
3.168664639116581372e-05
3.125218891458139811e-05
3.080247800804516138e-05
3.053842787172691829e-05
3.019227449071144940e-05
2.964832391477719052e-05
2.921091523109340318e-05
2.894759460664241918e-05
2.853628255202838755e-05
2.819271562217866593e-05
2.793118561776550279e-05
2.737158369631545620e-05
2.694886472886788730e-05
2.663209078032484852e-05
2.610611272402947909e-05
2.583851450726591946e-05
2.553417542009665114e-05
2.519438868810455623e-05
2.489170758245179109e-05
2.463601367297672104e-05
2.429851495547739930e-05
2.401287789981428292e-05
2.374176476223573533e-05
2.331049061016301179e-05
2.301802267065190447e-05
2.266918335957970261e-05
2.241574430496707376e-05
2.221841134487290411e-05
2.188402963262460712e-05
2.152089852088015002e-05
2.121025910394817166e-05
2.105832167777585106e-05
2.080087030789328533e-05
2.052342368092169574e-05
2.028500593884858462e-05
2.010027363827983506e-05
1.981894733455962965e-05
1.961342394577393321e-05
1.933150076870778639e-05
1.911098922701290757e-05
1.886365154438100718e-05
1.867348106443813112e-05
1.846414431816447940e-05
1.826913253219341148e-05
1.801536188127748336e-05
1.783447609782702105e-05
1.762918482645363478e-05
1.729171926858464161e-05
1.712313570798663207e-05
1.691801023476489883e-05
1.670363322468107703e-05
1.649237321984828338e-05
1.632050685584759606e-05
1.614641879661479271e-05
1.596483666092739988e-05
1.571358614191655510e-05
1.559994808877545049e-05
1.556098552313763255e-05
1.535930865147022335e-05
1.518273361996267031e-05
1.499587910305279723e-05
1.479121786465568264e-05
1.460409807070316912e-05
1.438972106061934902e-05
1.425966899046486564e-05
1.401064016668613519e-05
1.388924276004779557e-05
1.372049340129813300e-05
1.357359623893597909e-05
1.349069716311083706e-05
1.324505062162577181e-05
1.313678442859813486e-05
1.297456751702349421e-05
1.283085367917302559e-05
1.269582766446903268e-05
1.259419339750740675e-05
1.241533035150707886e-05
1.226697416541040167e-05
1.212372456238455509e-05
1.198604577725415777e-05
1.187864173461510099e-05
1.176642954557818769e-05
1.161542058905510610e-05
1.147684649390579665e-05
1.137245997762677721e-05
1.125756185853312924e-05
1.100939518514297895e-05
1.088517920992658528e-05
1.079458709986486877e-05
1.076951841933534456e-05
1.056057958862565434e-05
1.044584726768365601e-05
1.032355455102640426e-05
1.029706000639268874e-05
1.010380568082911481e-05
9.963938360096933429e-06
9.939499712543680901e-06
9.800063467005791295e-06
9.791707240162616558e-06
9.701745163077170035e-06
9.599845619072905364e-06
9.477685540936972992e-06
9.372834789833333203e-06
9.262645338246552635e-06
9.144762852423197585e-06
9.112730649524363071e-06
9.021641145007695944e-06
8.949585268300481726e-06
8.802654946307997546e-06
8.656222018770463980e-06
8.555383582936759379e-06
8.457032119377809546e-06
8.444265661700738114e-06
8.307880102153212732e-06
8.206245835191586807e-06
8.142910941261176873e-06
8.039883969825689904e-06
7.924952691101711666e-06
7.875478522649265195e-06
7.864436365749355782e-06
7.760116168730996875e-06
7.691077818383816614e-06
7.619917251695513672e-06
7.506080240772427464e-06
7.447221896936575606e-06
7.386108698238280000e-06
7.308879919199576337e-06
7.245180269335536855e-06
7.175312928230105851e-06
7.067809406700059959e-06
7.043602876559118452e-06
6.955663536923806350e-06
6.844943531251744900e-06
6.820670681850143707e-06
6.742878189095828894e-06
6.668998532720461009e-06
6.571210782877122325e-06
6.465332083233249346e-06
6.424612057187939120e-06
6.381637176280185146e-06
6.334152585647542829e-06
6.330770303353876783e-06
6.242267250002954380e-06
6.140334546368357747e-06
6.045000609169443566e-06
5.971684666509686830e-06
5.934313763127712382e-06
5.926156494066517553e-06
5.866369680581424999e-06
5.854465373292933729e-06
5.814872774678845801e-06
5.780784674699546598e-06
5.706208666087248191e-06
5.601590032395916882e-06
5.537625105489236960e-06
5.483707546572563527e-06
5.423224380850538756e-06
5.415266069571325528e-06
5.321954869822544073e-06
5.281864876753504683e-06
5.230401130481255752e-06
5.182253347242013179e-06
5.109832714601167720e-06
5.071069106745330534e-06
5.019870637515722044e-06
4.981703903005826274e-06
4.924072465492186667e-06
4.923276634364265344e-06
4.882788725731265292e-06
4.865777835371945958e-06
4.814081971687386853e-06
4.751874505188199216e-06
4.725081523881512987e-06
4.681145013694187203e-06
4.633395146018904445e-06
4.603352520939872390e-06
4.549003886828908876e-06
4.558288583321325156e-06
4.500690305438014969e-06
4.431055081744894986e-06
4.408174936817155684e-06
4.384167364458194085e-06
4.345138479559716458e-06
4.343546817303873812e-06
4.284622154207362268e-06
4.240884601802016391e-06
4.174034787056621038e-06
4.138321865191148923e-06
4.108942432718718818e-06
4.038146621964046271e-06
4.035062776343350933e-06
3.979321437758524680e-06
3.938634571343544721e-06
3.902291616501801770e-06
3.876825020408317746e-06
3.849534644646680054e-06
3.841112098542845631e-06
3.791273174156769612e-06
3.789449394488616793e-06
3.784840205872738496e-06
3.764513352480413650e-06
3.722267983439920465e-06
3.697928814777658314e-06
3.675048669849919012e-06
3.621960101691497169e-06
3.594736045190520011e-06
3.546322984908636574e-06
3.536574053591599946e-06
3.466275637291878437e-06
3.449795301017839985e-06
3.427545189066371518e-06
3.378468936177886556e-06
3.354328725297604736e-06
3.322827076484050680e-06
3.305686863566444236e-06
3.239782098285455137e-06
3.225079118197107638e-06
3.223295130085350461e-06
3.183652792025766709e-06
3.160991500658205983e-06
3.122658967996659725e-06
3.115440116473806197e-06
3.090573709689295852e-06
3.065070638002449296e-06
3.065087217817614430e-06
2.999318407020978238e-06
2.981455314162176805e-06
2.950570434472761562e-06
2.927209474905235932e-06
2.920779822584237503e-06
2.864242652871489927e-06
2.844287187338862122e-06
2.834030913677775121e-06
2.800629218046308377e-06
2.801352097987503791e-06
2.779645803973447805e-06
2.772722073160531873e-06
2.739781296390653213e-06
2.714881729975813448e-06
2.699101061901738629e-06
2.670305238923117494e-06
2.628670007080697324e-06
2.598730176855688758e-06
2.576486696830286090e-06
2.559797454885167973e-06
2.539361174712753839e-06
2.524625034994076498e-06
2.510658198699056435e-06
2.492214812309478720e-06
2.454963283596692047e-06
2.431851021256642148e-06
2.432179301596910011e-06
2.395935825646157438e-06
2.384827349485588338e-06
2.368738296849443901e-06
2.366287800168052933e-06
2.358836831232889231e-06
2.293585310669402323e-06
2.286727899117146501e-06
2.290607575865763161e-06
2.266218667758006034e-06
2.233238099431731308e-06
2.211581544863170722e-06
2.226115410836835045e-06
2.205934459817962018e-06
2.208978513882261290e-06
2.170277909324051526e-06
2.161285017578539731e-06
2.136087014490729259e-06
2.102599103820404584e-06
2.076240513671041970e-06
2.069515740640106369e-06
2.073425261056020185e-06
2.083658322975875406e-06
2.065709015078215618e-06
2.037781974414241292e-06
2.015011256266591278e-06
2.007818932448001793e-06
1.995470286113088420e-06
1.947259499576218002e-06
1.952923164436591840e-06
1.939655996341535834e-06
1.932612890859431703e-06
1.919186556538791433e-06
1.882933132698939949e-06
1.875031192791287285e-06
1.865517694849593731e-06
1.855898086090844212e-06
1.834828456979125707e-06
1.814445232215239662e-06
1.799075743557258162e-06
1.789237281238330067e-06
1.768350030093426972e-06
1.761598729358227326e-06
1.729304565379784635e-06
1.687947874432136927e-06
1.674004249878347797e-06
1.663306953133871381e-06
1.679011354058186544e-06
1.655318798187360574e-06
1.648627184786755239e-06
1.661784926101721745e-06
1.646630975040885498e-06
1.626920890772699677e-06
1.606438187117823254e-06
1.597955953679394731e-06
1.582851742064053672e-06
1.557544312196153700e-06
1.555664161156439681e-06
1.537469471994337061e-06
1.522444843491788135e-06
1.522066823706025506e-06
1.496202312048580820e-06
1.489484170943711230e-06
1.471584602491546418e-06
1.463513548469210367e-06
1.469157317551385960e-06
1.445073478042665552e-06
1.433232174051801916e-06
1.429170119336369846e-06
1.408806790350681834e-06
1.425996742713783466e-06
1.406425928892983876e-06
1.402483248846740005e-06
1.384878801104512578e-06
1.380548153383407168e-06
1.356288567833937150e-06
1.354779804653919536e-06
1.343445843007105850e-06
1.334973557457776238e-06
1.331946083208641888e-06
1.337361050841540418e-06
1.330954610261773346e-06
1.322402741599651601e-06
1.304128469324757061e-06
1.322250207300133348e-06
1.280429281527865080e-06
1.263544397763799955e-06
1.269131795474414560e-06
1.263978788921123572e-06
1.252512188752989665e-06
1.229270603854652868e-06
1.221488038616188191e-06
1.219962695621005443e-06
1.226286237124947696e-06
1.205647683207519908e-06
1.176848544265865238e-06
1.172119980980798955e-06
1.157470056300979545e-06
1.158859444811809172e-06
1.157665698119926976e-06
1.148881712045494846e-06
1.140850449579555073e-06
1.135209996460412168e-06
1.122582809230726332e-06
1.111921988079613082e-06
1.092228483626591971e-06
1.093084002089107393e-06
1.074803097888146842e-06
1.070565297131965586e-06
1.068675198203152232e-06
1.061479558421529848e-06
1.063227070939923859e-06
1.055918688415179287e-06
1.057951373754411772e-06
1.043848582975038377e-06
1.037747210994307812e-06
1.013132817400306310e-06
1.011806432187104105e-06
1.006126187511565134e-06
1.009747219143607365e-06
1.001397624226499063e-06
9.958864936656434784e-07
9.868670742158678511e-07
9.783815248144062170e-07
9.588571344760684930e-07
9.737391765681982887e-07
9.677240196263258668e-07
9.559821945264526084e-07
9.379068800335382930e-07
9.377477138079540285e-07
9.283005351269207960e-07
9.191318973406599206e-07
9.205511295187863855e-07
9.105203413439440771e-07
9.135279198148802880e-07
9.101257417430163153e-07
8.969713163910824971e-07
8.801229082203805387e-07
8.787202558574191014e-07
8.811342769454472198e-07
8.724597176511042716e-07
8.571797599950138144e-07
8.646672045235407895e-07
8.515558866910361488e-07
8.528822719042384594e-07
8.488036373736413623e-07
8.297169541556604717e-07
8.260229713368920139e-07
8.207472741513799270e-07
8.229457576422626872e-07
8.215364733532353447e-07
8.003872611287248140e-07
7.911987275642657997e-07
7.853029452915816821e-07
7.756667567176670296e-07
7.689452996497644336e-07
7.713195291813964860e-07
7.859197144157207073e-07
7.867851807673352518e-07
7.798083945458911255e-07
7.687264460895859640e-07
7.739291920883720355e-07
7.616269692359207397e-07
7.617993993136371322e-07
7.496563426867701010e-07
7.546269712732456808e-07
7.505417048165826785e-07
7.443541177969938641e-07
7.234668666520908748e-07
7.256222426235445633e-07
7.163275982420295843e-07
7.180950065386216280e-07
7.121196411531452722e-07
7.180220553518954009e-07
7.082731240348585609e-07
7.161186925709501312e-07
7.043967632492749059e-07
7.210495296010296449e-07
6.931523326043524742e-07
6.928970034508110498e-07
6.876279381913649739e-07
6.806146763765578930e-07
6.771627588591988376e-07
6.691812358387540413e-07
6.665019377080853760e-07
6.810391196447825985e-07
6.765890972544888840e-07
6.666445241185046130e-07
6.608681165150087997e-07
6.536824246224853262e-07
6.446928488400067485e-07
6.402328785606140175e-07
6.304905791696431886e-07
6.228472843785649545e-07
6.194650020848991207e-07
6.169548180689138424e-07
6.187255423285388916e-07
6.081177765859535182e-07
5.974901150651702176e-07
5.963030002993541385e-07
5.946184910785872326e-07
5.976393334016554656e-07
6.007032832441527703e-07
5.911665735612283890e-07
5.948671883060626460e-07
5.906061758086503516e-07
5.869420366571789434e-07
5.830258843151993281e-07
5.756180228994643795e-07
5.679747281083862513e-07
5.634020150858712270e-07
5.574598093307251381e-07
5.629576760394485943e-07
5.494550745690491974e-07
5.545483937877459811e-07
5.482712757662661238e-07
5.506455052978983879e-07
5.515607110950079091e-07
5.535834485451413772e-07
5.463844928004859876e-07
5.433636504774176487e-07
5.524792328551504359e-07
5.350140555603092406e-07
5.286109309435751738e-07
5.167762588787777611e-07
5.305408214287845934e-07
5.310183201055373871e-07
5.314825549301581588e-07
5.272348062848777805e-07
5.311012191813625249e-07
5.139875339680199139e-07
5.083470808488772207e-07
5.004318770890925346e-07
4.920590704307530879e-07
5.015261448899844594e-07
4.911140209663464112e-07
4.910211740014222569e-07
4.933522960136253434e-07
4.964129298930895367e-07
4.810931806806031193e-07
4.745673654316478486e-07
4.662708259230675287e-07
4.694077269522909546e-07
4.742821926108093745e-07
4.694873100650830869e-07
4.627724849232464490e-07
4.518099111361295388e-07
4.490443979666027302e-07
4.667814842301503775e-07
4.515247383152910648e-07
4.472504619657466425e-07
4.424787911612513933e-07
4.446805906151672120e-07
4.348686560005032673e-07
4.537829091407679242e-07
4.509643405627130804e-07
4.360889303966494015e-07
4.298714997097636434e-07
4.364835299975770574e-07
4.413712595082274995e-07
4.357407542781838228e-07
4.252192035744565927e-07
4.409003927575406639e-07
4.333698407095847230e-07
4.288137075022347793e-07
4.285219027553302942e-07
4.234683750930295766e-07
4.234517952778645491e-07
4.150159853218979977e-07
4.264626897118337655e-07
4.180666713122632803e-07
4.170387227720315187e-07
4.237303361726370120e-07
4.125024853428796080e-07
4.007971358363694102e-07
3.954252757229001105e-07
3.978989841455223811e-07
3.974712249142646701e-07
4.074091661241828242e-07
4.036057565253252904e-07
3.926730264055053769e-07
3.871585798816168402e-07
3.893073239270045706e-07
3.846483958656315089e-07
3.826787138240261291e-07
3.864124881991906000e-07
3.847412428305557162e-07
3.874205409612243286e-07
3.839221999614032489e-07
3.765010746935364371e-07
3.797241907616180063e-07
3.749160443637596965e-07
3.707876703876675697e-07
3.653030675310760826e-07
3.776086063465603839e-07
3.623750721729320568e-07
3.563101757855645523e-07
3.588004640233518504e-07
3.508521006332371622e-07
3.584158123115231581e-07
3.586280339456355638e-07
3.659032568400501332e-07
3.579217338196053369e-07
3.493864449726486201e-07
3.497213572389821768e-07
3.472443328533269007e-07
3.476953038258156503e-07
3.433314964743801321e-07
3.347729958861923238e-07
3.295387482385928058e-07
3.252478920738833559e-07
3.232911422881067610e-07
3.237261966380370630e-07
3.226040747476679343e-07
3.247004265771341565e-07
3.189774059784695625e-07
3.168319778961148376e-07
3.142694016642079980e-07
3.141012823384346398e-07
3.254614400932089744e-07
3.123206101897105741e-07
3.104586969466778204e-07
3.121034146110486601e-07
3.044843263501113874e-07
3.042926636868037006e-07
3.058445343862503860e-07
3.036175336132837361e-07
3.056478977783931380e-07
3.006106183349541050e-07
3.029632941068717274e-07
3.059483240291834797e-07
3.014406038821154587e-07
3.020736212251162745e-07
2.905516444743312497e-07
2.867996323024852484e-07
2.818485678979044117e-07
2.777331261776409640e-07
2.819341197441559751e-07
2.809515998974763678e-07
2.756858506010632445e-07
2.828383828632566629e-07
2.860853738651758506e-07
2.745352114286103319e-07
2.826669475744502461e-07
2.831122814097829076e-07
2.736475281246746717e-07
2.696769939889535966e-07
2.647229452176430444e-07
2.614630219598950716e-07
2.578778027286093217e-07
2.520254595716575127e-07
2.551079788071396377e-07
2.555377276162171414e-07
2.525400970343799999e-07
2.543967047365599025e-07
2.480214342093030926e-07
2.461502362697779552e-07
2.393170312476630418e-07
2.404305316341463667e-07
2.377807455744714876e-07
2.368300589729087491e-07
2.379946251901003431e-07
2.468220503802649142e-07
2.420125775971933917e-07
2.386667708968906185e-07
2.385338007792671081e-07
2.341557347867896450e-07
2.358064211846198894e-07
2.385231896975614587e-07
2.354234274543076998e-07
2.346637403234460947e-07
2.335392972589538568e-07
2.323050958180691206e-07
2.333532717328022582e-07
2.368831143814368373e-07
2.364792300840167448e-07
2.368456439991638803e-07
2.326900791262011029e-07
2.318653991198925474e-07
2.305870953706688697e-07
2.270486312181484604e-07
2.225860081683293568e-07
2.231510482691535330e-07
2.243809389580953144e-07
2.206229580527899350e-07
2.227892767022525629e-07
2.163907944337647144e-07
2.173706615100179225e-07
2.166308701573543505e-07
2.170470235179965952e-07
2.150133433898541348e-07
2.168245223984819095e-07
2.178017367043086655e-07
2.126649783698794937e-07
2.150355603421752770e-07
2.117985172293551058e-07
2.054441372692061989e-07
2.109738372230465768e-07
2.042480694032010525e-07
2.047394951246925012e-07
2.052103618753793368e-07
2.071074243265619118e-07
2.048253785672473545e-07
2.065907972860195790e-07
2.005481178509732695e-07
2.006223954229125771e-07
1.950177547045263117e-07
1.993696245890430207e-07
1.960470296299712861e-07
1.956772997517911450e-07
2.001903254397119378e-07
1.971807573909559341e-07
1.910919860697508375e-07
1.863969140113180051e-07
1.838164315790329517e-07
1.915986652211941008e-07
1.887512477647520773e-07
1.899197931375832832e-07
1.906917493316670404e-07
1.921839326965196266e-07
1.866684913837211936e-07
1.849564596697803472e-07
1.795892419045572394e-07
1.778831789240757977e-07
1.772713837444862543e-07
1.779594460738349509e-07
1.791681145993655129e-07
1.758246290731858489e-07
1.717091873529224541e-07
1.773764997726325343e-07
1.755215500519691081e-07
1.742077654982922396e-07
1.714256725136004564e-07
1.704686855822750233e-07
1.702272834734721744e-07
1.682937454289265387e-07
1.681322580292191650e-07
1.748424408228095581e-07
1.704574113079627940e-07
1.698267151390850874e-07
1.649907146517495208e-07
1.708397418456683507e-07
1.651508756662437082e-07
1.704086666513776077e-07
1.704421578780109528e-07
1.706212198817932504e-07
1.684953559813332950e-07
1.649817615515604271e-07
1.633178113015981342e-07
1.670936984072817540e-07
1.663525806694049957e-07
1.649913778443561272e-07
1.678878715536866535e-07
1.630976313562065841e-07
1.617695881614877708e-07
1.599302234670795022e-07
1.581508777035686228e-07
1.552135976489321605e-07
1.589659414170814253e-07
1.546986285899063568e-07
1.536789699572571090e-07
1.566739477686678779e-07
1.569657525155723894e-07
1.529497896862991335e-07
1.499495063340355664e-07
1.490604966448867199e-07
1.482590283798092294e-07
1.537864071595264982e-07
1.554248244941346169e-07
1.546405992368287604e-07
1.498155414275021331e-07
1.458877832149068397e-07
1.452156375081165642e-07
1.443909575018080617e-07
1.427240228851160533e-07
1.413462402449022102e-07
1.443435392304360617e-07
1.503222205789453965e-07
1.433401288166485250e-07
1.398437773946472910e-07
1.457581290603163083e-07
1.432472818517243707e-07
1.419033220344471362e-07
1.377189082830972320e-07
1.358835227443285489e-07
1.361076818453597374e-07
1.353509790812278478e-07
1.344808703813671380e-07
1.323563328661203425e-07
1.309092465985166471e-07
1.354677009799896471e-07
1.350266778965998611e-07
1.359816752501055014e-07
1.366034183187940878e-07
1.303508384237585083e-07
1.290231268253429850e-07
1.280565236012218253e-07
1.266366282304887805e-07
1.260414128660642646e-07
1.288699293332181250e-07
1.234728679006980205e-07
1.281039418725937989e-07
1.294731030089218647e-07
1.274911519040943591e-07
1.267085846283050054e-07
1.236741468568014604e-07
1.218487092071318202e-07
1.220499881632352336e-07
1.191637739393070668e-07
1.193381935948431726e-07
1.268183430046974772e-07
1.219604571613440848e-07
1.212690788689624091e-07
1.203246925971623653e-07
1.198790271655264139e-07
1.193958913516174526e-07
1.176105768546471950e-07
1.200899224144255803e-07
1.212747160061185238e-07
1.257343546892079119e-07
1.206937592827359264e-07
1.160603641367170124e-07
1.196747638426932585e-07
1.173724907088773649e-07
1.175561950609058808e-07
1.135030934456629843e-07
1.115151736073760477e-07
1.099768983563647008e-07
1.093256432166823679e-07
1.126140837565141510e-07
1.120924827714223496e-07
