1.569138128527462067e-02
1.335142112509823085e-02
1.164215549638696230e-02
1.038639920321023091e-02
9.364177763615179340e-03
8.521721833580485350e-03
7.812618707944187987e-03
7.184998592718799988e-03
6.629253937155157178e-03
6.148074855463027573e-03
5.717272279870513722e-03
5.338284597975490736e-03
4.992193169845606134e-03
4.683027676766507615e-03
4.407592921860474348e-03
4.155479810144412610e-03
3.921319093256787208e-03
3.713389734928880439e-03
3.518054503125877391e-03
3.340100703135362361e-03
3.171293291458050778e-03
3.018977926895304378e-03
2.874118021713909475e-03
2.735330088605986056e-03
2.609136282022966793e-03
2.489179148383404740e-03
2.378489183695036303e-03
2.269621908634509525e-03
2.170658645889120622e-03
2.078437138755145647e-03
1.993286788972554752e-03
1.911924559199634473e-03
1.833504984970458183e-03
1.763902397314514540e-03
1.694233929310576692e-03
1.629429627000215583e-03
1.569379689803441016e-03
1.511251262756498981e-03
1.456219212065287556e-03
1.404601959411779085e-03
1.354192513138165362e-03
1.304650491446476259e-03
1.260148316376348511e-03
1.219038979227925722e-03
1.180411135187286846e-03
1.140136282446791360e-03
1.102013521074108552e-03
1.067350575976924905e-03
1.033481489073071911e-03
9.994498973108331859e-04
9.687496551455045558e-04
9.370392476442637904e-04
9.080958147587822908e-04
8.793269647954856261e-04
8.527354603333995187e-04
8.282839691753270941e-04
8.023347981061851233e-04
7.788429640172291838e-04
7.565314861631706588e-04
7.357517263999787793e-04
7.140606218228662868e-04
6.933544284482679419e-04
6.746059794148993307e-04
6.552898613829801150e-04
6.375175395057266483e-04
6.202755544298269117e-04
6.026865995211573915e-04
5.859431090784143889e-04
5.703437406791717068e-04
5.547322942161301380e-04
5.393250768318708392e-04
5.252749946162933508e-04
5.114664736766948985e-04
4.984803590812248624e-04
4.853229555809697665e-04
4.733920245592079627e-04
4.620595066983940332e-04
4.502460622972219721e-04
4.392352601357800554e-04
4.275755365465946684e-04
4.175210974368695157e-04
4.074688543387442493e-04
3.975911941628037095e-04
3.878749408394491748e-04
3.789668197848243374e-04
3.696238884334373002e-04
3.608343520052020945e-04
3.525290361347247956e-04
3.438503982922799448e-04
3.361402015653508534e-04
3.286353319230039208e-04
3.210239557180661891e-04
3.130908638137564989e-04
3.062008774193560458e-04
2.994228876165458365e-04
2.928205787417202969e-04
2.858251837905289878e-04
2.798212880766514309e-04
2.736230453361907671e-04
2.674083325087315524e-04
2.614011427774542745e-04
2.559155058011316152e-04
2.501905035604297519e-04
2.444446392095297278e-04
2.391280951263923503e-04
2.346668975613805451e-04
2.297061073574121982e-04
2.246267325270541655e-04
2.199316597266627094e-04
2.151849806536757414e-04
2.108709158658511411e-04
2.064349724342371339e-04
2.024162712065868052e-04
1.981329505811595289e-04
1.941900117537026212e-04
1.904260478716301313e-04
1.859703403356178521e-04
1.823787633641303651e-04
1.784885288150688855e-04
1.750012623945723113e-04
1.715458381422730043e-04
1.684165216125452929e-04
1.653706535236103335e-04
1.618240947899189164e-04
1.585608215526028843e-04
1.555885198522615137e-04
1.528731515090977870e-04
1.498679096347592876e-04
1.466990648962350323e-04
1.439749125066720585e-04
1.406874831417581173e-04
1.381873239353756855e-04
1.356970467811923625e-04
1.330772049426203287e-04
1.306330440320330188e-04
1.282086472258439538e-04
1.258611108256482258e-04
1.232094268188789791e-04
1.208135781634874466e-04
1.192796640610209149e-04
1.168179350576351245e-04
1.147921143568113956e-04
1.128211939459828998e-04
1.105845561315775132e-04
1.087951360794732285e-04
1.066441427174603989e-04
1.048750357726543306e-04
1.029318949085634126e-04
1.013446177242215303e-04
9.937885794065258569e-05
9.777697727917196912e-05
9.606804105220066313e-05
9.439028818994666108e-05
9.273416604195076115e-05
9.110878805635219875e-05
8.974001402619130531e-05
8.824409092440146213e-05
8.647915640163504776e-05
8.502188310400184276e-05
8.355879037562916403e-05
8.221219606262633074e-05
8.068761500945899052e-05
7.919454672274891551e-05
7.788330819650301291e-05
7.678519259601856474e-05
7.544540591897514316e-05
7.433652986165162617e-05
7.297752808310987711e-05
7.157142185575223121e-05
7.063416410495378941e-05
6.940165259456104047e-05
6.830199978595672338e-05
6.739131377551596525e-05
6.626585783061389218e-05
6.495835252408766348e-05
6.385551549866363052e-05
6.287521592050892704e-05
6.198956444230599720e-05
6.076858199281223797e-05
5.992871735646531929e-05
5.896807208212890970e-05
5.816191622383906119e-05
5.734038828435054393e-05
5.645583481194750981e-05
5.559631587178230400e-05
5.475162000991580215e-05
5.377933587410040447e-05
5.282011800730387218e-05
5.197531234485738551e-05
5.122877820150234122e-05
5.041098348173350462e-05
4.957825588308596568e-05
4.884369000294988431e-05
4.822298732426389051e-05
4.766223576225268253e-05
4.677504707592988379e-05
4.593671964770282723e-05
4.532985184209564007e-05
4.473495229970740226e-05
4.425248855122938151e-05
