1.803518837855743601e-02
1.460118826882808238e-02
1.216162378015199323e-02
1.053520325575593546e-02
9.321785611545969213e-03
8.371172914291244785e-03
7.587630970398581524e-03
6.908839736947209806e-03
6.330622445103077818e-03
5.832990272588940706e-03
5.401191932649615154e-03
5.016896050957874928e-03
4.678743520194704984e-03
4.381529953797039072e-03
4.117133856809777892e-03
3.873953093582778971e-03
3.656628518376098431e-03
3.458961275856660845e-03
3.270230992683733229e-03
3.102729302854667377e-03
2.944184461747511618e-03
2.795365525211076195e-03
2.662275769720334750e-03
2.536893147197188600e-03
2.414954701514184388e-03
2.306236060680543626e-03
2.198853322894619208e-03
2.095014208825838643e-03
2.002031378829692045e-03
1.916918111700242032e-03
1.836419179663649351e-03
1.759861658852205149e-03
1.688405762830923673e-03
1.622916679429716120e-03
1.560391112963144863e-03
1.501031272081112741e-03
1.444681356676317781e-03
1.389143590767032751e-03
1.336469894915383186e-03
1.288185121235387682e-03
1.241988731972417867e-03
1.199644251745295761e-03
1.155496468148551172e-03
1.115581806616158887e-03
1.077410780327188065e-03
1.042213215660554035e-03
1.007797966426329534e-03
9.739992878295127433e-04
9.418580571827163059e-04
9.129853138933602527e-04
8.835689276763974455e-04
8.571226881858712288e-04
8.293471754394286365e-04
8.027716550088008626e-04
7.788314768187056241e-04
7.563399081369282569e-04
7.336726499724486846e-04
7.123943331900862899e-04
6.911690547421245117e-04
6.702719509882667116e-04
6.521925087494437291e-04
6.331252275324086116e-04
6.162789265684008328e-04
5.989585954906871635e-04
5.819564944193775192e-04
5.659422323262800099e-04
5.509091794195945585e-04
5.349380109731976043e-04
5.220397510261384896e-04
5.084354182523707867e-04
4.945360597434992744e-04
4.818996765725434752e-04
4.689649527705839365e-04
4.561992886595264717e-04
4.446932849904845731e-04
4.331010940280416183e-04
4.220624906809054789e-04
4.116271983875767872e-04
4.014405232867511485e-04
3.914361674604277378e-04
3.820881610223124457e-04
3.728727504201988035e-04
3.633192204362809593e-04
3.547137506797748419e-04
3.462972299895710295e-04
3.377017049207650277e-04
3.292440795214007158e-04
3.215051235531652361e-04
3.137230739382292554e-04
3.067561572251133423e-04
3.000769734761209802e-04
2.932920445479172858e-04
2.864633589938330718e-04
2.800119085931735037e-04
2.734397959817524569e-04
2.674288952462083304e-04
2.616583244634171335e-04
2.561708457904894663e-04
2.501785084719855340e-04
2.449764423360514072e-04
2.394448755476531569e-04
2.345477798345227654e-04
2.291673722991664135e-04
2.238718260988511078e-04
2.194348379366463798e-04
2.148662484072100297e-04
2.102963329194136696e-04
2.055828824391455433e-04
2.011853415381512956e-04
1.977922140948694570e-04
1.933127952651441924e-04
1.895474050122877656e-04
1.857710756029611954e-04
1.819589453179141657e-04
1.782250465761081322e-04
1.750570005644390404e-04
1.719691750335509734e-04
1.681669894362040592e-04
1.644075659959676910e-04
1.611347692738573489e-04
1.577313656532853582e-04
1.544830991608352958e-04
1.515328418097989095e-04
1.492578287536008451e-04
1.462548645577538243e-04
1.433152148735975721e-04
1.405611993598435865e-04
1.380548065698226803e-04
1.350680853638858430e-04
1.324781571971839005e-04
1.303834744779480627e-04
1.278406178330267055e-04
1.256348861011394953e-04
1.231367805508686855e-04
1.208849717659709179e-04
1.188124988492653627e-04
1.164317406138559930e-04
1.142790472163694536e-04
1.121087848706126802e-04
1.102786308442001102e-04
1.084060461502670171e-04
1.065049533515935736e-04
1.044245246847279042e-04
1.027266350047269748e-04
1.008600171234139403e-04
9.913262486990264625e-05
9.746224882587203951e-05
9.584225919952205650e-05
9.389442636865803706e-05
9.233178444137876413e-05
9.080229147309990369e-05
8.930296405751141293e-05
8.799324868740525938e-05
8.659005325291795399e-05
8.507978668085931979e-05
8.360996183878119370e-05
8.214577231973313042e-05
8.057318570475374188e-05
7.933109421100842330e-05
7.795574390208146332e-05
7.653696845686396597e-05
7.531841272400892644e-05
7.432096054768663090e-05
7.323765256755327487e-05
7.201876534510823962e-05
7.087346881164411142e-05
6.956739982702800568e-05
6.851160548286498579e-05
6.733746935507049791e-05
6.635062484562832298e-05
6.516919594685375303e-05
6.420456123994186070e-05
6.297771826733672483e-05
6.219971219959712690e-05
6.134082267189653985e-05
6.013519503305167230e-05
5.931508978738155377e-05
5.845951515558100525e-05
5.765366396228106870e-05
5.662273133736835139e-05
5.584571973839876774e-05
5.507069707696920585e-05
5.428208334234948054e-05
5.347722661781955826e-05
5.244596250331683845e-05
5.173922669742812331e-05
5.089061334701765437e-05
5.012089451902815957e-05
4.940222508789930027e-05
4.860333517598944329e-05
4.778322993031933153e-05
4.718190781405191239e-05
4.660843082334483866e-05
4.577705493161458774e-05
4.514589875224680142e-05
4.444910763405820868e-05
4.380336591273024466e-05
4.314635354534214148e-05
4.255961697103490682e-05
4.197586380303770819e-05
4.126846501796898128e-05
4.078714213328304261e-05
4.008935654632443560e-05
3.944825567925653367e-05
3.895334172138042479e-05
3.843025114835397479e-05
3.788263034566722470e-05
3.741755045089148300e-05
3.698528802552615130e-05
3.625137007325710252e-05
3.578629017848136760e-05
3.529336515814528728e-05
3.497712408928138573e-05
3.457038636234636839e-05
3.408475411299038369e-05
3.360044782199440898e-05
3.310755595061732958e-05
3.262126072208133311e-05
3.216662274939072094e-05
3.168788548350682073e-05
3.124703747776038434e-05
3.092569146921042127e-05
3.058813561970925539e-05
3.005665836005569949e-05
2.958219730988284778e-05
2.932194483277063862e-05
2.889929560551542681e-05
2.859836935570971660e-05
2.826906759699965291e-05
2.769665137298059530e-05
2.743590166148337901e-05
2.711627939880143707e-05
2.654303445080736644e-05
2.623697011235659040e-05
2.589145851269533067e-05
2.558055442623049375e-05
2.531506441359621936e-05
2.503823745698380735e-05
2.464724548557398323e-05
2.436063958605645007e-05
2.411142571229137697e-05
2.369892006649028973e-05
2.337044703175523568e-05
2.303809556881713749e-05
2.276405312476075934e-05
2.257696040016245195e-05
2.226966955022866192e-05
2.183932976448535351e-05
2.156309948913494464e-05
2.140799550997203422e-05
2.113955523998672134e-05
2.087936906079251403e-05
2.060469678651512504e-05
2.039628928127955670e-05
2.016520788808770634e-05
2.002641319675299474e-05
1.972237094480124478e-05
1.949115695577339070e-05
1.922407579310709890e-05
1.899829823335531223e-05
1.879907298976285512e-05
1.860249966289043155e-05
1.833084394388208291e-05
1.819088903898235580e-05
1.793696801303922215e-05
1.762732358701640353e-05
1.748249578514361800e-05
1.726487286930593413e-05
1.703183568753305953e-05
1.678404721900500260e-05
1.660825828942583531e-05
1.643120969940465309e-05
1.623036015682117426e-05
1.601144443158247454e-05
1.589635124593305679e-05
1.582077161941212458e-05
1.559148027000629720e-05
1.543601165229437997e-05
1.524915097040907399e-05
1.504588155381856641e-05
1.484373920183407342e-05
1.467169610462195164e-05
1.452577438710215245e-05
1.430921223795248131e-05
1.417277112270679830e-05
1.406695964557749287e-05
1.389670659215139407e-05
1.382116011458946109e-05
1.356418938441829294e-05
1.340994727818938969e-05
1.327138462956768121e-05
1.309682221147152790e-05
1.295653581698179829e-05
1.284227135530738848e-05
1.268667014175946924e-05
1.254131195654267734e-05
1.237258375523059579e-05
1.223942438692595378e-05
1.210281752688526953e-05
1.197327139511167101e-05
1.182758172030487493e-05
1.170880900020641013e-05
1.160183730951209087e-05
1.152092070059209235e-05
1.131682256002657513e-05
1.115024904104951999e-05
1.106131038405142406e-05
1.103101223552504899e-05
1.084478138386075216e-05
1.071255018640812257e-05
1.060753428429482754e-05
1.055137994774813390e-05
1.035725964384174001e-05
1.021684065351600838e-05
1.017480777350348963e-05
1.005175883769397295e-05
1.000203539919335930e-05
9.896257071023054793e-06
9.785241207330685060e-06
9.690070546040511332e-06
9.553762026630830339e-06
9.454679788178608154e-06
9.389011700398799102e-06
9.333951279499119134e-06
9.258703142568191116e-06
9.200062634096468577e-06
9.022351064895276287e-06
8.887467950722613153e-06
8.775988001604237212e-06
8.680618446560061307e-06
8.662684859740840752e-06
8.542354138569356085e-06
8.441249813618109511e-06
8.380454622811358873e-06
8.296886097171328499e-06
8.162665962178673751e-06
8.112279544498051713e-06
8.064014660193456846e-06
7.937485083688895302e-06
7.880568321085193887e-06
7.795242900618141462e-06
7.686381719260799829e-06
7.635000832810165213e-06
7.575763643076435296e-06
7.511819301164646522e-06
7.431797714137659486e-06
7.360759494999783190e-06
7.263168959702579872e-06
7.225810082909119048e-06
7.129943293479936007e-06
7.019756153762577603e-06
6.989822643785208493e-06
6.950010744025717151e-06
6.892762491832011544e-06
6.785094672998682971e-06
6.688631202307493400e-06
6.625648180206717123e-06
6.571847419749052917e-06
6.505880991338239753e-06
6.502764989192200850e-06
6.433616260717348623e-06
6.331318573242086446e-06
6.218645261599696597e-06
6.144292146561780070e-06
6.100402924845239022e-06
6.102325564467262323e-06
6.052005444704642140e-06
6.017099590877210987e-06
5.963796064804553917e-06
5.926006251544087812e-06
5.858282928306252596e-06
5.767388482727131598e-06
5.689057492609165605e-06
5.639102011395548849e-06
5.591002871885956079e-06
5.563058299448611277e-06
5.480683136332595659e-06
5.442528684523124434e-06
5.373379956048272206e-06
5.313910723601538338e-06
5.257259152669840109e-06
5.227955472913478456e-06
5.150652100524525122e-06
5.130000299067270017e-06
5.067812851982503295e-06
5.048917945352270242e-06
5.010067365403791398e-06
4.983780240916466713e-06
4.931172842982818109e-06
4.888841622339296089e-06
4.856322493559895292e-06
4.818665276135430356e-06
4.759196043688697336e-06
4.739870200591459002e-06
4.714942183423151168e-06
4.679671691046716588e-06
4.632467573430134461e-06
4.556954244827202412e-06
4.531727887027891312e-06
4.509053999071611819e-06
4.458236644923985347e-06
4.444380380061814498e-06
4.397342007240234467e-06
4.338436307096507897e-06
4.275817923544735046e-06
4.227983975707145461e-06
4.197221741754765869e-06
4.140735915618069735e-06
4.130956972712948593e-06
4.077553999763290434e-06
4.033963118677752652e-06
3.995410879360277073e-06
3.977808782131059864e-06
3.939919521993592670e-06
3.927488662368439681e-06
3.884527611503909356e-06
3.873919944623778579e-06
3.864870278816666830e-06
3.848130054521460183e-06
3.807058494319953926e-06
3.794660783653801016e-06
3.762340548628402396e-06
3.714539749749812892e-06
3.671843890557286175e-06
3.619468535336640252e-06
3.621092834327660288e-06
3.552043552729808725e-06
3.531723240862558237e-06
3.520154254171415386e-06
3.493933427602092132e-06
3.457336976865640782e-06
3.423127251177218941e-06
3.406784814390017071e-06
3.357691206110411723e-06
3.321492542881965150e-06
3.319569903259941426e-06
3.285651888410723427e-06
3.274424335997284962e-06
3.216201504408966740e-06
3.199063492605755316e-06
3.167711207183168617e-06
3.153003014074686976e-06
3.147258299479916113e-06
3.098476291414914994e-06
3.074539428120719391e-06
3.036583870065251190e-06
3.019160777214636617e-06
3.010853648089133955e-06
2.955455107807650794e-06
2.947761234423655972e-06
2.951510381686602256e-06
2.909997940330390101e-06
2.890015747844943652e-06
2.873464472616039412e-06
2.853707693051795797e-06
2.822527782216011464e-06
2.804183148305184745e-06
2.800682618234742029e-06
2.768064042578339720e-06
2.721164895384561128e-06
2.702147337606026677e-06
2.679281185687544430e-06
2.655394045831849794e-06
2.623352262062054900e-06
2.604026418964816566e-06
2.600622020875474592e-06
2.578866359083506474e-06
2.559852116200871523e-06
2.520988276668792562e-06
2.515773945418028069e-06
2.477914519343661032e-06
2.459914634606439046e-06
2.447013059763480001e-06
2.435908158498342935e-06
2.431907079146993583e-06
2.373830102978277494e-06
2.355419171149450614e-06
2.359410305813099349e-06
2.338503257371541677e-06
2.302125589764492890e-06
2.292492502278974304e-06
2.310276918782693650e-06
2.281513567058038984e-06
2.264852900264433462e-06
2.224570285287136488e-06
2.215755977088927767e-06
2.189319682286101449e-06
2.156681217254299177e-06
2.135969747670843758e-06
2.143398429382835395e-06
2.142264734985021378e-06
2.149222701479207383e-06
2.129923377549169283e-06
2.108147826381800355e-06
2.078691661414037147e-06
2.074969033318291520e-06
2.051628851286103294e-06
2.015622452019859475e-06
2.017352827679680869e-06
2.017833487585186694e-06
2.012360594454219286e-06
1.993982811584392486e-06
1.952185289180777183e-06
1.937914662331101093e-06
1.934904736853863973e-06
1.921482723354598328e-06
1.905955750958806823e-06
1.887090678391674139e-06
1.876516160470543866e-06
1.857535066546909631e-06
1.841994834567518008e-06
1.846652263307075475e-06
1.809273497138214476e-06
1.768012987870405600e-06
1.755850634813155507e-06
1.741069513994873223e-06
1.753523577891326947e-06
1.738981129577847403e-06
1.731913771518960327e-06
1.739289414896551285e-06
1.722274054241641471e-06
1.693818987835690475e-06
1.693165953343382495e-06
1.672318573028025350e-06
1.661531901769292148e-06
1.643286714735467363e-06
1.638161885674003976e-06
1.612902378915692373e-06
1.596208563163086558e-06
1.589780980012907346e-06
1.565399920668106557e-06
1.560298295877943904e-06
1.544592319103549974e-06
1.527928337414044740e-06
1.530576939238177087e-06
1.507750566070495614e-06
1.490831337396686965e-06
1.491500946368495409e-06
1.469092250084218889e-06
1.480011517178953683e-06
1.469466833320923355e-06
1.461862462126229852e-06
1.449826075113181081e-06
1.438572003532542382e-06
1.414234037834442291e-06
1.404660618475124230e-06
1.395932497570316692e-06
1.390157948912445248e-06
1.384462957756175141e-06
1.382298330733448331e-06
1.377233169798186105e-06
1.376855271665581291e-06
1.361112831036287145e-06
1.371664144686117320e-06
1.331023520951616132e-06
1.311512043683975315e-06
1.311518673475775585e-06
1.309987191569956579e-06
1.290601680346517508e-06
1.275545423168531634e-06
1.268600716257945958e-06
1.272916710719799462e-06
1.275015039824525265e-06
1.252022921861841696e-06
1.224240779323599067e-06
1.219643018710242338e-06
1.210964621243935344e-06
1.204165769752951588e-06
1.203956931311248795e-06
1.193236557970516601e-06
1.182274197229081532e-06
1.187269745350443038e-06
1.166823467438991017e-06
1.162673217772139609e-06
1.148641263427266682e-06
1.143983834687709215e-06
1.130933089529248114e-06
1.125506604940881327e-06
1.117716599575785340e-06
1.105584080581635616e-06
1.105262535679331828e-06
1.095917844137116526e-06
1.095148788288306782e-06
1.082873728770455483e-06
1.078391989513600306e-06
1.055419760926316912e-06
1.055671693014719980e-06
1.048087211195426440e-06
1.046310426993004637e-06
1.040578971981833891e-06
1.029374623839695736e-06
1.019217782801970415e-06
1.014805656359015958e-06
9.940278888575597433e-07
1.007738298300128883e-06
1.004009040412582774e-06
9.917837043332320197e-07
9.776324137359574057e-07
9.762998255841412118e-07
9.708998601629744465e-07
9.696733486799593995e-07
9.619463263369640742e-07
9.628744971889756442e-07
9.660567972530147079e-07
9.547894660887758924e-07
9.454646639219607650e-07
9.322117101135973521e-07
9.385199570113751945e-07
9.381752078377708850e-07
9.233112146219876591e-07
9.012041738646148564e-07
9.041975248623518310e-07
8.948296290488363237e-07
8.945876416481333435e-07
8.920285420133017851e-07
8.748275471879895938e-07
8.682441639305083731e-07
8.605304011711132705e-07
8.580740633091830415e-07
8.565856750500646272e-07
8.390100969880478634e-07
8.268179098676975071e-07
8.242190314820653863e-07
8.146124631637469280e-07
8.057981549655383124e-07
8.034478937724092301e-07
8.189682363764006770e-07
8.130644067784277760e-07
8.059705295523402554e-07
8.003451512099709736e-07
8.010910027874801953e-07
7.908380297686537096e-07
7.902479782984463907e-07
7.876358403292142588e-07
7.875131891809126483e-07
7.787916980679051684e-07
7.705541817563035431e-07
7.551067668621130566e-07
7.541752811142014574e-07
7.424206602526565464e-07
7.410781274131400532e-07
7.353963958404698511e-07
7.433985545431686607e-07
7.388902961191130381e-07
7.402891821889303457e-07
7.265621982668609543e-07
7.377864357843993899e-07
7.145457006292126761e-07
7.148639306356167518e-07
7.113600856692734773e-07
7.032452205059734625e-07
7.032617949854736086e-07
6.962839391158875342e-07
6.912685016191257467e-07
7.073291722548238624e-07
7.009745168144453992e-07
6.910331440102227191e-07
6.912154632847249615e-07
6.764509169459430357e-07
6.656178371446093187e-07
6.673979362429312573e-07
6.585703684611224189e-07
6.534753734627595066e-07
6.477041397007884097e-07
6.463384025899715002e-07
6.529847688695534878e-07
6.388566825435792901e-07
6.279639346160449412e-07
6.261440567669224402e-07
6.211849725004613612e-07
6.209098361407579830e-07
6.203927123803515187e-07
6.115982935575430783e-07
6.133949671353652689e-07
6.145286615331792859e-07
6.176844424300181159e-07
6.036458582933449189e-07
5.942249241454288382e-07
5.916127861761964946e-07
5.848172495811127685e-07
5.789034752954398857e-07
5.800040207342535046e-07
5.694427623967231367e-07
5.729731265302666450e-07
5.668140499479907528e-07
5.681532678916073227e-07
5.703245247061340859e-07
5.712526955581455500e-07
5.622428085018343633e-07
5.567898047462670245e-07
5.654615724207740661e-07
5.502462002395864721e-07
5.420484626787853033e-07
5.348418789920963656e-07
5.431788421806992911e-07
5.418694583001830901e-07
5.396451631512556477e-07
5.358794414088092176e-07
5.413556494356767609e-07
5.288684365802227451e-07
5.274695505104055433e-07
5.167790112327736122e-07
5.067647107187500775e-07
5.111271137232039908e-07
5.038144533677136945e-07
5.017128093670878627e-07
5.045138964026224013e-07
5.050475946425290117e-07
4.933095482604841410e-07
4.860963347819952507e-07
4.779947292022953528e-07
4.841836398476716139e-07
4.874388676215117440e-07
4.860399815516945422e-07
4.782499761865984499e-07
4.698699193512950915e-07
4.692831827769878548e-07
4.806930544649285620e-07
4.721373081469230197e-07
4.684577736978776670e-07
4.627893017088077407e-07
4.608301982318835889e-07
4.564048122053290144e-07
4.731019428538349641e-07
4.691505869409862095e-07
4.570081232591364503e-07
4.501496036419519043e-07
4.547539940471086390e-07
4.570744211771372994e-07
4.519926857623746098e-07
4.401021541689279714e-07
4.514158938757674607e-07
4.489230921589367514e-07
4.433109734001674806e-07
4.445640040503829732e-07
4.385938765344093289e-07
4.367176454549861723e-07
4.311552501347176046e-07
4.409772866865387563e-07
4.332104855927429744e-07
4.290403465504914970e-07
4.351729039655671554e-07
4.226492272552127123e-07
4.143354683379102031e-07
4.121542668356832464e-07
4.110935001476701899e-07
4.103410187783609097e-07
4.156382224266262398e-07
4.144150258395111691e-07
4.036150949971779032e-07
4.018250512111558239e-07
4.042482401140857608e-07
3.994118069959260806e-07
3.993355643902251968e-07
4.004692587880391079e-07
4.027300177918670306e-07
3.987786618790182759e-07
3.939389138649585666e-07
3.859135508909596054e-07
3.889997189738976629e-07
3.820616418551121509e-07
3.772616725918528981e-07
3.718550773788862331e-07
3.815644074701060207e-07
3.719744136312877086e-07
3.651821919321039058e-07
3.663059416422177823e-07
3.611645381012544079e-07
3.667037291502226652e-07
3.636772291934853984e-07
3.671313507213280229e-07
3.623744751047693088e-07
3.560894324782918297e-07
3.598783584920385173e-07
3.539413799350652712e-07
3.528342047044516467e-07
3.476828564757881318e-07
3.416364863541135507e-07
3.389713100504806867e-07
3.372773982455597725e-07
3.386298757727764593e-07
3.385204842080751244e-07
3.360740910338449301e-07
3.346685751722275640e-07
3.291340249775193476e-07
3.250852111252093632e-07
3.219221374573903631e-07
3.207549626109859980e-07
3.283812121186200645e-07
3.189228196470333889e-07
3.180334330770524254e-07
3.184202814285872119e-07
3.128665048376587202e-07
3.125950148634453741e-07
3.132739055437737408e-07
3.111281734276772556e-07
3.118239700770958244e-07
3.085770295430057673e-07
3.100567990727840527e-07
3.125151258722544051e-07
3.097597844001403757e-07
3.118700471301063894e-07
3.013495620121466985e-07
2.970126837061231689e-07
2.977147786577518461e-07
2.902430032990596708e-07
2.912765878406924347e-07
2.888998074803631188e-07
2.845927632374400110e-07
2.922670787356246600e-07
2.922014437968038168e-07
2.840007228296926746e-07
2.880011392018620205e-07
2.894736159606601886e-07
2.801885925446456766e-07
2.770397729291968551e-07
2.756395609010195887e-07
2.718622370229229504e-07
2.702551754905831724e-07
2.670231519880432998e-07
2.688605987854359557e-07
2.699482161302393548e-07
2.652039371181008576e-07
2.661059202925019850e-07
2.590746945989252813e-07
2.561532768422192585e-07
2.510241384160859923e-07
2.514958481026617916e-07
2.485929937629959853e-07
2.475617296484932947e-07
2.508633659649339927e-07
2.589427617421036419e-07
2.576168033820872948e-07
2.531625777612023602e-07
2.651041587515096075e-07
2.541404720517144215e-07
2.515084447070819555e-07
2.530561696028110517e-07
2.502753034322667442e-07
2.476502373690243396e-07
2.458721272082424185e-07
2.429079472944259128e-07
2.421859629673969544e-07
2.437585495823763756e-07
2.439826365452191450e-07
2.437824168328566389e-07
2.410847545494033826e-07
2.389665360692772458e-07
2.393692959211322256e-07
2.375103023003893003e-07
2.334174003326088479e-07
2.336315426077514768e-07
2.351696543053704352e-07
2.299457098564960156e-07
2.324723235115071818e-07
2.270332423187200981e-07
2.284841722541679704e-07
2.278738999189704467e-07
2.258968960041860842e-07
2.248517093269031650e-07
2.240621011235134517e-07
2.241860782301749680e-07
2.197023500357796676e-07
2.208509614651438426e-07
2.175072259707726146e-07
2.126711243422029639e-07
2.160377326182844993e-07
2.109394227240216107e-07
2.114184251815775008e-07
2.107043966047086919e-07
2.129356530350262222e-07
2.107779872936896053e-07
2.116272636232800828e-07
2.087399892943444668e-07
2.068249739328908625e-07
2.047939372149357854e-07
2.061484036796925162e-07
2.023671019265158693e-07
2.009082162409079005e-07
2.044379173952714030e-07
2.038428935812140931e-07
1.986441423411799750e-07
1.943056065872064574e-07
1.927068322946167259e-07
2.029820151159734604e-07
1.973417197420539148e-07
1.999681117636562782e-07
1.990581728390950541e-07
1.976725463528779692e-07
1.927353403993570831e-07
1.913159019749595679e-07
1.893442018936152520e-07
1.896746970148493565e-07
1.875584674722632373e-07
1.868616763540746333e-07
1.866793570795723909e-07
1.834015880136119562e-07
1.799020524119387990e-07
1.842385992283722727e-07
1.824044673268796460e-07
1.812787286792257785e-07
1.804178502139851723e-07
1.791472506154994984e-07
1.804662476941257842e-07
1.764479308840962010e-07
1.755920247627056650e-07
1.808013836696199031e-07
1.771533407316249074e-07
1.756725767330766398e-07
1.715524926189158154e-07
1.790842675933987050e-07
1.721047542758626159e-07
1.750868346275394118e-07
1.768709116009414384e-07
1.770439491669235461e-07
1.741145756600574266e-07
1.712806711551124664e-07
1.704337152526520093e-07
1.724388957825867526e-07
1.710549267443196823e-07
1.692655459374776090e-07
1.719817716379711083e-07
1.681540613421939201e-07
1.692967059589379895e-07
1.662254549075501165e-07
1.640840321561236957e-07
1.616542134613937534e-07
1.668894285563282988e-07
1.627179635557168627e-07
1.645020405291188628e-07
1.654368411729304119e-07
1.641576228451046091e-07
1.601797477650555678e-07
1.574565607831719805e-07
1.574333565118716966e-07
1.565267324832105018e-07
1.603169844553172540e-07
1.636163003446279315e-07
1.608453788617837647e-07
1.579027457713174754e-07
1.529963683496669669e-07
1.539397877228185920e-07
1.524547143596002864e-07
1.499247858086890910e-07
1.483598234542797900e-07
1.507581506379593488e-07
1.557659638741511221e-07
1.498498691613481659e-07
1.478503239544434987e-07
1.534031060766019553e-07
1.499685424345696090e-07
1.486439100329132736e-07
1.453661409669528389e-07
1.438267033109738688e-07
1.439546582927154467e-07
1.436685827765419191e-07
1.432393037574866262e-07
1.399658440561962560e-07
1.382828714077455177e-07
1.433158778527775924e-07
1.419488147836006976e-07
1.419050581577201795e-07
1.419590909608908411e-07
1.370682935499705229e-07
1.363821100986620654e-07
1.352023386478375099e-07
1.340610199894534256e-07
1.325089857290542915e-07
1.367663065334768021e-07
1.319984917604479915e-07
1.346815685019410928e-07
1.343431176305469182e-07
1.327430173795971751e-07
1.320853420330290483e-07
1.294808283243669572e-07
1.275575257231632268e-07
1.269631648882858963e-07
1.244624074212950375e-07
1.266396310484419062e-07
1.347833358060723340e-07
1.294781764076469073e-07
1.289587322201105020e-07
1.276002878802737626e-07
1.264586377322996754e-07
1.258821773352825557e-07
1.267530004882232761e-07
1.272522238107694503e-07
1.274027200846313063e-07
1.319235751131070664e-07
1.275628295566032736e-07
1.231172226650584415e-07
1.256292507781094526e-07
1.234294858588423058e-07
1.264705713575398071e-07
1.213702725257369010e-07
1.202611083575832325e-07
1.202156942837526734e-07
1.171318466279446363e-07
1.197191228779265490e-07
1.197844263271573364e-07
