2.154433060743820433e-02
1.677951208842265451e-02
1.351916203268688915e-02
1.141645531001815941e-02
9.928161770907092953e-03
8.792307798497094040e-03
7.878290905905194208e-03
7.109380461124410570e-03
6.484373370621532469e-03
5.943649665973015084e-03
5.475512604494868311e-03
5.067630477471682035e-03
4.714890137387312691e-03
4.405594841557768440e-03
4.135032473644642027e-03
3.882416250935238813e-03
3.663620324214976725e-03
3.463305250935420736e-03
3.272471223082860665e-03
3.105922974968747339e-03
2.947458847012513102e-03
2.797540025068554707e-03
2.663602295557409867e-03
2.537768737763030063e-03
2.412172456748811703e-03
2.301544664443620769e-03
2.196294031846584942e-03
2.093426192830602408e-03
2.002609340705611973e-03
1.918663489425846127e-03
1.835857235076149285e-03
1.759637917820780191e-03
1.684882364364150573e-03
1.622672402917721890e-03
1.555987601913046310e-03
1.495368397471640628e-03
1.439140484426453372e-03
1.383768104560438063e-03
1.330103449126285439e-03
1.280104887041944028e-03
1.234256997647178826e-03
1.191426867864883461e-03
1.149221678334561231e-03
1.108249659675779883e-03
1.071201062705857358e-03
1.036174331257025015e-03
1.000626259277134387e-03
9.658033853436515147e-04
9.346933917307154692e-04
9.060697914197478938e-04
8.763199618846360386e-04
8.501426517578633026e-04
8.209642916510264451e-04
7.938077970652795533e-04
7.700400159314090172e-04
7.481671071123451380e-04
7.246432866115978116e-04
7.037562461044702877e-04
6.826686900084743929e-04
6.613104378675060567e-04
6.449416819628803763e-04
6.265142993458721991e-04
6.090026045846965233e-04
5.906687959091602236e-04
5.744437428432235676e-04
5.584192053661553908e-04
5.438751413202324051e-04
5.284220732714391177e-04
5.151646509207551518e-04
5.007442381546343751e-04
4.866312826247784083e-04
4.746270827045220853e-04
4.616737756636218838e-04
4.497865431702055159e-04
4.368399199822675682e-04
4.247555138264638751e-04
4.136068470853794987e-04
4.039820988196951524e-04
3.937390941549998155e-04
3.845655059642694119e-04
3.748037387128582950e-04
3.660445494057893031e-04
3.565768716847185428e-04
3.473965996410258855e-04
3.390518092176183053e-04
3.307193839221909569e-04
3.225393504743035464e-04
3.150333835976622514e-04
3.082395812541519346e-04
3.005187285047732147e-04
2.937693737834620668e-04
2.874140321942774052e-04
2.805333397622574105e-04
2.743882053487364174e-04
2.683700641414987873e-04
2.621079623011378932e-04
2.560801295071049653e-04
2.509579587894610769e-04
2.443827184378173406e-04
2.394934799959089243e-04
2.340020264020990402e-04
2.292224031487720241e-04
2.237205895828705952e-04
2.184156154867083002e-04
2.142108035881374630e-04
2.097566839740735208e-04
2.057884804703674197e-04
2.009149490829203620e-04
1.964117031495836842e-04
1.926055830802128729e-04
1.885153992599451398e-04
1.845401777106286207e-04
1.807106641558898401e-04
1.774663219279987289e-04
1.736849321145883811e-04
1.705782772577202604e-04
1.674161464212652062e-04
1.634359119822269832e-04
1.597033142954412883e-04
1.564967358367870651e-04
1.530264793787708725e-04
1.498940916879979855e-04
1.470180297583285401e-04
1.445155952092506014e-04
1.415780418323281885e-04
1.388710813826044780e-04
1.361791596020458790e-04
1.337983711768814623e-04
1.307141072274369811e-04
1.281428289928475471e-04
1.260801919686877035e-04
1.238507928131189490e-04
1.213928058862401792e-04
1.189528653623595650e-04
1.165530279562526492e-04
1.146788755856291089e-04
1.123154651781666142e-04
1.103998729191769354e-04
1.083181869140745793e-04
1.063524657578677942e-04
1.045481596507000926e-04
1.028558080806505883e-04
1.007570782504944200e-04
9.891801610792286086e-05
9.725774703209230719e-05
9.542570293513113881e-05
9.401373899684931947e-05
9.239524400203302779e-05
9.072728849529584981e-05
8.916560625065894522e-05
8.759456661187483932e-05
8.620265423247986248e-05
8.496112854473620440e-05
8.364775143764802059e-05
8.219668695953685972e-05
8.068680457535762482e-05
7.953985540703024189e-05
7.782511292955709807e-05
7.644255794430932253e-05
7.496074774257166441e-05
7.357184309700971802e-05
7.243291455223705582e-05
7.153694406264332769e-05
7.040403098553672638e-05
6.945325290165228456e-05
6.800085165294865669e-05
6.675097114900215435e-05
6.593086239053029876e-05
6.493429991385423459e-05
6.392403553860548523e-05
6.276839736142713450e-05
6.160640952393461292e-05
6.061151801049911896e-05
5.981413435209901957e-05
5.902677647314234142e-05
5.779527656484210459e-05
5.687524420458415326e-05
5.611261658158791149e-05
5.517153008449877417e-05
5.412116259147634658e-05
5.350959004542765030e-05
5.256315646596869238e-05
5.175908895460631215e-05
5.082268115459076871e-05
4.995511704008672056e-05
4.925698859817649020e-05
4.850839706640104360e-05
4.759738790764217003e-05
4.681738226694399945e-05
4.609452356907333271e-05
4.541644668604994485e-05
4.481389734150032633e-05
4.418795451158273168e-05
4.346877193284131533e-05
4.282077238814819122e-05
4.206817054459537747e-05
4.138775431303518589e-05
4.083566805835079716e-05
4.039520214813648887e-05
3.979131603299441690e-05
3.921917821942317889e-05
3.872958598993611460e-05
3.803613624509947811e-05
3.734235230761473164e-05
3.688150064586547086e-05
3.643435088268888851e-05
3.584182731758269125e-05
3.546719735904685459e-05
3.507953388723456623e-05
3.423469487280227428e-05
3.389782868350331890e-05
3.346638597478809516e-05
3.309015189154130621e-05
3.264336974027764619e-05
3.228695328106402683e-05
3.193966028114391553e-05
3.153164447706148027e-05
3.092662210691582219e-05
3.047766770343942361e-05
3.004555660942796974e-05
2.959015228784296663e-05
2.932664138480504544e-05
2.897650774737596546e-05
2.837813581092777585e-05
2.791611447491011661e-05
2.768428503491340807e-05
2.740092308857751172e-05
2.702188178708656645e-05
2.673989003060793930e-05
2.624876051493954743e-05
2.578637156700896248e-05
2.550772173701147574e-05
2.499837872202086657e-05
2.472751558072443782e-05
2.447667057905003921e-05
2.412058831248452644e-05
2.383796158997448492e-05
2.367337171077831939e-05
2.342065523027448323e-05
2.307556790183192284e-05
2.273970429047731434e-05
2.228944653567326787e-05
2.203642928178612732e-05
2.169959651175198769e-05
2.143641980136217986e-05
2.123988110500631303e-05
2.088841069698477621e-05
2.057503825084824081e-05
2.031794384665411179e-05
2.010847189481623033e-05
1.983724114160687586e-05
1.947885294576937851e-05
1.926346578405988000e-05
1.908711232365010169e-05
1.884442162258968340e-05
1.862542518028055582e-05
1.838106351597956732e-05
1.826870794768362867e-05
1.796643069746447932e-05
1.781474065448551607e-05
1.762832799536750416e-05
1.749592086818471963e-05
1.721757181157053729e-05
1.700285303515726551e-05
1.681680798795217932e-05
1.652151536407861520e-05
1.634656551279091506e-05
1.618896025994033137e-05
1.597253710102168042e-05
1.572413170567851581e-05
1.554203013172117544e-05
1.537109059221084244e-05
1.517438479953091893e-05
1.493002313522993213e-05
1.481903775679125929e-05
1.485068580056765958e-05
1.458610548105577359e-05
1.444046432500767511e-05
1.417033640753709609e-05
1.398241988150257235e-05
1.384369651327043270e-05
1.368980079881391854e-05
1.359458931336622732e-05
1.331356671556713129e-05
1.320709293787799903e-05
1.302225098420612197e-05
1.291708055784463420e-05
1.285214692631607577e-05
1.256571040761753274e-05
1.240362697328222252e-05
1.223068227788320765e-05
1.213791039876675042e-05
1.195604275966308975e-05
1.184776434167413956e-05
1.168036724423381771e-05
1.158936658615236436e-05
1.143700815787717269e-05
1.128979629638293936e-05
1.116557688907894919e-05
1.110732711051267328e-05
1.096462684976797714e-05
1.084461826983022654e-05
1.072982309520305220e-05
1.064714383405963924e-05
1.041688509950906553e-05
1.030997687137738455e-05
1.021135662091893159e-05
1.020814837149703550e-05
9.992393597874611277e-06
9.884850403711514222e-06
9.789438402674955660e-06
9.749201607842024634e-06
9.578663099509429705e-06
9.483618710385796860e-06
9.437700640534928481e-06
9.264020721310062170e-06
9.190364661665726976e-06
9.161724351722353739e-06
9.094818983569922391e-06
8.949478600905126611e-06
8.845745202930529360e-06
8.770618695634492992e-06
8.640016208751526383e-06
8.620465938836853928e-06
8.510516557607335230e-06
8.447120212260100981e-06
8.301211702093512143e-06
8.193100380428620336e-06
8.077068693003424521e-06
7.977512703130252791e-06
7.975340450917510842e-06
7.841362618288593158e-06
7.708821814046564293e-06
7.638140068970445494e-06
7.564450590061298794e-06
7.482874164656661287e-06
7.408382623392041836e-06
7.409051008688270258e-06
7.321492534882391845e-06
7.224509828399697592e-06
7.194900359776793228e-06
7.048223206519540603e-06
6.981685450280035819e-06
6.927111790843012846e-06
6.832969721869288116e-06
6.763892101504115666e-06
6.710521535600303514e-06
6.618785653692999580e-06
6.591448695077270835e-06
6.499144685668172996e-06
6.412755886130693898e-06
6.387357244874026561e-06
6.305346369026841172e-06
6.235032235863647242e-06
6.144198674106251424e-06
6.058411421335376890e-06
6.044742942027512517e-06
6.002801764689200625e-06
5.934893818592427490e-06
5.912670007492843887e-06
5.883160796664374040e-06
5.722414132921520668e-06
5.658449660072493361e-06
5.587701076466751549e-06
5.554448907979404063e-06
5.518857390955258793e-06
5.473340352282126790e-06
5.467725915793810754e-06
5.426887574194275165e-06
5.422442811974358445e-06
5.376591580653112230e-06
5.266274587510667816e-06
5.184063196074613392e-06
5.154520565981332887e-06
5.080998183396243716e-06
5.059910627300247923e-06
5.004133874330014129e-06
4.977164527627211100e-06
4.924896797462175252e-06
4.862636707118529659e-06
4.794595083962511348e-06
4.771936822420379017e-06
4.667067169442193956e-06
4.630974363445876946e-06
4.571588329876012382e-06
4.544752660232454530e-06
4.521192078540414930e-06
4.505317927754997950e-06
4.440217199902382833e-06
4.401952141693325569e-06
4.363954437602759504e-06
4.322080098794069776e-06
4.286421743240301494e-06
4.238097486323011473e-06
4.175837395979365880e-06
4.207819632403879534e-06
4.162670205643672400e-06
4.110536152537882575e-06
4.069798068732780657e-06
4.063314731359368858e-06
3.990026283627959381e-06
4.043129495413280334e-06
3.976090450201603809e-06
3.925527102541949675e-06
3.869182222069922823e-06
3.851403173190255941e-06
3.822963378835750892e-06
3.758631294073798291e-06
3.759767549077386101e-06
3.697206685350437802e-06
3.642633025913414829e-06
3.622180435848835529e-06
3.619807668047225816e-06
3.614861616855138202e-06
3.596781794592168615e-06
3.559285379473773443e-06
3.538765950879571131e-06
3.507853130929022275e-06
3.480014883341123060e-06
3.446294845146416187e-06
3.419225240649179064e-06
3.422299813011828282e-06
3.378821349492191357e-06
3.342461189377383995e-06
3.286092915419989004e-06
3.271802837786632487e-06
3.193381190980191980e-06
3.155530531654795439e-06
3.144675954444051470e-06
3.132675096450276748e-06
3.122966800022563956e-06
3.078271875263791862e-06
3.091646265041315492e-06
3.016128752346986116e-06
2.976924612796728248e-06
2.966507827955013142e-06
2.929278766955109170e-06
2.897012466779698563e-06
2.873478620499508084e-06
2.865685247945488560e-06
2.844083035171397102e-06
2.813414175853971307e-06
2.804227219957316566e-06
2.777003886841946686e-06
2.768268091020246002e-06
2.741108254508018153e-06
2.704634468892851501e-06
2.697970667489457402e-06
2.640121920100917023e-06
2.628348313107859609e-06
2.621778085645937641e-06
2.598561722381454772e-06
2.581758516034281404e-06
2.575870041574511783e-06
2.566622931001196415e-06
2.536629140832961005e-06
2.509760051924592494e-06
2.486577107924921554e-06
2.449364756557422911e-06
2.411888392997914896e-06
2.398437138911324888e-06
2.371287328178539982e-06
2.372807904727458838e-06
2.351900812661444499e-06
2.348518783062530190e-06
2.344886108977530435e-06
2.308713096745666912e-06
2.269148029135445714e-06
2.240494351486148129e-06
2.214073080726251848e-06
2.179524244764222256e-06
2.173859679378689385e-06
2.160755985646137935e-06
2.159963949070107704e-06
2.150031743568158585e-06
2.107542490286939098e-06
2.083901702359352139e-06
2.104885658734432857e-06
2.069494657299155775e-06
2.037572575551302747e-06
2.005563603714939973e-06
2.043715036423638796e-06
2.021350864411847207e-06
2.037646097933887721e-06
2.014249270639423822e-06
1.989669401370636259e-06
1.957516726695584519e-06
1.910993768151628901e-06
1.885411320938499340e-06
1.887262748209051003e-06
1.889809296187679995e-06
1.897779790845199779e-06
1.864343816401390070e-06
1.857212145290636371e-06
1.845575557283305750e-06
1.822322432827530606e-06
1.813827255712471790e-06
1.776715162139407664e-06
1.776006673725405774e-06
1.772273741845972136e-06
1.774783528633308430e-06
1.740592278804760976e-06
1.700566025340142564e-06
1.714739135546659023e-06
1.704907187839143786e-06
1.695994269913942418e-06
1.679358159890825308e-06
1.656646427524995161e-06
1.650664379123753831e-06
1.639141416616781864e-06
1.618351291977607371e-06
1.594987883947954766e-06
1.565799498061674571e-06
1.531096933481512856e-06
1.534579220874861047e-06
1.523574256972465514e-06
1.529432654093904822e-06
1.505928885152044232e-06
1.511075451933000457e-06
1.540257153966318478e-06
1.511650263287756747e-06
1.484884774100303100e-06
1.465835793157803020e-06
1.471333262219278785e-06
1.452458061453797774e-06
1.435567965018114448e-06
1.440507332357239675e-06
1.428509816289945723e-06
1.404584964611461599e-06
1.395301092846853745e-06
1.366296512917035984e-06
1.356741945107455525e-06
1.346776320340695112e-06
1.340349795717461899e-06
1.344844686834595667e-06
1.332750254899348602e-06
1.321330892113291921e-06
1.317607986013301439e-06
1.297686762259223556e-06
1.295026588780235910e-06
1.275406138409460733e-06
1.275499712350932441e-06
1.252975127868046133e-06
1.239814621385315463e-06
1.223282111083113639e-06
1.238344173733613654e-06
1.221139936208702639e-06
1.203167055593129531e-06
1.219913449190124314e-06
1.226898075535707642e-06
1.200463437069887224e-06
1.172260919495543273e-06
1.150999583222527777e-06
1.182396982512841985e-06
1.143476906713480858e-06
1.126707119631118571e-06
1.139292814759093163e-06
1.137952702240155973e-06
1.119344855593166160e-06
1.096071679578504282e-06
1.097234669993941212e-06
1.092372166963881939e-06
1.096449317270873154e-06
1.092629495302929771e-06
1.063277355019073451e-06
1.057124868367294035e-06
1.030165547443934374e-06
1.030402824224095472e-06
1.036130886212770162e-06
1.042246611673257091e-06
1.041922444804586459e-06
1.016025856502229421e-06
9.986511807267805312e-07
1.007036074267961886e-06
9.870546958372233780e-07
9.941061607124295050e-07
9.754849463595151329e-07
9.594169638381921392e-07
9.612617072557816272e-07
9.473826865796055938e-07
9.486693282748446501e-07
9.400471579535024085e-07
9.320967148548693585e-07
9.204701526269818924e-07
9.106515726253914273e-07
8.920570936843262810e-07
8.950180405466166327e-07
8.891997465429512161e-07
8.876490926557020475e-07
8.913853664616169835e-07
8.902624791639538399e-07
8.844709205721375432e-07
8.828367185228598218e-07
8.685199054776542904e-07
8.770551857104869981e-07
8.760091627218900213e-07
8.595468328757924025e-07
8.389037530017881756e-07
8.448256467263688790e-07
8.341882947368990627e-07
8.328414983649994865e-07
8.239720254840527796e-07
8.093978840997995217e-07
8.164694005338925946e-07
8.160616855031935154e-07
8.036497705522380979e-07
7.961404617491155270e-07
7.891424676976076399e-07
7.843434612706899742e-07
7.718112369664134110e-07
7.626276229962396506e-07
7.702639250056454353e-07
7.621965144801724326e-07
7.598671917228176984e-07
7.524481149346859603e-07
7.385690942585098210e-07
7.409585716925251810e-07
7.308692956459624294e-07
7.297698018336672128e-07
7.250476597158158199e-07
7.201082923766902745e-07
7.096012755199848649e-07
7.038364523400176882e-07
6.953178817395908394e-07
6.842761566459029250e-07
6.854358051348586615e-07
6.998796113863475126e-07
6.875880057887130289e-07
6.869630655367397972e-07
6.770041246229414525e-07
6.733447151260926833e-07
6.697822214971969210e-07
6.711958563987192970e-07
6.622695707675933690e-07
6.564913798817015265e-07
6.592317595962367445e-07
6.613772763971288320e-07
6.443802383140488142e-07
6.395812318871311485e-07
6.336225769712578522e-07
6.498643396696001256e-07
6.401226239770759333e-07
6.300834768277302287e-07
6.188011330274001289e-07
6.422380634396377079e-07
6.263070999040415068e-07
6.383814802804018380e-07
6.124782081250825204e-07
6.131833546126032178e-07
6.108139287374745920e-07
6.081002844347885997e-07
5.992040761419928787e-07
5.921091662225317729e-07
5.940073804638196068e-07
6.039629794511367586e-07
6.198805752808085056e-07
6.019578235624525509e-07
5.979675633439709753e-07
5.935428526829409889e-07
5.764689502907946983e-07
5.765090534085683782e-07
5.650997164019550646e-07
5.582320574832115842e-07
5.568451579935383282e-07
5.508497418863723331e-07
5.416627859897173797e-07
5.283418670358917782e-07
5.233289773141811529e-07
5.255714099830263531e-07
5.244151034205518095e-07
5.258187125426308185e-07
5.448910869704990368e-07
5.342203157162177146e-07
5.264937816918212030e-07
5.215477304997333776e-07
5.238870790365316906e-07
5.257217966746777057e-07
5.190914145360952178e-07
5.094432727850428395e-07
5.109939266722919023e-07
4.975326468062584210e-07
5.122037040584647916e-07
4.948423959889403558e-07
4.974825179090413740e-07
4.825775258031550980e-07
4.834297170558459551e-07
4.822867781992958656e-07
4.860030004463240676e-07
4.797970429708463059e-07
4.784836658637581297e-07
4.889839988675012593e-07
4.760941884297427698e-07
4.779790349651059377e-07
4.657943710148679868e-07
4.848466938838494181e-07
4.797435721471480660e-07
4.735275888922268843e-07
4.734206472448304575e-07
4.662923180605578988e-07
4.533724302844691493e-07
4.531017342394968099e-07
4.481690507533335445e-07
4.408134705683435192e-07
4.491749706241568413e-07
4.388952047681689512e-07
4.357404261699724270e-07
4.347946609758096500e-07
4.491582609917511413e-07
4.311619868908100538e-07
4.230143701297897442e-07
4.162870721232540906e-07
4.262226195516845084e-07
4.268910048479125600e-07
4.212632006536721759e-07
4.142585227492018500e-07
4.004864437204222963e-07
4.005933853678187761e-07
4.150906624430058671e-07
3.953900058366832242e-07
3.986884872735687682e-07
3.943874278923410674e-07
3.943239312891993545e-07
3.839539334182207376e-07
3.859557473804238054e-07
3.791315335059351449e-07
3.705193889640363233e-07
3.647244884457388867e-07
3.723407388962578315e-07
3.733901038113358953e-07
3.786302445337640930e-07
3.689353158119757548e-07
3.809428576587132331e-07
3.802143176858246087e-07
3.836130569171444054e-07
3.717425340561337197e-07
3.680597310739169706e-07
3.681900662066814304e-07
3.642231994735678348e-07
3.784397547243390604e-07
3.788742051668873125e-07
3.768423138663539848e-07
3.794690680805302843e-07
3.638054586634252827e-07
3.545349546047417765e-07
3.443153434254144064e-07
3.463037896816929671e-07
3.477374761421021830e-07
3.530377715411908477e-07
3.461567449165228074e-07
3.382430630091823503e-07
3.365954932539800689e-07
3.471626647873460513e-07
3.440880924246968868e-07
3.450940122955201836e-07
3.547120767082421962e-07
3.497426320307863908e-07
3.517143686546592516e-07
3.395063112190533736e-07
3.384803397893432369e-07
3.440346216009986469e-07
3.335052138368695835e-07
3.323161563948798045e-07
3.273193079202786618e-07
3.442017179250556466e-07
3.282497002526281736e-07
3.206518303977554723e-07
3.212400094584361641e-07
3.171829107103317357e-07
3.198390738775421306e-07
3.209178477456542899e-07
3.162431609838350214e-07
3.141952284361922640e-07
3.071828641008153320e-07
3.080988861492959047e-07
3.095532925538881780e-07
3.090840860759360912e-07
3.027000039190135838e-07
2.992043488197406743e-07
2.961003675040575202e-07
2.929165141454750621e-07
2.927624513346945138e-07
2.889636835035821910e-07
2.853039398140853661e-07
2.865645144827714669e-07
2.802957287894483156e-07
2.860989841239486287e-07
2.818814729047494807e-07
2.813845284370038419e-07
2.892166673382045573e-07
2.764150837595480895e-07
2.707284616592395675e-07
2.671689757641769424e-07
2.662663214216209296e-07
2.615806063024139679e-07
2.723452856908153186e-07
2.706422399560261980e-07
2.688746950401509855e-07
2.695544428864149449e-07
2.739888451342401897e-07
2.775707219367264157e-07
2.683680589856101414e-07
2.635065585334951949e-07
2.520203572178156084e-07
2.468437130985291765e-07
2.421372780351391045e-07
2.401999632540220227e-07
2.394390065942663244e-07
2.366137419471102512e-07
2.362855647666622615e-07
2.476601457378717139e-07
2.528187434541600640e-07
2.404970605181953734e-07
2.428531186873993863e-07
2.504422995334211024e-07
2.406133595597391087e-07
2.350554016289544764e-07
2.313615702893500077e-07
2.313187936303914052e-07
2.291418627205765435e-07
2.233589931376111791e-07
2.251739934095185689e-07
2.239882778940099298e-07
2.218544578358018059e-07
2.278070972840090661e-07
2.214053029167365061e-07
2.177569217772755359e-07
2.114834573868787570e-07
2.102128569387492097e-07
2.103308269435334356e-07
2.093396115492272130e-07
2.105660985678057229e-07
2.168559383979600667e-07
2.135357344389471127e-07
2.130982762625658294e-07
2.143361258311802206e-07
2.100163516616581411e-07
2.125375009990304485e-07
2.119399645442025542e-07
2.095107181850615966e-07
2.092236467003316129e-07
2.038511656892503297e-07
2.049763923354502872e-07
2.097082260400969913e-07
2.110068986706681727e-07
2.039818350146629246e-07
2.087223577281605610e-07
2.067105179865140468e-07
2.031847855489109303e-07
2.043708352570676516e-07
2.004804986403721142e-07
1.964013431774921671e-07
1.993435752514881667e-07
1.964765365233178170e-07
1.932268472130568587e-07
2.008728408092579811e-07
1.922944497248186947e-07
1.958726504081757249e-07
1.937057452778042832e-07
1.957406443121706952e-07
1.942812250178566589e-07
1.929995962123393391e-07
1.969193417820689190e-07
1.931432990510283588e-07
1.924722402136153582e-07
1.891667407311193990e-07
1.830553597750579362e-07
1.879432614463738940e-07
1.805164982273355762e-07
1.846989192184828073e-07
1.826977736415759304e-07
1.798073414280376008e-07
1.801335134525968853e-07
1.820333986571252098e-07
1.757642787711539234e-07
1.786650709567838082e-07
1.742460415707718285e-07
1.801582437085573531e-07
1.741110277409337675e-07
1.749465093612188717e-07
1.738336478429991481e-07
1.740355002024600090e-07
1.684010121552572920e-07
1.638476373247034952e-07
1.623487832979119965e-07
1.675311086922164617e-07
1.673259144062744079e-07
1.665375539493733988e-07
1.700375535530717479e-07
1.699890956190952180e-07
1.634065030291929632e-07
1.585306322932091041e-07
1.570107241295864657e-07
1.551148492368354987e-07
1.577459479554373437e-07
1.585683960624459966e-07
1.621833579370955668e-07
1.584073152060550330e-07
1.518294013132263795e-07
1.555830531368432594e-07
1.537272813618660252e-07
1.546122234940719855e-07
1.515389879020152559e-07
1.496260691842105066e-07
1.492310534741397171e-07
1.473996777624747625e-07
1.471777738441270352e-07
1.528831107327299359e-07
1.528142670472184573e-07
1.540544559643696623e-07
1.487377851255233799e-07
1.526247798157378038e-07
1.468793398093612232e-07
1.505918859372600970e-07
1.526846002997502150e-07
1.530358367729180759e-07
1.496929077138333065e-07
1.440737925284438547e-07
1.428944266732494134e-07
1.503004699481046473e-07
1.500020359133388088e-07
1.465154040155650197e-07
1.482923063255873818e-07
1.428466371245691009e-07
1.431246854077999642e-07
1.410085775599418663e-07
1.399137624447202775e-07
1.341917159237116768e-07
1.315596146271655057e-07
1.310573230770501012e-07
1.308327456175174513e-07
1.370433817900687613e-07
1.372004523346823940e-07
1.336055420189196637e-07
1.300447193532645509e-07
1.305282961150855767e-07
1.299825595207153523e-07
1.396574366836167976e-07
1.407789872106875329e-07
1.419302808834403930e-07
1.352210292799029271e-07
1.306165229741876778e-07
1.303327934159388606e-07
1.269901985495022264e-07
1.243240096028484115e-07
1.241512320037734579e-07
1.274453689362335623e-07
1.249817007343368522e-07
1.224288030953936883e-07
1.206869910134233226e-07
1.210806699529016509e-07
1.213824459141486294e-07
1.244092287281174813e-07
1.203116926695912643e-07
1.186059733936171947e-07
1.164160089705258818e-07
1.147143000063291960e-07
1.154592154189753852e-07
1.134259873478495830e-07
1.126840796690363986e-07
1.147022690709970841e-07
1.176277915125874101e-07
1.200349811569528358e-07
1.197001201235425661e-07
1.129965497950230277e-07
1.119398326416864268e-07
1.112624241439592681e-07
1.094828482927520099e-07
1.090637707120170097e-07
1.111050194066975532e-07
1.069453235156221112e-07
1.141862756223090241e-07
1.130727457187930301e-07
1.093251093628421863e-07
1.108042460233949274e-07
1.078138902080704934e-07
1.058642102989731910e-07
1.041417813905934082e-07
1.029921586810811313e-07
1.049211186459953631e-07
1.074933994585291363e-07
1.048890361517764112e-07
1.070392316497421529e-07
1.058010478884796266e-07
1.056874223881208536e-07
1.048703213634820326e-07
1.034259407383331528e-07
1.028651654747977851e-07
1.072811871269767070e-07
1.060172705318094133e-07
1.012760794330155198e-07
9.879269386488009162e-08
1.008904211170919195e-07
1.031201544653088037e-07
1.034556838840153040e-07
1.003807773287180044e-07
9.890164066816527658e-08
9.737905896335770239e-08
9.545678285140575059e-08
9.576557685826311774e-08
9.461862768993573703e-08
