1.561278500092938039e-02
1.331575901233513111e-02
1.162741909382900007e-02
1.036899386729582713e-02
9.350369452410498688e-03
8.522536082161327048e-03
7.810895643133121402e-03
7.178957443514590205e-03
6.627187033769575339e-03
6.143073803251570923e-03
5.715359895289498504e-03
5.334988237223169637e-03
4.991369672138659674e-03
4.684258727973215734e-03
4.406943013493631531e-03
4.153869781349360350e-03
3.921881752940168005e-03
3.711977745624840935e-03
3.517013675921884259e-03
3.338597809070023223e-03
3.171245114149815088e-03
3.017782752159861408e-03
2.872683369411279785e-03
2.734144015925919855e-03
2.608699327305339863e-03
2.490542619582352540e-03
2.378996728445915108e-03
2.272292562133430057e-03
2.172055314991398409e-03
2.080756636755124768e-03
1.994934524884405761e-03
1.912989178694403380e-03
1.835081424708990541e-03
1.764554761713938444e-03
1.696178095406445556e-03
1.631280360746932253e-03
1.569209787086020503e-03
1.511625426985763751e-03
1.456521181174699276e-03
1.405141339074367484e-03
1.354464054946741703e-03
1.305682830890034576e-03
1.261370891286206237e-03
1.219462884986577877e-03
1.180043457530029899e-03
1.139540567175814428e-03
1.101627830311335517e-03
1.067227883310388394e-03
1.033395061419939117e-03
9.994860585444975427e-04
9.680825636199124522e-04
9.368229661114238493e-04
9.078149399371507420e-04
8.791624250261748010e-04
8.527953396649665596e-04
8.279561062805474315e-04
8.023694527878153133e-04
7.791020870604030988e-04
7.565347399395307669e-04
7.349916038391098418e-04
7.138259868420949832e-04
6.931563927029185798e-04
6.742017171814567236e-04
6.547594833560444090e-04
6.370160854959595019e-04
6.202063279297239480e-04
6.024620836142501870e-04
5.860857112070818036e-04
5.706903805955358807e-04
5.552341051959961641e-04
5.397947589042324410e-04
5.262599372372751523e-04
5.122663367495867027e-04
4.992029907341925159e-04
4.857900586432228689e-04
4.740539546774715667e-04
4.626064919993020936e-04
4.509431831969878349e-04
4.396387714795259955e-04
4.277934747686191553e-04
4.174337072650612817e-04
4.079483281781367296e-04
3.979863947073161690e-04
3.882326892621411427e-04
3.789335303607531706e-04
3.696233675393108026e-04
3.609632824564690278e-04
3.525046537561623357e-04
3.440079345633594954e-04
3.361485962783251989e-04
3.285736670039286246e-04
3.207896632484977706e-04
3.131673324723282517e-04
3.065505906980564924e-04
2.996452076362030124e-04
2.927804544330120254e-04
2.858911540235457393e-04
2.800734661363038589e-04
2.738215466346061709e-04
2.675222256311354839e-04
2.615775694355731637e-04
2.559147828844822209e-04
2.502215239393943812e-04
2.448050559064450125e-04
2.396340599362485266e-04
2.349506222700024449e-04
2.297982483183596061e-04
2.248913464294695688e-04
2.201131057596775707e-04
2.154313610042091155e-04
2.110458756348216323e-04
2.063869851748508226e-04
2.024551998938616752e-04
1.983524306243343420e-04
1.943410785367976994e-04
1.906556117739501802e-04
1.862794374138395206e-04
1.825254077644989563e-04
1.786139374128410554e-04
1.750715216107012241e-04
1.716399914644945303e-04
1.684420830055974154e-04
1.653355917286910182e-04
1.621444549129043278e-04
1.586384366924830183e-04
1.557003900379483807e-04
1.528368314576283860e-04
1.498640801321528260e-04
1.467677463199120792e-04
1.440142269401364493e-04
1.409390545126157487e-04
1.384183103647609252e-04
1.359331173432357966e-04
1.332269994652331385e-04
1.306715506464373926e-04
1.282913180931238308e-04
1.259601799523608131e-04
1.232362865111933075e-04
1.209068412812079027e-04
1.191682219126068831e-04
1.167659815191844484e-04
1.147421066845568662e-04
1.127867947364223292e-04
1.105233730267635568e-04
1.086205413127347760e-04
1.066720010077106635e-04
1.048775155834486483e-04
1.029619870385878452e-04
1.012910841010910439e-04
9.952114588310432782e-05
9.787055787493880018e-05
9.608792282612003467e-05
9.440432305779119756e-05
9.278928617595539198e-05
9.104897389657675951e-05
8.966247996971772117e-05
8.812700989442938360e-05
8.639685507971638795e-05
8.501543988519017479e-05
8.362826879402008857e-05
8.228714487600087839e-05
8.081642863795596024e-05
7.932099590255799117e-05
7.801034437853567787e-05
7.687956462463397405e-05
7.560751146634107792e-05
7.450779662520843618e-05
7.316548766964490916e-05
7.178898191637374227e-05
7.072227883540441000e-05
6.946503864641556246e-05
6.838140645767016885e-05
6.747028187716279499e-05
6.633171473368411515e-05
6.505729150030255823e-05
6.396900380691876637e-05
6.295723568068273387e-05
6.210485510415828545e-05
6.091600851058470408e-05
6.012135619157660249e-05
5.908825738954274489e-05
5.822267210895296454e-05
5.739830920579788986e-05
5.646813937904245545e-05
5.559772930273649795e-05
5.473426016061873036e-05
5.378927736455924735e-05
5.288974922287847518e-05
5.203465998910985558e-05
5.125456670278916133e-05
5.047785923802368613e-05
4.972011237396738880e-05
4.900604260797331350e-05
4.822027807054764920e-05
4.763673172550697099e-05
4.680585111585811302e-05
4.602770467693166617e-05
4.539726470335131903e-05
4.476343890821575283e-05
4.428324476614790443e-05
