2.076223813802496876e-02
1.656872143302741754e-02
1.373079619902776126e-02
1.164978965722511875e-02
1.018783447439789054e-02
9.141737491183354880e-03
8.256392154947637604e-03
7.538483887656162452e-03
6.929029176385387810e-03
6.374731795638035291e-03
5.933701890615880083e-03
5.461833787227565393e-03
5.104896717129715246e-03
4.746212911588333118e-03
4.492000521145791785e-03
4.206326098250116191e-03
3.973220094416915656e-03
3.769985346115060226e-03
3.559961203499954676e-03
3.364971462380959930e-03
3.187625828688591192e-03
3.038550276370997807e-03
2.888518178453375416e-03
2.744090190083749766e-03
2.619926412306047229e-03
2.492841011554342533e-03
2.378668976403031793e-03
2.277503881965161660e-03
2.163570983213858497e-03
2.063684748654288394e-03
1.980174158877826603e-03
1.893627576544750250e-03
1.822624860212148376e-03
1.742950850070586243e-03
1.684060912260093449e-03
1.622821199388658998e-03
1.565095751873853830e-03
1.500643293454495368e-03
1.439621922513502524e-03
1.391513917172903852e-03
1.339881249240893347e-03
1.288539703882804694e-03
1.244673770333639719e-03
1.200007249706189650e-03
1.156162110626590429e-03
1.119366296729815309e-03
1.087945853215812990e-03
1.050276671597271880e-03
1.023147166878183006e-03
9.898365060806446365e-04
9.590274199718783373e-04
9.193650884454504036e-04
8.927273729315939781e-04
8.634113297376557090e-04
8.378663635994847668e-04
8.156401948040238950e-04
7.892852840762629770e-04
7.622722283867429307e-04
7.378116938364311268e-04
7.158901640201099448e-04
6.895747627845241106e-04
6.695569666569567077e-04
6.522778021712118774e-04
6.367807237272607229e-04
6.184129687597435818e-04
6.060901660950196749e-04
5.850679970874215130e-04
5.690094679651922990e-04
5.569122852952579144e-04
5.379602057329403199e-04
5.201185508454393269e-04
5.061966534711013306e-04
4.908680102306334963e-04
4.790629898580992842e-04
4.661839351324888647e-04
4.541470564242953718e-04
4.449122324901005204e-04
4.340263276723769787e-04
4.236789996164089939e-04
4.096614476820681404e-04
4.007572558139702794e-04
3.903298690501737526e-04
3.789220230463473437e-04
3.694938105451900292e-04
3.598119055153293057e-04
3.480734274454058523e-04
3.359959995215589554e-04
3.291629368222199819e-04
3.216810866724264368e-04
3.149873469191786851e-04
3.096785188390166433e-04
3.037905647814456407e-04
2.946898651759504643e-04
2.892541908314367723e-04
2.805912148103028030e-04
2.767702310275775156e-04
2.709820904239225968e-04
2.660257286029017276e-04
2.593808558531337247e-04
2.515351024859377557e-04
2.445876702039865951e-04
2.396521028525315880e-04
2.348184284019492779e-04
2.301386330261542931e-04
2.269570791825789395e-04
2.205222305754260081e-04
2.157675751091939469e-04
2.119788227542956916e-04
2.073468546585021624e-04
2.005834534322087728e-04
1.961178410929420590e-04
1.903245018718956747e-04
1.871949342022349492e-04
1.835922923499510781e-04
1.782824245463107704e-04
1.753691193601349021e-04
1.711675967843544741e-04
1.684778321460115148e-04
1.642368000780560031e-04
1.619088592101588543e-04
1.584694539439669464e-04
1.542315410464462869e-04
1.516353515211496528e-04
1.486555040323630800e-04
1.449104200635531079e-04
1.422216951486884417e-04
1.404416885538515149e-04
1.375044697276749052e-04
1.341108122945278668e-04
1.321509335379463142e-04
1.278402399969451645e-04
1.248094460577222297e-04
1.240067795324803599e-04
1.207680408975988991e-04
1.192448460019002334e-04
1.178204248366393719e-04
1.157264217513580631e-04
1.121071443234215160e-04
1.094288166433397808e-04
1.085481708572259417e-04
1.058636048362744479e-04
1.042738676379650507e-04
1.032755251541085027e-04
1.004584983620225271e-04
9.831344485395706212e-05
9.604268877736602049e-05
9.547749509456615472e-05
9.145168578661720714e-05
8.996061834639777939e-05
8.881328348810189465e-05
8.778281354876609518e-05
8.669599059690683929e-05
8.387002218290755110e-05
8.211798414963668974e-05
8.139412866404937218e-05
8.056297371550226319e-05
8.014573268366344109e-05
7.767670133976200208e-05
7.661348011085998338e-05
7.560245300056826225e-05
7.477982378454315401e-05
7.210815033472248929e-05
7.048930087902091223e-05
6.864451951148633580e-05
6.876232018157689299e-05
6.739113285840460865e-05
6.600497351714490902e-05
6.533965446338548238e-05
6.359125546228863333e-05
6.192988131632488728e-05
6.140690040674371341e-05
6.050733165332494934e-05
5.905598164997630868e-05
5.795543434820358652e-05
5.750450627566808682e-05
5.664236756746786095e-05
5.585976770535701688e-05
5.490207840950170082e-05
5.391808410964558685e-05
5.375817463868418604e-05
5.224610478420325385e-05
5.116759962017033601e-05
5.029620737301330693e-05
4.927145591280811954e-05
4.949468454359753786e-05
4.839725641225969501e-05
4.729421377413907482e-05
4.631292275532652156e-05
4.549725968660597441e-05
4.471091681997327652e-05
4.356711702150358292e-05
4.273804151991306691e-05
4.213687340476428143e-05
4.160151978579141826e-05
4.140022932039397630e-05
4.093464114681454519e-05
4.048641635532260620e-05
3.960254742642606665e-05
3.912375476467232259e-05
3.880300007161905583e-05
