1.580100414254537872e-02
1.342575550688553457e-02
1.167797444473383031e-02
1.040199401314915138e-02
9.373118167782169829e-03
8.529758919987051949e-03
7.809064427996110884e-03
7.185019198334785182e-03
6.630556893359783842e-03
6.153771853289718985e-03
5.721349477856404325e-03
5.337734553881639567e-03
4.992688451018721836e-03
4.686182768073903632e-03
4.411003601834806095e-03
4.156244893901612364e-03
3.922290060389942330e-03
3.712575645743487838e-03
3.520058153912367614e-03
3.341286839856014764e-03
3.172299737046371370e-03
3.017641036483360763e-03
2.873462376413923273e-03
2.734623140769395534e-03
2.610027103790251574e-03
2.489265227967293100e-03
2.377052111462940164e-03
2.268374943580402699e-03
2.169354181572701393e-03
2.077873936505497763e-03
1.994346025688160072e-03
1.913203815145781859e-03
1.834958526365854580e-03
1.764523565867045325e-03
1.694273213127607839e-03
1.629064072278710307e-03
1.569563571373466066e-03
1.510602693149462952e-03
1.455106760562900918e-03
1.405636141230299846e-03
1.354878947820845362e-03
1.305980612542297038e-03
1.260613965706501582e-03
1.219831271541878389e-03
1.181065062133471351e-03
1.140420113758533471e-03
1.101631183395126610e-03
1.066676414187905019e-03
1.033025259773786382e-03
9.983062204746858369e-04
9.677195548661404701e-04
9.364455803688566480e-04
9.081863925880843914e-04
8.794983467816943311e-04
8.529034689546439053e-04
8.284798623897442725e-04
8.027569012108041807e-04
7.791086472352665030e-04
7.562641470428401250e-04
7.354375516663172550e-04
7.135615321807495899e-04
6.924821661798559154e-04
6.745624329835963207e-04
6.557054603936026066e-04
6.381876040888987160e-04
6.216368084313660764e-04
6.037511566676058905e-04
5.863199240038381461e-04
5.709136964544110019e-04
5.549976674771800803e-04
5.400927209974320511e-04
5.256052720658020228e-04
5.112314279091700235e-04
4.982137407540776063e-04
4.851321509130487029e-04
4.732845929404364731e-04
4.621314441550000620e-04
4.500282754386421584e-04
4.390654146513274731e-04
4.275600910633969550e-04
4.171098718232611334e-04
4.074804470824864243e-04
3.977402576860886098e-04
3.876535737259465897e-04
3.789968898710929790e-04
3.692254591615706251e-04
3.603174247420337260e-04
3.516124588578058716e-04
3.430367184051383972e-04
3.355444834940150183e-04
3.280238473891421863e-04
3.203810861511463917e-04
3.126517012722145592e-04
3.060299629495139982e-04
2.992165165690041412e-04
2.925876779478662169e-04
2.855484420770477093e-04
2.795259689424620499e-04
2.731584213038197009e-04
2.673361765851681084e-04
2.614542893596425235e-04
2.558961757428614842e-04
2.498367810564014382e-04
2.444462344827425730e-04
2.389932052828347647e-04
2.344575346410364208e-04
2.297770179111155626e-04
2.247769877515125715e-04
2.200581294100298650e-04
2.151489830704253513e-04
2.111557752292428673e-04
2.065079198721339290e-04
2.021611171687699032e-04
1.980230632394648779e-04
1.941974224414045409e-04
1.906018313127153213e-04
1.858446313596707393e-04
1.823058426184805613e-04
1.783438760904225353e-04
1.749783346311044329e-04
1.712662986080422064e-04
1.677786320156011686e-04
1.646928423147158349e-04
1.613812631235217964e-04
1.578623552179563006e-04
1.553133480789368982e-04
1.522758404074257268e-04
1.492198719599773893e-04
1.461937247659660479e-04
1.435623541650730473e-04
1.402676736841599887e-04
1.377875394399831618e-04
1.353113813629312713e-04
1.326034695448832985e-04
1.303221436569531309e-04
1.281033003952718793e-04
1.258212644774979537e-04
1.230162205768266226e-04
1.205201816641500770e-04
1.191553622985168912e-04
1.166035150401225381e-04
1.145099210428766759e-04
1.125197073908790798e-04
1.102571262908235680e-04
1.084586206966352273e-04
1.064818976116686404e-04
1.047426085064480508e-04
1.026975805505138677e-04
1.011988495563517022e-04
9.909858127857471802e-05
9.750811442860159259e-05
9.567552740191382959e-05
9.403337037931658467e-05
9.248479529012401635e-05
9.078427381437151637e-05
8.946248225726885982e-05
8.796857946604411333e-05
8.612775609316898780e-05
8.472928131294263452e-05
8.330907961949788243e-05
8.191344495864647988e-05
8.041954216742173338e-05
7.894765030135286179e-05
7.755442974197016871e-05
7.647149222430098486e-05
7.520153284579119942e-05
7.399831627259278316e-05
7.259103712230407450e-05
7.129608469329472536e-05
7.041791978255956483e-05
6.920944898851750192e-05
6.803860977619354293e-05
6.717393543248940512e-05
6.601005451263408489e-05
6.472461648353080850e-05
6.370032743095438291e-05
6.264082089812853579e-05
6.167546432258235812e-05
6.051768965938318060e-05
5.963569058749184200e-05
5.862702219147764541e-05
5.788575103461517362e-05
5.703527728778580300e-05
5.626645697298629967e-05
5.539610239053226041e-05
5.461350749676424469e-05
5.366803175684272889e-05
5.272028392142124844e-05
5.184140898084235700e-05
5.105540594382439770e-05
5.022893120571336344e-05
4.948652400110091948e-05
4.874340676664473107e-05
4.814087544124866463e-05
4.754331432475876874e-05
4.665875914542996907e-05
4.575176702303905324e-05
4.516727045567393205e-05
4.460975502237086310e-05
4.412480463909780961e-05
