1.932152100018131452e-02
1.569884656876637669e-02
1.311208994121935804e-02
1.124716786029063623e-02
9.901639236742740269e-03
8.915508945442601751e-03
8.098419917152255981e-03
7.407850240714237283e-03
6.807514101884230839e-03
6.287808417729673534e-03
5.857863711741807464e-03
5.426788238519350202e-03
5.069018548631861083e-03
4.727923456173852360e-03
4.478648350876864026e-03
4.205019557228923538e-03
3.965313780618691906e-03
3.758374938127220528e-03
3.550921343387167511e-03
3.361382814610062997e-03
3.179228027103604172e-03
3.030388680210297555e-03
2.887650413246906599e-03
2.744245499928794733e-03
2.619667017210465694e-03
2.489941012006315069e-03
2.384138328519055765e-03
2.282571802880783724e-03
2.169334746754165641e-03
2.075109769579278236e-03
1.982150576622215919e-03
1.902237399670202297e-03
1.829741718234642730e-03
1.755701780053336731e-03
1.694184667067045319e-03
1.633283569066762159e-03
1.576492050493683754e-03
1.511135392046656679e-03
1.454217295051795983e-03
1.406269388880587810e-03
1.352346981201246051e-03
1.300162917181050398e-03
1.254830965060013638e-03
1.210494763190332656e-03
1.167188065817815817e-03
1.126969881936791843e-03
1.095283083683907957e-03
1.055993141562622164e-03
1.026576316340370963e-03
9.938431364674184254e-04
9.624432493039081389e-04
9.246300554367515049e-04
8.991709155355661134e-04
8.704460523523924751e-04
8.416460859722946436e-04
8.204391371868557980e-04
7.948812661166801191e-04
7.692567304110323927e-04
7.452329898128604415e-04
7.229425297369635687e-04
6.990715271010758966e-04
6.798653612359456533e-04
6.597064817828659101e-04
6.424285272095556438e-04
6.241311944128238301e-04
6.104657879971858714e-04
5.920781625929158075e-04
5.745031706564893452e-04
5.615271947114933810e-04
5.429944260502460665e-04
5.256995943540315091e-04
5.110975076172031163e-04
4.949005327659154177e-04
4.837489738068778450e-04
4.703097208381579620e-04
4.580797137255335520e-04
4.483897136100111359e-04
4.357023364666792764e-04
4.258477844028396423e-04
4.118524302344220766e-04
4.038307337179928712e-04
3.937880017337699249e-04
3.823334984185995785e-04
3.725219830181659519e-04
3.634513733132325813e-04
3.519858998681744131e-04
3.410334909594079202e-04
3.345611143255964454e-04
3.276710288999027895e-04
3.199227417745237941e-04
3.137381200862311985e-04
3.084597998979013021e-04
2.995512105728494732e-04
2.934805094641611137e-04
2.852115630971834687e-04
2.810159103431664825e-04
2.748608236199564505e-04
2.700398734623339495e-04
2.634307921329973696e-04
2.564318492645707758e-04
2.496278371656891889e-04
2.435984850081164674e-04
2.394180216647133486e-04
2.340595351425878254e-04
2.305431865854701832e-04
2.243129966653359039e-04
2.200439284266850399e-04
2.154406931545283877e-04
2.100703926463698445e-04
2.041524294999657100e-04
2.006858684554158241e-04
1.948244436707412220e-04
1.912279287798280072e-04
1.865259623386810134e-04
1.817311717215602015e-04
1.794890459437196290e-04
1.749170333489360183e-04
1.717854831940371460e-04
1.676269601104096436e-04
1.648692382278417468e-04
1.618499209402566869e-04
1.570652565968784714e-04
1.549353636863517385e-04
1.517793417032415736e-04
1.481701689701501133e-04
1.459862692663295241e-04
1.441626961365164122e-04
1.412952729550703249e-04
1.376185917303615375e-04
1.360228597597569250e-04
1.311884079038109260e-04
1.282264728341005969e-04
1.264197768271918033e-04
1.243143557448763629e-04
1.219979706262567414e-04
1.202343112827540094e-04
1.180377537367551611e-04
1.149914330525231732e-04
1.123526948864308106e-04
1.118522881923173537e-04
1.082397400346450189e-04
1.069140420305097149e-04
1.060549964746792043e-04
1.028078380278856586e-04
1.014264455181660611e-04
9.914719006993597764e-05
9.781389736049371281e-05
9.454395479777932538e-05
9.300729275733986734e-05
9.176851193616187132e-05
9.056939235380906243e-05
8.924285049352853301e-05
8.642099554392416994e-05
8.479404089594652942e-05
8.420629509080316535e-05
8.298261929462454674e-05
8.212357373879403610e-05
8.029578132825483791e-05
7.928011607187211154e-05
7.802344550041553765e-05
7.740211422069253071e-05
7.487771856227703050e-05
7.309439737059075272e-05
7.163655149411452558e-05
7.119479280209362396e-05
6.961652865369499018e-05
6.884178432677160776e-05
6.801024848127515507e-05
6.643358765955242786e-05
6.494029982497709992e-05
6.399020219107771207e-05
6.262290207898323232e-05
6.167263567385479668e-05
6.028643318410745910e-05
5.956738336276838375e-05
5.904655534994068632e-05
5.817434563824478686e-05
5.727260096146631017e-05
5.570066573415679911e-05
5.514076718180557503e-05
5.372882707962912708e-05
5.295231065480079707e-05
5.220127868555801253e-05
5.102426813420987461e-05
5.081085691508458862e-05
5.021171905198079010e-05
4.919520993945285866e-05
4.807110916840980026e-05
4.728455085545339102e-05
4.673950417125797945e-05
4.554975139211707219e-05
4.461627772427845121e-05
4.430700444705656151e-05
4.335648488508456097e-05
4.273042801094835142e-05
4.235119905928800264e-05
4.193019922843943710e-05
4.132962680988876624e-05
4.080812371214489798e-05
4.056492437109346984e-05
