1.923128459724778722e-02
1.534269176359386207e-02
1.262208223161947161e-02
1.083301529037899134e-02
9.525381811324729053e-03
8.514782569026916118e-03
7.686461115806632848e-03
6.977669342057810607e-03
6.384860471379049524e-03
5.871141399707196021e-03
5.432932203197845394e-03
5.037648945378329045e-03
4.690893544116278742e-03
4.390842890046487736e-03
4.125464461358601190e-03
3.881532428294130234e-03
3.664715003606712398e-03
3.461023966348773274e-03
3.272192927789407523e-03
3.106707633337570974e-03
2.945998885422572086e-03
2.797783408775680273e-03
2.663513061400459101e-03
2.538470962157477091e-03
2.416584499488450867e-03
2.305935019997689545e-03
2.198882038072833608e-03
2.094557090707184748e-03
2.002437031855510124e-03
1.918123195831215053e-03
1.836696502092544916e-03
1.760457383183958949e-03
1.686701007756352720e-03
1.622915383184269419e-03
1.559265663128501112e-03
1.499368233620755608e-03
1.443905931986909624e-03
1.387900012287802357e-03
1.335019896463947135e-03
1.285428006986062254e-03
1.240559628136209298e-03
1.197799426661393758e-03
1.154406109025206796e-03
1.114138595264271879e-03
1.075869872316462250e-03
1.040359016626563006e-03
1.006551939507055763e-03
9.721714116235839320e-04
9.402868861982931637e-04
9.111900607296163045e-04
8.820401993521334930e-04
8.557940539817777059e-04
8.275491177982968478e-04
8.010808845598160408e-04
7.764722228738446530e-04
7.543595636460544368e-04
7.312690548496540016e-04
7.097663085731323448e-04
6.885022238862376900e-04
6.675629841407795199e-04
6.502136124726256390e-04
6.314256417781098423e-04
6.142618957907769028e-04
5.963523323358599750e-04
5.798316467427994505e-04
5.637253041872855499e-04
5.486697355749900256e-04
5.327689071660992714e-04
5.193508222381881465e-04
5.057404821408554175e-04
4.914903963935506048e-04
4.788347026547253417e-04
4.660994550526911502e-04
4.539409729589218793e-04
4.419714312902738810e-04
4.300317223203292444e-04
4.193416719516253593e-04
4.087908408435371801e-04
3.987935720336112768e-04
3.891211481651220207e-04
3.797072743520618090e-04
3.705188031514270570e-04
3.608894709588425964e-04
3.518965696719298340e-04
3.434506011945786847e-04
3.351239635120409821e-04
3.269597483002215218e-04
3.192897614635877663e-04
3.117974449214539509e-04
3.039418324039993083e-04
2.973047198913618253e-04
2.910554324618680445e-04
2.842751229954544904e-04
2.777788871155828791e-04
2.710466414415247261e-04
2.650071773262445548e-04
2.589683761598244715e-04
2.538573719230788881e-04
2.476432207831690642e-04
2.426681210627387741e-04
2.371334925044054709e-04
2.322402669681944171e-04
2.267590057930971102e-04
2.215389464688692536e-04
2.174220340478056105e-04
2.127011752152139557e-04
2.085418340671055509e-04
2.039005290977228516e-04
1.994554569909222569e-04
1.960333149752168595e-04
1.917105569331000532e-04
1.877752924996968509e-04
1.839838879689298888e-04
1.800373534049054351e-04
1.763175473510265087e-04
1.731844510383136594e-04
1.703012864458489822e-04
1.664661272903170553e-04
1.626518510238775196e-04
1.594418526433960125e-04
1.559772819006458261e-04
1.527447432589217893e-04
1.497376072296231308e-04
1.475879955508310585e-04
1.443428608807655945e-04
1.414301950640275724e-04
1.388808252226104588e-04
1.363801821224088612e-04
1.335248613820672818e-04
1.310543824549990628e-04
1.289289684095997130e-04
1.265251158429690054e-04
1.242147390656088023e-04
1.216481325538297542e-04
1.191206400247951094e-04
1.173472518240954032e-04
1.147952301872379920e-04
1.127453923118871512e-04
1.105679367809719269e-04
1.086636161804074651e-04
1.070211603795725010e-04
1.051082214438270719e-04
1.030056791341002823e-04
1.013178113363502012e-04
9.956663192246298073e-05
9.784495373284909155e-05
9.619189075025292343e-05
9.446192569988809743e-05
9.260699478939919899e-05
9.116508101873681638e-05
8.979045655737200602e-05
8.830213636650440163e-05
8.699546416329725148e-05
8.562746919053318515e-05
8.421207337427379222e-05
8.269226311255263335e-05
8.136537096911319357e-05
7.975672556014203757e-05
7.839370270382853604e-05
7.696571085922771589e-05
7.551418433009424766e-05
7.431225804677889387e-05
7.340169778746634193e-05
7.228694927925080605e-05
7.120004462315839510e-05
6.988309671262008492e-05
6.863310663694931657e-05
6.765525706833919238e-05
6.643112199821133931e-05
6.545625569947154316e-05
6.434415898669630489e-05
6.345812783520651942e-05
6.216305723705067810e-05
6.133934327840791364e-05
6.054347317188828089e-05
5.933160265567179750e-05
5.841872207534899193e-05
5.758075471621462103e-05
5.677494037679387223e-05
5.568538392526117044e-05
5.506884148539173830e-05
5.421695220019579815e-05
5.335710752867896516e-05
5.258178883682165246e-05
5.160360779378149107e-05
5.097678964658089890e-05
5.005529073107711931e-05
4.921235125549219038e-05
4.843769551249495209e-05
4.770149080338204273e-05
4.694473467960682010e-05
4.636962654349205171e-05
4.568944101305544975e-05
4.491014462803768386e-05
4.430023167676899574e-05
4.360943896457120334e-05
4.294549568120643103e-05
4.229680022162337678e-05
4.177108177558417175e-05
4.122580633817276506e-05
4.058672363706078965e-05
4.012365385829864283e-05
3.937584754413442465e-05
3.878681748195808701e-05
3.823723287695619669e-05
3.774598777164087419e-05
3.712613058747107003e-05
3.673068159243653266e-05
3.633523259740199530e-05
3.565073789937490972e-05
3.519827530237395335e-05
3.471001346692896566e-05
3.444781719276943755e-05
3.401292274056046642e-05
3.357869123721156292e-05
3.308121441261153696e-05
3.255629150520441986e-05
3.199961334739972801e-05
3.156611108779690906e-05
3.110575939936106323e-05
3.066171625288305721e-05
3.038679136061009513e-05
3.006436618251278445e-05
2.948958952082805665e-05
2.903782302013017976e-05
2.880028844356542826e-05
2.840527036528994333e-05
2.806507815774263051e-05
2.780168857563496712e-05
2.726609219158064942e-05
2.684677703758342677e-05
2.651868364673247859e-05
2.598215913427405604e-05
2.570401894002973379e-05
2.542279603358606150e-05
2.506732285481402895e-05
2.475964828885338052e-05
2.450358429164954064e-05
2.416697200794663366e-05
2.389509668043001656e-05
2.361765258248877040e-05
2.316641644087895439e-05
2.289016565088584351e-05
2.254171973003060234e-05
2.228608664958581150e-05
2.208305856118794759e-05
2.174485520022086137e-05
2.140734793555685125e-05
2.110742987125907536e-05
2.093741663609292826e-05
2.071231235065457859e-05
2.042333294254803375e-05
2.016551213086499602e-05
1.994233039712086281e-05
1.968474161753885383e-05
1.949155831971309752e-05
1.922601415381019232e-05
1.902368216171540789e-05
1.874232666549972208e-05
1.854662416200568168e-05
1.833119892992442101e-05
1.814935205760594310e-05
1.789570782374137547e-05
1.770494428925489480e-05
1.751093230535404548e-05
1.717037547593369039e-05
1.698189911501446505e-05
1.680847169321893409e-05
1.660282495682377426e-05
1.639260387329410037e-05
1.622696610060444703e-05
1.605168242200070638e-05
1.588160289194855251e-05
1.563786974354210263e-05
1.549828586105338486e-05
1.543109599408481767e-05
1.522965898295113301e-05
1.507757851445000494e-05
1.490468145174253317e-05
1.467854959557106682e-05
1.449898989681984593e-05
1.429894507829231684e-05
1.417573603264744225e-05
1.391990406754463112e-05
1.379888275313800172e-05
1.363427255118146337e-05
1.346976179155393686e-05
1.338221939458107668e-05
1.315330315319729750e-05
1.304487786713208685e-05
1.288782528218039907e-05
1.275178817609308037e-05
1.262334183445361393e-05
1.249950298739166831e-05
1.231258455629361715e-05
1.215569770855694966e-05
1.202970427769976054e-05
1.187672882823753271e-05
1.177920905092054972e-05
1.168974410225347478e-05
1.151300193615757011e-05
1.137212530339170522e-05
1.128892522145233543e-05
1.117731778085876629e-05
1.093676678698067490e-05
1.081355774133580031e-05
1.072071175348234321e-05
1.070344193567739857e-05
1.047721063717692208e-05
1.034435568561796018e-05
1.023931143873912999e-05
1.020722471391151634e-05
1.002368732199984734e-05
9.892357152819056230e-06
9.869850039019521432e-06
9.732487035212052234e-06
9.712764306624830269e-06
9.642325990241897823e-06
9.542983103559710218e-06
9.413409748858118646e-06
9.301802308264549499e-06
9.192017977036184961e-06
9.076731170269203216e-06
9.037086828436737302e-06
8.952063637132162905e-06
8.885172097150629533e-06
8.746483195623009835e-06
8.607562261994364773e-06
8.492905256644452355e-06
8.389021170270754071e-06
8.378314546180548394e-06
8.234719823088377434e-06
8.139387777009641324e-06
8.061424991064859998e-06
7.958038116336217516e-06
7.870263687262331974e-06
7.808112231630332957e-06
7.790113170079305456e-06
7.689908449879021465e-06
7.614166542615491254e-06
7.551186400908398386e-06
7.435866446698411565e-06
7.360456013864919401e-06
7.311629830320420293e-06
7.243047770745696686e-06
7.190475926141776522e-06
7.107043812101380522e-06
7.019965479330573611e-06
7.000110160971337274e-06
6.910744654633273333e-06
6.804175625376272361e-06
6.791877924021886591e-06
6.706456963401267382e-06
6.622693374930834181e-06
6.527626508396127662e-06
6.429410634776066881e-06
6.382540150368788448e-06
6.350420278098170569e-06
6.303947563006936948e-06
6.301726684325687527e-06
6.218824929373350712e-06
6.103272943062337680e-06
6.018282899200766664e-06
5.942540991937236452e-06
5.893781103278744954e-06
5.878168657623987168e-06
5.822414658491708514e-06
5.829342474079488060e-06
5.784295099037415083e-06
5.747634027075286525e-06
5.674046703606998971e-06
5.555842921855687480e-06
5.477813841024900238e-06
5.428026381633292907e-06
5.374526408625267901e-06
5.370084651262767366e-06
5.277636432725355926e-06
5.245151938581698311e-06
5.183133072721713666e-06
5.142295422941114166e-06
5.068376625042790257e-06
5.035063444824037944e-06
4.965586404288213722e-06
4.934262070649686313e-06
4.876850699367220803e-06
4.884772938245112802e-06
4.834421972322442058e-06
4.820400603931863517e-06
4.769320394263110761e-06
4.716814844545197360e-06
4.681678554961240438e-06
4.650254778993702037e-06
4.602091544309278179e-06
4.560126881466551855e-06
4.506328581471493029e-06
4.529332906916083629e-06
4.466187027993973007e-06
4.398400507051339022e-06
4.345397745688369819e-06
4.334691121598164141e-06
4.288848207924000695e-06
4.303201050744617284e-06
4.243999717539950547e-06
4.195074091666440448e-06
4.131961360187333207e-06
4.106703008618488112e-06
4.072660584653654633e-06
4.002122825941710349e-06
3.993537638203743948e-06
3.934369452442080593e-06
3.895156027368664566e-06
3.856605551155322943e-06
3.841622906917635332e-06
3.816961209322857877e-06
3.812917221276402577e-06
3.767107455045243783e-06
3.761903306493657430e-06
3.759284658496362775e-06
3.735451646976678748e-06
3.693420689247945237e-06
3.656428142855779054e-06
3.637832427330685184e-06
3.587945525610066861e-06
3.560499442802976150e-06
3.499375557904092119e-06
3.485917696044576568e-06
3.424031419956607142e-06
3.413755712625450081e-06
3.395159997100355787e-06
3.351438519778432040e-06
3.326577937525632179e-06
3.295820425162468689e-06
3.285481737689604102e-06
3.224311446370515083e-06
3.194508580365858802e-06
3.186765337680187011e-06
3.147316565761444267e-06
3.121796349392870510e-06
3.094297230676973373e-06
3.084916504306916925e-06
3.054510354839592411e-06
3.035284837897427095e-06
3.034306988328817181e-06
2.976590660570717260e-06
2.951882556555734817e-06
2.926756794758905364e-06
2.898651077836039910e-06
2.895498756006385141e-06
2.837371399955038801e-06
2.817403380289590289e-06
2.804495765983936119e-06
2.774358110804942552e-06
2.765753034601173105e-06
2.753564719808700696e-06
2.747551773647823539e-06
2.721000671801833441e-06
2.695851706794901283e-06
2.677033903401681877e-06
2.646024470471689555e-06
2.607152464061211829e-06
2.573182964470986128e-06
2.551292393111321169e-06
2.531049249668941542e-06
2.517598017298026582e-06
2.507186405450553793e-06
2.497295208458239937e-06
2.473637878386476033e-06
2.433546046073461083e-06
2.409868827535894557e-06
2.411967060678030704e-06
2.375879439479866657e-06
2.361191807484912359e-06
2.351695065064342806e-06
2.346766040289687992e-06
2.340504488306282510e-06
2.275890177659106340e-06
2.264888541326166926e-06
2.270052912946148458e-06
2.240339545037602492e-06
2.199465433069699103e-06
2.180969159873616223e-06
2.200158214628476803e-06
2.178251069547310154e-06
2.179865350021591681e-06
2.146827293579771329e-06
2.131337493464126817e-06
2.104275920995879311e-06
2.070057815583125708e-06
2.043205072005801707e-06
2.046098843780027052e-06
2.052028921333395334e-06
2.052681925960568638e-06
2.037003185419803242e-06
2.008914042218439903e-06
1.988472014118037447e-06
1.984215882436358135e-06
1.967575866048484516e-06
1.924852126760972881e-06
1.932018603938379653e-06
1.918066845178108383e-06
1.914825025252343721e-06
1.887352424490849585e-06
1.859359408874197153e-06
1.854072391715101712e-06
1.842967998308851223e-06
1.834531974064401097e-06
1.816672131773989831e-06
1.797284192361106421e-06
1.786411831055881931e-06
1.777737145221805003e-06
1.755690780880022118e-06
1.737333726944555050e-06
1.710892011660477043e-06
1.673219942686734554e-06
1.658837267167414668e-06
1.651319427094168073e-06
1.667369418996575490e-06
1.642614908561387847e-06
1.637530090804615319e-06
1.654717040002050871e-06
1.638812896848859645e-06
1.612394384774884344e-06
1.595572057450490010e-06
1.588554743766599725e-06
1.575670332671048684e-06
1.551986484644881355e-06
1.552115759672596067e-06
1.533642689686615681e-06
1.518152889570971168e-06
1.519110850673779096e-06
1.492413900078572596e-06
1.483116042316025449e-06
1.463913728583962839e-06
1.455643441554531313e-06
1.458543842817358098e-06
1.436361573959260122e-06
1.424309163683102804e-06
1.421789958014819140e-06
1.397874077887625601e-06
1.412777168262103995e-06
1.390071169804546792e-06
1.391005927697252014e-06
1.375217800594574104e-06
1.368130877280375914e-06
1.343687952809423274e-06
1.343399570055290765e-06
1.331516211738452556e-06
1.324336475583843965e-06
1.322592920081847726e-06
1.325794963076008203e-06
1.320829476114049076e-06
1.300162045401221425e-06
1.280807253431341821e-06
1.303662415382415723e-06
1.263878854289335481e-06
1.244689799534474265e-06
1.257560951652823911e-06
1.251044164358290147e-06
1.237559784544371382e-06
1.215324479777467191e-06
1.207750289051114297e-06
1.206248709883045156e-06
1.215201834238353494e-06
1.195522197327037280e-06
1.160919581575440473e-06
1.160515182770794646e-06
1.147385480597016000e-06
1.148751155248770050e-06
1.148416366074432129e-06
1.137166123918965450e-06
1.128272664961063705e-06
1.126098192700018850e-06
1.113429239983991905e-06
1.102583396633170629e-06
1.082810946881443803e-06
1.083732445796947630e-06
1.066098006118961771e-06
1.059107210389474487e-06
1.058702811584828872e-06
1.051758422275546788e-06
1.051857864604557991e-06
1.044134510384688187e-06
1.048496713883979505e-06
1.035827761167952772e-06
1.028714319899351580e-06
1.002614023278212297e-06
1.002617338022512593e-06
9.982054133587157796e-07
1.003509004239313123e-06
9.928388423364115460e-07
9.802958499037988060e-07
9.726189021041344133e-07
9.677893196584903785e-07
9.513581321615399467e-07
9.664799956598428393e-07
9.618492978722214219e-07
9.447319583050937753e-07
9.268721160146822973e-07
9.269616141107924010e-07
9.184592949803349824e-07
9.103315419558195635e-07
9.136031945802880520e-07
9.011861624310897282e-07
9.064367174028809624e-07
9.045738311060712160e-07
8.913745193019847704e-07
8.749764792480380375e-07
8.748173715216201342e-07
8.777608644603516109e-07
8.640179345910039514e-07
8.462840525840067836e-07
8.559200142651918298e-07
8.421903433730457769e-07
8.368635492823458338e-07
8.337443748956944454e-07
8.178468612311042342e-07
8.149630336897794580e-07
8.116814368324098704e-07
8.134946019647141213e-07
8.060430567774749240e-07
7.924990115661495642e-07
7.839801187141901373e-07
7.781627424670349834e-07
7.690140481980047464e-07
7.632298193938532915e-07
7.651888332753740508e-07
7.779008776673055814e-07
7.770423588935088566e-07
7.744402846177157864e-07
7.631071738547394888e-07
7.630143610143290893e-07
7.521585734306065017e-07
7.556224812244965925e-07
7.451147417923132149e-07
7.512039270720989757e-07
7.457412284650838351e-07
7.397249675599062755e-07
7.186564527867335171e-07
7.206353551340563688e-07
7.096237745682162795e-07
7.140589024421159046e-07
7.102436317523860964e-07
7.107706760961455137e-07
7.026959589804360979e-07
7.125076021095410558e-07
7.006540764914061441e-07
7.133760651162388797e-07
6.852537744718718412e-07
6.800496259202858068e-07
6.788331147620487729e-07
6.729792763275894125e-07
6.696976794702199308e-07
6.627864376039415458e-07
6.629820075176636557e-07
6.757205698639981878e-07
6.722632915587089003e-07
6.573469422070290050e-07
6.550199917081669434e-07
6.491694680180080906e-07
6.408560893126718726e-07
6.372827949568694799e-07
6.263308797884360912e-07
6.162805750697042254e-07
6.126244121063924264e-07
6.112355342445360943e-07
6.070026057729593824e-07
5.952054308079307696e-07
5.885560537413819982e-07
5.885394800198800958e-07
5.870047534088072552e-07
5.910553709438633580e-07
5.957689373389941817e-07
5.862291032425199367e-07
5.880024914432195793e-07
5.835773078022212651e-07
5.805277430458777822e-07
5.766726954245436834e-07
5.702818684134240183e-07
5.637219894429851389e-07
5.599730136392630463e-07
5.541059162276022910e-07
5.590051083035540195e-07
5.462632312129189798e-07
5.514309175772010195e-07
5.428424150949337930e-07
5.463659882862305843e-07
5.478443642441971260e-07
5.438070056863424181e-07
5.419242309237303676e-07
5.393586188352413981e-07
5.484609066840664353e-07
5.310120926869014812e-07
5.245616002783750097e-07
5.122009187822829847e-07
5.273426707463881814e-07
5.281680420771812073e-07
5.287315486082446194e-07
5.230600211103058681e-07
5.286519947450357206e-07
5.083922775811540857e-07
5.033406072673851512e-07
4.955741613716105489e-07
4.874298346255933335e-07
4.968403936943530783e-07
4.857393150324028853e-07
4.862265824445578004e-07
4.833825318348375264e-07
4.874795557900989349e-07
4.724538198765067905e-07
4.655226895444262073e-07
4.575772474564313446e-07
4.621549093352469177e-07
4.678330663217864193e-07
4.626952126562077828e-07
4.553629982637820395e-07
4.414709049009175228e-07
4.403505213273913430e-07
4.563507920652932645e-07
4.421239095280910916e-07
4.398798276367383304e-07
4.353485721781280629e-07
4.381329573904416363e-07
4.279301744338925646e-07
4.488694141793507170e-07
4.421736306925966930e-07
4.272175044093123483e-07
4.229878906820359851e-07
4.305421929425867869e-07
4.320537163435569746e-07
4.288450438607956413e-07
4.192521738555152873e-07
4.374434905759639669e-07
4.294549568120643061e-07
4.252187135961872455e-07
4.204222785935470685e-07
4.177207619887427955e-07
4.189571616127820805e-07
4.101399417737890980e-07
4.179130171581645037e-07
4.129773628949086216e-07
4.117608517366716407e-07
4.186522051371477216e-07
4.078527682065315388e-07
3.974278973818575145e-07
3.917596846282191648e-07
3.905862651458869820e-07
3.918591269572303677e-07
4.024696234627252439e-07
3.999537325387419288e-07
3.883819601861387232e-07
3.828794846475190802e-07
3.862207469022953683e-07
3.809834509077055819e-07
3.788255523681625228e-07
3.836518200695060500e-07
3.824021614682653172e-07
3.853555986398979460e-07
3.750898355416418250e-07
3.705088589185259562e-07
3.753483855970709842e-07
3.710160147964830165e-07
3.645290602006524973e-07
3.588177557711092966e-07
3.731904870575279251e-07
3.576410215444767650e-07
3.518070715758197616e-07
3.551947402508013024e-07
3.466559589330396773e-07
3.543693689200083824e-07
3.544124605959131805e-07
3.574355073978536619e-07
3.510380508981331935e-07
3.443290084341775628e-07
3.448659970108380793e-07
3.428440029876103766e-07
3.432550312808566358e-07
3.383127475290000562e-07
3.301773705925938829e-07
3.253378439140489078e-07
3.209786236846279726e-07
3.190822584703843494e-07
3.149805938731024633e-07
3.161864978495783071e-07
3.199331533322902139e-07
3.150299835631779928e-07
3.128856754752665064e-07
3.104072411618774018e-07
3.106813705155182476e-07
3.210591719711270341e-07
3.083487849513455985e-07
3.049505090946028677e-07
3.076009786371814104e-07
3.003148391905307949e-07
3.007182435718862467e-07
3.036345556073547369e-07
3.015790826666932103e-07
3.010997706408592275e-07
2.950231813894148765e-07
2.981927398894318514e-07
2.992869369829850486e-07
2.956496680621854438e-07
2.967332579739775039e-07
2.855990318690235590e-07
2.825885810954245404e-07
2.776612136929196095e-07
2.738051716482953478e-07
2.738903605768149929e-07
2.753829899352730394e-07
2.705504242197588337e-07
2.789274460156622447e-07
2.833456686936298426e-07
2.712879548265918508e-07
2.803451621529319231e-07
2.809126463771557748e-07
2.708759321100554817e-07
2.663652280661075034e-07
2.610778794325820437e-07
2.580104150570165824e-07
2.548259402076479588e-07
2.489396172790450433e-07
2.525583236317625788e-07
2.497129471243221230e-07
2.489571854238370556e-07
2.516480948468800857e-07
2.453103037445663177e-07
2.426956334404318906e-07
2.356153396148345031e-07
2.371586845610883139e-07
2.347293084633447198e-07
2.341174066654958087e-07
2.358450513948503690e-07
2.434676373879887886e-07
2.375915901667170705e-07
2.362819346936395652e-07
2.362056955747309887e-07
2.319790651173249818e-07
2.335061678165069885e-07
2.354230844454128479e-07
2.326837797555843453e-07
2.318494586151803832e-07
2.304406922875217470e-07
2.286212291410468442e-07
2.301453485703584947e-07
2.350180226919072217e-07
2.333185532891058638e-07
2.331478439576366075e-07
2.293196457651355028e-07
2.282324096346130485e-07
2.267033180888508484e-07
2.232854852407359384e-07
2.192670207253933717e-07
2.207029679563151004e-07
2.220616816450381162e-07
2.181482945240173928e-07
2.196366147148850072e-07
2.140390060148446200e-07
2.149469144787168478e-07
2.139720481799770782e-07
2.147931103431795660e-07
2.119291712676570144e-07
2.128258096009079878e-07
2.141828659174808292e-07
2.084185255791316519e-07
2.118022165609527266e-07
2.090877724533770512e-07
2.026624721015334259e-07
2.086966326259329903e-07
2.017336807485688105e-07
2.026647924225436912e-07
2.017366640184391667e-07
1.992085085405444607e-07
1.997342269865836432e-07
2.006646757116984330e-07
1.961175094804463540e-07
1.966120693300620310e-07
1.912958824211233573e-07
1.964198141606404021e-07
1.925021178720291672e-07
1.905971343226046268e-07
1.945764848552027820e-07
1.922800300039041617e-07
1.865074028048040861e-07
1.816105310498625964e-07
1.793253463291852570e-07
1.878531889907556201e-07
1.846677197180969131e-07
1.856316473606454473e-07
1.851042715424560639e-07
1.880845581429216868e-07
1.825519184311686216e-07
1.809300140449959691e-07
1.753655527879593074e-07
1.735490729113547343e-07
1.731990359132353046e-07
1.738918174720133492e-07
1.753101965581430655e-07
1.724568646643817304e-07
1.675046366796239988e-07
1.738301632280263759e-07
1.719798729595580129e-07
1.708038016817855723e-07
1.680449400005848640e-07
1.673753616519094722e-07
1.674608820548590833e-07
1.653891668671257793e-07
1.656642906440567614e-07
1.729567281048780289e-07
1.686906521902975915e-07
1.679919040917789139e-07
1.625951688963411257e-07
1.684437037399197588e-07
1.622288896511498655e-07
1.680088092877107824e-07
1.680628396198068689e-07
1.685332018360298625e-07
1.661827166526351291e-07
1.620561914731004159e-07
1.602940734030219748e-07
1.644461221136695797e-07
1.636711348962422991e-07
1.621914330405556549e-07
1.653089500550567367e-07
1.603673292520602215e-07
1.590367908898903817e-07
1.571281611217354470e-07
1.557389517854489901e-07
1.526963479921363295e-07
1.570290502671542897e-07
1.525213294930766411e-07
1.514168566921922464e-07
1.546696152741485671e-07
1.544939338262287878e-07
1.499769317681100781e-07
1.464334701110110356e-07
1.457781451628272280e-07
1.450207260901919333e-07
1.512716708918359082e-07
1.531451643704068711e-07
1.526728133076036841e-07
1.476088784399234118e-07
1.435463278253858842e-07
1.428031621532422001e-07
1.422555663948205466e-07
1.408782901380154350e-07
1.393074328140685128e-07
1.416098542051077926e-07
1.444111446133532875e-07
1.400996567018577338e-07
1.363142187108314081e-07
1.405345511540667102e-07
1.401540185083838393e-07
1.399170142909071586e-07
1.356194483054731702e-07
1.338964442181391404e-07
1.340913511830010800e-07
1.334403354024077575e-07
1.325662373303993195e-07
1.304922018216557502e-07
1.290509509998534265e-07
1.340668220751783247e-07
1.337227516167995809e-07
1.342928876364637964e-07
1.348726364145990655e-07
1.282998299413888632e-07
1.269759210678197472e-07
1.260487870870053591e-07
1.248186854771368055e-07
1.238534319368681159e-07
1.249124927408373679e-07
1.214903507251319992e-07
1.268761472643785254e-07
1.283565120689252340e-07
1.265841182915156483e-07
1.258731056390855533e-07
1.227217782327206817e-07
1.207935914731935149e-07
1.206510574682774611e-07
1.175073539738034233e-07
1.174775212751000730e-07
1.215327794521767593e-07
1.197007202773604466e-07
1.187454109699928694e-07
1.172985250828799185e-07
1.178915328382166884e-07
1.174102319658024857e-07
1.157555116110561399e-07
1.147945672383779222e-07
1.185342617580590729e-07
1.200567238152205358e-07
1.174533236417073500e-07
1.129717893476026442e-07
1.175948632233332939e-07
1.152967509998844860e-07
1.158579372099376725e-07
1.117758296040279524e-07
1.095937334310922100e-07
1.079625477608785096e-07
1.074497568176107691e-07
1.077248805945417512e-07
1.082187774952973770e-07
