1.931656924976239351e-02
1.539229771463333785e-02
1.265266047375415183e-02
1.085166516637680288e-02
9.539395522586455872e-03
8.523068290354401944e-03
7.691576199536102366e-03
6.981766689220308790e-03
6.389050473779979943e-03
5.874584903850007395e-03
5.434878131670687132e-03
5.038503527404666546e-03
4.692078973948912539e-03
4.391879833693071618e-03
4.127098006428531370e-03
3.881371691224099439e-03
3.664278527649254130e-03
3.460387874175391461e-03
3.271099795475688327e-03
3.106234697678155084e-03
2.945240562539952998e-03
2.797239426637150930e-03
2.663095937986437959e-03
2.537469232300111968e-03
2.415464071575995110e-03
2.305008613013266767e-03
2.198058304487424119e-03
2.094144240727877342e-03
2.001936180886582355e-03
1.917682882798826642e-03
1.836286248735439488e-03
1.759831410644359558e-03
1.686406166180986176e-03
1.622837909107867783e-03
1.558740886516851113e-03
1.498737639727927519e-03
1.443460026907138986e-03
1.387337719485431074e-03
1.334461167695602090e-03
1.285003301140989589e-03
1.239878651377707228e-03
1.197051969997240707e-03
1.153819569162789320e-03
1.113586831832389821e-03
1.075432575311338797e-03
1.040108378260297091e-03
1.006320594223525855e-03
9.719342077136621698e-04
9.398823708488588486e-04
9.107736628100931899e-04
8.816117456626082916e-04
8.554428408805853090e-04
8.272220598435734177e-04
8.008137140723134775e-04
7.762111524282157326e-04
7.540096518150774278e-04
7.308969452151206679e-04
7.095999994502109540e-04
6.883296582396608056e-04
6.672322466324485382e-04
6.498461703584091677e-04
6.313626562170336241e-04
6.141495095463321346e-04
5.961814586456750309e-04
5.796932860812742784e-04
5.635542982928440576e-04
5.485526552032894123e-04
5.326597595426861217e-04
5.192510641454162797e-04
5.055430675116001594e-04
4.914459792702741050e-04
4.788786529046285467e-04
4.659488394858326199e-04
4.538105115592366151e-04
4.418850200675179482e-04
4.299429007293244578e-04
4.191214982435317741e-04
4.087091407810188883e-04
3.987058283417858548e-04
3.890783052328830268e-04
3.795738281878936098e-04
3.703753035180403354e-04
3.607743849634971272e-04
3.517820455899312720e-04
3.433949598280476752e-04
3.349646416653296352e-04
3.268076852986571534e-04
3.192037711057361211e-04
3.117059425733242537e-04
3.038376456214541372e-04
2.971865070315385100e-04
2.910085969522954188e-04
2.842081403010361836e-04
2.778001008265820315e-04
2.710249185019644540e-04
2.649976567117829328e-04
2.589587554290690677e-04
2.538387089425520613e-04
2.475387504701839899e-04
2.426109218889155306e-04
2.370342747382007845e-04
2.322195155129608854e-04
2.268001677898976549e-04
2.215294730143190242e-04
2.173209650715499227e-04
2.126235984424220283e-04
2.084410299401535927e-04
2.037792469024817649e-04
1.993495886015979681e-04
1.959302382525223416e-04
1.915704169068326620e-04
1.876575520743853213e-04
1.838983285433650329e-04
1.799395708546472437e-04
1.762508493926800534e-04
1.730759283867838369e-04
1.701883365679719966e-04
1.663679225619244526e-04
1.626070362462566981e-04
1.594148222800267044e-04
1.558967025228908396e-04
1.526652468389803430e-04
1.496778879413197523e-04
1.475332283030014616e-04
1.443034354037384310e-04
1.413928971567913800e-04
1.388438482922062125e-04
1.363762758753475331e-04
1.335272606603571876e-04
1.310962695057430328e-04
1.289629168030276090e-04
1.264773863119761442e-04
1.241468273500696937e-04
1.215997738270615234e-04
1.190643597965856970e-04
1.173493637111759543e-04
1.147777009753850937e-04
1.126932341413055465e-04
1.105452489336922965e-04
1.086596511434512283e-04
1.069875549019464383e-04
1.050843315944420889e-04
1.029705997505669165e-04
1.012585966775226290e-04
9.949338449575903423e-05
9.778005119499677121e-05
9.616415707457677087e-05
9.443885172435267353e-05
9.257487013452882696e-05
9.108534764731722390e-05
8.973815952592981984e-05
8.824331612784628740e-05
8.696496729086450187e-05
8.559350251362391154e-05
8.411861253131012106e-05
8.257588093537919711e-05
8.131249716022472820e-05
7.970558207690112053e-05
7.834974747534682784e-05
7.688616442863589067e-05
7.544319991155370357e-05
7.428091344296594708e-05
7.338932831498777055e-05
7.222936974490648825e-05
7.110665755092872515e-05
6.980968552589518678e-05
6.858587602535071127e-05
6.763675854856975598e-05
6.642226064205117720e-05
6.542492241049332634e-05
6.430553578581053604e-05
6.341195531625536228e-05
6.214524597180594767e-05
6.131551643271396712e-05
6.050973099254569588e-05
5.932283531117525584e-05
5.840331540111942297e-05
5.757092540659148450e-05
5.675948649862177982e-05
5.567235789610007664e-05
5.504049973005809693e-05
5.420511672316469649e-05
5.333315245402675786e-05
5.255530179593612941e-05
5.155995890595525545e-05
5.090648453949604739e-05
5.000026690662005152e-05
4.917685594918849896e-05
4.840133318960433792e-05
4.764576384578992561e-05
4.690183399450786390e-05
4.633050118963411137e-05
4.563213163769297377e-05
4.486525535827570814e-05
4.426199708817035901e-05
4.358956697672989407e-05
4.293309959790522404e-05
4.227862756065753092e-05
4.172458771611755566e-05
4.117154554236607901e-05
4.056030590595282903e-05
4.009605643237672642e-05
3.936077306126155333e-05
3.875186132335477755e-05
3.821511443914859309e-05
3.772226506963584635e-05
3.711634634409453253e-05
3.671428501633413672e-05
3.629991908218238898e-05
3.562283317372898244e-05
3.516822785110825352e-05
3.470298070674365229e-05
3.444657931410240794e-05
3.400195069936654999e-05
3.357428248803497880e-05
3.306261039631276866e-05
3.253786881726137707e-05
3.197717783413149008e-05
3.153381293572771774e-05
3.106244674386039907e-05
3.063564318054551268e-05
3.033022289649659148e-05
3.000488245237086993e-05
2.944718448160644491e-05
2.899078335156643610e-05
2.875207398757436642e-05
2.837049816667090686e-05
2.802736592681716213e-05
2.777701707029273846e-05
2.724482621602064032e-05
2.682470704698862419e-05
2.651017470307151343e-05
2.595041487934421476e-05
2.569085419587275980e-05
2.540957754490522799e-05
2.504599305388749200e-05
2.473990765597957624e-05
2.449491296602003372e-05
2.414908701503737254e-05
2.387698893532392704e-05
2.361130920434974787e-05
2.316039526364642047e-05
2.288746579160923176e-05
2.253994380028614259e-05
2.227589359826649129e-05
2.206199298121480556e-05
2.172976860864852351e-05
2.139960608904511172e-05
2.109229023049806213e-05
2.092421595833089426e-05
2.069302238094542789e-05
2.040529412554567798e-05
2.014037927550933849e-05
1.992671144830830153e-05
1.967120795937669374e-05
1.945477990966084020e-05
1.920745732119482688e-05
1.901713499044439126e-05
1.872059397641300408e-05
1.852754467884070363e-05
1.832229054195590992e-05
1.814154585077495124e-05
1.788012284849831965e-05
1.769186237071075768e-05
1.750596304712261826e-05
1.716549126270483822e-05
1.698102193391352966e-05
1.680679535855068922e-05
1.659548868554907143e-05
1.638364992146025935e-05
1.622285864604904940e-05
1.605598157882806701e-05
1.588055779851904110e-05
1.564141611051862564e-05
1.549635477787256860e-05
1.543147292092794196e-05
1.522542064741235511e-05
1.506343216705496139e-05
1.490433693198417944e-05
1.467680148082316620e-05
1.449632283518580637e-05
1.428790940747080204e-05
1.415578453938212789e-05
1.389865152149599054e-05
1.378870820060468571e-05
1.360942675991351134e-05
1.345901126070256977e-05
1.336147231328145691e-05
1.313726243141540123e-05
1.303031212288955837e-05
1.286330203289677740e-05
1.273197530143889468e-05
1.259163627719167599e-05
1.247145020287189965e-05
1.229153690401468248e-05
1.212914935534189303e-05
1.199845448205005142e-05
1.185535523528801784e-05
1.176001116360157720e-05
1.167517589088720352e-05
1.150394232788982675e-05
1.136669608308691853e-05
1.128053058265456251e-05
1.116958959097476922e-05
1.092828628293263160e-05
1.080088372324279748e-05
1.071096032950713981e-05
1.069828991049335069e-05
1.047062143656053888e-05
1.033856307985776486e-05
1.023693368220385476e-05
1.019992009595097416e-05
1.000357848477666453e-05
9.877605919883662957e-06
9.858749941981252886e-06
9.716349064771160541e-06
9.693768449258395500e-06
9.612824092619123739e-06
9.520905357306489163e-06
9.400652771600816074e-06
9.289345967298577133e-06
9.181797056299643230e-06
9.062442374303606699e-06
9.019342996240953654e-06
8.937733525742689027e-06
8.869758889353751905e-06
8.737135185870835216e-06
8.603713345757127087e-06
8.486320749645117394e-06
8.377541378007047958e-06
8.372153955749216751e-06
8.225130537219131185e-06
8.129420652910246587e-06
8.051369541557586596e-06
7.939896458790600710e-06
7.859617216010320121e-06
7.799158366227986296e-06
7.771323351229190315e-06
7.669261629566934431e-06
7.598892583285628071e-06
7.538965824590488539e-06
7.403382364435059100e-06
7.333279363697348193e-06
7.298460653179139820e-06
7.226694867793950981e-06
7.175181799415054693e-06
7.096997665290596129e-06
7.008371243579970736e-06
6.996498961196971363e-06
6.896233046953993677e-06
6.785258799581252017e-06
6.785425078045999810e-06
6.701354686269466659e-06
6.618647777903865920e-06
6.520609995088510525e-06
6.426363361269405999e-06
6.376845634467484922e-06
6.342891571965965581e-06
6.301721024094387614e-06
6.292908265462749498e-06
6.216619705836417638e-06
6.090913186487012361e-06
6.011099523408025085e-06
5.934578173931046145e-06
5.883098361245099924e-06
5.867135628629302469e-06
5.807541426863658523e-06
5.812230479569548491e-06
5.772855739117248723e-06
5.733946578366242267e-06
5.664807992724069746e-06
5.547315629533210700e-06
5.474784963210180489e-06
5.425766071802502791e-06
5.372157894767782785e-06
5.368932092551673736e-06
5.275284061205661942e-06
5.239168378662420444e-06
5.176082329137071149e-06
5.133481786468661484e-06
5.057858340701320796e-06
5.027362870266558431e-06
4.958590097246830716e-06
4.927163467409479185e-06
4.863911139419382097e-06
4.866205782232902828e-06
4.817718981912418577e-06
4.812597605198182822e-06
4.762348253151370439e-06
4.703685210788314813e-06
4.669531614129098459e-06
4.637905450134049915e-06
4.590216786444354562e-06
4.544357185866886628e-06
4.494041322434174958e-06
4.515424733000753687e-06
4.456362622322303188e-06
4.393010527253357593e-06
4.343293266293737810e-06
4.325301936408016771e-06
4.274287703423363862e-06
4.290549737275707683e-06
4.237639929792928917e-06
4.189219640858343105e-06
4.124504062378464252e-06
4.098065786483549902e-06
4.062315916562753210e-06
3.987889675741597988e-06
3.981005747301034949e-06
3.921810613850786723e-06
3.884664004826107552e-06
3.848747856440563066e-06
3.834547675551093742e-06
3.811301946179338375e-06
3.808974047672868001e-06
3.761218872597274209e-06
3.758092837460013666e-06
3.750311005309812375e-06
3.729459685830427092e-06
3.689785644141580534e-06
3.654534609615027644e-06
3.630790044849028897e-06
3.584132307640771217e-06
3.558126355754200960e-06
3.488854747340230289e-06
3.482469654293911053e-06
3.420647321100645663e-06
3.405848537738083183e-06
3.389420225420991992e-06
3.348382700321212599e-06
3.326267664509742987e-06
3.291671767134297012e-06
3.286447297771918422e-06
3.224601685593588070e-06
3.194954235329039281e-06
3.180644310652836346e-06
3.143377981133538882e-06
3.113557601265652371e-06
3.089543665386761725e-06
3.077039524837720400e-06
3.048203513481141637e-06
3.029314279885781498e-06
3.027122729720404027e-06
2.969846449753345774e-06
2.946091908279462346e-06
2.920800953791308362e-06
2.893218682058927976e-06
2.891150177957464396e-06
2.835014568258576580e-06
2.815034547934470258e-06
2.801552690012711536e-06
2.773461606178202666e-06
2.763102457824409311e-06
2.752410752541119947e-06
2.739746984665920756e-06
2.714173356787695015e-06
2.692929620131504365e-06
2.674961569230847441e-06
2.643069359692202174e-06
2.603508387359384403e-06
2.566947078530618107e-06
2.538167601852053526e-06
2.521326918942386758e-06
2.505729998949034532e-06
2.497336262048561498e-06
2.490568728533322422e-06
2.466518211392187381e-06
2.425823219929789102e-06
2.400286173313807757e-06
2.403066349244392856e-06
2.369015845233319338e-06
2.355198104812769853e-06
2.343608495819841813e-06
2.339145581826008573e-06
2.325866583631242040e-06
2.265873313550203222e-06
2.255068538910885493e-06
2.264599620510234635e-06
2.229727700883307256e-06
2.192880393095174451e-06
2.174223949350461392e-06
2.190366262708186498e-06
2.164300450574307306e-06
2.168370947391335602e-06
2.137366664854443906e-06
2.123748458591591858e-06
2.095082051269055641e-06
2.061729916809923785e-06
2.034131017231069212e-06
2.037582958159234989e-06
2.046877924338642299e-06
2.043289635069382772e-06
2.030313263680457358e-06
2.002105784920625372e-06
1.979774587104983714e-06
1.973831794774894099e-06
1.959821171335237107e-06
1.916289469264239546e-06
1.923466047802758176e-06
1.910715815125889913e-06
1.910250235424596177e-06
1.881630386072189037e-06
1.854154532557247721e-06
1.849086364951732031e-06
1.839405632734109918e-06
1.828451207476518795e-06
1.812834334067396995e-06
1.792511780105909982e-06
1.782365468186993709e-06
1.773419686783557231e-06
1.751853369905755887e-06
1.734088178732091152e-06
1.709735034785115415e-06
1.671683870912208063e-06
1.657021435890739121e-06
1.649242929309833006e-06
1.666286471946491752e-06
1.640659634959546581e-06
1.637121229229711731e-06
1.655451767183519133e-06
1.639758405680613153e-06
1.613363362186533128e-06
1.596861887344952298e-06
1.590124283953367901e-06
1.575904149648128368e-06
1.551341494835570090e-06
1.549292944149876296e-06
1.532548702749763705e-06
1.518035918346567735e-06
1.519233123292752565e-06
1.491800502178645574e-06
1.482804837235784842e-06
1.462555445798786621e-06
1.454747009094225827e-06
1.456047306688554340e-06
1.434690500676335114e-06
1.422715125645192270e-06
1.420270832213398144e-06
1.396153803686364240e-06
1.409482685420555026e-06
1.386236956048800083e-06
1.386456443622267517e-06
1.371970263773431049e-06
1.366064052705586041e-06
1.342219720860738577e-06
1.342289557815932616e-06
1.330234369121710628e-06
1.323034511598127036e-06
1.321990282839510353e-06
1.326350104185200123e-06
1.322060119794704393e-06
1.301498124843980371e-06
1.276436634637178290e-06
1.303530047683199555e-06
1.263899238395187533e-06
1.244378146633785230e-06
1.257467587378739008e-06
1.250749937402924186e-06
1.237886635370027559e-06
1.215296043149379107e-06
1.208811183024211364e-06
1.207720396295465181e-06
1.217238175617634677e-06
1.197813525365786128e-06
1.161927307103896321e-06
1.160926310746113963e-06
1.146426828620098061e-06
1.145252902658977981e-06
1.146317084833364450e-06
1.135439147669557295e-06
1.126662970300163997e-06
1.124617745183764956e-06
1.111757768720162871e-06
1.101674642617850920e-06
1.081638087615730205e-06
1.081834296204132677e-06
1.063477153695965561e-06
1.053623491875005726e-06
1.054085746007004709e-06
1.044148944953670766e-06
1.045725264799480895e-06
1.040108378260297149e-06
1.046596563954759856e-06
1.034265353009056252e-06
1.023370787998774487e-06
1.000118407488429403e-06
1.000956450950758932e-06
9.972750457412406159e-07
1.002901908988309255e-06
9.926258998668895849e-07
9.804576418166390214e-07
9.726857863743226232e-07
9.672983641164909927e-07
9.496329400216751875e-07
9.655358123901632847e-07
9.608800153772225367e-07
9.438564261563334712e-07
9.255524927568857848e-07
9.255923995884251450e-07
9.172285928116062603e-07
9.091042270240243841e-07
9.127091441397587324e-07
8.967430859546662070e-07
9.027956220714894334e-07
9.022834844000659851e-07
8.898059484053842681e-07
8.733144502716885428e-07
8.727923358923802015e-07
8.751002809830808953e-07
8.617547714024152875e-07
8.449007862155690854e-07
8.535672197982290890e-07
8.412293577139356622e-07
8.368429318138863899e-07
8.322436694789596121e-07
8.170258643852327909e-07
8.144252691965757652e-07
8.113158619057902554e-07
8.133145290520599016e-07
8.055892315798728983e-07
7.923468146473509730e-07
7.841127050730353797e-07
7.781133780649315825e-07
7.689946670581572768e-07
7.629421309413340503e-07
7.651237043988263113e-07
7.783395167769887336e-07
7.774116829436954848e-07
7.749806917890813224e-07
7.625630160417088576e-07
7.590744938512981550e-07
7.502218283881204664e-07
7.539597682756529645e-07
7.432314817301192041e-07
7.440063393758443053e-07
7.424799030694587473e-07
7.385457545935235654e-07
7.179006204104255417e-07
7.200755427293279799e-07
7.089581645762841338e-07
7.134443575551821243e-07
7.059418732257574135e-07
7.082863995787026092e-07
6.999924297570777638e-07
7.093838374460387213e-07
6.991743397105182321e-07
7.119644792189258551e-07
6.833579321436988899e-07
6.783762293398520609e-07
6.772654891953363032e-07
6.715288821615340530e-07
6.678641047984905585e-07
6.617949408351925104e-07
6.606975029678565042e-07
6.738468039601195340e-07
6.705910716203559113e-07
6.548977101174500376e-07
6.532482277471510110e-07
6.475714809606580130e-07
6.391079071049904101e-07
6.355661758058603841e-07
6.246849130727583703e-07
6.144887176144178443e-07
6.108305913899641726e-07
6.093141317914634016e-07
6.047680785652561590e-07
5.928691916278970712e-07
5.846882911623009072e-07
5.846350820535815837e-07
5.837272016360581210e-07
5.875482807559646214e-07
5.925765415299408452e-07
5.831385758708505988e-07
5.836939459431085835e-07
5.796467281111449319e-07
5.772057602486457707e-07
5.741329342201048685e-07
5.668765420185068831e-07
5.607608200850794402e-07
5.573753905428124202e-07
5.517917596965784235e-07
5.563577663385554521e-07
5.429490709412855220e-07
5.488020729004113120e-07
5.401356393177512025e-07
5.441961594268947114e-07
5.460983850636106038e-07
5.418749120590141602e-07
5.393807350877958873e-07
5.375982299456984991e-07
5.468067313234366302e-07
5.299361182901157122e-07
5.234645604421278269e-07
5.107974669976335665e-07
5.262380852341225744e-07
5.274519180267822264e-07
5.283099149048812242e-07
5.217818223788791570e-07
5.274552435960771907e-07
5.067369468884900576e-07
5.014592684173920383e-07
4.936874129750756401e-07
4.858024881767306664e-07
4.955929641810864968e-07
4.842660751624601095e-07
4.844922138745173664e-07
4.824602910352980769e-07
4.867103685942541292e-07
4.705481018207592376e-07
4.639734513246276698e-07
4.560951776648726247e-07
4.605813706437707211e-07
4.659721184708972630e-07
4.615058789077689526e-07
4.541829753202718923e-07
4.404350718549163415e-07
4.393875175270046414e-07
4.555298308847297999e-07
4.408906748483255550e-07
4.387190780987180811e-07
4.332119353462679993e-07
4.355331827141485505e-07
4.261384494558927346e-07
4.474287440822126211e-07
4.374420594894543186e-07
4.248281751536793816e-07
4.202189361108678696e-07
4.277945829647816898e-07
4.291979732072539382e-07
4.256196606458793046e-07
4.159123238738975295e-07
4.343958380152729723e-07
4.263213557671154552e-07
4.223040680588064297e-07
4.174520624574629449e-07
4.146851888040580732e-07
4.162349040955084345e-07
4.077646791012509030e-07
4.161185091701848946e-07
4.113962007713448600e-07
4.100792753305415255e-07
4.170529941420680191e-07
4.063280331658291172e-07
3.956330023132448413e-07
3.898598140171980894e-07
3.885994232544090955e-07
3.900161157740610953e-07
3.985229220305631816e-07
3.959589081041507106e-07
3.860620138823562863e-07
3.809040559058767182e-07
3.846386702241143578e-07
3.790450626699953092e-07
3.778345554466306745e-07
3.825435615682909577e-07
3.811800781573582284e-07
3.803819415265683768e-07
3.717254846517931603e-07
3.688621694888345347e-07
3.746652879085359127e-07
3.707344650018957480e-07
3.628495402035508273e-07
3.574255366834746420e-07
3.718618329928864332e-07
3.564378426028721941e-07
3.510836760379901539e-07
3.547916858018680789e-07
3.462083914515819718e-07
3.540733628341571595e-07
3.539004332308193318e-07
3.566041210676200931e-07
3.490484276294759530e-07
3.411435494153612462e-07
3.420747088179494593e-07
3.401724831812335670e-07
3.379277239071370366e-07
3.360421261168959659e-07
3.280584319104907633e-07
3.231964496012624915e-07
3.195918650424576926e-07
3.180680891915080530e-07
3.134285874681124185e-07
3.145569531298915930e-07
3.185459734991935276e-07
3.119247650329325120e-07
3.117834283378967926e-07
3.092656398246842200e-07
3.096058455635584359e-07
3.202047674635184014e-07
3.071036872260321956e-07
3.036613904488213914e-07
3.064192850651299124e-07
2.989866376908991879e-07
2.968529524312542016e-07
3.004971112646689701e-07
2.990016027527264745e-07
2.992679808532525881e-07
2.934183044634218154e-07
2.972942554766951214e-07
2.985134091802266634e-07
2.948160412380925714e-07
2.957072938091413184e-07
2.843358421619625679e-07
2.815024571226585683e-07
2.764695405516693944e-07
2.726285080159931609e-07
2.725609989593054908e-07
2.723245509824340032e-07
2.681778986285510770e-07
2.772926189521714785e-07
2.815559987883073352e-07
2.695041356633802587e-07
2.759933190286314020e-07
2.796657452010533144e-07
2.698044345707149555e-07
2.651280190281453228e-07
2.594595861648897356e-07
2.560731589518342264e-07
2.529823748491004110e-07
2.470182988755231299e-07
2.508949150026554288e-07
2.481486598788792830e-07
2.476178990194039814e-07
2.504489561602015589e-07
2.442371252741499115e-07
2.416914019788596914e-07
2.345899813064068056e-07
2.362417915752123337e-07
2.338836303881577843e-07
2.334646086569930725e-07
2.352141906630703667e-07
2.431180712063965842e-07
2.371526650051012644e-07
2.358669999156705946e-07
2.361806011001851223e-07
2.320040186226475965e-07
2.337486122747824706e-07
2.355909776641890844e-07
2.328723247655610896e-07
2.320588905160144285e-07
2.302627505398077131e-07
2.285021941550570366e-07
2.297905196999237044e-07
2.346525020091520027e-07
2.329255338742804130e-07
2.327216764764994965e-07
2.289498157821583623e-07
2.278241105758151592e-07
2.263365834301805250e-07
2.230259791970500172e-07
2.190382890554661213e-07
2.205347952381971328e-07
2.218869717135269833e-07
2.177865447728440348e-07
2.196867750679828956e-07
2.141028116648192701e-07
2.149192389267313990e-07
2.139731144623159258e-07
2.148986203971026731e-07
2.121829605108401197e-07
2.134140862638335068e-07
2.148513973131142590e-07
2.089658047748979244e-07
2.125850218386005134e-07
2.098467480811322820e-07
2.032228791594353214e-07
2.093864892907101183e-07
2.023030266924499870e-07
2.033063509487387673e-07
2.022657803163464659e-07
1.994995717768005605e-07
2.000256768392628856e-07
2.011041589616177010e-07
1.967496585267999804e-07
1.973199936608852252e-07
1.920090594968376155e-07
1.972461660225371494e-07
1.909139495280080049e-07
1.900160458183693822e-07
1.946189662795204884e-07
1.929531886196761101e-07
1.873828600506217854e-07
1.824872894915144267e-07
1.802278977125201062e-07
1.888853522580837326e-07
1.856129920718452882e-07
1.867027811298029294e-07
1.861567226515708713e-07
1.891587140541292713e-07
1.827669698692203977e-07
1.811071782341069287e-07
1.754357523584859000e-07
1.740290365467187668e-07
1.739851390320252905e-07
1.745844066189767250e-07
1.759003343889915173e-07
1.729339265778891562e-07
1.679066634747014482e-07
1.743768910949713477e-07
1.724636910795820996e-07
1.712681489180447779e-07
1.684623661038889028e-07
1.676861782304457364e-07
1.677320710867161648e-07
1.657320737127285329e-07
1.659598752094331396e-07
1.733290042101301512e-07
1.689149760849326485e-07
1.683223596365711691e-07
1.628853863962446759e-07
1.687746370606854448e-07
1.625897432859229027e-07
1.683985151734256935e-07
1.684440754727666255e-07
1.688288438401932311e-07
1.665445102914867311e-07
1.623253605269737676e-07
1.605973947213136887e-07
1.648764047331359042e-07
1.640576495727173002e-07
1.625638038454222338e-07
1.658005804402046658e-07
1.607733173370169577e-07
1.593892153964555290e-07
1.573955366041283293e-07
1.559519069731871184e-07
1.528461578086260429e-07
1.573619483542492424e-07
1.528079137617340060e-07
1.516113739294082215e-07
1.550071127364896044e-07
1.548188855143949938e-07
1.502655160357387767e-07
1.466925243852361390e-07
1.461424752238501236e-07
1.453832477538112489e-07
1.517663454585532418e-07
1.536529409195828282e-07
1.532465563517389544e-07
1.479798522593142909e-07
1.439306390857736608e-07
1.432066626502613550e-07
1.426193671127717921e-07
1.412186373257355681e-07
1.396739103882276798e-07
1.420383901569426879e-07
1.450151072328594120e-07
1.406393231545539196e-07
1.368611438785523796e-07
1.401790643641317560e-07
1.394713832181647490e-07
1.396473058338680181e-07
1.354417909034643819e-07
1.337623784095106763e-07
1.339306522158355539e-07
1.320360753884981060e-07
1.317081742560152581e-07
1.299203482030459535e-07
1.288485172192810403e-07
1.344916757558949515e-07
1.342249650984393414e-07
1.347856560815692162e-07
1.354281560693550546e-07
1.286789131852382034e-07
1.273739597938967405e-07
1.264521119853344540e-07
1.251807468438720779e-07
1.241272064912294685e-07
1.252984719969136035e-07
1.218275753237661325e-07
1.265784836185428339e-07
1.261534758626472393e-07
1.260680087317668147e-07
1.255103107610024079e-07
1.224075546088067739e-07
1.205289405140851018e-07
1.206619632858834369e-07
1.176998787148645029e-07
1.176396859106257676e-07
1.218079544649258959e-07
1.198834475139337955e-07
1.189017394580622701e-07
1.173486985973169576e-07
1.173400521171500769e-07
1.169027397548631274e-07
1.151694530383311187e-07
1.142439471035443715e-07
1.170919646477462274e-07
1.188265815919962085e-07
1.162096911137939105e-07
1.116303821946370246e-07
1.166114198846248342e-07
1.142948283137572199e-07
1.149995164473587722e-07
1.108977592789578115e-07
1.090038475654793565e-07
1.075076739396778415e-07
1.068448879791927470e-07
1.071668030869446724e-07
1.077311521962990079e-07
