2.061337513596072507e-02
1.619681692282617241e-02
1.316005502700423949e-02
1.117838456202702169e-02
9.768570993231960944e-03
8.680437316569360184e-03
7.801659841276011378e-03
7.059472494821380714e-03
6.445498369815019779e-03
5.913066125081565573e-03
5.456491430606072446e-03
5.054566084344463625e-03
4.704398058745275397e-03
4.400602199057503973e-03
4.135433190114583789e-03
3.884092726705103225e-03
3.665428850457575112e-03
3.463119888639020188e-03
3.273017277589405916e-03
3.107250912176887179e-03
2.945081298270902335e-03
2.796999515127110772e-03
2.664494790726035754e-03
2.537873846515871674e-03
2.413157651486154930e-03
2.301169701852482426e-03
2.194902648099350973e-03
2.092365312636729549e-03
2.001728504339905269e-03
1.916819240262820868e-03
1.835081233983549675e-03
1.758668547402492599e-03
1.685264234308878842e-03
1.622384242166917097e-03
1.556658760847882137e-03
1.496345027636645413e-03
1.441240268187644500e-03
1.385580372415546506e-03
1.331572588934342750e-03
1.281583726498794918e-03
1.236298564046376704e-03
1.193120925119968249e-03
1.150375428241479960e-03
1.109690916514610281e-03
1.072380436931115802e-03
1.037759210553523912e-03
1.002636034566424701e-03
9.681677199904043483e-04
9.371665143065422516e-04
9.080833544815252551e-04
8.782289873094508781e-04
8.521974151766690446e-04
8.238023584587245065e-04
7.968034529725216957e-04
7.725569599146094773e-04
7.507869732082387464e-04
7.271986657310046918e-04
7.055716183174075805e-04
6.848853109004363494e-04
6.638998282195205476e-04
6.471759309650158484e-04
6.288398114548096650e-04
6.114078660756361305e-04
5.931315816182188613e-04
5.769129581428206806e-04
5.605181536786551719e-04
5.456956814349986102e-04
5.303812320906330785e-04
5.171377404066842924e-04
5.032626564988524395e-04
4.891415840406661015e-04
4.770748483948994379e-04
4.635753956517980326e-04
4.518045111003766881e-04
4.390696173651337264e-04
4.269829367017708485e-04
4.159267486142172220e-04
4.064162993903774456e-04
3.963540380130398393e-04
3.866175452564419549e-04
3.773098703781647121e-04
3.683977716822141855e-04
3.585781746856317041e-04
3.492871206553513699e-04
3.409168616041005932e-04
3.327128110328190645e-04
3.244542440801075870e-04
3.167438326943346812e-04
3.095583076883046646e-04
3.017013004231988813e-04
2.949219889422136738e-04
2.887895608652686868e-04
2.819583923385330401e-04
2.758359367703862417e-04
2.695230062841947097e-04
2.633699683557335497e-04
2.573063505894958086e-04
2.521359371946128337e-04
2.458017320229851700e-04
2.410175871355506815e-04
2.353106527673269491e-04
2.305999720280388484e-04
2.252434051355902756e-04
2.197033440812556687e-04
2.155122310503514106e-04
2.110860992287706315e-04
2.070183128900035139e-04
2.022541130201653211e-04
1.976830474040513444e-04
1.940630267103213887e-04
1.898536307466204879e-04
1.859114980187101225e-04
1.820405025202265876e-04
1.784135010703379054e-04
1.748094363906849808e-04
1.715899781336808626e-04
1.684276955937861488e-04
1.643419587391823679e-04
1.606348448019485236e-04
1.575244193078042219e-04
1.539702171721420501e-04
1.507893192824907955e-04
1.478284814203188063e-04
1.454895956901917020e-04
1.424486453406745507e-04
1.397301394422977071e-04
1.371688667659717799e-04
1.347691487321759317e-04
1.317072561141826551e-04
1.292929117341495035e-04
1.272648358615648925e-04
1.248654502447289695e-04
1.225322156029208368e-04
1.199968714494700886e-04
1.175575957974415742e-04
1.156508521152344851e-04
1.132365077352013471e-04
1.114218435508972137e-04
1.093289463711245944e-04
1.074248620245970149e-04
1.056813350697197119e-04
1.038756461433339238e-04
1.017864055501206167e-04
9.996243369093821295e-05
9.817901670086830505e-05
9.636534976744398780e-05
9.501806382881335968e-05
9.330445440033052729e-05
9.148015012418817123e-05
9.001851275133870714e-05
8.863732028279434384e-05
8.721490811121762078e-05
8.591050396041904598e-05
8.447479511044477440e-05
8.300285281183722376e-05
8.140858107197229449e-05
8.019592400211675027e-05
7.857439407153687363e-05
7.713502863500327621e-05
7.571560821606598802e-05
7.431779489952471617e-05
7.313239602038411932e-05
7.228041135206180769e-05
7.118210571642508589e-05
7.013698679437853107e-05
6.868864609992660194e-05
6.743111274047934502e-05
6.661203735119095243e-05
6.552470147523220816e-05
6.450950007958011041e-05
6.335767531339329647e-05
6.227133668831435478e-05
6.126211879794115386e-05
6.044370824257263192e-05
5.965621246447838318e-05
5.842992629926535851e-05
5.754968618934827660e-05
5.672828388134030624e-05
5.581845866198870598e-05
5.474109529482810955e-05
5.417299471029326233e-05
5.330538644485384475e-05
5.248099238420642597e-05
5.159377151813064464e-05
5.069391880757719222e-05
5.002476346722104400e-05
4.916313870706052325e-05
4.828356343106331877e-05
4.756986421807541689e-05
4.681361563421538685e-05
4.611886418794397806e-05
4.553879659285134396e-05
4.485135831969858008e-05
4.406353012464439263e-05
4.341797638844387949e-05
4.273785128840976052e-05
4.206437452757441582e-05
4.145372457216744044e-05
4.093947553514261730e-05
4.031785582005767117e-05
3.971185970208983778e-05
3.925079737865517485e-05
3.865809793908486964e-05
3.800323652800607931e-05
3.749763033193966272e-05
3.697008461651730461e-05
3.639932469630294092e-05
3.595455080390526814e-05
3.559188390061238973e-05
3.482765730971383735e-05
3.448992167841634886e-05
3.405777963049633363e-05
3.369876931376278106e-05
3.329720962615710710e-05
3.281274514874277503e-05
3.245948564541615677e-05
3.195201791437408067e-05
3.136034896737959496e-05
3.093422366643446637e-05
3.047821408079086713e-05
3.002536245626668228e-05
2.973010971244933217e-05
2.937222961337957190e-05
2.882035097648971491e-05
2.837813669468356549e-05
2.814055829341553805e-05
2.783101162032083006e-05
2.741080334126260514e-05
2.714227692102430791e-05
2.662560124019193759e-05
2.618009603048239423e-05
2.591223444416397104e-05
2.533834980452618954e-05
2.509974091068235277e-05
2.484873286423281419e-05
2.451033239901544489e-05
2.426760153486837417e-05
2.409594141675614406e-05
2.378988512174079256e-05
2.344909125441186926e-05
2.313010393965490792e-05
2.267229930242764234e-05
2.241145171396392193e-05
2.209685230307815025e-05
2.183131763547929805e-05
2.165889295835921093e-05
2.129768868969006692e-05
2.095679509727316065e-05
2.066174180363177309e-05
2.047425863822647108e-05
2.026204365100175186e-05
1.987949821350455399e-05
1.961705502363312979e-05
1.943499025467482677e-05
1.917823139481835050e-05
1.897442655668007191e-05
1.873372343598862327e-05
1.854643972075928720e-05
1.823270459396935549e-05
1.810402598877717184e-05
1.791135711879683336e-05
1.775585246493761385e-05
1.747828430338898838e-05
1.727414704829077446e-05
1.707875235923893650e-05
1.675727191728244159e-05
1.656546733139793970e-05
1.642472199055998957e-05
1.619282791930691005e-05
1.594261767356122168e-05
1.576613750952988701e-05
1.559786804440903041e-05
1.545030815589234344e-05
1.519936659283478787e-05
1.507577396712966449e-05
1.507597341730562704e-05
1.482898761607134113e-05
1.466686786470934734e-05
1.446416000253886617e-05
1.425782879550505573e-05
1.412419717760978965e-05
1.394695245457059458e-05
1.384254028745392004e-05
1.354562545883687467e-05
1.341242598298952858e-05
1.322095381406496879e-05
1.311916774093180737e-05
1.305996428036676561e-05
1.279153758521644796e-05
1.266937435243905901e-05
1.249684995023099062e-05
1.237445402558164423e-05
1.221107108977188536e-05
1.210363392831976921e-05
1.194281060310153538e-05
1.183155064661012911e-05
1.169446189233150312e-05
1.153573279396088116e-05
1.143118766006023045e-05
1.134422738334032648e-05
1.120039056477494835e-05
1.105113534976257462e-05
1.092867294172124015e-05
1.087036700694803156e-05
1.061746418382684029e-05
1.053033769862696697e-05
1.043646314914034149e-05
1.041578681423216845e-05
1.018841361363425306e-05
1.006890971653637213e-05
9.959478053324625384e-06
9.915266597652808739e-06
9.746963890835958950e-06
9.634673441768743342e-06
9.605620199470121169e-06
9.449384228299037854e-06
9.400518935188082614e-06
9.354778361500548566e-06
9.259407935694200577e-06
9.140701839300171535e-06
9.047192948469477968e-06
8.942016222344944721e-06
8.820418098399451925e-06
8.796218143715930896e-06
8.680005174521440508e-06
8.621965173316182548e-06
8.500533257850659109e-06
8.379732934609016514e-06
8.248793894089251642e-06
8.133910592734516106e-06
8.142819367260866500e-06
8.007027039126000484e-06
7.887157483372185947e-06
7.794313426461371499e-06
7.695286414095699361e-06
7.631495599483507087e-06
7.558796010344961878e-06
7.560325128360679280e-06
7.465021185946318525e-06
7.382980680233502934e-06
7.337073898066000377e-06
7.185358797550080340e-06
7.138986631638663754e-06
7.093345783039110981e-06
7.012934120429994067e-06
6.957553454904244117e-06
6.893829123684039078e-06
6.803245502100804999e-06
6.771732374298637365e-06
6.667818832621870889e-06
6.568193469728310253e-06
6.571850056287633555e-06
6.465908771155241607e-06
6.395502859040273349e-06
6.271677541463191684e-06
6.189404343878419501e-06
6.176672774312775602e-06
6.129103907345580326e-06
6.090111397944796732e-06
6.074720492699645669e-06
6.023993664613034313e-06
5.872045872225158533e-06
5.803135836429912789e-06
5.741538973753313649e-06
5.707865135711546075e-06
5.668573451046818655e-06
5.615818879504582675e-06
5.619575191151887252e-06
5.587197779253879643e-06
5.580150539703184517e-06
5.511539679171883445e-06
5.391138256282168492e-06
5.304244462954250909e-06
5.288188723789223267e-06
5.214724575642820203e-06
5.214591608858844888e-06
5.134279671337709249e-06
5.100506108207960399e-06
5.034953483708093285e-06
4.994830756643519930e-06
4.907338612787713849e-06
4.884169150680002153e-06
4.800134143207555977e-06
4.765097395630040358e-06
4.697882686330481372e-06
4.664009398112750401e-06
4.645925915492097287e-06
4.644463280868367966e-06
4.580207082512261663e-06
4.545469510198690716e-06
4.504050356990357396e-06
4.460005109798509260e-06
4.423605452685246441e-06
4.377665428821748996e-06
4.326240525119267021e-06
4.353498715834222008e-06
4.297220524516638889e-06
4.240709641327098331e-06
4.184099033049575652e-06
4.174957566651267820e-06
4.117083773925980064e-06
4.140552411297635585e-06
4.067453921807165276e-06
4.021547139639661871e-06
3.964637356098195366e-06
3.941833552646416424e-06
3.912580860171830853e-06
3.841842531096923034e-06
3.841476872440991128e-06
3.782605828835887233e-06
3.741917992939418150e-06
3.714626560528469546e-06
3.706083444658050635e-06
3.694847751412130097e-06
3.676863993879458682e-06
3.642625047005795804e-06
3.629494577088226380e-06
3.610679777155708606e-06
3.575177645834279804e-06
3.546589787279570812e-06
3.523353841779871458e-06
3.523752742131797829e-06
3.467806967774152575e-06
3.426354572869824792e-06
3.363328317265490372e-06
3.338829187318024670e-06
3.277192434606232936e-06
3.275074938571425079e-06
3.273555793064505719e-06
3.238229842731844317e-06
3.219318641880944756e-06
3.166896487298647489e-06
3.168781291461498332e-06
3.105405998049228602e-06
3.069445131323084326e-06
3.047947726523863390e-06
3.018445721329323785e-06
2.990825196128035957e-06
2.959614567759412484e-06
2.940942707119668492e-06
2.928005039038863065e-06
2.901621104928546521e-06
2.907913757980181412e-06
2.860806950587300676e-06
2.843687477150469237e-06
2.817180548764974997e-06
2.788077443922361762e-06
2.787831455372007640e-06
2.734056363762760793e-06
2.712748436630704365e-06
2.695791847504242794e-06
2.678778747494591608e-06
2.658780543184693099e-06
2.657763347287281298e-06
2.658910185799068926e-06
2.629687410850878331e-06
2.597708899304797092e-06
2.584462083451248949e-06
2.545795342671205090e-06
2.504037124163734080e-06
2.481087057249582290e-06
2.452701973040435761e-06
2.439435212169291533e-06
2.418925085741087423e-06
2.419101266729854822e-06
2.410076146267525286e-06
2.388412532988334570e-06
2.343376683255870543e-06
2.309835811998078709e-06
2.288617637445205936e-06
2.256190363003207689e-06
2.247075489961694920e-06
2.224218499796325004e-06
2.227788657946064140e-06
2.230098955817636416e-06
2.175276750784583640e-06
2.149125508546224111e-06
2.166258278661453081e-06
2.134063696091411848e-06
2.099907853457733649e-06
2.080966735080439113e-06
2.112709230584964272e-06
2.080139016850192242e-06
2.089646141904432828e-06
2.069508322471360026e-06
2.044859604891922412e-06
2.009709835548027986e-06
1.973489683593132055e-06
1.947860335981875746e-06
1.954714773695806876e-06
1.960212950213189360e-06
1.950200551379842575e-06
1.934829591152287597e-06
1.920974452262051644e-06
1.904878823061830983e-06
1.883763697766538975e-06
1.869479740997982945e-06
1.829696079232546222e-06
1.830616874211576025e-06
1.826594628996320393e-06
1.822781806465825988e-06
1.792857631732164649e-06
1.754500038724864141e-06
1.765021035506916827e-06
1.757990416804218087e-06
1.755507262113477687e-06
1.742197287037541164e-06
1.711345668985651468e-06
1.703008651630394508e-06
1.689834967508033001e-06
1.674646836608443977e-06
1.665635012824511972e-06
1.633360650184085549e-06
1.594514404245675649e-06
1.588866640096320828e-06
1.584182885130787682e-06
1.594989760498387509e-06
1.571298403763572593e-06
1.568745441511244835e-06
1.601465242877988989e-06
1.575430346575607543e-06
1.546998723992070077e-06
1.527575601022864915e-06
1.524673600962602271e-06
1.502072571856385368e-06
1.484992988454746523e-06
1.487545950707074069e-06
1.473178889698533149e-06
1.456391833221640212e-06
1.454074887010868957e-06
1.427837216362925261e-06
1.414557158813383289e-06
1.400333037097616152e-06
1.390779373668984205e-06
1.393638159524455189e-06
1.376182944958085972e-06
1.364515109664245446e-06
1.370910811973461524e-06
1.343270341754577398e-06
1.344623278781527190e-06
1.324000130586944273e-06
1.330136547667408486e-06
1.313316249494521719e-06
1.299481055621882486e-06
1.279752109049534098e-06
1.285473004930075131e-06
1.269892622017758926e-06
1.263417139638157446e-06
1.269473776648236257e-06
1.273914867233014558e-06
1.267545758280593119e-06
1.236331805742370370e-06
1.207880238141236606e-06
1.240749627139952885e-06
1.197129873656826394e-06
1.177424196271673581e-06
1.187459864292216153e-06
1.184527946705558957e-06
1.165423944017894553e-06
1.140961379936022381e-06
1.140994621632016210e-06
1.139701519657855734e-06
1.150325565697489185e-06
1.145232937871231625e-06
1.108873170793161613e-06
1.102527331027936172e-06
1.077439823061379380e-06
1.074880212469853281e-06
1.086551371933293084e-06
1.082096984670117463e-06
1.082442698308453496e-06
1.055134645049507872e-06
1.035010122294832814e-06
1.039776981500350426e-06
1.021317867714966939e-06
1.023678028130530066e-06
1.002872050607980984e-06
9.909781717813824209e-07
9.922047903635554503e-07
9.873016402044628213e-07
9.868927673437386193e-07
9.812084373287906923e-07
9.691317291742259639e-07
9.668679696770448359e-07
9.523978594109231525e-07
9.320938314978812059e-07
9.390247251125983539e-07
9.414546930897486266e-07
9.437118042477308830e-07
9.386956323222592355e-07
9.294976550407616825e-07
9.177001771325453291e-07
9.187838564219446823e-07
9.002715559229710691e-07
9.055669580947909856e-07
9.029840783160689938e-07
8.855355120888985423e-07
8.644137384544079800e-07
8.706731498100493596e-07
8.636059652417574070e-07
8.617710236228970960e-07
8.644436559808023201e-07
8.447612477828453984e-07
8.471646224032005022e-07
8.454859167555111872e-07
8.317138821052602294e-07
8.207175290704955772e-07
8.143185025916799042e-07
8.156647912794307179e-07
8.016534164180240858e-07
7.905373932776814376e-07
7.923956040837376407e-07
7.880409419085436128e-07
7.824463644727790240e-07
7.731253929161043038e-07
7.592203914818779244e-07
7.632193675099377707e-07
7.547925975754974728e-07
7.548058942538948985e-07
7.501154909491630924e-07
7.420011929570649985e-07
7.330791217523163317e-07
7.283887184475844197e-07
7.182533253390603608e-07
7.106010869212767011e-07
7.107972129276403978e-07
7.285516027579542874e-07
7.208760951529749474e-07
7.231332063109570979e-07
7.131673458520016726e-07
7.075528233986407863e-07
7.005654189007342350e-07
7.006119572751254897e-07
6.900344496098832940e-07
6.842138286413606683e-07
6.880898103942432416e-07
6.902638173122408197e-07
6.711066279109866072e-07
6.659840825583347070e-07
6.601900549466071445e-07
6.712894572389527723e-07
6.624770836309837410e-07
6.585977777085018907e-07
6.519793560361268407e-07
6.689459176713865606e-07
6.511616103146782250e-07
6.635973287859765178e-07
6.385729800418082131e-07
6.359834519238874555e-07
6.326293647981083144e-07
6.297772272818362022e-07
6.227798502751312904e-07
6.167963449962387969e-07
6.155098913612768754e-07
6.333340887531779117e-07
6.371967738276628475e-07
6.195919716293212940e-07
6.153370345421088589e-07
6.115009428244188804e-07
6.006242598952320124e-07
6.003583263272812749e-07
5.891591989469540544e-07
5.804930888013579764e-07
5.786016362993081561e-07
5.742436499545147454e-07
5.602688409587013251e-07
5.494121030471107546e-07
5.467760365547986364e-07
5.461909827053069292e-07
5.497544925158472986e-07
5.545712142653558665e-07
5.652484470185796549e-07
5.548936587164962191e-07
5.459682633421481694e-07
5.482320228393290856e-07
5.476536173290362501e-07
5.479694134409778369e-07
5.379935804732241571e-07
5.273163477200003687e-07
5.272864301936059226e-07
5.142723062120146884e-07
5.253883293523572307e-07
5.106954997230766816e-07
5.187865285279790952e-07
5.033258157212406738e-07
5.029136186909169831e-07
5.014110940319950674e-07
5.048682304153551842e-07
5.000581570050455938e-07
5.025080699997920581e-07
5.092627826257419126e-07
4.985390114981266578e-07
4.962420103049518068e-07
4.834240123297243751e-07
5.034188924700235007e-07
4.991140928388203222e-07
4.929477582319615578e-07
4.948026448684182720e-07
4.945101179436724714e-07
4.799602276071653867e-07
4.760576524974877503e-07
4.699179112474241019e-07
4.622922661864355053e-07
4.749972423952840244e-07
4.600683967244471309e-07
4.544937643062788923e-07
4.510432762621175943e-07
4.625083372103955523e-07
4.461800161382176659e-07
4.423140068941332413e-07
4.329797386590609366e-07
4.416159312782624627e-07
4.483141330210227021e-07
4.363404741240388435e-07
4.291403227717715752e-07
4.166813351132774962e-07
4.177284485370836905e-07
4.328401235358867491e-07
4.145638390784694803e-07
4.176187509403040550e-07
4.125593648100404299e-07
4.155045790750953161e-07
4.035541893653071906e-07
4.167943568796565676e-07
4.064063268815793029e-07
3.962277195682632664e-07
3.886951512560574438e-07
3.983884298078633129e-07
4.028428170710388805e-07
4.028827071062314753e-07
3.922453643882002816e-07
4.002366681051212614e-07
4.000372179291581818e-07
4.017824069688351546e-07
3.916569863691092445e-07
3.874984502002789134e-07
3.931528626888323943e-07
3.861754306997238329e-07
3.968061250785562078e-07
3.949179967461056646e-07
3.919096232586625033e-07
3.946221456517603751e-07
3.804146447839900463e-07
3.728621314541879264e-07
3.668320878009039665e-07
3.673905482936006634e-07
3.692022207252653471e-07
3.708809263729546091e-07
3.673971966327993763e-07
3.580263625321338069e-07
3.554069168878186561e-07
3.640165161502251191e-07
3.600441334789603889e-07
3.599410842213794132e-07
3.669883237720750684e-07
3.613339112835216404e-07
3.634214897919352632e-07
3.547985938511312157e-07
3.512782982453828240e-07
3.557792238829496992e-07
3.561382341996833166e-07
3.479408319676005444e-07
3.426055397605880331e-07
3.616330865474662598e-07
3.427584515621597522e-07
3.364059634577354926e-07
3.393378810443928473e-07
3.322746854796201224e-07
3.369411547632364564e-07
3.343117366101231040e-07
3.360037389362099506e-07
3.311042453636767592e-07
3.209894621066688955e-07
3.207817015067073586e-07
3.241487528939241884e-07
3.230906697104399987e-07
3.158459744855409043e-07
3.115784055538507824e-07
3.076818139494519611e-07
3.048123907512630896e-07
3.038876067687142176e-07
2.990702201852858578e-07
2.970720618390956772e-07
3.021836374320696350e-07
2.932728684039589123e-07
2.964025740817796022e-07
2.925508587669725028e-07
2.924378370005934314e-07
3.004111902016777012e-07
2.891944447224737725e-07
2.859231294197192549e-07
2.866265237069490566e-07
2.814205416973525823e-07
2.760623127201043926e-07
2.852459960723245144e-07
2.827538661236658133e-07
2.797740804947773556e-07
2.794978420010684676e-07
2.852662735068808136e-07
2.891392635071239529e-07
2.851545814083414319e-07
2.856678331944864579e-07
2.707110644990148116e-07
2.666020584572153280e-07
2.607877534109314662e-07
2.569632962868393278e-07
2.587992351565795384e-07
2.599301176542902028e-07
2.556113565107695420e-07
2.642651672288478822e-07
2.670089368161799955e-07
2.542514387276612479e-07
2.593148138614441007e-07
2.626429724643480764e-07
2.533685392820646639e-07
2.524563871439934787e-07
2.472371084559995257e-07
2.444055807912436086e-07
2.415205339959376163e-07
2.352355265343808878e-07
2.359033522068972450e-07
2.342093553790507846e-07
2.363697332016909616e-07
2.396636528577212618e-07
2.327320944090842160e-07
2.292427135806100640e-07
2.230208653414416370e-07
2.238921301934403808e-07
2.209528994336643891e-07
2.205506749121388470e-07
2.226671736960671222e-07
2.333763184774449970e-07
2.255784814312082817e-07
2.241437698321138195e-07
2.249551996313236448e-07
2.202368733019569270e-07
2.221771910971177764e-07
2.210160586560527171e-07
2.181955007509747688e-07
2.178401470208005362e-07
2.130985515042381382e-07
2.137447700743585594e-07
2.171992471220391381e-07
2.181090723413907606e-07
2.181064130057112225e-07
2.204728893435132449e-07
2.166155229403872000e-07
2.162914164044471824e-07
2.151844679278520695e-07
2.117429551416090471e-07
2.066839014283053973e-07
2.086860487780148586e-07
2.115235599480496437e-07
2.066273905451158616e-07
2.103694082631432460e-07
2.012987466773021161e-07
2.030475923035384472e-07
2.020104513885304281e-07
2.031170674481655921e-07
2.008576293714637995e-07
1.991982039074509106e-07
2.027909664104659342e-07
1.978844920817740546e-07
1.977837697429127211e-07
1.965185907933868924e-07
1.902525310985466676e-07
1.999059196151599419e-07
1.899776222726775222e-07
1.924827164827738590e-07
1.902844431267007540e-07
1.871214957528861558e-07
1.871108584101681358e-07
1.885631881081393327e-07
1.829656189197353892e-07
1.845426049776834976e-07
1.806207496843293821e-07
1.876643326484656790e-07
1.802773629647129120e-07
1.808624168142046456e-07
1.850894308767822750e-07
1.816598851010970415e-07
1.752818008907575390e-07
1.706266337837791492e-07
1.692271583824382092e-07
1.735452546920389723e-07
1.729951046233407855e-07
1.725825751760571459e-07
1.752219658379686204e-07
1.749866146303321738e-07
1.679310646556380614e-07
1.688339091188309427e-07
1.635783969822037003e-07
1.611121955564201381e-07
1.623996464422618799e-07
1.629903513800725327e-07
1.656646458227775806e-07
1.627267447308413315e-07
1.567439042858686563e-07
1.599480713627156183e-07
1.581872587259215247e-07
1.591861716905366405e-07
1.562871633829132189e-07
1.557120820422196604e-07
1.559241640626604003e-07
1.550382728644243823e-07
1.551153935991300866e-07
1.648731610411640527e-07
1.601136150087649712e-07
1.600255245143812980e-07
1.545034139758833674e-07
1.623893415165037558e-07
1.541989200405797248e-07
1.575014825375684575e-07
1.589800731753747951e-07
1.600255245143812980e-07
1.577823748687164710e-07
1.529965678964822752e-07
1.512849529697590802e-07
1.565963111556559870e-07
1.559866584511288305e-07
1.548135589995059556e-07
1.583019425771002875e-07
1.519614214832338434e-07
1.511682746168206505e-07
1.487266720460725906e-07
1.467969915936297347e-07
1.410528265258928891e-07
1.465985386685464488e-07
1.420647037519455876e-07
1.410790874657280298e-07
1.457472188341440288e-07
1.446808252266614084e-07
1.417196549475294790e-07
1.378144205021722780e-07
1.378340331028086530e-07
1.369873671058453584e-07
1.449467587946121988e-07
1.468132800246667003e-07
1.467082362653261638e-07
1.404990198706353970e-07
1.362636953840593104e-07
1.358857373006092688e-07
1.325073837367545478e-07
1.298224519513315064e-07
1.287457534180907884e-07
1.321643294340980530e-07
1.303586405077122638e-07
1.288198824001570588e-07
1.260385496963518605e-07
1.310653589645414485e-07
1.274925414791227488e-07
1.296984604252744397e-07
1.258660252941437929e-07
1.246380770441310474e-07
1.223955922323861181e-07
1.208811005629064135e-07
1.213451546389805409e-07
1.191867713181000307e-07
1.180844766789440565e-07
1.246294342031726677e-07
1.248804090079262086e-07
1.266295870511224621e-07
1.260249206009943800e-07
1.197345944680786283e-07
1.187011101396299144e-07
1.176689554790209696e-07
1.158247061852823150e-07
1.152273529082728699e-07
1.165693201755444806e-07
1.127781047474461976e-07
1.186475910090798127e-07
1.175403101155247642e-07
1.143032337596439222e-07
1.155773879670880794e-07
1.125926160838005341e-07
1.109165697717907440e-07
1.115774146881484262e-07
1.089646173830320148e-07
1.091956471701892583e-07
1.113410662296321726e-07
1.089539800403139948e-07
1.107201113484671116e-07
1.095453498120445321e-07
1.092036251772277799e-07
1.085374615895110745e-07
1.069760991286800737e-07
1.063508228270358097e-07
1.104352300137998308e-07
1.091474467109981799e-07
1.049453639204159354e-07
1.018096747373163114e-07
1.091118780962847750e-07
1.073876313250839064e-07
1.063634546715134567e-07
1.034790727101273225e-07
1.022255283541993339e-07
1.006372401196133211e-07
9.985107400935881641e-08
9.990426072294896920e-08
9.847486779521354344e-08
