1.781411520884127950e-02
1.474909356136499400e-02
1.249841448186688082e-02
1.091079526162905960e-02
9.694892336107830896e-03
8.750558250574556191e-03
7.979283334236196221e-03
7.309551021904946676e-03
6.729593532710210872e-03
6.242079847880372019e-03
5.794643342541273487e-03
5.374776200118083075e-03
5.016853685659087604e-03
4.689994473178612025e-03
4.432322533177533198e-03
4.169148852326128203e-03
3.940374699988721460e-03
3.732746158019821080e-03
3.526676543722953236e-03
3.342917186148794233e-03
3.168214167151853049e-03
3.017325739751800136e-03
2.878229356688057072e-03
2.739424135212865062e-03
2.613296574572491343e-03
2.489340594113392639e-03
2.376654993477783293e-03
2.281263178028809097e-03
2.176766497071192918e-03
2.076752491403973788e-03
1.991969876337821872e-03
1.908412566290154265e-03
1.831576236244869278e-03
1.760059671057065400e-03
1.694997187748805388e-03
1.632124482221105049e-03
1.575153864727987709e-03
1.512535925590269325e-03
1.454982984920050095e-03
1.407196089199141010e-03
1.352870189468693930e-03
1.300230600605270471e-03
1.254336255209941931e-03
1.210085759616640055e-03
1.170960921155118732e-03
1.131096046989364060e-03
1.098328236544536540e-03
1.062648810214200440e-03
1.030875801863588440e-03
9.957362376453570557e-04
9.625923434819846783e-04
9.299883114307169090e-04
9.029224154283436478e-04
8.761173516823805244e-04
8.464977259137590991e-04
8.258495165923609299e-04
7.986623032614248744e-04
7.736406042453356511e-04
7.518338144361622110e-04
7.301180126234109750e-04
7.068311514057706206e-04
6.848727149358935793e-04
6.667600377814591334e-04
6.503518690933327495e-04
6.329913593759880185e-04
6.187729684684213074e-04
5.991553498531645375e-04
5.804773339476271797e-04
5.671475924717832729e-04
5.496663720125185334e-04
5.336591570952924166e-04
5.175542817285732353e-04
5.024721114416389129e-04
4.905908988688355418e-04
4.769821275372971648e-04
4.651191125637782345e-04
4.548423216612186635e-04
4.428282666136389720e-04
4.318599669382711375e-04
4.181553549171680532e-04
4.095108886704216752e-04
3.982690184191446051e-04
3.888329566035256474e-04
3.778046048505191473e-04
3.693742636886862877e-04
3.588141968239324207e-04
3.491245817916170798e-04
3.421821976646076207e-04
3.351603506873894836e-04
3.279747253166114874e-04
3.212270555019454258e-04
3.136513949198378487e-04
3.053757333519225734e-04
3.001712199565760748e-04
2.913459908902710769e-04
2.864854121214002172e-04
2.795587992471039473e-04
2.748256036732240649e-04
2.687063576205136182e-04
2.613096400980362494e-04
2.558467207928508103e-04
2.505712367602950142e-04
2.449499983413350591e-04
2.403793679877294371e-04
2.358251154734797902e-04
2.301911387350207374e-04
2.250345456844565382e-04
2.192580210849361317e-04
2.149834050130238763e-04
2.094931893089118030e-04
2.053605145114180885e-04
1.996689120418916759e-04
1.963915244107661111e-04
1.915115348693252118e-04
1.868656877720106292e-04
1.840844880147071445e-04
1.798529395944347125e-04
1.764069208766067855e-04
1.719157533732098143e-04
1.693565643271763613e-04
1.665310837449474545e-04
1.616911289219322872e-04
1.594752679157317144e-04
1.561354018603962595e-04
1.529520351589069090e-04
1.498936253058373114e-04
1.478385097599825061e-04
1.453763745767993590e-04
1.416895409617741465e-04
1.396817391740588549e-04
1.354447314740011069e-04
1.318410002290414497e-04
1.302444641851542714e-04
1.278551193991088063e-04
1.251103148403741761e-04
1.238771241955327303e-04
1.218729619276743431e-04
1.188982610313131137e-04
1.168825736172412544e-04
1.157591751547491988e-04
1.119388924783048530e-04
1.104218192846263255e-04
1.093190447679899622e-04
1.063868049366257162e-04
1.047356760948852424e-04
1.027023976681717688e-04
1.006381833226747702e-04
9.815603078027873010e-05
9.675906174187742532e-05
9.507578380806780080e-05
9.421989005505685181e-05
9.259605761224301221e-05
9.023340263848138190e-05
8.857742110359839152e-05
8.755774895702758351e-05
8.595454046006943628e-05
8.444535289274750342e-05
8.302472697527645538e-05
8.186675307414398382e-05
7.976796329000656932e-05
7.889447852435400594e-05
7.681024681964412784e-05
7.506327728833900109e-05
7.343277239245420617e-05
7.293173182548960936e-05
7.171916512650385598e-05
7.100035995476893121e-05
6.986786269263466867e-05
6.861465468858035698e-05
6.695139411398359840e-05
6.616283147832502896e-05
6.464697145793214079e-05
6.390208306055619411e-05
6.243474997158844533e-05
6.170502624028287504e-05
6.101533722740302984e-05
6.012832557961570791e-05
5.908105374079684576e-05
5.750241200287267468e-05
5.709684817348704858e-05
5.567234010150198586e-05
5.485411537900979984e-05
5.407659262025045477e-05
5.315585475512265364e-05
5.259494408651228662e-05
5.193200554458055887e-05
5.069851160641772022e-05
4.975338895824878409e-05
4.853342190222069722e-05
4.822491193568535669e-05
4.734887950613296970e-05
4.642601858775531669e-05
4.579850470576394151e-05
4.516389376005163929e-05
4.437775747096433496e-05
4.362316368730336853e-05
4.300171567174013577e-05
4.241096094030330423e-05
4.203584776038694876e-05
4.179060478069713874e-05
