5.515850825039002592e-01
2.444064520737817825e-01
1.082961010187787065e-01
4.798582605474361468e-02
2.126244140365524463e-02
9.421353170582368042e-03
4.174586251867731627e-03
1.849752371952091169e-03
8.196222646044381806e-04
3.631732910964515231e-04
1.609214940366245300e-04
7.130405202650768866e-05
3.159470936953745815e-05
1.399956428527292811e-05
6.203184143433015879e-06
2.748620795135598517e-06
1.217909399554070425e-06
5.396536721788802005e-07
2.391196635831703604e-07
1.059535336455108227e-07
4.694783826536182938e-08
2.080251070403029420e-08
9.217558626348390983e-09
4.084285221096352600e-09
1.809740132227892443e-09
8.018929063228007911e-10
3.553174413053555164e-10
1.574405797835587835e-10
6.976166458792276044e-11
3.091128000651618185e-11
1.369673784714514528e-11
6.069002241701783645e-12
2.689165012927389732e-12
1.191564639251971844e-12
5.279803517784419905e-13
2.339472343179691145e-13
1.036616386588450337e-13
4.593230332798848666e-14
2.035252882657690260e-14
9.018172389021884984e-15
3.995937503938922582e-15
1.770593402586028064e-15
7.845470541495897374e-16
3.476315224465531083e-16
1.540349616499436825e-16
6.825264073728386545e-17
3.024263399499762188e-17
1.340046188800083563e-17
5.937722846543911872e-18
2.630995326656559013e-18
1.165789745965951363e-18
5.165595385250813190e-19
2.288866905585548907e-19
1.014193199576430031e-19
4.493873556199364967e-20
1.991228056699864414e-20
8.823099101929403365e-21
3.909500848008680956e-21
1.732293461062712470e-21
7.675764124131399220e-22
3.401118587214348081e-22
1.507030108953997126e-22
6.677625878238048586e-23
2.958845155433826650e-23
1.311059471355746377e-23
5.809283173453484746e-24
2.574083916610719957e-24
1.140572392826744218e-24
5.053857704030949701e-25
2.239356120946616294e-25
9.922550515067552007e-26
4.396665979256951792e-26
1.948155537611177238e-26
8.632245471070586723e-27
3.824933914885951586e-27
1.694821990671486449e-27
7.509728648865575196e-28
3.327548538430773283e-28
1.474431340110458743e-28
6.533181264202120939e-29
2.894841982111193142e-29
1.282699769454013609e-29
5.683621796024530571e-30
2.518403564849379780e-30
1.115900519609236125e-30
4.944537035463656033e-31
2.190916310679143303e-31
9.707914504375285596e-32
4.301561112347902266e-32
1.906014725915035951e-32
8.445520220499891724e-33
3.742196260347834518e-33
1.658161070643013698e-33
7.347284709061358752e-34
3.255569893163172555e-34
1.442537719574045068e-34
6.391861150835255696e-35
2.832223269948294064e-35
1.254953520038257992e-35
5.560678616573857475e-36
2.463927642186992165e-36
1.091762326964648438e-36
4.837581096826657275e-37
2.143524308393973991e-37
9.497921313794232221e-38
4.208513471471503189e-38
1.864785467724826292e-38
8.262834048673655558e-39
3.661248315025824399e-39
1.622293167854553052e-39
7.188354615737214529e-40
3.185148227550353515e-40
1.411333994187882796e-40
6.253597951647620184e-41
2.770959071481538419e-41
1.227807453436107178e-41
5.440394837399257791e-42
2.410630095457413789e-42
1.068146270777485397e-42
4.732938736332096207e-43
2.097157448817170486e-43
9.292470513864698881e-44
4.117478556497815229e-44
1.824448045105351491e-44
8.084099585742330475e-45
3.582051365481690301e-45
1.587201128444638306e-45
7.032862360412307868e-46
3.116249862358176402e-46
1.380805240738164698e-46
6.118325542121788040e-47
2.711020087044904591e-47
1.201248587013247691e-47
5.322712932659366343e-48
2.358485435054021687e-48
1.045041056644535624e-48
4.630559908663280097e-49
2.051793556950440209e-49
9.091463847529993504e-50
4.028412829884920570e-50
1.784983166642694401e-50
7.909231351764795797e-51
3.504567535692737899e-51
1.552868169609275595e-51
6.880733578755365114e-52
3.048841846872520117e-52
1.350936858817107991e-52
5.985979228088568063e-53
2.652377650757309689e-53
1.175264218964455618e-53
5.207576620862181205e-54
2.307468722739268400e-54
1.022435634473370490e-54
4.530395651040424118e-55
2.007410937465742255e-55
8.894805183144902139e-56
3.941273695857326515e-56
1.746371958218055388e-56
7.738145715828031981e-57
3.428759768937559344e-57
1.519277871575559532e-57
6.731895515019765470e-58
2.982891943140545301e-58
1.321714563840293477e-58
5.856495714786868261e-59
2.595003716813270699e-59
1.149841922238947223e-59
5.094930837947985044e-60
2.257555559717907565e-60
1.000319193197537138e-60
4.432398059804145651e-61
1.963988364329619388e-61
8.702400468500488231e-62
3.856019480034427719e-62
1.708595953981308548e-62
7.570760856050318880e-63
3.354591810073572120e-63
1.486414169748791361e-63
6.586276987248507568e-64
2.918368610552820685e-64
1.293124380215030490e-64
5.729813076593331763e-65
2.538870846069779879e-65
1.124969538597111579e-65
4.984721710954850651e-66
2.208722074968408244e-66
9.786811556062286604e-67
4.336520267505435028e-67
1.921505070651659421e-67
8.514157685844163245e-68
3.772609409499639006e-68
1.671637087519419502e-68
7.406996720450381059e-69
3.282028188198195962e-69
1.454261347029765707e-69
6.443808353230312151e-70
2.855240990759198997e-70
1.265152634656605810e-70
5.605870727405422614e-71
2.483952192923476778e-71
