5.406837820607466316e-01
2.431193337183402692e-01
1.093190001045915294e-01
4.915546452472923517e-02
2.210283381964841393e-02
9.938574837660625258e-03
4.468896188142820747e-03
2.009446370994803690e-03
9.035507982077878785e-04
4.062830721567151863e-04
1.826858379722648776e-04
8.214498137583060757e-05
3.693662322232114183e-05
1.660861214181413376e-05
7.468089208287970388e-06
3.358038344608805824e-06
1.509947351907452725e-06
6.789502595146604627e-07
3.052910780714951879e-07
1.372746251200793673e-07
6.172575635323750937e-08
2.775508579277799883e-08
1.248011904392100235e-08
5.611705635259372351e-09
2.523312480111398409e-09
1.134611522079894802e-09
5.101798989158955995e-10
2.294032135163750624e-10
1.031515245572524515e-10
4.638224920823065241e-11
2.085585308455973360e-11
9.377867941073324852e-12
4.216773428717665089e-12
1.896078966015405665e-12
8.525749619085740493e-13
3.833617052358042409e-13
1.723792084068545547e-13
7.751058878636917516e-14
3.485276112783632902e-14
1.567160019364523637e-14
7.046760276140777372e-15
3.168587111450929191e-15
1.424760299686445192e-15
6.406457642356176857e-16
2.880674000555487152e-16
1.295299705505334158e-16
5.824335994835485154e-17
2.618922063871074939e-17
1.177602525457404353e-17
5.295108728489157111e-18
2.380954170901719643e-18
1.070599878985262095e-18
4.813969604669763674e-19
2.164609188696104922e-19
9.733200091754702438e-20
4.376549102759716959e-20
1.967922355268642162e-20
8.848794576357119744e-21
3.978874737864251093e-21
1.789107436386190598e-21
8.044750412651903790e-22
3.617334984230294313e-22
1.626540503675223558e-22
7.313765580543806270e-23
3.288646476757399080e-23
1.478745186728380394e-23
6.649201556709809156e-24
2.989824192737886106e-24
1.344379265275877314e-24
6.045023026081841089e-25
2.718154343027664570e-25
1.222222479656792390e-25
5.495743071434537393e-26
2.471169726456181366e-26
1.111165448889791719e-26
4.996373343311695403e-27
2.246627323653551012e-27
1.010199595701398172e-27
4.542378757753586917e-28
2.042487926810645973e-28
9.184079870147983863e-29
4.129636310407313408e-29
1.856897620377456092e-29
8.349570067160270110e-30
3.754397632985633088e-30
1.688170944514545090e-30
7.590887850727546642e-31
3.413254952027013115e-31
1.534775588394464151e-31
6.901143160526981462e-32
3.103110140806266506e-32
1.395318474343823841e-32
6.274072000355484560e-33
2.821146583338675291e-33
1.268533106447081040e-33
5.703979550923883277e-34
2.564803594955726352e-34
1.153268068717434265e-34
5.185688451696896258e-35
2.331753167151193258e-35
1.048476568379371668e-35
4.714491782093877993e-36
2.119878825502641622e-36
9.532069292988557815e-37
4.286110315045620422e-37
1.927256408663862179e-37
8.665939492265369168e-38
3.896653654698088463e-38
1.752136593871248490e-38
7.878510423633116481e-39
3.542584905332882209e-39
1.592929010266500689e-39
7.162630958904900895e-40
3.220688550639163960e-40
1.448187795759892357e-40
6.511799755899137980e-41
2.928041251630455592e-41
1.316598466266253545e-41
5.920106215748767501e-42
2.661985298003534667e-42
1.196965978065752870e-42
5.382176805114054084e-43
2.420104471834538803e-43
1.088203874876143575e-43
4.893126255817269258e-44
2.200202104416671245e-44
9.893244210742187118e-45
4.448513198715199714e-45
2.000281126958906040e-45
8.994296314606046952e-46
4.044299828890838167e-46
1.818525933974981609e-46
8.177031161031759929e-47
3.676815235861427961e-47
1.653285894651907051e-47
7.434026661974847219e-48
3.342722065779762210e-48
1.503060362455365677e-48
6.758535136116624062e-49
3.038986212869327922e-49
1.366485046834655809e-49
6.144422029014895274e-50
2.762849264841773960e-50
1.242319623260063849e-50
5.586110201438860343e-51
2.511803452056280822e-51
1.129436469072313759e-51
5.078529279933225448e-52
2.283568872919767548e-52
1.026810422846779050e-52
4.617069609635723341e-53
2.076072788696502007e-53
9.335094742715364947e-54
4.197540391162628301e-54
1.887430799691744794e-54
8.486862999877796935e-55
3.816131621379559395e-55
1.715929731857681863e-55
7.715705685247581792e-56
3.469379492417365089e-56
1.560012078405214049e-56
7.014619444454216863e-57
3.154134934699883449e-57
1.418261855125915243e-57
6.377237281690975453e-58
2.867535018304404049e-58
1.289391740967484382e-58
5.797770737105699906e-59
2.606976952932633848e-59
1.172231387078736336e-59
5.270957318233281230e-60
2.370094450368959439e-60
1.065716788151219575e-60
4.792012708061393863e-61
2.154736234760605058e-61
9.688806195317013199e-62
4.356587315701904931e-62
1.958946505556999393e-62
8.808434523515573082e-63
3.960726775078514998e-63
1.780947175680748456e-63
8.008057668917213086e-64
3.600836032892964506e-64
1.619121723624339071e-64
7.280406916518369164e-65
3.273646699733109278e-65
1.472000512822727859e-65
6.618874021827172852e-66
2.976187367816126537e-66
1.338247444979066512e-66
6.017451197325268094e-67
2.705756625805305741e-67
1.216647826133350169e-67
5.470676552051284952e-68
2.459898525629930657e-68
1.106097335278830664e-68
4.973584488805949024e-69
2.236380278509098326e-69
1.005591995342811694e-69
4.521660608506494401e-70
