5.002345686328898422e-01
2.373849406405085793e-01
1.126503715984747828e-01
5.345792444556169559e-02
2.536831122238458747e-02
1.203846241600938817e-02
5.712819275639897248e-03
2.711002696882724387e-03
1.286498883982667082e-03
6.105045119991066261e-04
2.897132394063459127e-04
1.374826220570856880e-04
6.524200069842387264e-05
3.096041224297966328e-05
1.469217859651568847e-05
6.972133000614683320e-06
3.308606566339222576e-06
1.570090158902291779e-06
7.450819726231162990e-07
3.535766037257874661e-07
1.677888061928716310e-07
7.962371714352120099e-08
3.778521628232926978e-08
1.793087060892850349e-08
8.509045399972927907e-09
4.037944124294090153e-09
1.916195293889610830e-09
9.093252138466859432e-10
4.315177827510915240e-10
2.047755786323254846e-10
9.717568841975527001e-11
4.611445604462663628e-11
2.188348846170343154e-11
1.038474934606342866e-11
4.928054280253003849e-12
2.338594623694600222e-12
1.109773655677451587e-12
5.266400402862341869e-13
2.499155846904481185e-13
1.185967543167095647e-13
5.627976403264116401e-14
2.670740744819430558e-14
1.267392685211287342e-14
6.014377178477045880e-15
2.854106171439302799e-15
1.354408244796938105e-15
6.427307126591059115e-16
3.050060944196440676e-16
1.447398044015152390e-16
6.868587664797648430e-17
3.259469411616592609e-17
1.546772257084838554e-17
7.340165263587240916e-18
3.483255265924904259e-18
1.652969219614531214e-18
7.844120032551176773e-19
3.722405617414880602e-19
1.766457362082896590e-19
8.382674895660257454e-20
3.977975348551639861e-20
1.887737276066464014e-20
8.958205396492288286e-21
4.251091767015440113e-21
2.017343922328779070e-21
9.573250176657623722e-22
4.542959578210163575e-22
2.155848990510449852e-22
1.023052217364446628e-22
4.854866199169575488e-23
2.303863420828993123e-23
1.093292058747516001e-23
5.188187437301701474e-24
2.462040098911141708e-24
1.168354366895995059e-24
5.544393559019031242e-25
2.631076735644875483e-25
1.248570238595499895e-25
5.925055775024059691e-26
2.811718944753705663e-26
1.334293502790652108e-26
6.331853170855635377e-27
3.004763531668390436e-27
1.425902281310213787e-27
6.766580113266777122e-28
3.211062008203393141e-28
1.523800656747004913e-28
7.231154165103693064e-29
3.431524348540694840e-29
1.628420454849840380e-29
7.727624543597059883e-30
3.667123003088917436e-30
1.740223149289314649e-30
8.258181159376147312e-31
3.918897187922546791e-31
1.859701897199289100e-31
8.825164276075261479e-32
4.187957468721663192e-32
1.987383714473077480e-32
9.431074833141549068e-33
4.475490659431966877e-33
2.123831800409003825e-33
1.007858547737657214e-33
4.782765057252850060e-34
2.269648021959604361e-34
1.077055235187331228e-34
5.111136037044444084e-35
2.425475568542287254e-35
1.151002769434659764e-35
5.462052029831351864e-36
2.592001789121534849e-36
1.230027330042969166e-36
5.837060911772668461e-37
2.769961224077406606e-37
1.314477491132137550e-37
6.237816831780780194e-38
2.960138845233121367e-38
1.404725758924949313e-38
6.666087507904965973e-39
3.163373518333848538e-39
1.501170214856812527e-39
7.123762024663389124e-40
3.380561703249405484e-40
1.604236271496782177e-40
7.612859165718545137e-41
3.612661408222069883e-41
1.714378549025109212e-41
8.135536318649468026e-42
3.860696415602204504e-42
1.832082880544253724e-42
8.694098991100721607e-43
4.125760797710358069e-43
1.957868455069061411e-43
9.291010980282283059e-44
4.409023742745832537e-44
2.092290107648282928e-44
9.928905240679457145e-45
4.711734712027992492e-45
2.235940766719409740e-45
1.061059549790746410e-45
5.035228951319643047e-46
2.389454069491908648e-46
1.133908865994069211e-46
5.380933380541499944e-47
2.553507156895024796e-47
1.211759808046154823e-47
5.750372887857926172e-48
2.728823660419053371e-48
1.294955773283205731e-48
6.145177055896641312e-49
2.916176894024255344e-49
1.383863735721158455e-49
6.567087349771008748e-50
3.116393265197333766e-50
1.478875864763061582e-50
7.017964798612270460e-51
3.330355920201040948e-51
1.580411255042366185e-51
7.499798204492947780e-52
3.559008639596648638e-52
1.688917775032316305e-52
8.014712914951909622e-53
3.803360001221418593e-53
1.804874042575458154e-53
8.564980197815969520e-54
4.064487828984423113e-54
1.928791536047600678e-54
9.153027259669325162e-55
4.343543947103996691e-55
2.061216850468015824e-55
9.781447952163711547e-56
4.641759260757231974e-56
2.202734108507876088e-56
1.045301421339197785e-56
4.960449185553033291e-57
2.353967537031450197e-57
1.117068829479428491e-57
5.301019449776312546e-58
2.515584220535576113e-58
1.193763582752862564e-58
5.664972294998690971e-59
2.688297043632098402e-59
1.275723978594100167e-59
6.053913102404656808e-60
2.872867835552905305e-60
1.363311540972791914e-60
6.469557474062676200e-61
3.070110730547651506e-61
1.456912615061001802e-61
6.913738800376084516e-62
3.280895758996797276e-62
1.556940071386257059e-62
7.388416347093520070e-63
3.506152685080295591e-63
1.663835126986491304e-63
7.895683897550384678e-64
3.746875107929150429e-64
1.778069291600473953e-64
8.437778988261897882e-65
4.004124844351314471e-65
1.900146447478073935e-65
9.017092778605584388e-66
4.279036612462025942e-66
2.030605071984351126e-66
9.636180598128225418e-67
4.572823036879314267e-67
2.170020612801294387e-67
1.029777321799937836e-67
4.886779997561828303e-68
2.319008026204119849e-68
1.100478889633344642e-68
5.222292345882581210e-69
2.478224489608439506e-69
1.176034625050637192e-69
5.580840013151982447e-70
2.648372300352810074e-70
1.256777801325018574e-70
5.964004538534599671e-71
2.830201973504116017e-71
1.343064573320142392e-71
6.373476045154037710e-72
3.024515552348706119e-72
1.435275548474718266e-72
6.811060695157423849e-73
3.232170146172748349e-73
1.533817465646428563e-73
7.278688656622357031e-74
3.454081710936397977e-74
1.639124989220474866e-74
7.778422617450844600e-75
3.691229089518254158e-75
1.751662626396533619e-75
8.312466883800932186e-76
3.944658329351446331e-76
1.871926776110910860e-76
8.883177103191621655e-77
4.215487296496284071e-77
2.000447918632330913e-77
9.493070655168176360e-78
4.504910606501939290e-78
2.137792955488618063e-78
1.014483775536082479e-78
4.814204893807141266e-79
2.284567710046304697e-79
1.084135332191638196e-79
5.144734442922179151e-80
2.441419599772838919e-80
1.158568965664517790e-80
5.497957206233132298e-81
2.609040491968679157e-81
1.238112999681961438e-81
5.875431234969975432e-82
2.788169755565790506e-82
1.323118299739873605e-82
6.278821551707258163e-83
2.979597522453907580e-83
1.413959820756447764e-83
6.709907494710896445e-84
3.184168172720223707e-84
1.511038260982912137e-84
7.170590566526835943e-85
3.402784059175228329e-85
1.614781829467236902e-85
7.662902821431375243e-86
3.636409487594744795e-86
1.725648134866813897e-86
8.189015828739853117e-87
3.886074970233109496e-87
1.844126203941616217e-87
8.751250251510749325e-88
4.152881771370859026e-88
1.970738638631328294e-88
9.352086082894993505e-89
4.438006764946643202e-89
2.106043921231228087e-89
9.994173585286230247e-90
4.742707625700258071e-90
2.250638877834921895e-90
1.068034498051941693e-90
5.068328376724727153e-91
2.405161310909693227e-91
1.141362694268626526e-91
5.416305317897452614e-92
2.570292812617597247e-92
1.219725394867145211e-92
5.788173361340504374e-93
2.746761771290495372e-93
1.303468254529850357e-93
6.185572801855684315e-94
2.935346584321396723e-94
1.392960659601709803e-94
6.610256552197428695e-95
3.136879091643670793e-95
1.488597357438439365e-95
7.064097875100639859e-96
3.352248244943133340e-96
1.590800197621064288e-96
7.549098646165670298e-97
3.582404028787741218e-97
1.700019992717069855e-97
8.067398184050281923e-98
3.828361650970853700e-98
1.816738506796548254e-98
8.621282686917151491e-99
4.091206020551479035e-99
1.941470580473727770e-99
9.213195316760894455e-100
4.372096533344093655e-100
2.074766401848005734e-100
9.845746976096178965e-101
4.672272185965897581e-101
2.217213933361258606e-101
1.052172782454242446e-101
4.993057041001174065e-102
2.369441505276239240e-102
1.124411958610462202e-102
5.335866067386974656e-103
2.532120587215784177e-103
1.201610870143528540e-103
5.702211381783619645e-104
2.705968749987991082e-104
1.284110038309631090e-104
6.093708918459731011e-105
2.891752830761837232e-105
1.372273363581174563e-105
6.512085557112508199e-106
3.090292315554808133e-106
1.466489730796980241e-106
6.959186740063774492e-107
3.302462953952010426e-107
1.567174724517477421e-107
7.436984612430934637e-108
3.529200622002456005e-108
1.674772462151283245e-108
7.947586721179037111e-109
3.771505450329878936e-109
1.789757552939012800e-109
8.493245311423743424e-110
4.030446235668290660e-110
1.912637191435318097e-110
9.076367260994167766e-111
4.307165155280856426e-111
2.043953394723422963e-111
9.699524697072140352e-112
4.602882805057316892e-112
2.184285393230474090e-112
1.036546634174042198e-112
4.918903583512763910e-113
2.334252185689131873e-113
1.107712963648569029e-113
5.256621445436392474e-114
2.494515269516142909e-114
1.183765369912919405e-114
5.617526050569331494e-115
2.665781558650279666e-115
1.265039317035243047e-115
6.003209334433119094e-116
2.848806501721004864e-116
1.351893301087797172e-116
6.415372530292489978e-117
3.044397414301625870e-117
1.444710431458586394e-117
6.855833673226037095e-118
3.253417039945422370e-118
1.543900120731277501e-118
7.326535619404956177e-119
3.476787355712340528e-119
1.649899890587438519e-119
7.829554615952952041e-120
3.715493638972269423e-120
1.763177301696867406e-120
8.367109459186048114e-121
3.970588813423415078e-121
1.884232016108671776e-121
8.941571281635375997e-122
4.243198093495870549e-122
2.013598001240227826e-122
9.555474011014577111e-123
4.534523947626657193e-123
2.151845885185720266e-123
1.021152554727219444e-123
4.845851402299055414e-124
2.299585473733440193e-124
1.091261970702811689e-124
5.178553710242109092e-125
2.457468440194288522e-125
1.166184898808089156e-125
5.534098407792826817e-126
2.626191199906225492e-126
1.246251821028962429e-126
5.914053788137984344e-127
2.806497982093975417e-127
1.331815909299983882e-127
6.320095818993357815e-128
2.999184112633841287e-128
1.423254583331374658e-128
6.754015535227893855e-129
3.205099522203769247e-129
1.520971175392002640e-129
7.217726939045902451e-130
3.425152495292968398e-130
1.625396709391600147e-130
7.713275442572862893e-131
3.660313676607821261e-131
1.736991802109686210e-131
8.242846890085049265e-132
3.911620352546389125e-132
1.856248694957427807e-132
8.808777199679648646e-133
4.180181026625617014e-133
1.983693425234467554e-133
9.413562666914390015e-134
4.467180309046509060e-134
2.119888146458038478e-134
1.005987097586564939e-134
4.773884141960661689e-135
2.265433607999243303e-135
1.075055296617429298e-135
5.101645383489759603e-136
2.420971804964077435e-136
1.148865520798329447e-136
5.451909775127685099e-137
2.587188810007851488e-137
1.227743344023461293e-137
5.826222318847393129e-138
2.764817799573168301e-138
1.312036693160113363e-138
6.226234092041720790e-139
2.954642287902218259e-139
1.402117382739913929e-139
6.653709530358548120e-140
3.157499583085647404e-140
1.498382755017595297e-140
7.110534210554625896e-141
3.374284480394595879e-141
1.601257432631504571e-141
7.598723167697882727e-142
3.605953209186215472e-142
1.711195191596774796e-142
8.120429783405084438e-143
3.853527650792437191e-143
1.828680962892960326e-143
8.677955284320486537e-144
4.118099845996927715e-144
1.954232971474437147e-144
9.273758892732882384e-145
4.400836811982530324e-145
2.088405022140185766e-145
9.910468674105009371e-146
4.702985689996553685e-146
2.231788942343817740e-146
1.059089312936332408e-146
5.025879246440042050e-147
2.385017192720478817e-147
1.131803358308125516e-147
5.370941751646119421e-148
2.548765656844966785e-148
1.209509742219972618e-148
5.739695262278448646e-149
2.723756622526662954e-149
1.292551224368110982e-149
6.133766335061213207e-150
2.910761967791658671e-150
1.381294097349702024e-150
6.554893201454615695e-151
3.110606565605305686e-151
1.476129802364992303e-151
7.004933434923084945e-152
3.324171922353286288e-152
1.577476655848232392e-152
7.485872144616219548e-153
3.552400066130399407e-153
1.685781694644510490e-153
7.999830731604424751e-154
3.796297701988137085e-154
1.801522647871075729e-154
8.549076246292683104e-155
4.056940652469683245e-155
1.925210044161029009e-155
9.136031388288120193e-156
4.335478603019360776e-156
2.057389463584339187e-156
9.763285192827307905e-157
4.633140173198324686e-157
2.198643944179324002e-157
1.043360445090831041e-157
4.951238336075427679e-158
2.349596553709700722e-158
1.114994591349117060e-158
5.291176209697983285e-159
2.510913137991131385e-159
1.191546933360652127e-159
5.654453246188351712e-160
2.683305257910005890e-160
1.273355140389756427e-160
6.042671845766213572e-161
2.867533328089549652e-161
1.360780065107387869e-161
6.457544424871073417e-162
3.064409971047769384e-162
1.454207335297582209e-162
6.900900969560022462e-163
3.274803601642300653e-163
1.554049054845912318e-163
7.374697107503871540e-164
3.499642257612993685e-164
1.660745621512949292e-164
7.881022734179800158e-165
3.739917693118604742e-165
1.774767669510858955e-165
8.422111231315579031e-166
3.996689753324018489e-166
1.896618145451750362e-166
9.000349318245443832e-167
4.271091049334125124e-167
2.026834526824711579e-167
9.618287579631931431e-168
4.564331954095559845e-168
2.165991192787130557e-168
1.027865171599098857e-168
4.877705941301472594e-169
2.314701957727778863e-169
1.098435456664600160e-169
5.212595290852847408e-170
2.473622778777093607e-170
1.173850895814345950e-170
5.570477186037880793e-171
2.643454649207373924e-171
1.254444143480414656e-171
5.952930229327579231e-172
2.824946690485575453e-172
1.340570693197471917e-172
6.361641405527000139e-173
3.018899456617598227e-173
1.432610445670280754e-173
6.798413522996546245e-174
3.226168465359606205e-174
1.530969384500245040e-174
7.265173165766258352e-175
3.447667971871300293e-175
1.636081366962548606e-175
7.763979191619547444e-176
3.684375001459274509e-176
1.748410037732934998e-176
8.297031813631058264e-177
3.937333659195173657e-177
1.868450874005497834e-177
8.866682305216981559e-178
4.207659735420830734e-178
1.996733371022413363e-178
9.475443371506376351e-179
4.496545627454045269e-179
2.133823377655900551e-179
1.012600023278119985e-179
4.805265599204612721e-180
2.280325592344690228e-180
1.082122246887367491e-180
5.135181401900552062e-181
2.436886230393712911e-181
1.156417667676610217e-181
5.487748280717345536e-182
2.604195874404253911e-182
1.235813999722531970e-182
5.864521393805163082e-183
2.782992520405204169e-183
1.320661457013722288e-183
6.267162672028160707e-184
2.974064833123621721e-184
1.411334298230322337e-184
6.697448149673858288e-185
3.178255624752737232e-185
1.508232477583829525e-185
7.157275798468095147e-186
3.396465572562228481e-186
1.611783408998933344e-186
7.648673899451040825e-187
3.629657191748995711e-187
1.722443851418577841e-187
8.173809989642299282e-188
3.878859081052506498e-188
1.840701923549597178e-188
8.735000422958470440e-189
4.145170459861972150e-189
1.967079256934112769e-189
9.334720587555973641e-190
4.429766016828317091e-190
2.102133296845115728e-190
9.975615824667445986e-191
4.733901091368008535e-191
2.246459761154875011e-191
1.066051309709422544e-191
5.058917210914110509e-192
2.400695268022219701e-192
1.139243345882484204e-192
5.406248008339188531e-193
2.565520143989323884e-193
1.217460538077862490e-193
5.777425545651543213e-194
2.741661424874388832e-194
1.301047899146327208e-194
6.174087071858367603e-195
2.929896062697040310e-195
1.390374129534877708e-195
6.597982244804465811e-196
3.131054352782059469e-196
1.485833243609465521e-196
7.050980848841780505e-197
3.346023596158261702e-197
1.587846307636325856e-197
7.535081042372486009e-198
3.575752013407212629e-198
1.696863297088132851e-198
8.052418171642666970e-199
3.821252927225614132e-199
1.813365081467496529e-199
8.605274189670182573e-200
4.083609232150470637e-200
1.937865545402760125e-200
9.196087721844887424e-201
4.363978171162805528e-201
2.070913855372178145e-201
9.827464822606376375e-202
4.663596440239346792e-202
2.213096882054895731e-202
1.050219047064401293e-202
4.983785643368132038e-203
2.365041788993624806e-203
1.122324085332456153e-203
5.325958122090205076e-204
2.527418798987499829e-204
1.199379649453351373e-204
5.691623185279468039e-205
2.700944150417561992e-205
1.281725628383647001e-205
6.082393766644441834e-206
2.886383256545099776e-206
1.369725246884264610e-206
6.499993539312040624e-207
3.084554081718388774e-207
1.463766667690122855e-207
6.946264518879852212e-208
3.296330749380131253e-208
1.564264703680158753e-208
7.423175188471954192e-209
3.522647397790379969e-209
1.671662647600051595e-209
7.932829181637842383e-210
3.764502300472590067e-210
1.786434227408476210e-210
8.477474561394381003e-211
4.022962269556650651e-211
1.909085695871847542e-211
9.059513736340251753e-212
4.299167361445005008e-212
2.040158063624662031e-212
9.681514057582497795e-213
4.594335905554218342e-213
2.180229485545384957e-213
1.034621914321773256e-213
4.909769878316637619e-214
2.329917810974081516e-214
1.105656098031988340e-214
5.246860646145432051e-215
2.489883309020706112e-215
1.181567285781581835e-215
5.607095102695207369e-216
2.660831580985420277e-216
1.262690318729524821e-216
5.992062227489383163e-217
2.843516672736605703e-217
1.349383027271794889e-217
6.403460094844186095e-218
3.038744400777375772e-218
1.442027809416686028e-218
6.843103364005336551e-219
3.247375906668788091e-219
1.541033317526855890e-219
7.312931283536112491e-220
3.470331455490359966e-220
1.646836260868263114e-220
7.815016245263807668e-221
3.708594495091871893e-221
1.759903331916961021e-221
8.351572925515735542e-222
3.963215994041794762e-222
1.880733264920719130e-222
8.924968053966339549e-223
4.235319077406866381e-223
2.009859035795065654e-223
9.537730853185450506e-224
4.526103980810782514e-224
2.147850213058975936e-224
1.019256419493608151e-224
4.836853344625686904e-225
2.295315470178018486e-225
1.089235652243174143e-225
5.168937871645729504e-226
2.452905270398329098e-226
1.164019459114187510e-226
5.523822373199963633e-227
2.621314735913516526e-227
1.243937708434457506e-227
5.903072230378660398e-228
2.801286714020356265e-228
1.329342916348424098e-228
6.308360298863333319e-229
2.993615053787979113e-229
1.420611801751521354e-229
6.741474287825605812e-230
3.199148107693800211e-230
1.518146947981888969e-230
7.204324645439588422e-231
3.418792473671759794e-231
1.622378578599089295e-231
7.698952985791006177e-232
3.653516994078904756e-232
1.733766455082714492e-232
8.227541094353823111e-233
3.904357029219586472e-233
1.852801904821556578e-233
8.792420551757148059e-234
4.172419024277617845e-234
1.980009988338718797e-234
9.396083018292479090e-235
4.458885389800931781e-235
2.115951815312210755e-235
1.004119122452581824e-235
4.765019717266383250e-236
2.261227019606892795e-236
1.073059071649379501e-236
5.092172352730306731e-237
2.416476404235322085e-237
1.146732240729141220e-237
5.441786353150005778e-238
2.582384767912670704e-238
1.225463599041591178e-238
5.815403851649248196e-239
2.759683925677581460e-239
1.309600427403249856e-239
6.214672859804695375e-240
2.949155936897461396e-240
1.399513849938978902e-240
6.641354536957882457e-241
3.151636554900776752e-241
1.495600471095388926e-241
7.097330958617375729e-242
3.368018913450960387e-242
1.598284125046906974e-242
7.584613418217230097e-243
3.599257466323085535e-243
1.708017745211067566e-243
8.105351298850448776e-244
3.846372197360613331e-244
1.825285362119379651e-244
8.661841554110313181e-245
4.110453119582605955e-245
1.950604238456296886e-245
9.256538839859173522e-246
4.392665083186779955e-246
2.084527150683860270e-246
9.892066341615530316e-247
4.694252913656311263e-247
2.227644827316173490e-247
1.057122734531858784e-247
5.016546902634365416e-248
2.380588554598828523e-248
1.129701760250839381e-248
5.360968675786382094e-249
2.544032961086836006e-249
1.207263854446532247e-249
5.729037463533017970e-250
2.718698993403721525e-250
1.290151140358771668e-250
6.122376802313679562e-251
2.905357096307730552e-251
1.378729230431669993e-251
6.542721695939676168e-252
3.104830611092296873e-252
1.473388839014702282e-252
6.991926268625390332e-253
3.317999407310968345e-253
1.574547505787925684e-253
7.471971943454724663e-254
3.545803763846190675e-254
1.682651437512510949e-254
7.984976182357656735e-255
3.789248516441184144e-255
1.798177476230600397e-255
8.533201826148613768e-256
4.049407489989496641e-256
1.921635202596146799e-256
9.119067075825190210e-257
4.327428235132901221e-257
2.053569183614432554e-257
9.745156159154311910e-258
4.624537090060557847e-258
2.194561374704960807e-258
1.041423072959571504e-258
4.942044589836847795e-259
2.345233686683123998e-259
1.112924204784293028e-259
5.281351247118191711e-260
2.506250728983489300e-260
1.189334399971407291e-260
5.643953729757362891e-261
2.678322741224963634e-261
1.270990700781378910e-261
6.031451462545149060e-262
2.862208726048836922e-262
1.358253289833016505e-262
6.445553682205298051e-263
3.058719797048539532e-263
1.451507078854341649e-263
6.888086976772098552e-264
3.268722756558678333e-264
1.551163406512553549e-264
7.361003342593243800e-265
3.493143919084854137e-265
1.657661852812142952e-265
7.866388794506893349e-266
3.732973197239234378e-266
1.771472178064399470e-266
8.406472567168213228e-267
3.989268468204790078e-267
1.893096394981020758e-267
8.983636948112685766e-268
4.263160239988483469e-268
2.023070983031748654e-268
9.600427785929451051e-269
4.555856638046069118e-269
2.161969254833469390e-269
1.025956571989580280e-269
4.868648734274295048e-270
2.310403885008831406e-270
1.096395818060628449e-270
5.202916241876485731e-271
2.469029612669062096e-271
1.171671221453068783e-271
5.560133601221314989e-272
2.638546129441535383e-272
1.252114818906954565e-272
5.941876483539250716e-273
2.819701165781057573e-273
1.338081443855957311e-273
6.349828741144211278e-274
3.013293789178807227e-274
1.429950291583198652e-274
6.785789834837574461e-275
3.220177928815160504e-275
1.528126591836206690e-275
7.251682771256520180e-276
3.441266142208537395e-276
1.633043396278837729e-276
7.749562585178027564e-277
3.677533640468157768e-277
1.745163488664535489e-277
8.281625404193614432e-278
3.930022589910868370e-278
1.864981426156628876e-278
8.850218135738748951e-279
4.199846709014343922e-279
1.993025720799848324e-279
9.457848819206007922e-280
4.488196180983950290e-280
2.129861170765438808e-280
1.010719768880474086e-280
4.796342903602418543e-281
2.276091351652901306e-281
1.080112899596505633e-281
5.125646099519182421e-282
2.432361278837394246e-282
1.154270364343429098e-282
5.477558311726159825e-283
2.599360252606292722e-283
1.233519268679441175e-283
5.853631810665755301e-284
2.777824898634697610e-284
1.318209176295504557e-284
6.255525441232593697e-285
2.968542417211303984e-285
1.408713650926557310e-285
6.685011939870823395e-286
3.172354055546825028e-286
1.505431904126112850e-286
7.143985754042403285e-287
3.390158818481196133e-287
1.608790556171496547e-287
7.634471398557740100e-288
3.622917433957326142e-288
1.719245517869518274e-288
8.158632385628107127e-289
3.871656590752943573e-289
1.837284001559827598e-289
8.718780768029928351e-290
4.137473467163002557e-290
1.963426670188872649e-290
9.317387337475461371e-291
4.421540570608476913e-291
2.098229933932961570e-291
9.957092523174462056e-292
4.725110909518861686e-292
2.242288404500899339e-292
1.064071803865992824e-292
5.049523520301350576e-293
2.396237517942029515e-293
1.137127932825164806e-293
5.396209373775922379e-294
2.560756337528781247e-294
1.215199886805832656e-294
5.766697687129364079e-295
2.736570549077122029e-295
1.298632038018852312e-295
6.162622669230043857e-296
2.924455661917146175e-296
1.387792402286869150e-296
6.585730729056697099e-297
3.125240429633165904e-297
1.483074262347129852e-297
7.037888179038137631e-298
3.339810505662032371e-298
1.584897902605626723e-298
7.521089467278263945e-299
3.569112349874390659e-299
1.693712462994504141e-299
8.037465974990096390e-300
3.814157403370643447e-300
1.809997920110015301e-300
8.589295417928500181e-301
4.076026549906471999e-301
1.934267204369748885e-301
9.179011893302408010e-302
4.355874883627076420e-302
2.067068462527821168e-302
9.809216616478520614e-303
4.654936804140434822e-303
2.208987475527894869e-303
1.048268939483639758e-303
4.974531461403722068e-304
2.360650242359075344e-304
1.120240088938565016e-304
5.316068574440068269e-305
2.522725741311968130e-305
1.197152571823072545e-305
5.681054649551787029e-306
2.695928880814685618e-306
1.279345645968212787e-306
6.071099625458345763e-307
2.881023652864822803e-307
1.367181861678125177e-307
6.487923974670518473e-308
3.078826502967055034e-308
1.461048660924669809e-308
6.933366292424600221e-309
3.290209931441027741e-309
1.561360086338196376e-309
7.409391406651117392e-310
3.516106341985151647e-310
1.668558607532714681e-310
7.918099044751167302e-311
3.757512154469825078e-311
1.783117072821463058e-311
8.461733095404919085e-312
4.015492200104099676e-312
1.905540794930810775e-312
9.042691506260480616e-313
4.291184418393176003e-313
2.036369779906560347e-313
9.663536861569878432e-314
4.585804876345588247e-314
2.176181109165995488e-314
1.032700768319214749e-314
4.900653134004280353e-315
2.325591485808811834e-315
1.103603049620455877e-315
5.237117980058147056e-316
2.485259930561411458e-316
1.179373283149995702e-316
5.596683739879514381e-317
2.655890886668225622e-317
1.260345652440353014e-317
5.980936379013502103e-318
2.838234212381916960e-318
1.346877297784280617e-318
6.391579040554454168e-319
3.033118406383996659e-319
1.439361446029303557e-319
6.830457553755233473e-320
3.241564702364418576e-320
1.538026355503800492e-320
7.302290245533623923e-321
3.463400177347138275e-321
1.645238600651350992e-321
7.806237204291695398e-322
3.705492343809349081e-322
1.778636325028487559e-322
8.399115979301191251e-323
3.952525166729972353e-323
1.976262583364986177e-323
4.940656458412465442e-324
4.940656458412465442e-324
4.940656458412465442e-324
