5.192425210600630781e-01
2.402698213018779894e-01
1.111803919882719954e-01
5.144665899233012707e-02
2.380598479768176318e-02
1.101577679265712713e-02
5.097345872348040680e-03
2.358702017243419213e-03
1.091445498397269984e-03
5.050461089459128269e-04
2.337006955784472326e-04
1.081406512126977849e-04
5.004007547243618435e-05
2.315511442928221630e-05
1.071459863261972656e-05
4.957981279200926556e-06
2.294213643250274129e-06
1.061604702493750580e-06
4.912378355313890625e-07
2.273111738208263917e-07
1.051840188325648799e-07
4.867194881713158305e-08
2.252203925986558948e-08
1.042165487000983711e-08
4.822427000344724768e-09
2.231488421342414570e-09
1.032579772431873751e-09
4.778070888640529137e-10
2.210963455453543305e-10
1.023082226128693227e-10
4.734122759192025411e-11
2.190627275767053032e-11
1.013672037130187204e-11
4.690578859426804852e-12
2.170478145849847862e-12
1.004348401934229730e-12
4.647435471288176493e-13
2.150514345240331396e-13
9.951105244292013908e-14
4.604688910917705719e-14
2.130734169301506753e-14
9.859576158260338325e-15
4.562335528340605758e-15
2.111135929075427575e-15
9.768888945908468250e-16
4.520371707154170298e-16
2.091717951138982541e-16
9.679035863782054081e-17
4.478793864218924999e-17
2.072478577461006101e-17
9.590009239650233824e-18
4.437598449352684092e-18
2.053416165260709041e-18
9.501801471850368547e-19
4.396781945027416716e-19
2.034529086867417584e-19
9.414405028639021449e-20
4.356340866068898968e-20
2.015815729581537016e-20
9.327812447548836007e-21
4.316271759359125433e-21
1.997274495536936119e-21
9.242016334751339766e-22
4.276571203541460644e-22
1.978903801564451605e-22
9.157009364425622531e-23
4.237235808728530955e-23
1.960702079056723263e-23
9.072784278132806587e-24
4.198262216212657330e-24
1.942667773834254536e-24
8.989333884196275220e-25
4.159647098179242501e-25
1.924799346012708616e-25
8.906651057087596936e-26
4.121387157422506891e-26
1.907095269871421304e-26
8.824728736818107235e-27
4.083479127063974603e-27
1.889554033723126121e-27
8.743559928336142983e-28
4.045919770273533320e-28
1.872174139784877429e-28
8.663137700929447598e-29
4.008705879993050060e-29
1.854954104050172408e-29
8.583455187634006695e-30
3.971834278662531090e-30
1.837892456162184609e-30
8.504505584647078027e-31
3.935301817948804080e-31
1.820987739288294703e-31
8.426282150746555371e-32
3.899105378476690856e-32
1.804238509995644029e-32
8.348778206715287400e-33
3.863241869562655845e-33
1.787643338127898110e-33
8.271987134770893396e-34
3.827708228950906182e-34
1.771200806683130692e-34
8.195902378000217978e-35
3.792501422551911838e-35
1.754909511692831685e-35
8.120517439800162828e-36
3.757618444183341015e-36
1.738768062102025936e-36
8.045825883322500587e-37
3.723056315313369706e-37
1.722775079650498176e-37
7.971821330924371322e-38
3.688812084806355727e-38
1.706929198755106736e-38
7.898497463623714721e-39
3.654882828670852563e-39
1.691229066393181212e-39
7.825848020559720775e-40
3.621265649809941809e-40
1.675673341986993644e-40
7.753866798458238094e-41
3.587957677773909552e-41
1.660260697289291700e-41
7.682547651102084074e-42
3.554956068514942250e-42
1.644989816269882406e-42
7.611884488806267642e-43
3.522258004144597568e-43
1.629859395003263552e-43
7.541871277897984149e-44
3.489860692692984508e-44
1.614868141557284865e-44
7.472502040201447018e-45
3.457761367870418924e-45
1.600014775882834679e-45
7.403770852527415703e-46
3.425957288831223759e-46
1.585298029704540900e-46
7.335671846167443631e-47
3.394445739939692138e-47
1.570716646412478530e-47
7.268199206392767528e-48
3.363224030538215714e-48
1.556269380954871383e-48
7.201347171957811404e-49
3.332289494717532925e-49
1.541954999731803607e-49
7.135110034608251078e-50
3.301639491089101749e-50
1.527772280489799973e-50
7.069482138593610693e-51
3.271271402559557309e-51
1.513720012217592327e-51
7.004457880184335822e-52
3.241182636107249645e-52
1.499796995042630286e-52
6.940031707193313049e-53
3.211370622560834211e-53
1.486002040128647492e-53
6.876198118501783429e-54
3.181832816379901510e-54
1.472333969574153063e-54
6.812951663589631019e-55
3.152566695437617280e-55
1.458791616311854881e-55
6.750286942069974668e-56
3.123569760805374067e-56
1.445373824009006399e-56
6.688198603228148452e-57
3.094839536539456480e-57
1.432079446968653026e-57
6.626681345564345112e-58
3.066373569469409374e-58
1.418907350031905869e-58
6.565729916341982894e-59
3.038169428989056021e-59
1.405856408480790955e-59
6.505339111137782342e-60
3.010224706848298740e-60
1.392925507942518404e-60
6.445503773398873622e-61
2.982537016948183243e-61
1.380113544294045895e-61
6.386218794001009453e-62
2.955103995136468803e-62
1.367419423567926345e-62
6.327479110813796449e-63
2.927923299006445464e-63
1.354842061859011199e-63
6.269279708266988001e-64
2.900992607696247262e-64
1.342380385231628790e-64
6.211615616923680389e-65
2.874309621691352732e-65
1.330033329628193332e-65
6.154481913054544850e-66
2.847872062627572117e-66
1.317799840778042801e-66
6.097873718218838494e-67
2.821677673097166473e-67
1.305678874107721740e-67
6.041786198846439970e-68
2.795724216455442665e-68
1.293669394651489591e-68
5.986214565826523436e-69
2.770009476630418672e-69
1.281770376963244318e-69
5.931154074097420149e-70
2.744531257932964772e-70
1.269980805028669825e-70
5.876600022241983903e-71
2.719287384869952373e-71
1.258299672178774093e-71
5.822547752086641308e-72
2.694275701957869724e-72
1.246725981003643668e-72
5.768992648302488020e-73
2.669494073539395249e-73
1.235258743267564999e-73
5.715930138012522612e-74
2.644940383600424464e-74
1.223896979824359218e-74
5.663355690399871622e-75
2.620612535590002545e-75
1.212639720534057169e-75
5.611264816322227778e-76
2.596508452240702314e-76
1.201486004179783304e-76
5.559653067927238324e-77
2.572626075391852378e-77
1.190434878385958994e-77
5.508516038274004513e-78
2.548963365813277765e-78
1.179485399536706040e-78
5.457849360955521181e-79
2.525518303031402328e-79
1.168636632695549457e-79
5.407648709727094472e-80
2.502288885156943538e-80
1.157887651525314238e-80
5.357909798135704904e-81
2.479273128713471043e-81
1.147237538209298112e-81
5.308628379155227692e-82
2.456469068468620055e-82
1.136685383372636100e-82
5.259800244822577591e-83
2.433874757265718131e-83
1.126230286004915940e-83
5.211421225879610241e-84
2.411488265858089131e-84
1.115871353382983461e-84
5.163487191415933877e-85
2.389307682743761304e-85
1.105607700994973210e-85
5.115994048517366769e-86
2.367331114002806022e-86
1.095438452464560727e-86
5.068937741915282740e-87
2.345556683135074035e-87
1.085362739476226856e-87
5.022314253641516141e-88
2.323982530900511149e-88
1.075379701701209457e-88
4.976119602684120977e-89
2.302606815159866050e-89
1.065488486723823988e-89
4.930349844648597303e-90
2.281427710717928826e-90
1.055688249968927336e-90
4.885001071419950304e-91
2.260443409167159014e-91
1.045978154629556923e-91
4.840069410830126079e-92
2.239652118733791803e-92
1.036357371595721414e-92
4.795551026326396525e-93
2.219052064124329247e-93
1.026825079383366332e-93
4.751442116644191619e-94
2.198641486374466038e-94
1.017380464064467010e-94
4.707738915482928935e-95
2.178418642698390787e-95
1.008022719197296636e-95
4.664437691183474343e-96
2.158381806340478516e-96
9.987510457577986792e-97
4.621534746410585315e-97
2.138529266427350361e-97
9.895646520711306422e-98
4.579026417836140550e-98
2.118859327822283023e-98
9.804627537442951938e-99
4.536909075827401702e-99
2.099370310979977545e-99
9.714445735989360766e-100
4.495179124136042133e-100
2.080060551803633074e-100
9.625093416052027686e-101
4.453832999592116263e-101
2.060928401502434670e-101
9.536562948157777457e-102
4.412867171798782433e-102
2.041972226450951663e-102
9.448846773009517018e-103
4.372278142831875867e-103
2.023190408049820256e-103
9.361937400838590426e-104
4.332062446940221702e-104
2.004581342587131555e-104
9.275827410767414091e-105
4.292216650250711138e-105
1.986143441101956003e-105
9.190509450173698792e-106
4.252737350474101986e-106
1.967875129248212515e-106
9.105976234064754770e-107
4.213621176615490700e-107
1.949774847160692994e-107
9.022220544453344766e-108
4.174864788685501966e-108
1.931841049321421930e-108
8.939235229743460442e-109
4.136464877416066874e-109
1.914072204428135875e-109
8.857013204117848857e-110
4.098418163976897032e-110
1.896466795263088046e-110
8.775547446933778363e-111
4.060721399696463734e-111
1.879023318563939114e-111
8.694831002124298710e-112
4.023371365783787729e-112
1.861740284894962562e-112
8.614856977602790238e-113
3.986364873053947510e-113
1.844616218520245762e-113
8.535618544675242678e-114
3.949698761655994679e-114
1.827649657277570317e-114
8.457108937457645675e-115
3.913369900802801149e-115
1.810839152453200795e-115
8.379321452297540271e-116
3.877375188504066822e-116
1.794183268658811314e-116
8.302249447202346517e-117
3.841711551300573019e-117
1.777680583708502215e-117
8.225886341270324002e-118
3.806375944003071695e-118
1.761329688497572905e-118
8.150225614131502918e-119
3.771365349431599651e-119
1.745129186881799087e-119
8.075260805389030515e-120
3.736676778157214140e-120
1.729077695558826911e-120
8.000985514068477247e-121
3.702307268248028101e-121
1.713173843949652321e-121
7.927393398069446266e-122
3.668253885015440424e-122
1.697416274081791998e-122
7.854478173626800224e-123
3.634513720763971095e-123
1.681803640472941838e-123
7.782233614772266513e-124
3.601083894542161369e-124
1.666334610016674869e-124
7.710653552803733175e-125
3.567961551897820420e-125
1.651007861868316393e-125
7.639731875756761136e-126
3.535143864633464371e-126
1.635822087331881764e-126
7.569462527885353638e-127
3.502628030565233818e-127
1.620775989748899417e-127
7.499839509143105641e-128
3.470411273282825101e-128
1.605868284387314314e-128
7.430856874671751175e-129
3.438490841913627414e-129
1.591097698331975357e-129
7.362508734291860066e-130
3.406864010887028342e-130
1.576462970375581843e-130
7.294789252002439512e-131
3.375528079702084642e-131
1.561962850911540775e-131
7.227692645480918846e-132
3.344480372696163900e-132
1.547596101826901530e-132
7.161213185590253215e-133
3.313718238817635937e-133
1.533361496396815830e-133
7.095345195888100771e-134
3.283239051398739966e-134
1.519257819179445289e-134
7.030083052144580259e-135
3.253040207931675801e-135
1.505283865912701662e-135
6.965421181860803952e-136
3.223119129845648908e-136
1.491438443411069843e-136
6.901354063791876599e-137
3.193473262287805895e-137
1.477720369463897104e-137
6.837876227477850060e-138
3.164100073904344222e-138
1.464128472734113012e-138
6.774982252775015970e-139
3.134997056624729179e-139
1.450661592658718239e-139
6.712666769393894431e-140
3.106161725446829543e-140
1.437318579349350295e-140
6.650924456439141231e-141
3.077591618225801667e-141
1.424098293494264029e-141
6.589750041957522842e-142
3.049284295463313604e-142
1.410999606260726044e-142
6.529138302486224497e-143
3.021237340098730263e-143
1.398021399199115763e-143
6.469084062607591449e-144
2.993448357303774076e-144
1.385162564147098531e-144
6.409582194505744232e-145
2.965914974277338757e-145
1.372422003135162926e-145
6.350627617530947971e-146
2.938634840043230707e-146
1.359798628292557433e-146
6.292215297764314399e-147
2.911605625248755068e-147
1.347291361754870281e-147
6.234340247588696112e-148
2.884825021966825260e-148
1.334899135571681372e-148
6.176997525261397526e-149
2.858290743498230535e-149
1.322620891615526557e-149
6.120182234494347674e-150
2.832000524176707725e-150
1.310455581491247320e-150
6.063889524034597542e-151
2.805952119174840767e-151
1.298402166446924636e-151
6.008114587250791721e-152
2.780143304313353309e-152
1.286459617284955200e-152
5.952852661721371017e-153
2.754571875870543987e-153
1.274626914273953111e-153
5.898099028829994055e-154
2.729235650394439394e-154
1.262903047062120583e-154
5.843849013361248825e-155
2.704132464515730658e-155
1.251287014590682875e-155
5.790097983102130819e-156
2.679260174763990875e-156
1.239777825008554972e-156
5.736841348445192497e-157
2.654616657384023662e-157
1.228374495587369773e-157
5.684074561998640647e-158
2.630199808154831097e-158
1.217076052637990108e-158
5.631793118197041377e-159
2.606007542209341123e-159
1.205881531427086040e-159
5.579992552915660268e-160
2.582037793857292197e-160
1.194789976094897915e-160
5.528668443091210226e-161
2.558288516408244079e-161
1.183800439573347147e-161
5.477816406342894530e-162
2.534757681997120090e-162
1.172911983505579059e-162
5.427432100598849079e-163
2.511443281410471265e-163
1.162123678165565746e-163
5.377511223724142461e-164
2.488343323915790223e-164
1.151434602378854606e-164
5.328049513155295119e-165
2.465455837091084934e-165
1.140843843443650290e-165
5.279042745535075436e-166
2.442778866656047817e-166
1.130350497053276400e-166
5.230486736352486198e-167
2.420310476306029779e-167
1.119953667218696893e-167
5.182377339584274544e-168
2.398048747546142269e-168
1.109652466192139762e-168
5.134710447342709355e-169
2.375991779527720689e-169
1.099446014391041887e-169
5.087481989523626709e-170
2.354137688885475481e-170
1.089333440323326416e-170
5.040687933459484301e-171
2.332484609577492440e-171
1.079313880512733609e-171
4.994324283573880520e-172
2.311030692725355220e-172
1.069386479425216662e-172
4.948387081042108568e-173
2.289774106456542264e-173
1.059550389395647732e-173
4.902872403451976176e-174
2.268713035747486958e-174
1.049804770555804344e-174
4.857776364469448518e-175
2.247845682269384874e-175
1.040148790762470120e-175
4.813095113505703396e-176
2.227170264234117419e-176
1.030581625526206786e-176
4.768824835390006346e-177
2.206685016242365952e-177
1.021102457941309120e-177
4.724961750042834890e-178
2.186388189132370678e-178
1.011710478615814843e-178
4.681502112153653214e-179
2.166278049831328283e-179
1.002404885602509532e-179
4.638442210860053493e-180
2.146352881206910717e-180
9.931848843302234689e-181
4.595778369432495025e-181
2.126610981920888218e-181
9.840496875363290313e-182
4.553506944959554361e-182
2.107050666283377141e-182
9.749985151992906356e-183
4.511624328036098257e-183
2.087670264109631900e-183
9.660305944721722843e-184
4.470126942456650469e-184
2.068468120576946154e-184
9.571451596164282648e-185
4.429011244908989627e-185
2.049442596083594408e-185
9.483414519368496081e-186
4.388273724672108888e-186
2.030592066108363717e-186
9.396187197165614343e-187
4.347910903315449384e-187
2.011914921072542947e-187
9.309762181529439357e-188
4.307919334403392955e-188
1.993409566202020356e-188
9.224132092938251862e-189
4.268295603199976738e-189
1.975074421391337894e-189
9.139289619747883720e-190
4.229036326377815463e-190
1.956907921068325420e-190
9.055227517565271853e-191
4.190138151728246460e-191
1.938908514061093973e-191
8.971938608630935184e-192
4.151597757876547180e-192
1.921074663465249060e-192
8.889415781204043878e-193
4.113411853997363129e-193
1.903404846512331935e-193
8.807651988958240756e-194
4.075577179534195280e-194
1.885897554440455234e-194
8.726640250377938226e-195
4.038090503920060249e-195
1.868551292365035413e-195
8.646373648163193675e-196
4.000948626303041361e-196
1.851364579151365630e-196
8.566845328637086383e-197
3.964148375272049564e-197
1.834335947287723950e-197
8.488048501163489000e-198
3.927686608586478141e-198
1.817463942760703456e-198
8.409976437565719038e-199
3.891560212907010299e-199
1.800747124930635306e-199
8.332622471550634653e-200
3.855766103531122921e-200
1.784184066408783589e-200
8.255979998142298932e-201
3.820301224128797076e-201
1.767773352935061847e-201
8.180042473116084759e-202
3.785162546481993293e-202
1.751513583257883966e-202
8.104803412440825767e-203
3.750347070225214583e-203
1.735403369014108311e-203
8.030256391723327282e-204
3.715851822590615086e-204
1.719441334610689825e-204
7.956395045662576826e-205
3.681673858153301452e-205
1.703626117106833914e-205
7.883213067504394023e-206
3.647810258580255909e-206
1.687956366098204637e-206
7.810704208503810754e-207
3.614258132380319487e-207
1.672430743601228714e-207
7.738862277389748843e-208
3.581014614658548519e-208
1.657047923939040915e-208
7.667681139839033227e-209
3.548076866870957218e-209
1.641806593627912306e-209
7.597154717950829353e-210
3.515442076581546460e-210
1.626705451265663966e-210
7.527276989728535188e-211
3.483107457223373482e-211
1.611743207420164958e-211
7.458041988563878811e-212
3.451070247859807922e-212
1.596918584519420189e-212
7.389443802730027377e-213
3.419327712949180506e-213
1.582230316742117155e-213
7.321476574875080667e-214
3.387877142110426802e-214
1.567677149910090731e-214
7.254134501522781184e-215
3.356715849892829172e-215
1.553257841380954090e-215
7.187411832575318576e-216
3.325841175545933568e-216
1.538971159941734271e-216
7.121302870824841632e-217
3.295250482792739324e-217
1.524815885704272996e-217
7.055801971465323383e-218
3.264941159603847946e-218
1.510790810000711393e-218
6.990903541611393895e-219
3.234910617975558608e-219
1.496894735280457966e-219
6.926602039819186748e-220
3.205156293708134850e-220
1.483126475007595454e-220
6.862891975615573498e-221
3.175675646187226932e-221
1.469484853560078545e-221
6.799767909028131362e-222
3.146466158166211458e-222
1.455968706129007812e-222
6.737224450119502266e-223
3.117525335552342825e-223
1.442576878619259162e-223
6.675256258529870928e-224
3.088850707193240206e-224
1.429308227551019351e-224
6.613858043017518282e-225
3.060439824665188568e-225
1.416161619961903548e-225
6.553024561011577506e-226
3.032290262066005071e-226
1.403135933310303362e-226
6.492750618158733593e-227
3.004399615805623159e-227
1.390230055380093397e-227
6.433031067885679264e-228
2.976765504401923060e-228
1.377442884184544940e-228
6.373860810954471598e-229
2.949385568278389423e-229
1.364773327873502492e-229
6.315234795029368551e-230
2.922257469560596743e-230
1.352220304639048401e-230
6.257148014247565858e-231
2.895378891877620989e-231
1.339782742623610057e-231
6.199595508787444884e-232
2.868747540165231126e-232
1.327459579828891356e-232
6.142572364447248984e-233
2.842361140467612945e-233
1.315249764024273640e-233
6.086073712227566373e-234
2.816217439745828124e-234
1.303152252657433607e-234
6.030094727910684942e-235
2.790314205683151627e-235
1.291166012765767129e-235
5.974630631654226155e-236
2.764649226495454328e-236
1.279290020887145545e-236
5.919676687578182430e-237
2.739220310743277797e-237
1.267523262973709766e-237
5.865228203362623655e-238
2.714025287142818950e-238
1.255864734304254999e-238
5.811280529849024911e-239
2.689062004381496351e-239
1.244313439398888057e-239
5.757829060639269157e-240
2.664328330935163157e-240
1.232868391934445161e-240
5.704869231704360879e-241
2.639822154883960655e-241
1.221528614659422165e-241
5.652396520996648836e-242
2.615541383734426276e-242
1.210293139310962422e-242
5.600406448059155838e-243
2.591483944238702219e-243
1.199161006532588471e-243
5.548894573648176555e-244
2.567647782218427469e-244
1.188131265791457635e-244
5.497856499349732093e-245
2.544030862390206720e-245
1.177202975297619226e-245
5.447287867205952195e-246
2.520631168190062046e-246
1.166375201923995994e-246
5.397184359344803390e-247
2.497446701602143052e-247
1.155647021125770757e-247
5.347541697607667619e-248
2.474475482988960408e-248
1.145017516862507416e-248
5.298355643185943831e-249
2.451715550920367856e-249
1.134485781519006771e-249
5.249621996260891927e-250
2.429164962008339333e-250
1.124050915828211049e-250
5.201336595641403879e-251
2.406821790739066862e-251
1.113712028794796586e-251
5.153495318410526018e-252
2.384684129309395997e-252
1.103468237618326611e-252
5.106094079575168210e-253
2.362750087464735022e-253
1.093318667618260719e-253
5.059128831713185463e-254
2.341017792336013875e-254
1.083262452159640344e-254
5.012595564632456867e-255
2.319485388280599470e-255
1.073298732578216228e-255
4.966490305024404193e-256
2.298151036724630587e-256
1.063426658108122807e-256
4.920809116126488180e-257
2.277012916004437392e-257
1.053645385808370916e-257
4.875548097387722360e-258
2.256069221211806546e-258
1.043954080491246483e-258
4.830703384132248013e-259
2.235318164040623465e-259
1.034351914651349286e-259
4.786271147231050552e-260
2.214757972632381010e-260
1.024838068394218829e-260
4.742247592776622400e-261
2.194386891426928348e-261
1.015411729366690763e-261
4.698628961755203193e-262
2.174203181010792597e-262
1.006072092687874436e-262
4.655411529730139853e-263
2.154205117969428237e-263
9.968183608797324817e-264
4.612591606520104314e-264
2.134390994740785511e-264
9.876497437993385425e-265
4.570165535885632164e-265
2.114759119468033870e-265
9.785654585717444001e-266
4.528129695218476957e-266
2.095307815855847497e-266
9.695647295223454567e-267
4.486480495229151334e-267
2.076035423027981870e-267
9.606467881115431912e-268
4.445214379642046047e-268
2.056940295383785082e-268
9.518108728683450087e-269
4.404327824893264605e-269
2.038020802459586209e-269
9.430562293256802406e-270
4.363817339826719197e-270
2.019275328787823843e-270
9.343821099562992435e-271
4.323679465397576574e-271
2.000702273759821904e-271
9.257877741082974388e-272
4.283910774378360586e-272
1.982300051489794955e-272
9.172724879422018912e-273
4.244507871062870850e-273
1.964067090678065476e-273
9.088355243686206374e-274
4.205467390980148573e-274
1.946001834477589781e-274
9.004761629854284398e-275
4.166786000603792723e-275
1.928102740361682346e-275
8.921936900170851285e-276
4.128460397068795765e-276
1.910368279990755229e-276
8.839873982529658513e-277
4.090487307890917738e-277
1.892796939083577491e-277
8.758565869872883105e-278
4.052863490684436115e-278
1.875387217286448329e-278
8.678005619595773028e-279
4.015585732886716860e-279
1.858137628045746525e-279
8.598186352947849038e-280
3.978650851485266415e-280
1.841046698481628922e-280
8.519101254448585226e-281
3.942055692742747523e-281
1.824112969260993974e-281
8.440743571308347029e-282
3.905797131931322357e-282
1.807334994473516405e-282
8.363106612844997872e-283
3.869872073062687207e-283
1.790711341508801603e-283
8.286183749920325812e-284
3.834277448625082647e-284
1.774240590932817247e-284
8.209968414367294372e-285
3.799010219322668067e-285
1.757921336367322995e-285
8.134454098432111827e-286
3.764067373813375961e-286
1.741752184370379012e-286
8.059634354221310516e-287
3.729445928453118201e-287
1.725731754315962771e-287
7.985502793145605690e-288
3.695142927042284833e-288
1.709858678277674437e-288
7.912053085377229570e-289
3.661155440570349376e-289
1.694131600910551203e-289
7.839278959312112253e-290
3.627480566969150245e-290
1.678549179335937074e-290
7.767174201028960201e-291
3.594115430862155838e-291
1.663110083027388032e-291
7.695732653761410712e-292
3.561057183320218735e-292
1.647812993695911086e-292
7.624948217374939285e-293
3.528303001619517892e-293
1.632656605177984864e-293
7.554814847839847163e-294
3.495850088998096967e-294
1.617639623324582378e-294
7.485326556722155624e-295
3.463695674418295715e-295
1.602760765889365834e-295
7.416477410666219395e-296
3.431837012331310817e-296
1.588018762420680013e-296
7.348261530890711070e-297
3.400271382440390342e-297
1.573412354151787082e-297
7.280673092689150148e-298
3.368996089469759327e-298
1.558940293893940975e-298
7.213706324927505038e-299
3.338008462935619778e-299
1.544601345930421392e-299
7.147355509553974093e-300
3.307305856915440116e-300
1.530394285909952286e-300
7.081614981113158422e-301
3.276885649825084384e-301
1.516317900742701090e-301
7.016479126256606521e-302
3.246745244192306335e-302
1.502370988497207601e-302
6.951942383269988860e-303
3.216882066436111805e-303
1.488552358296718162e-303
6.887999241592572007e-304
3.187293566648099009e-304
1.474860830218026662e-304
6.824644241349126040e-305
3.157977218372520205e-305
1.461295235191224035e-305
6.761871972886036910e-306
3.128930518391681320e-306
1.447854414898700344e-306
6.699677076304711761e-307
3.100150986513252515e-307
1.434537221677574505e-307
6.638054241006292783e-308
3.071636165356006144e-308
1.421342518420538786e-308
6.576998205240445691e-309
3.043383620142814803e-309
1.408269178479267857e-309
6.516503755651520348e-310
3.015390938490286203e-310
1.395316085568694490e-310
6.456565726835702733e-311
2.987655730204058895e-311
1.382482133670955533e-311
6.397179000903112306e-312
2.960175627073215423e-312
1.369766226940449590e-312
6.338338507043008430e-313
2.932948282688700356e-313
1.357167279619797928e-313
6.280039221055890439e-314
2.905971372299715165e-314
1.344684215974435137e-314
6.222276167488256484e-315
2.879242594770811063e-315
1.332315967799850311e-315
6.165044408401009206e-316
2.852759692963085024e-316
1.320061489603730287e-316
6.108339110844000984e-317
2.826520409984666846e-317
1.307919727544052485e-317
6.052155941861517792e-318
2.800522181634854611e-318
1.295889723133463973e-318
5.996474743575209307e-319
2.774771480173608841e-319
1.283977800412231519e-319
5.941139391240989694e-320
2.749475319106537018e-320
1.272219038041209851e-320
5.889262498427658807e-321
2.722301708585268458e-321
1.259867396895178688e-321
5.829974620926709221e-322
2.717361052126855993e-322
1.235164114603116360e-322
5.434722104253711986e-323
2.470328229206232721e-323
9.881312916824930884e-324
9.881312916824930884e-324
4.940656458412465442e-324
0.000000000000000000e+00
0.000000000000000000e+00
0.000000000000000000e+00
0.000000000000000000e+00
0.000000000000000000e+00
0.000000000000000000e+00
0.000000000000000000e+00
0.000000000000000000e+00
0.000000000000000000e+00
0.000000000000000000e+00
0.000000000000000000e+00
0.000000000000000000e+00
0.000000000000000000e+00
0.000000000000000000e+00
0.000000000000000000e+00
0.000000000000000000e+00
0.000000000000000000e+00
0.000000000000000000e+00
0.000000000000000000e+00
0.000000000000000000e+00
0.000000000000000000e+00
0.000000000000000000e+00
0.000000000000000000e+00
0.000000000000000000e+00
0.000000000000000000e+00
0.000000000000000000e+00
0.000000000000000000e+00
0.000000000000000000e+00
0.000000000000000000e+00
0.000000000000000000e+00
0.000000000000000000e+00
0.000000000000000000e+00
0.000000000000000000e+00
