5.567615738782557555e-01
2.449799583494474964e-01
1.077933226872087591e-01
4.743000404700215000e-02
2.086961629735149815e-02
9.182813561792386656e-03
4.040518220804065891e-03
1.777863329445949873e-03
7.822754026733829465e-04
3.442080139076336524e-04
1.514545343409007402e-04
6.664131875376515094e-05
2.932276266648298809e-05
1.290227184086616195e-05
5.677112369970768906e-06
2.497979058168062457e-06
1.099132616795168203e-06
4.836279573092067279e-07
2.128005279045083734e-07
9.363409205784444188e-08
4.119981882484384045e-08
1.812828035061563857e-08
7.976601787198822186e-09
3.509774498240419908e-09
1.544331453059122177e-09
6.795193361007574496e-10
2.989944465743760330e-10
1.315601695682457288e-10
5.788762438609433638e-11
2.547106064139907322e-11
1.120748928770475742e-11
4.931393234950796064e-12
2.169856121513083933e-12
9.547556570217013299e-13
4.201008332198954619e-13
1.848480381070305042e-13
8.133475225490224686e-14
3.578800182091162799e-14
1.574703357206542241e-14
6.928832393622554772e-15
3.048746808038746908e-15
1.341475240197982716e-15
5.902608295707897540e-16
2.597199236224251401e-16
1.142790362279139468e-16
5.028377468710008337e-17
2.212530031965237110e-17
9.735325505712237331e-18
4.283628304831961754e-18
1.884833891089830820e-18
8.293433846707657261e-19
3.649183373392429195e-19
1.605672576496196010e-19
7.065099665065966602e-20
3.108705598387843488e-20
1.367857631964161598e-20
6.018693125180130014e-21
2.648277575720682060e-21
1.165265278059032707e-21
5.127269062346955669e-22
2.256043197433075343e-22
9.926787236623478206e-23
4.367873139721414838e-23
1.921902354702744422e-23
8.456538326219599307e-24
3.720950769836701780e-24
1.637250858146079403e-24
7.204046864123743707e-25
3.169843580308611624e-25
1.394758878327453855e-25
6.137060960225281268e-26
2.700360457621590043e-26
1.188182201276139859e-26
5.228105527337157203e-27
2.300412123293604930e-27
1.012201438805226893e-27
4.453774792546591385e-28
1.959699832687211393e-28
8.622850532678975993e-29
3.794129594171923399e-29
1.669450180403229371e-29
7.345726696129516428e-30
3.232183944608489727e-30
1.422189183445840173e-30
6.257756700030088277e-31
2.753467637961594047e-31
1.211549824758360464e-31
5.330925112882937485e-32
2.345653639530177253e-32
1.032108101339608159e-32
4.541365847449666448e-33
1.998240662350545033e-33
8.792433551491048094e-34
3.868747604527661831e-34
1.702282757087238328e-34
7.490192902957186910e-35
3.295750338181581653e-35
1.450158952159378935e-35
6.380826126800275533e-36
2.807619261311350110e-36
1.235377012292803040e-36
5.435766820422341036e-37
2.391784907116404461e-37
1.052406262243837723e-37
4.630679529395249130e-38
2.037539462967603077e-38
8.965351708742473628e-39
3.944833104944362818e-39
1.735761042223266668e-39
7.637500283405619960e-40
3.360566872978421172e-40
1.478678793937032278e-40
6.506315923126542857e-41
2.862835868418632033e-41
1.259672801988047810e-41
5.542670418423051410e-42
2.438823424525523625e-42
1.073103620999105485e-42
4.721749716773478455e-43
2.077611141326055429e-43
9.141670595602158395e-44
4.022414956109528789e-44
1.769897734766070233e-44
7.787704713985565588e-45
3.426658135152027595e-45
1.507759526901022479e-45
6.634273689691846563e-46
2.919138404000067529e-46
1.284446409702459604e-46
5.651676457467060648e-47
2.486787034368107787e-47
1.094208028509984837e-47
4.814610954250677211e-48
2.118470897380987835e-48
9.321457093200764475e-49
4.101522586305219763e-49
1.804705783416869534e-49
7.940863170114273357e-50
3.494049194383978413e-50
1.537412181930276655e-50
6.764747963327793172e-51
2.976548224685712780e-51
1.309707232539874296e-51
5.762826285632749283e-52
2.535693930159972582e-52
1.115727490082454028e-52
4.909298465872572132e-53
2.160134230020421921e-53
9.504779398000253543e-54
4.182186002570529009e-54
1.840198391535188388e-54
8.097033747727568012e-55
3.562765613393621598e-55
1.567648006844778319e-55
6.897788235425226667e-56
3.035087107120115834e-56
1.335464852414228584e-56
5.876162064178689736e-57
2.585562663223396872e-57
1.137670168460382018e-57
5.005848168425851078e-58
2.202616942944398278e-58
9.691707047661429757e-59
4.264435802084175887e-59
1.876389022147070763e-59
8.256275685316186065e-60
3.632833457634797497e-60
1.598478470672019492e-60
7.033444970707349781e-61
3.094777256222438097e-61
1.361729039684014727e-61
5.991726783536300098e-62
2.636412149723850297e-62
1.160044386922006430e-62
5.104296685061819987e-63
2.245935150659499036e-63
9.882310947422550723e-64
4.348303183770368970e-64
1.913291403051780534e-64
8.418649386397453196e-65
3.704279305182772167e-65
1.629915267997352427e-65
7.171769626371965218e-66
3.155641313609468343e-66
1.388509756858497321e-66
6.109564279616937775e-67
2.688261677845470287e-67
1.182858632436821220e-67
5.204681359188333012e-68
2.290105284591575507e-68
1.007666339699256796e-68
4.433819960133218080e-69
1.950919532029178520e-69
8.584216442425395721e-70
3.777130256815857273e-70
1.661970323400104719e-70
7.312814671610379031e-71
3.217702366183846982e-71
1.415817162376606387e-71
6.229719250439878435e-72
2.741130915107301394e-72
1.206121558885122646e-72
5.307040268635011005e-73
2.335144099318377433e-73
1.027483811797812883e-73
4.521018569323821796e-74
1.989287682149242390e-74
8.753039656155553348e-75
3.851413946295255132e-75
1.694655795976711663e-75
7.456633607509145095e-76
3.280983954891412172e-76
1.443661614460248689e-76
6.352237273086419377e-77
2.795039915823591123e-77
1.229841990340446203e-77
5.411412240096296249e-78
2.381068678924917923e-78
1.047691028184636411e-78
4.609932087444812127e-79
2.028410407186143358e-79
8.925183065466208566e-80
3.927158550847182317e-80
1.727984083952916519e-80
7.603280987345284088e-81
3.345510083650736688e-81
1.472053675043379385e-81
6.477164820989199549e-82
2.850009128710781996e-82
1.254028924416738645e-82
5.517836863860051162e-83
2.427896443483793371e-83
1.068295653843913216e-83
4.700594241096229559e-84
2.068302547138768460e-84
9.100711967649416816e-85
4.004392801850593392e-85
1.761967829386654339e-85
7.752812437278570785e-86
3.411305228458363836e-86
1.501004113778343742e-86
6.604549281559762371e-87
2.906059404644179047e-87
1.278691535681324645e-87
5.626354508824323195e-88
2.475645155663019966e-88
1.089305504504776713e-88
4.793039420169454698e-89
2.108979233859819594e-89
9.279692944179521285e-90
4.083145995736197762e-90
1.796619922963427993e-90
7.905284677451803410e-91
3.478394346672642138e-91
1.530523912121015714e-91
6.734438974163678566e-92
2.963212004566759731e-92
1.303839179134997655e-92
5.737006337810184898e-93
2.524332927463475858e-93
1.110728549605965731e-93
4.887302690891425056e-94
2.150455896795674758e-94
9.462193885968776672e-95
4.163448005098725773e-95
1.831953508886042750e-95
8.060755543505839971e-96
3.546802886481100981e-96
1.560624267496316317e-96
6.866883168449010674e-97
3.021488607554346826e-97
1.329481393760549190e-97
5.849834323175584660e-98
2.573978227089544796e-98
1.132572915318782443e-98
4.983419809126063833e-99
2.192748268838828401e-99
9.648284019119675399e-100
4.245329290028277367e-100
1.867981989860247469e-100
8.219284008517766777e-101
3.616556796553055862e-101
1.591316597545436026e-101
7.001932103035233248e-102
3.080911319038571231e-102
1.355627906141126639e-102
5.964881262736261073e-103
2.624599885954186640e-103
1.154846887629539795e-103
5.081427233937160409e-104
2.235872392296043584e-104
9.838033931184019344e-105
4.328820909664424149e-105
1.904719032178947229e-105
8.380930205370510303e-106
3.687682535882529515e-106
1.622612544457027866e-106
7.139637004569703030e-107
3.141502679191968068e-107
1.382288634149560455e-107
6.082190795999777957e-108
2.676217105822118804e-108
1.177558915482463305e-108
5.181362141417992541e-109
2.279844624973264241e-109
1.003151559793700017e-109
4.413954533977532063e-110
1.942178570905884190e-110
8.545755449562641933e-111
3.760207083824655383e-111
1.654523979383137871e-111
7.280050107159114528e-112
3.203285671477985019e-112
1.409473690710589977e-112
6.201807420718824327e-113
2.728849466093414312e-113
1.200717613984732027e-113
5.283262438793076587e-114
2.324681646380570607e-114
1.022880241068038077e-114
4.500762455781789750e-115
1.980374815161525843e-115
8.713822262465547641e-116
3.834157950329572392e-116
1.687063006942251862e-116
7.423224672181860895e-117
3.266283731368595896e-117
1.437193387636939415e-117
6.323776509770242249e-118
2.782516931230421375e-118
1.224331767674190421e-118
5.387166778796361956e-119
2.370400464058706219e-119
1.042996920408155666e-119
4.589277602984619485e-120
2.019322253512912966e-120
8.885194395040180279e-121
3.909563186376931477e-121
1.720241969810569518e-121
7.569215008493381418e-122
3.330520755234828867e-122
1.465458239540464275e-122
6.448144328364931519e-123
2.837239858330274038e-123
1.248410333851697426e-123
5.493114574334601312e-124
2.417018420031094203e-124
1.063509228455746473e-124
4.679533551076213503e-125
2.059035659469164342e-125
9.059936852019310648e-126
3.986451394617375273e-126
1.754073453404346192e-126
7.718076493023409444e-127
3.396021109409733244e-127
1.494278967820737341e-127
6.574958051599114584e-128
2.893039004847598423e-128
1.272962445978491175e-128
5.601146013435144664e-129
2.464553197380993526e-129
1.084424945922043639e-129
4.771564535866798168e-130
2.099530097085986009e-130
9.238115916563061553e-131
4.064851740220406983e-131
1.788570290653055259e-131
7.869865591784897137e-132
3.462809639432498668e-132
1.523666504732140565e-132
6.704265782346400826e-133
2.949935536467011965e-133
1.297997417140850618e-133
5.711302074492501004e-134
2.513022826960120199e-134
1.105752006539384723e-134
4.865405466470953446e-135
2.140820926678882210e-135
9.419799175402576253e-136
4.144793961939101876e-136
1.823745566867952229e-136
8.024639881289658242e-137
3.530911679471312696e-137
1.553631997530085068e-137
6.836116569505185992e-138
3.007951035132977260e-138
1.323524743582956305e-138
5.823624541810034188e-139
2.562445694226984412e-139
1.127498500070194113e-139
4.961091938551453882e-140
2.182923810650563027e-140
9.605055544478605715e-141
4.226308383388992570e-141
1.859612624704780086e-141
8.182458070389480567e-142
3.600353061934654883e-142
1.584186812700066139e-142
6.970560426605026781e-143
3.067107507234917316e-143
1.349554108308479963e-143
5.938156021450469235e-144
2.612840546221980386e-144
1.149672675376086329e-144
5.058660247819483969e-145
2.225854719431031927e-145
9.793955295078906086e-146
4.309425924551059185e-146
1.896185069225714559e-146
8.343380022546963733e-147
3.671160127268643681e-147
1.615342540268487033e-147
7.107648350775014567e-148
3.127427391956014870e-148
1.376095384754130005e-148
6.054939957398218851e-149
2.664226498677342166e-149
1.172282943546306543e-149
5.158147403803090609e-150
2.269629937536456065e-150
9.986570080497803163e-151
4.394178113501023753e-151
1.933476773059186876e-151
8.507466778539606848e-152
3.743359733949049616e-152
1.647110998199693523e-152
7.247432342091107856e-153
3.188933569783625700e-153
1.403158640534228900e-153
6.174020648036161191e-154
2.716623043269283113e-154
1.195337881088737657e-154
5.259591143886506640e-155
2.314266069745324814e-155
1.018297296321125739e-155
4.480597098366841840e-156
1.971501881662893648e-156
8.674780579617519384e-157
3.816979268669882121e-157
1.679504236878025725e-157
7.389965423297550274e-158
3.251649371188786207e-158
1.430754141260168735e-158
6.295443262951594246e-159
2.770050055010521672e-159
1.218846233182604474e-159
5.363029947622610859e-160
2.359780047397325603e-160
1.038323844259535270e-160
4.568715659525081020e-161
2.010274818688678825e-161
8.845384891108882810e-162
3.892046656730197074e-162
1.712534543679500987e-162
7.535301659922679701e-163
3.315598585476472224e-163
1.458892354433808556e-163
6.419253860067141830e-164
2.824527799789688727e-164
1.242816916996227991e-164
5.468503051331334424e-165
2.406189134816135317e-165
1.058744248318075179e-165
4.658567222033126875e-166
2.049810291454023186e-166
9.019344426497468516e-167
3.968590372628420743e-167
1.746214447631995212e-167
7.683496180783692869e-168
3.380805469808051926e-168
1.487583953418225344e-168
6.545499403114243225e-169
2.880076942059060590e-169
1.267259025068998820e-169
5.576050462980325537e-170
2.453510935857171759e-170
1.079566254347216969e-170
4.750185868310007810e-171
2.090123296521164189e-171
9.196725171966241142e-172
4.046639450861518725e-172
1.780556724168016073e-172
7.834605198901449037e-173
3.447294758403979762e-173
1.516839821486585786e-173
6.674227779444502212e-174
2.936718552671856524e-174
1.292181828760552861e-174
5.685712977363208831e-175
2.501763400586156419e-175
1.100797760532573467e-175
4.843606351062410439e-176
2.131229125384765403e-176
9.377594411428639444e-177
4.126223496940121921e-177
1.815574399970980332e-177
7.988686032820144593e-178
3.515091671924439596e-178
1.546671055949787755e-178
6.805487818197232280e-179
2.994474116876116570e-179
1.317594781767799558e-179
5.797532191571642495e-180
2.550964832086815048e-180
1.122446820391004481e-180
4.938864106469183423e-181
2.173143370273217909e-181
9.562020752052264777e-182
4.207372698616643914e-182
1.851280757915776901e-182
8.145797128350592576e-183
3.584221927037578877e-183
1.577088972366567484e-183
6.939329308818659712e-184
3.053365542463146748e-184
1.343507523710376708e-184
5.911550520774812367e-185
2.601133893404712166e-185
1.144521645825665146e-185
5.035995267621067422e-186
2.215881930062107720e-186
9.750074150279189340e-187
4.290117837337929669e-187
1.887689342108033991e-187
8.305998080741245749e-188
3.654711746172952653e-188
1.608105108835011133e-188
7.075803019949119159e-189
3.113415168078908485e-189
1.369929883787737327e-189
6.027811214309337668e-190
2.652289614625355152e-190
1.167030610240492909e-190
5.135036678227459791e-191
2.259461016305944337e-191
9.941825938366071737e-192
4.374490299919603280e-192
1.924813963020823446e-192
8.469349657280593957e-193
3.726587867468774925e-193
1.639731230369885235e-193
7.214960718681795344e-194
3.174645771696303472e-194
1.396871884506948153e-194
6.146358372082232615e-195
2.704451400093839610e-195
1.189982251716915148e-195
5.236025906592830844e-196
2.303897159386647534e-196
1.013734885143745955e-196
4.460522090452377645e-197
1.962668702734087066e-197
8.635913820351094414e-198
3.799877554914850640e-198
1.671979333364609482e-198
7.356855190196164948e-199
3.237080579255792815e-199
1.424343745485034032e-199
6.267236961301556771e-200
2.757639035774252878e-200
1.213385276251981535e-200
5.339001259865062252e-201
2.349207214784197990e-201
1.033671705508009219e-201
4.548245842442590673e-202
2.001267920275488611e-202
8.805753750928878348e-203
3.874608608692848674e-203
1.704861650142456396e-203
7.501540257783674147e-204
3.300743273476005199e-204
1.452355887324930017e-204
6.390492833530572146e-205
2.811872696755302761e-205
1.237248561061251506e-205
5.444001798568445292e-206
2.395408369470655341e-206
1.054000617347076642e-206
4.637694831188953374e-207
2.040626257067380583e-207
8.978933872553393167e-208
3.950809375723159975e-208
1.738390653595851449e-208
7.649070803260635193e-209
3.365658002835759090e-209
1.480918935568442046e-209
6.516172742082939769e-210
2.867172954903604211e-210
1.261581157945617180e-210
5.551067351417675547e-211
2.442518148428569558e-211
1.074729331806667732e-211
4.728902986406553833e-212
2.080758642480932720e-212
9.155519875761039074e-213
4.028508760415676019e-213
1.772579061917854081e-213
7.799502787789327316e-214
3.431849390735532211e-214
1.510043724726977932e-214
6.644324359754273251e-215
2.923560786665863053e-215
1.286392296725023377e-215
5.660238530428101252e-216
2.490554421299625365e-216
1.095865711685116961e-216
4.821904905094957895e-217
2.121680299498315702e-217
9.335578743004292833e-218
4.107736235635569959e-218
1.807439843426719227e-218
7.952893273102138999e-219
3.499342544836071949e-219
1.539741302390695713e-219
6.774996296908271267e-220
2.981057581026941681e-220
1.311691388739739226e-220
5.771556746318466465e-221
2.539535409161836924e-221
1.117417774416054063e-221
4.916735864663649243e-222
2.163406750488010636e-222
9.519178774061051623e-223
4.188521853881101970e-223
1.842986221484326538e-223
8.109300443147436629e-224
3.568163066583755420e-224
1.570022933419746355e-224
6.908238119912968593e-225
3.039685147621961240e-225
1.337488030419824298e-225
5.885064224220036315e-226
2.589479691442126700e-226
1.139393695109701074e-226
5.013431836311247590e-227
2.205953823091782261e-227
9.706389611938346805e-228
4.270896258684954993e-228
1.879231679512867555e-228
8.268783626161255221e-229
3.638337060920343565e-229
1.600900104216650301e-229
7.044100369943687721e-230
3.099465725009418894e-230
1.363792006925371911e-230
6.000804019692398719e-231
2.640406212963450903e-231
1.161801809653727386e-231
5.112029498672293392e-232
2.249337656229382303e-232
9.897282269293554787e-233
4.354890696236280528e-233
1.916189966108645461e-233
8.431403317168892306e-234
3.709891146185866736e-234
1.632384527083467297e-234
7.182634582153090878e-235
3.160421989107938114e-235
1.390613295858753984e-235
6.118820035057985834e-236
2.692334291130626281e-236
1.184650617875078035e-236
5.212566251728190380e-237
2.293574706219488500e-237
1.009192915536706267e-237
4.440537027233909395e-238
1.953875100257372857e-238
8.597221200932677353e-239
3.782852464214844508e-239
1.664488144665150261e-239
7.323893305222710234e-240
3.222577061795585162e-240
1.417962071048394271e-240
6.239157036051011153e-241
2.745283623258232427e-241
1.207948786764313808e-241
5.315080230994860344e-242
2.338681753022393093e-242
1.029040410344947890e-242
4.527867738970979942e-243
1.992301376652620530e-243
8.766300175353615019e-244
3.857248690633420308e-244
1.697223134478516892e-244
7.467930121290800437e-245
3.285954519681828951e-245
1.445848706408508369e-245
6.361860668800652483e-246
2.799274294042037176e-246
1.231705153762962666e-246
5.419610321987380063e-247
2.384675906604570859e-247
1.049278239889213596e-247
4.616915957660037548e-248
2.031483371116750767e-248
8.938704375323956888e-249
3.933108045354693445e-249
1.730601913532146982e-249
7.614799666280301165e-250
3.350578403050256060e-250
1.474283779873975131e-250
6.486977477144106951e-251
2.854326783177175647e-251
1.255928730116288465e-251
5.526196174972452498e-252
2.431574613429897451e-252
1.069914080765731680e-252
4.707715460995386723e-253
2.071435946130680297e-253
9.114499197058654429e-254
4.010459303284774778e-254
1.764637143036208465e-254
7.764557650621601596e-255
3.416473224977123260e-255
1.503278077412580028e-255
6.614554920284485734e-256
2.910461973127790191e-256
1.280628704290596614e-256
5.634878220004850350e-257
2.479395663075812274e-257
1.090955760544165700e-257
4.800300690967641278e-258
2.112174256471286772e-258
9.293751322900426450e-259
4.089331805236770007e-259
1.799341733204893337e-259
7.917260880388089918e-260
3.483663980631176825e-260
1.532842597117019257e-260
6.744641390788621454e-261
2.967701157046217300e-261
1.305814445459147526e-261
5.745697682265741027e-262
2.528157194982319175e-262
1.112411260736647687e-262
4.894706766927171437e-263
2.153713754959661905e-263
9.476528746612578101e-264
4.169755469062163394e-264
1.834728848154322491e-264
8.072967278838533645e-265
3.552176156752501037e-265
1.562988553375671378e-265
6.877286232946204300e-266
3.026066046851165913e-266
1.331495507055925537e-266
5.858696597699585804e-267
2.577877705332061937e-267
1.134288719825189278e-267
4.990969498907766896e-268
2.196070198323633893e-268
9.662900799174627583e-269
4.251760800996467689e-269
1.870811910894732917e-269
8.231735908391966654e-270
3.622035741321647800e-270
1.593727381127102524e-270
7.012539761486290183e-271
3.085578781462797345e-271
1.357681630399285673e-271
5.973917828958493061e-272
2.628576054067448643e-272
1.156596436349276718e-272
5.089125401206750147e-273
2.239259653173145372e-273
9.852938175074464903e-274
4.335378907232658634e-274
1.907604608422887576e-274
8.393626993030329500e-275
3.693269233417001406e-275
1.625070740197207030e-275
7.150453280661827423e-276
3.146261935201838140e-276
1.384382748387636817e-276
6.091405081663550579e-277
2.680271472042845560e-277
1.179342872052900552e-277
5.189211706237756893e-278
2.283298502095588403e-278
1.004671295912838256e-278
4.420641505719893385e-279
1.945120896913394573e-279
8.558701941141603305e-280
3.765903653265955040e-280
1.657030519722736864e-280
7.291079103713577732e-281
3.208138526350364859e-281
1.411608989266262298e-281
6.211202920979168364e-282
2.732983568320365944e-282
1.202536655094764479e-282
5.291266378653143167e-283
2.328203449869795180e-283
1.024429865382199698e-283
4.507580938194221052e-284
1.983375007013431383e-284
8.727023368817061436e-285
3.839966552495905166e-285
1.689618842659980262e-285
7.434470572708709081e-286
3.271232025884466717e-286
1.439370680469766893e-286
6.333356788520177373e-287
2.786732337607673746e-287
1.226186583320846470e-287
5.395328129744103542e-288
2.373991529802209312e-288
1.044577020719579002e-288
4.596230182448464838e-289
2.022381449239388124e-289
8.898655123596974335e-290
3.915486024582568724e-290
1.722848070383962898e-290
7.580682078777654236e-291
3.335566366376888827e-291
1.467678352539318320e-291
6.457913019587303420e-292
2.841538167842037291e-292
1.250301627602144147e-292
5.501436432127041683e-293
2.420680110189021578e-293
1.065120404126741373e-293
4.686622864838285326e-294
2.062155019481855460e-294
9.073662308693033813e-295
3.992490715508063455e-295
1.756730807377168204e-295
7.729769082744038900e-296
3.401165951074728597e-296
1.496542743116912510e-296
6.584918860745953933e-297
2.897421847925150513e-297
1.274890935236669728e-297
5.609631534712642936e-298
2.468286900902690535e-298
1.086067808102461658e-298
4.778793273039322656e-299
2.102710804617772847e-299
9.252111307682299498e-300
4.071009834625995181e-300
1.791279906010459250e-300
7.881788136165538575e-301
3.468055663157598117e-301
1.525974801019046377e-301
6.714422487743386438e-302
2.954404575606840818e-302
1.299963833419745606e-302
5.719954477975479952e-303
2.516829960110703661e-303
1.107427178398254186e-303
4.872776369052106649e-304
2.144064188232926610e-304
9.434069809686684152e-305
4.151073165742965959e-305
1.826508471419038816e-305
8.036796902779732428e-306
3.536260875173987138e-306
1.555985690388800422e-306
6.846473023785587513e-307
3.012507965527055246e-307
1.325529832781850543e-307
5.832447109520848428e-308
2.566327701124827140e-308
1.129206617032220567e-308
4.968607802466028201e-309
2.186230856458208712e-309
9.619606835052980735e-310
4.232711078413405513e-310
1.862429866472264645e-310
8.194854180380760359e-311
3.605807458666959998e-311
1.586586794931205785e-311
6.981120558171985983e-312
3.071754057411689786e-312
1.351598630997646992e-312
5.947152099993555955e-313
2.616798899347379854e-313
1.151414385373260313e-313
5.066323923988459072e-314
2.229226803690445741e-314
9.808792760748833322e-315
4.315954539664444059e-315
1.899057716597647749e-315
8.356019917585138502e-316
3.676721764901027860e-316
1.617789746158784274e-316
7.118416304449116403e-317
3.132165722668374719e-317
1.378180308973490315e-317
6.064112330490875959e-318
2.668260808243152911e-318
1.174058075525470988e-318
5.165950392916073866e-319
2.273097223386407100e-319
1.000186493441019504e-319
4.400642707507982969e-320
1.936737331697686453e-320
8.522632390761502887e-321
3.749958251935061270e-321
1.650179257109763458e-321
7.262764993866324199e-322
3.211426697968102537e-322
1.432790372939614978e-322
6.422853395936205074e-323
2.964393875047479265e-323
1.482196937523739633e-323
4.940656458412465442e-324
4.940656458412465442e-324
0.000000000000000000e+00
0.000000000000000000e+00
0.000000000000000000e+00
0.000000000000000000e+00
0.000000000000000000e+00
0.000000000000000000e+00
0.000000000000000000e+00
0.000000000000000000e+00
0.000000000000000000e+00
0.000000000000000000e+00
0.000000000000000000e+00
0.000000000000000000e+00
0.000000000000000000e+00
0.000000000000000000e+00
0.000000000000000000e+00
0.000000000000000000e+00
0.000000000000000000e+00
0.000000000000000000e+00
0.000000000000000000e+00
0.000000000000000000e+00
0.000000000000000000e+00
0.000000000000000000e+00
0.000000000000000000e+00
0.000000000000000000e+00
0.000000000000000000e+00
0.000000000000000000e+00
0.000000000000000000e+00
0.000000000000000000e+00
0.000000000000000000e+00
0.000000000000000000e+00
0.000000000000000000e+00
0.000000000000000000e+00
0.000000000000000000e+00
0.000000000000000000e+00
0.000000000000000000e+00
0.000000000000000000e+00
0.000000000000000000e+00
0.000000000000000000e+00
0.000000000000000000e+00
0.000000000000000000e+00
0.000000000000000000e+00
0.000000000000000000e+00
0.000000000000000000e+00
0.000000000000000000e+00
0.000000000000000000e+00
0.000000000000000000e+00
0.000000000000000000e+00
0.000000000000000000e+00
0.000000000000000000e+00
0.000000000000000000e+00
0.000000000000000000e+00
0.000000000000000000e+00
0.000000000000000000e+00
0.000000000000000000e+00
0.000000000000000000e+00
0.000000000000000000e+00
0.000000000000000000e+00
0.000000000000000000e+00
0.000000000000000000e+00
0.000000000000000000e+00
0.000000000000000000e+00
0.000000000000000000e+00
0.000000000000000000e+00
0.000000000000000000e+00
0.000000000000000000e+00
0.000000000000000000e+00
0.000000000000000000e+00
0.000000000000000000e+00
0.000000000000000000e+00
0.000000000000000000e+00
0.000000000000000000e+00
0.000000000000000000e+00
0.000000000000000000e+00
0.000000000000000000e+00
0.000000000000000000e+00
0.000000000000000000e+00
0.000000000000000000e+00
0.000000000000000000e+00
0.000000000000000000e+00
0.000000000000000000e+00
0.000000000000000000e+00
0.000000000000000000e+00
0.000000000000000000e+00
0.000000000000000000e+00
0.000000000000000000e+00
0.000000000000000000e+00
0.000000000000000000e+00
0.000000000000000000e+00
0.000000000000000000e+00
0.000000000000000000e+00
0.000000000000000000e+00
0.000000000000000000e+00
