5.362253010201206704e-01
2.425617022621910368e-01
1.097228707642128598e-01
4.963317892503399387e-02
2.245158582751844573e-02
1.015598269318554805e-02
4.594062319547288255e-03
2.078125695315087736e-03
9.400408843287922202e-04
4.252278224564630957e-04
1.923519540537573576e-04
8.701047361990746191e-05
3.935921814157794209e-05
1.780415607761825481e-05
8.053716222104867175e-06
3.643101346866655223e-06
1.647958167077422109e-06
7.454544526390797391e-07
3.372065820972522225e-07
1.525355152245150802e-07
6.899949360448104897e-08
3.121194503894558975e-08
1.411873424315822642e-08
6.386614367678705754e-09
2.888987240566980278e-09
1.306834387621298052e-09
5.911469918206944278e-10
2.674055482843033201e-10
1.209609931922280757e-10
5.471674753170805517e-11
2.475113986283848187e-11
1.119618676447792407e-11
5.064598994621629931e-12
2.290973124680489440e-12
1.036322493366608043e-12
4.687808419434689756e-13
2.120531776352047277e-13
9.592232899016476012e-14
4.339049903192687668e-14
1.962770739681161362e-14
8.878600298452141598e-15
4.016237946999313073e-15
1.816746638513441718e-15
8.218059766642742202e-16
3.717442206656516603e-16
1.681586280976475601e-16
7.606661417102672775e-17
3.440875949632457874e-17
1.556481437985262499e-17
7.040749222742151002e-18
3.184885370795764950e-18
1.440684010210820536e-18
6.516939153632777690e-19
2.947939703026019261e-19
1.333501554611388232e-19
6.032098941256039521e-20
2.728622063564501763e-20
1.234293143776042213e-20
5.583329348229219451e-21
2.525620981368267077e-21
1.142465533320297447e-21
5.167946831506475495e-22
2.337722554802898550e-22
1.057469614415731076e-22
4.783467495383967075e-23
2.163803192778961730e-23
9.787971302404767423e-24
4.427592238352209404e-24
2.002822895925383802e-24
9.059776367156615598e-25
4.098193004976883741e-25
1.853819037622940740e-25
8.385756893537655321e-26
3.793300060597246989e-26
1.715900607709701353e-26
7.761882393967338202e-27
3.511090212748104700e-27
1.588242884437010264e-27
7.184422236734332258e-28
3.249875908871430559e-28
1.470082502815662421e-28
6.649923337642872511e-29
3.008095145124858895e-29
1.360712889861823711e-29
6.155189511331970082e-30
2.784302125943621006e-30
1.259480039446659775e-30
5.697262358792966675e-31
2.577158618502536109e-31
1.165778601484140561e-31
5.273403576796569108e-32
2.385425950379204120e-32
1.079048262071226665e-32
4.881078583444851696e-33
2.207957602566529582e-33
9.987703929344897219e-34
4.517941361930981381e-34
2.043692353542293269e-34
9.244649501475982654e-35
4.181820431876968672e-35
1.891647933398842126e-35
8.556876035746140961e-36
3.870705864360624725e-36
1.750915150085997817e-36
7.920270798740007139e-37
3.582737262984542899e-37
1.620652452643410250e-37
7.331027031748238675e-38
3.316192639116551649e-38
1.500080898911711719e-38
6.785621187191380809e-39
3.069478114778031980e-39
1.388479497630362646e-39
6.280791858583590761e-40
2.841118391605646036e-40
1.285180897069292567e-40
5.813520278042205021e-41
2.629747928893016207e-41
1.189567394412862861e-41
5.381012264722562772e-42
2.434102777958753807e-42
1.101067242033486252e-42
4.980681516233705947e-43
2.253013024012750162e-43
1.019151228567095436e-43
4.610134143121323779e-44
2.085395790323974911e-44
9.433295143460743339e-45
4.267154353937619214e-45
1.930248762856838456e-45
8.731487022662369844e-46
3.949691205297609711e-46
1.786644196654644578e-46
8.081891265722872437e-47
3.655846337691054153e-47
1.653723368129659736e-47
7.480623433492943255e-48
3.383862623711624203e-48
1.530691440085727858e-48
6.924088077138874841e-49
3.132113660823172316e-49
1.416812708767392795e-49
6.408957238152262581e-50
2.899094045831797931e-50
1.311406204513937099e-50
5.932150547893797065e-51
2.683410372907244135e-51
1.213841619711217923e-51
5.490816807668740648e-52
2.483772901323799008e-52
1.123535539691367366e-52
5.082316939188593975e-53
2.298987843095621449e-53
1.039947954041872811e-53
4.704208203465824003e-54
2.127950224388259720e-54
9.625790274626832654e-55
4.354229593774252097e-55
1.969637278019207806e-55
8.909661108614459803e-56
4.030288315328224431e-56
1.823102327535912478e-56
8.246809748141377630e-57
3.730447270832083915e-57
1.687469126299962811e-57
7.633272488476934363e-58
3.452913477065973299e-58
1.561926617725447902e-58
7.065380512321230871e-59
3.196027343242534367e-59
1.445724085339854494e-59
6.539737951088009254e-60
2.958252747020329731e-60
1.338166663665344828e-60
6.053201578360556491e-61
2.738167848831582473e-61
1.238611183076709726e-61
5.602862014091981736e-62
2.534456589595604884e-62
1.146462323788923940e-62
5.186026327155134602e-63
2.345900820976177816e-63
1.061169055976541795e-63
4.800201932209255323e-64
2.171373021123553196e-64
9.822213447368971062e-65
4.443081684590182332e-65
2.009829552342829053e-65
9.091471001940763662e-66
4.112530084094838200e-66
1.860304420371045025e-66
8.415093545057315733e-67
3.806570505161687706e-67
1.721903497944850111e-67
7.789036488918969538e-68
3.523373377086564580e-68
1.593799178116955399e-68
7.209556150608177643e-69
3.261245243593543444e-69
1.475225425349383077e-69
6.673187365692533371e-70
3.018618636341080361e-70
1.365473194790146271e-70
6.176722767306821589e-71
2.794042701807107648e-71
1.263886192341640601e-71
5.717193606807575203e-72
2.586174525505535549e-72
1.169856950166897337e-72
5.291852001311905046e-73
2.393771101654237840e-73
1.082823194166091678e-73
4.898154501964785462e-74
2.215681900275016661e-74
1.002264481701643583e-74
4.533746884676678262e-75
2.050841987278452411e-75
9.276990894660802310e-76
4.196450072383458160e-76
1.898265656393265351e-76
8.586811328832334322e-77
3.884247104646865359e-77
1.757040534860525464e-77
7.947978998168378777e-78
3.595271076676572562e-78
1.626322127646071299e-78
7.356673826431417427e-79
3.327793975651885966e-79
1.505328767546731125e-79
6.809359939296926574e-80
3.080216347586748020e-80
1.393336940993096226e-80
6.302764520605880272e-81
2.851057732948170347e-81
1.289676961598178185e-81
5.833858241646997462e-82
2.638947813835296805e-82
1.193728965580731140e-82
5.399837146440137845e-83
2.442618219780712806e-83
1.104919205116748512e-83
4.998105884698854256e-84
2.260894943175665077e-84
1.022716617454200780e-84
4.626262192208921879e-85
2.092691318963547977e-85
9.466296492750746069e-86
4.282082525818923564e-86
1.937001526622960222e-86
8.762033173151020443e-87
3.963508767143327645e-87
1.792894575583143302e-87
8.110164876643318418e-88
3.668635915469118595e-88
1.659508738105997520e-88
7.506793574793868684e-89
3.395700696272293445e-89
1.536046396344539420e-89
6.948311240484690237e-90
3.143071017225667227e-90
1.421769272764349041e-90
6.431378272709676605e-91
2.909236208647236575e-91
1.315994015406975705e-91
5.952903526497295185e-92
2.692797990029148485e-92
1.218088111596162894e-92
5.510025828546631362e-93
2.492462108629101280e-93
1.127466105651745540e-93
5.100096868043000030e-94
2.307030600124808835e-94
1.043586097993994649e-94
4.720665360344216115e-95
2.135394625051951380e-95
9.659465047038198106e-96
4.369462388839845827e-96
1.976527838189144793e-96
8.940830581617196386e-97
4.044387837331022616e-97
1.829480251239978057e-97
8.275660308299593163e-98
3.743497831799426092e-98
1.693372552113177271e-98
7.659976655768109114e-99
3.464993116470005142e-99
1.567390846830276076e-99
7.090097971767576028e-100
3.207208294658844965e-100
1.450781792619450781e-100
6.562616507637631412e-101
2.968601870068833722e-101
1.342848093092137665e-101
6.074378040728401478e-102
2.747747028982283846e-102
1.242944328564641773e-102
5.622463012845893200e-103
2.543323108230036975e-103
1.150473096590983007e-103
5.204169071938184367e-104
2.354107697917413638e-104
1.064881439628218604e-104
4.816994912628032571e-105
2.178969331683035846e-105
9.856575384724688110e-106
4.458625318958498819e-106
2.016860720779895843e-106
9.123276516931247060e-107
4.126917319913071823e-107
1.866812491519964682e-107
8.444532827637274677e-108
3.819887374922301365e-108
1.727927388633645997e-108
7.816285579495934067e-109
3.535699512729308309e-109
1.599374909881440486e-109
7.234777992725248647e-110
3.272654352687177581e-110
1.480386339834030991e-110
6.696532780394788800e-111
3.029178942838037660e-111
1.370250153123630876e-111
6.198331355017841006e-112
2.803817354007769553e-112
1.268307759679666011e-112
5.737194582109313754e-113
2.595221973671119955e-113
1.173949566505585590e-113
5.310364965618845547e-114
2.402145447526451066e-114
1.086611332447205918e-114
4.915290158714496668e-115
2.223433220592519748e-115
1.005770794155384640e-115
4.549607701311745361e-116
2.058016633224699137e-116
9.309445430665076309e-117
4.211130893084156924e-117
1.904906530766339598e-117
8.616851347260496053e-118
3.897835717478410112e-118
1.763187348622398042e-118
7.975784131695643741e-119
3.607848738542359574e-119
1.632011637385381677e-119
7.382410343614919496e-120
3.339435898191824653e-120
1.510594995275070245e-120
6.833181738825345000e-121
3.090992146926258651e-121
1.398211377589119741e-121
6.324814051578420946e-122
2.861031845987236684e-122
1.294188755116106655e-122
5.854267355388762695e-123
2.648179883566820473e-123
1.197905095549274924e-123
5.418727884943511852e-124
2.451163451942667281e-124
1.108784643870731324e-124
5.015591210407661381e-125
2.268804436368980887e-125
1.026294479463606231e-125
4.642446663508889396e-126
2.100012370210539856e-126
9.499413293644712543e-127
4.297062922273738741e-127
1.943777914193073314e-127
8.792686185999686193e-128
3.977374668215046501e-128
1.799166820777335850e-128
8.138537399693142296e-129
3.681470236183567701e-129
1.665314347565170681e-129
7.533055269465791233e-130
3.407580183032610405e-130
1.541420086330965695e-130
6.972619145912622917e-131
3.154066706738837934e-131
1.426743176757251834e-131
6.453877744799154634e-132
2.919413852707915642e-132
1.320597876253639198e-132
5.973729107121920897e-133
2.702218448700867487e-133
1.222349459367588547e-133
5.529302050078761566e-134
2.501181714174005859e-134
1.131410422266396070e-134
5.117938998030121914e-135
2.315101493858144568e-135
1.047236969594038309e-135
4.737180090782518878e-136
2.142865069135614203e-136
9.693257626950517712e-137
4.384748474169718963e-137
1.983442504228689809e-137
8.972109097605454219e-138
4.058536684966475931e-138
1.835880487411130215e-138
8.304611798980868068e-139
3.756594048724243575e-139
1.699296630414610180e-139
7.686774244662113320e-140
3.477115015168816469e-140
1.572874191941772593e-140
7.114901902537073859e-141
3.218428361408486145e-141
1.455857193733662779e-141
6.585575102310142949e-142
2.978987198390274963e-142
1.347545899986716603e-142
6.095628586629169918e-143
2.757359720845064596e-143
1.247292633087205711e-143
5.642132583545603574e-144
2.552220645408326634e-144
1.154497900642160123e-144
5.222375287125346824e-145
2.362343285718326452e-145
1.068606810647270439e-145
4.833846641448232202e-146
2.186592217102614040e-146
9.891057533552612972e-147
4.474223331028015153e-147
2.023916486989270567e-147
9.155193300030442496e-148
4.141354887898922059e-148
1.873343330442650285e-148
8.474075100321167642e-149
3.833250832292412113e-149
1.733972353243924072e-149
7.843629998030126754e-150
3.548068770006910657e-150
1.604970147732519986e-150
7.260088070692974464e-151
3.284103375298776295e-151
1.485565309212390766e-151
6.719959866472018240e-152
3.039776193410085674e-152
1.375043823122312210e-152
6.220015538004941202e-153
2.813626201758057495e-153
1.272744795386511649e-153
5.757265528630965721e-154
2.604301073342699629e-154
1.178056500414069437e-154
5.328942695502324631e-155
2.410549090130044705e-155
1.090412723114995637e-155
4.932485762681216295e-156
2.231211658054771585e-156
1.009289373059054869e-156
4.565524005275406693e-157
2.065216378883597602e-157
9.342013505307484838e-158
4.225863073027004957e-158
1.911570637510706434e-158
8.646996457401613641e-159
3.911471868582584998e-159
1.769355666338653257e-159
8.003686538435918901e-160
3.620470401979626283e-160
1.637721051251063697e-160
7.408236897183809706e-161
3.351118548721773008e-161
1.515879646324048475e-161
6.857086876308458744e-162
3.101805644218692569e-162
1.403102866867438278e-162
6.346940720418360738e-163
2.871040852367734880e-163
1.298716332649259278e-163
5.874747868178039932e-164
2.657444250682657019e-164
1.202095835250897035e-164
5.437684710625045680e-165
2.459738578662961081e-165
1.112663605438623384e-165
5.033137706612004961e-166
2.276741600057517951e-166
1.029884858231192643e-166
4.658687754407823869e-167
2.107359033353084402e-167
9.532645950037696465e-168
4.312095726003644802e-168
1.950578008212549517e-168
8.823446435054871776e-169
3.991289077621912094e-169
1.805461008734032895e-169
8.167009180905818892e-170
3.694349456362348512e-170
1.671140267312863387e-170
7.559408837799005760e-171
3.419501228875322621e-171
1.546812575582964989e-171
6.997012089884255734e-172
3.165100863466602920e-172
1.431734481408237807e-172
6.476455928826448899e-173
2.929627102140834031e-173
1.325217843202987807e-173
5.994627543758482639e-174
2.711671863814732252e-174
1.226625714997237592e-174
5.548645707359809674e-175
2.509931824303208008e-175
1.135368537640508088e-175
5.135843546753441219e-176
2.323200622728607731e-176
1.050900613368315598e-176
4.753752596195186350e-177
2.150361647749237821e-177
9.727168426500697689e-178
4.400088036193706751e-178
1.990381360469671344e-178
9.003497038054425310e-179
4.072735030794616556e-179
1.842303114107195143e-179
8.333664573279810222e-180
3.769736081328579775e-180
1.705241433454825765e-180
7.713665581984407431e-181
3.489279321001621014e-181
1.578376719935281476e-181
7.139792607140376782e-182
3.229687680331890307e-182
1.460950350582514986e-182
6.608614015110335004e-183
2.989408858644579353e-183
1.352260141643934842e-183
6.116953475236155632e-184
2.767006041656740892e-184
1.251656149676658425e-184
5.661870966083193997e-185
2.561149309645232736e-185
1.158536785029275867e-185
5.240645194761469327e-186
2.370607684820510037e-186
1.072345214468609783e-186
4.850757324195249378e-187
2.194241770351336817e-187
9.925660314399689643e-188
4.489875911033666446e-188
2.030996937023391031e-188
9.187221740497897754e-189
4.155842964134432939e-189
1.879897016789503190e-189
8.503720723408829183e-190
3.846661040253448918e-190
1.740038465500340885e-190
7.871070078016183457e-191
3.560481299775383434e-191
1.610584959910054427e-191
7.285486693195013972e-192
3.295592451061126281e-192
1.490762396647613870e-192
6.743468909642768681e-193
3.050410517301762924e-193
1.379854263250197679e-193
6.241775580730086927e-194
2.823469364687114574e-194
1.277197353576535362e-194
5.777406691159830403e-195
2.613411935249378670e-195
1.182177801980764453e-195
5.347585417538221857e-196
2.418982131956217073e-196
1.094227412531452802e-196
4.949741523584274478e-197
2.239017307527939341e-197
1.012820261325428220e-197
4.581495990684520358e-198
2.072441312063565306e-198
9.374695515789984654e-199
4.240646791887164227e-199
1.918258057902108228e-199
8.677247026907040643e-200
3.925155724267270903e-200
1.775545563238369094e-200
8.031686558688425058e-201
3.633136220923460028e-201
1.643450438875382186e-201
7.434153802120101264e-202
3.362842069724520507e-202
1.521182785145504318e-202
6.881075643295746993e-203
3.112656971346558292e-203
1.408011468484871859e-203
6.369144796984794582e-204
2.881084874160031075e-204
1.303259749416172554e-204
5.895300029797241310e-205
2.666741028171440289e-205
1.206301235796113311e-205
5.456707854684108389e-206
2.468343704524221380e-206
1.116556137128476178e-206
5.050745587310732747e-207
2.284706531043278128e-207
1.033487797545437484e-207
4.674985662983715874e-208
2.114731397991412813e-208
9.565994867237193606e-209
4.327181120350240899e-209
1.957401891615638162e-209
8.854314295470446516e-210
4.005252165065471989e-210
1.811777216217431025e-210
8.195580567524923598e-211
3.707273733081736478e-211
1.676986568402251169e-211
7.585854601203017940e-212
3.431463979190716113e-212
1.552223929867576152e-212
7.021490369897214340e-213
3.176173621982656643e-213
1.436743247591480211e-213
6.499113100156279776e-214
2.939876081507817916e-214
1.329853972600343461e-214
6.015599091285413763e-215
2.721158350665553577e-215
1.230916930638513861e-215
5.568057036306034557e-216
2.518712545733939590e-216
1.139340500047432543e-216
5.153810732578650080e-217
2.331328085513994409e-217
1.054577073998788383e-217
4.770383078702173626e-218
2.157884452321488845e-218
9.761197859266358417e-219
4.415481261994665185e-219
1.997344491538688167e-219
9.034994785773335597e-220
4.086983047979911285e-220
1.848748209658812925e-220
8.362818985525825681e-221
3.782924089893997098e-221
1.711207033736905552e-221
7.740650995703375692e-222
3.501486182325526645e-222
1.583898497919878615e-222
7.164770389146028925e-223
3.240986388748670176e-223
1.466061325282374217e-223
6.631733527022186162e-224
2.999866977935201298e-224
1.356990875558892878e-224
6.138352966628996028e-225
2.776686109064662693e-225
1.256034931550642045e-225
5.681678401189015449e-226
2.570109209835794028e-226
1.162589799010743637e-226
5.258979017667307567e-227
2.378900996017549567e-227
1.076096696685975390e-227
4.867727167112661582e-228
2.201918084724055811e-228
9.960384149282965500e-229
4.505583249875144093e-229
2.038102157236259772e-229
9.219362228953894295e-230
4.170381725316943737e-230
1.886473630490053854e-230
8.533470058459592853e-231
3.860118162357668085e-231
1.746125799385916316e-231
7.898606154114540395e-232
3.572937253419197971e-232
1.616219414892680321e-232
7.310974169994095418e-233
3.307121720096162037e-233
1.495977665523694134e-233
6.767060196624376305e-234
3.061082044210361696e-234
1.384681532175707549e-234
6.263611748579727451e-235
2.833346962843153881e-235
1.281665488553443375e-235
5.797618315338258338e-236
2.622554670508151560e-236
1.186313521469348333e-236
5.366293359093852476e-237
2.427444675855201726e-237
1.098055447220791879e-237
4.967057651875558112e-238
2.246850264210517032e-238
1.016363502017461166e-238
4.597523852334000562e-239
2.079691520880620390e-239
9.407491860704625135e-240
4.255482229967406804e-240
1.924968873501002442e-240
8.707603424714804984e-241
3.938887451421269909e-241
1.781757114814156050e-241
8.059784533943338639e-242
3.645846349846649036e-242
1.649199870134529693e-242
7.460161374508149261e-243
3.374606604180555717e-243
1.526504476417057339e-243
6.905148332355475722e-244
3.123546260653036093e-244
1.412937242307223905e-244
6.391426552079813203e-245
2.891164033861870472e-245
1.307819060828818235e-245
5.915924090901611082e-246
2.676070329417459033e-246
1.210521348474209821e-246
5.475797549127967029e-247
2.476978934475293928e-247
1.120462286413810207e-247
5.068415067250484871e-248
2.292699326467235803e-248
1.037103341347978036e-248
4.691340588006717171e-249
2.122129554039510186e-249
9.599460451968349999e-250
4.342319289295791579e-250
1.964249647627001302e-250
8.885290143712452871e-251
4.019264100840276239e-251
1.818115520260533604e-251
8.224251908008585958e-252
3.720243223966890815e-252
1.682853322135319840e-252
7.612392882211747530e-253
3.443468579877122572e-253
1.557654215182136075e-253
7.046054284489892078e-254
3.187285117330945414e-254
1.441769536394481019e-254
6.521849535116701172e-255
2.950160915805959654e-255
1.334506320988486385e-255
6.036644005472811394e-256
2.730678024951023992e-256
1.235223158627588832e-256
5.587536273659027304e-257
2.527523985556341094e-257
1.143326357929690772e-257
5.171840774634199984e-258
2.339483981337268951e-258
1.058266396324003698e-258
4.787071741129451361e-259
2.165433574601255254e-259
9.795346340274467807e-260
4.430928339308935431e-260
2.004331982358793047e-260
9.066602724910891238e-261
4.101280910291694545e-261
1.855215852671023025e-261
8.392075391288128820e-262
3.796158235261926308e-262
1.717193504017915450e-262
7.767730814934982131e-263
3.513735748015857651e-263
1.589439593239728298e-263
7.189835553184782214e-264
3.252324624458835049e-264
1.471190180167206505e-264
6.654933920012855450e-265
3.010361683810254883e-265
1.361738159428101131e-265
6.159827321797363259e-266
2.786400041127756531e-266
1.260429032113224378e-266
5.701555130435912062e-267
2.579100455254842580e-267
1.166656992017532708e-267
5.277376979443429074e-268
2.387223320454564146e-268
1.079861303052824843e-268
4.884756377165841303e-269
2.209621253841005344e-269
9.995229461697859964e-270
4.521345539120233514e-270
2.045232234283053410e-270
9.251615157387090702e-271
4.184971348762189064e-271
1.893073251752600779e-271
8.563323468299370830e-272
3.873622362728839381e-272
1.752234429141697550e-272
7.926238562157972507e-273
3.585436782851822319e-273
1.621873581398413500e-273
7.336550811938070696e-274
3.318691323015455117e-274
1.501211179446239899e-274
6.790734015138568236e-275
3.071790904286386926e-275
1.389525688772388195e-275
6.285524307869980406e-276
2.843259116693883058e-276
1.286149254810770791e-276
5.817900647669266640e-277
2.631729390624300271e-277
1.190463709319205342e-277
5.385066748333166931e-278
2.435936825036629882e-278
1.101896873869862538e-278
4.984434358744323115e-279
2.254710623633656027e-279
1.019919138348644892e-279
4.613607785701273147e-280
2.086967093758691313e-280
9.440402940036811750e-281
4.270369568202239035e-281
1.931703166152849060e-281
8.738066021052628570e-282
3.952667217518118473e-282
1.787990396822423187e-282
8.087980806885502697e-283
3.658600943763214994e-283
1.654969415148872756e-283
7.486259931538097238e-284
3.386412295571333338e-284
1.531844785042333884e-284
6.929305237079821308e-285
3.134473644945001913e-285
1.417880248409491353e-285
6.413786257453234080e-286
2.901278454399543274e-286
1.312394322492798535e-286
5.936620303023620874e-287
2.685432268201666415e-287
1.214756224754108957e-287
5.494954026775850373e-288
2.485644373832180018e-288
1.124382100934418323e-288
5.086146361929456130e-289
2.300720083810206223e-289
1.040731533734353273e-289
4.707752728942618913e-290
2.129553591725919005e-290
9.633043112380833694e-291
4.357510417466447179e-291
1.971121359762454750e-291
8.916374357565481892e-292
4.033325055836858775e-292
1.824475998165836308e-292
8.253023552035384535e-293
3.733258087194615254e-293
1.688740600063497331e-293
7.639024004488760862e-294
3.455515177343478853e-294
1.563103497754867510e-294
7.070704133246279846e-295
3.198435485028031633e-295
1.446813409117795562e-295
6.544665511003576877e-296
2.960481730469806307e-296
1.339174945107399005e-296
6.057762542986581679e-297
2.740231002773746609e-297
1.239544451483164195e-297
5.607083656989539426e-298
2.536366251235339952e-298
1.147326159898755362e-298
5.189933892816311909e-299
2.347668409668299246e-299
1.061968625338890120e-299
4.803818787013636936e-300
2.173009106658029362e-300
9.829614285999471016e-301
4.446429456530637963e-301
2.011343918149791513e-301
9.098321240958656035e-302
4.115628792108143813e-302
1.861706122023539194e-302
8.421434147378906084e-303
3.809438678837347065e-303
1.723200917309162748e-303
7.794905369945679345e-304
3.526028167469559290e-304
1.595000073474321108e-304
7.214988404952280316e-305
3.263702525744105951e-305
1.476336977788796069e-305
6.678215477035175968e-306
3.020893104263726393e-306
1.366502051149683920e-306
6.181376802643266982e-307
2.796147956317649698e-307
1.264838504955087515e-307
5.721501396241192375e-308
2.588123155560956491e-308
1.170738413653343346e-308
5.295839304472037417e-309
2.395574759631872474e-309
1.083639079482495703e-309
4.901845162043630671e-310
2.217351371651205774e-310
1.003019667661957329e-310
4.537162971006956340e-311
2.052387255123487205e-311
9.283980919159699685e-312
4.199612012403906569e-312
1.899695961068196506e-312
8.593281317027599514e-313
3.887173806091131871e-313
1.758364429271624461e-313
7.953967639162896504e-314
3.597980040737503692e-314
1.627547528336245164e-314
7.362216930152020406e-315
3.330301402210987329e-315
1.506463001363171207e-315
6.814490636652323572e-316
3.082537223796138177e-316
1.394386749101504052e-316
6.307513770914566069e-317
2.853205883647844254e-317
1.290648674762380030e-317
5.838250220494550101e-318
2.640934037371673565e-318
1.194626028361842081e-318
5.403892407953218202e-319
2.444488595928735527e-319
1.105718915392709766e-319
5.001920598496780013e-320
2.262820657952909172e-320
1.023209952537221593e-320
4.629395101532480119e-321
2.094838338366885347e-321
9.436653835567808994e-322
4.298371118818844934e-322
1.926856018780861522e-322
8.893181625142437795e-323
3.952525166729972353e-323
1.976262583364986177e-323
9.881312916824930884e-324
4.940656458412465442e-324
0.000000000000000000e+00
0.000000000000000000e+00
0.000000000000000000e+00
0.000000000000000000e+00
0.000000000000000000e+00
0.000000000000000000e+00
0.000000000000000000e+00
0.000000000000000000e+00
0.000000000000000000e+00
0.000000000000000000e+00
0.000000000000000000e+00
0.000000000000000000e+00
0.000000000000000000e+00
0.000000000000000000e+00
0.000000000000000000e+00
0.000000000000000000e+00
0.000000000000000000e+00
0.000000000000000000e+00
0.000000000000000000e+00
0.000000000000000000e+00
0.000000000000000000e+00
0.000000000000000000e+00
0.000000000000000000e+00
0.000000000000000000e+00
0.000000000000000000e+00
0.000000000000000000e+00
0.000000000000000000e+00
0.000000000000000000e+00
0.000000000000000000e+00
0.000000000000000000e+00
0.000000000000000000e+00
0.000000000000000000e+00
0.000000000000000000e+00
0.000000000000000000e+00
0.000000000000000000e+00
0.000000000000000000e+00
0.000000000000000000e+00
0.000000000000000000e+00
0.000000000000000000e+00
0.000000000000000000e+00
0.000000000000000000e+00
0.000000000000000000e+00
0.000000000000000000e+00
0.000000000000000000e+00
0.000000000000000000e+00
0.000000000000000000e+00
0.000000000000000000e+00
0.000000000000000000e+00
0.000000000000000000e+00
0.000000000000000000e+00
0.000000000000000000e+00
0.000000000000000000e+00
0.000000000000000000e+00
0.000000000000000000e+00
0.000000000000000000e+00
0.000000000000000000e+00
0.000000000000000000e+00
0.000000000000000000e+00
0.000000000000000000e+00
0.000000000000000000e+00
0.000000000000000000e+00
