4.882512918563393645e-01
2.353897034098696162e-01
1.134831866204042139e-01
5.471111717702051985e-02
2.637665042637670279e-02
1.271638605850830550e-02
6.130667532649164593e-03
2.955641974295919721e-03
1.424937730466846334e-03
6.869734404119400006e-04
3.311951797899267643e-04
1.596717437144394352e-04
7.697897583225940619e-05
3.711215636738681198e-05
1.789205604967505762e-05
8.625897846400333913e-06
4.158611701749342384e-06
2.004898689258597328e-06
9.665770796778071552e-07
4.659942449780188587e-07
2.246594099096753498e-07
1.083100295870486855e-07
5.221709837955976678e-08
2.517426478024582120e-08
1.213670668981484792e-08
5.851199650135666420e-09
2.820908358482382138e-09
1.359981617918517522e-09
6.556575989130323025e-10
3.160975717233265868e-10
1.523930707354416603e-10
7.346987160187516307e-11
3.542039022605406117e-11
1.707644257995313465e-11
8.232684318987021863e-12
3.969040435603467988e-12
1.913504923676426091e-12
9.225154422941027352e-13
4.447517906752965312e-13
2.144182592943758801e-13
1.033726921009648687e-13
4.983676999975130041e-14
2.402669015896643356e-14
1.158345213780618859e-14
5.584471375004330405e-15
2.692316605380241758e-15
1.297986544626270486e-15
6.257692972156600548e-16
3.016881915756152146e-16
1.454461977299569437e-16
7.012073069091118748e-17
3.380574363144439657e-17
1.629800903690617731e-17
7.857395520209954796e-18
3.788110819009289718e-18
1.826277363814287601e-18
8.804623647342891198e-19
4.244776785134194864e-19
2.046439538736196060e-19
9.866042427412158360e-20
4.756494943388792846e-20
2.293142798942696221e-20
1.105541782116621390e-20
5.329901969337138692e-21
2.569586736772216480e-21
1.238817530937975736e-21
5.972434605912681502e-22
2.879356663196047775e-22
1.388159995202581338e-22
6.692426113484273170e-23
3.226470107137059160e-23
1.555506056506796601e-23
7.499214347212116663e-24
3.615428920394327590e-24
1.743026092230987746e-24
8.403262863391222969e-25
4.051277663942859547e-25
1.953152124023717610e-25
9.416296625459319931e-26
4.539669032843848744e-26
2.188609359654292770e-26
1.055145406969393213e-26
5.086937168286922526e-27
2.452451537312107379e-27
1.182345750279822734e-27
5.700179807576969773e-28
2.748100530747302351e-28
1.324880404133055769e-28
6.387350337501812485e-29
3.079390728907444110e-29
1.484597956934642150e-29
7.157360944957105819e-30
3.450618765646950219e-30
1.663569848915321579e-30
8.020198202629662638e-31
3.866599244474364025e-31
1.864117237460283027e-31
8.987052588815421814e-32
4.332727181052953642e-32
2.088841101118915807e-32
1.007046362116737485e-32
4.855047973296439392e-33
2.340655972726418580e-33
1.128448248666855706e-33
5.440335806530391184e-34
2.622827739134974125e-34
1.264485427704333385e-34
6.096181510585771968e-35
2.939015997794325062e-35
1.416922219309191122e-35
6.831091008279058126e-36
3.293321519521438611e-36
1.587735636635230692e-36
7.654595632095358846e-37
3.690339433022086134e-37
1.779141026576950591e-37
8.577375739816781400e-38
4.135218820935690877e-38
1.993620801481385297e-38
9.611399232314403011e-39
4.633729500328709115e-39
2.233956634537443313e-39
1.077007676999653814e-39
5.192336853738353861e-40
2.503265536397638725e-40
1.206843570097835186e-40
5.818285681280404618e-41
2.805040280924543098e-41
1.352331495671388131e-41
6.519694161333091677e-42
3.143194704358961146e-42
1.515358344276990451e-42
7.305659138409169362e-43
3.522114465412856430e-43
1.698038475714018149e-43
8.186374103736708293e-44
3.946713924615271274e-44
1.902741140994559058e-44
9.173261398686624475e-45
4.422499880601251443e-45
2.132121210098524085e-45
1.027912035564379873e-45
4.955642989965223517e-46
2.389153604034566515e-46
1.151829329762008760e-46
5.553057796951863126e-47
2.677171877769404328e-47
1.290685154952545373e-47
6.222492410920163645e-48
2.999911454422986028e-48
1.446280387354851003e-48
6.972628994643637707e-49
3.361558071451322931e-49
1.620633003192970123e-49
7.813196366720152522e-50
3.766802067134077039e-50
1.816004250629319299e-50
8.755096178475197208e-51
4.220899211430092575e-51
2.034927976788262200e-51
9.810544301797318597e-52
4.729738870140910769e-52
2.280243490223454699e-52
1.099322926162192479e-52
5.299920386429403395e-53
2.555132385035456657e-53
1.231848976783500123e-53
5.938838670316010656e-54
2.863159804226519678e-54
1.380351364907905324e-54
6.654780106197477434e-55
3.208320677452804472e-55
1.546756076851448252e-55
7.457030022249424009e-56
3.595091532849948289e-56
1.733221281261628264e-56
8.355993115526443720e-57
4.028488554900546637e-57
1.942165319261666130e-57
9.363328394601824408e-58
4.514132641318281009e-58
2.176298068875081447e-58
1.049210038986859312e-58
5.058322302697527220e-59
2.438656090507244821e-59
1.175694859261263358e-59
5.668115350393052135e-60
2.732642009300642317e-60
1.317427732037430285e-60
6.351420432072730871e-61
3.062068645128901328e-61
1.476246847104354553e-61
7.117099602102058112e-62
3.431208462568131593e-62
1.654211992497886479e-62
7.975083257039188431e-63
3.844848982183161106e-63
1.853631268707727992e-63
8.936498926883578586e-64
4.308354871779165119e-64
2.077091023347367856e-64
1.001381559242058207e-64
4.827737522903575248e-65
2.327489394521321271e-65
1.122100540037463070e-65
5.409733014965333698e-66
2.608073897926266133e-66
1.257372487371764158e-66
6.061889478118436644e-67
2.922483545169082877e-67
1.408951796731755593e-67
6.792664987951996322e-68
3.274796039550624221e-68
1.578804360244159795e-68
7.611537261624435774e-69
3.669580661415149158e-69
1.769133063109753413e-69
8.529126578133590241e-70
4.111957528957887846e-70
1.982406353694124915e-70
9.557333516922117812e-71
4.607664003067152969e-71
2.221390257813038813e-71
1.070949330120840905e-71
5.163129097430483148e-72
2.489184252416929185e-72
1.200054874778162220e-72
5.785556858960935332e-73
2.789261463935767568e-73
1.344724406631201763e-73
6.483019799936649955e-74
3.125513712632232446e-74
1.506834202164179414e-74
7.264563593610414741e-75
3.502301987160383718e-75
1.688486727551851879e-75
8.140324391130823236e-76
3.924513003955754022e-76
1.892037906376197155e-76
9.121660281303737785e-77
4.397622584997535959e-77
2.120127674532987610e-77
1.022129859814538891e-77
4.927766675913006410e-78
2.375714218606698503e-78
1.145350098672097887e-78
5.521820925488000444e-79
2.662112341764170598e-79
1.283424836807181167e-79
6.187489858681022474e-80
2.983036454750514369e-80
1.438144820211090998e-80
6.933406799659480973e-81
3.342648749554185409e-81
1.611516673656724254e-81
7.769245840802140296e-82
3.745613180523681553e-82
1.805788925410530768e-82
8.705847309837291129e-83
4.197155953039781479e-83
2.023481169286325913e-83
9.755358362347307229e-84
4.703133304244414798e-84
2.267416742255962629e-84
1.093139052304323566e-84
5.270107454900028882e-85
2.540759341425480945e-85
1.224919621902339500e-85
5.905431717431223140e-86
2.847054055276136910e-86
1.372586659454244502e-86
6.617345863947894489e-87
3.190273341321807183e-87
1.538055317283435457e-87
7.415082991113813729e-88
3.574868546484884245e-88
1.723471623980747965e-88
8.308989267836276429e-89
4.005827638377850154e-89
1.931240317099371774e-89
9.310658118831119783e-90
4.488739896231947149e-90
2.164056031149161071e-90
1.043308058434045496e-90
5.029868400474703618e-91
2.424938245379547123e-91
1.169081380608182161e-91
5.636231261101045589e-92
2.717270444602053820e-92
1.310016982458852317e-92
6.315692638323041136e-93
3.044844000945670543e-93
1.467942713652509006e-93
7.077064735980477807e-94
3.411907345664613960e-94
1.644906775575418960e-94
7.930222090503296394e-95
3.823221068726229668e-95
1.843204285269197656e-95
8.886229637687770623e-96
4.284119660788862899e-96
2.065407041712900956e-96
9.957486218234172729e-97
4.800580698325415105e-97
2.314396880503175516e-97
1.115788538322314223e-97
5.379302369180556154e-98
2.593403049522257610e-98
1.250299558508716956e-98
6.027790344023332177e-99
2.906044090332983968e-99
1.401026209103719930e-99
6.754455120364771892e-100
3.256374768478322988e-100
1.569923323764654176e-100
7.568721101631813135e-101
3.648938661342717346e-101
1.759181396097542239e-101
8.481148825990184185e-102
4.088827085607058691e-102
1.971254989036409955e-102
9.503571930149288103e-103
4.581745128552380922e-103
2.208894569042705947e-103
1.064925062448444420e-103
5.134085639597883353e-104
2.475182177994923777e-104
1.193304366996017107e-104
5.753012141697497576e-105
2.773571405410633084e-105
1.337160108729005544e-105
6.446551737907931573e-106
3.107932179417573293e-106
1.498358009765109937e-106
7.223699218069568678e-107
3.482600957385290972e-107
1.678988709557887124e-107
8.094533715799080528e-108
3.902436967158604722e-108
1.881394879228403067e-108
9.070349428767588589e-109
4.372885228309199040e-109
2.108201604595018493e-109
1.016380209762646934e-109
4.900047170752463302e-110
2.362350431951673511e-110
1.138907314332125401e-110
5.490759766609058577e-111
2.647137518147586595e-111
1.276205359155988578e-111
6.152684201605806134e-112
2.966256379751077840e-112
1.430055016982275922e-112
6.894405236029902594e-113
3.323845795730176736e-113
1.602451624986734836e-113
7.725542543884849654e-114
3.724543484916049218e-114
1.795631063090985365e-114
8.656875474256779901e-115
4.173546254417365733e-115
2.012098751975712869e-115
9.700482852963215478e-116
4.676677399070513528e-116
2.254662146874048729e-116
1.086989963762956288e-116
5.240462226056955535e-117
2.526467148570531812e-117
1.218029245792094591e-117
5.872212684199249059e-118
2.831038903835683186e-118
1.364865631757089258e-118
6.580122195522096781e-119
3.172327524451027082e-119
1.529403500931654801e-119
7.373371918988031868e-120
3.554759317773443441e-120
1.713776810139722985e-120
8.262249824588184050e-121
3.983294193270235922e-121
1.920376769886902191e-121
9.258284122100873775e-122
4.463489989549979926e-122
2.151882856916692359e-122
1.037439277501060275e-122
5.001574556172918533e-123
2.411297565406739703e-123
1.162505103869824028e-123
5.604526525101153731e-124
2.701985347505323925e-124
1.302647919576272333e-124
6.280165819341279764e-125
3.027716248243945457e-125
1.459685292329099388e-125
7.037255072623363145e-126
3.392714800746094890e-126
1.635653902042049831e-126
7.885613275472028016e-127
3.801714815870966972e-127
1.832835955342592188e-127
8.836243121584555239e-128
4.260020776881576105e-128
2.053788784413660062e-128
9.901473706123656638e-129
4.773576635391332485e-129
2.301378014048674556e-129
1.109512042664092313e-129
5.349042900827330887e-130
2.578814727074762581e-130
1.243266416044091090e-130
5.993883023215367203e-131
2.889697110157867307e-131
1.393145204221095318e-131
6.716460189622456082e-132
3.238057120112235546e-132
1.561092244588875778e-132
7.526145789643150118e-133
3.628412775945688913e-133
1.749285708863491608e-133
8.433440956663226977e-134
4.065826754837735015e-134
1.960166352655058639e-134
9.450112761222108034e-135
4.555972052007178832e-135
2.196469170594974158e-135
1.058934682281243496e-135
5.105205556034588464e-136
2.461258867564817441e-136
1.186591831940215156e-136
5.720650493868280908e-137
2.757969606067898040e-137
1.329638361257567589e-137
6.410288814778857976e-138
3.090449545244350526e-138
1.489929497354558709e-138
7.183064711421507419e-139
3.463010749171550585e-139
1.669544119491084601e-139
8.049000620613378184e-140
3.880485111731155284e-140
1.870811720874192381e-140
9.019327208290386849e-141
4.348287023356624829e-141
2.096342620779088963e-141
1.010662902446300159e-141
4.872483592407770444e-142
2.349061818813951715e-142
1.132500771723011447e-142
5.459873331902280897e-143
2.632246930398449534e-143
1.269026492264430185e-143
6.118074332126544480e-144
2.949570695457641078e-144
1.422010720238993430e-144
6.855623062666633161e-145
3.305148611641094635e-145
1.593437568719529387e-145
7.682085085263692245e-146
3.703592309842065414e-146
1.785530340432366679e-146
8.608179113376751722e-147
4.150069364266991739e-147
2.000780362651198278e-147
9.645916027424008595e-148
4.650370312752611262e-148
2.241979298207319535e-148
1.080875464864852001e-148
5.210983756544820784e-149
2.512255351671733682e-149
1.211177629190712038e-149
5.839180513540862435e-150
2.815113840279535277e-150
1.357188036121754425e-150
6.543107916407110352e-151
3.154482655777601068e-151
1.520800352482307328e-151
7.331895478563603810e-152
3.534763206810001735e-152
1.704136531235104573e-152
8.215773298463306188e-153
3.960887502530409170e-153
1.909574331929913704e-153
9.206204737791793687e-154
4.438382117782402847e-154
2.139778158808977322e-154
1.031603509434563446e-154
4.973439869439808739e-155
2.397733616522022288e-155
1.155965819779246362e-155
5.573000133502144609e-156
2.686786231615770112e-156
1.295320308895035127e-156
6.244838844610674885e-157
3.010684841992896096e-157
1.451474320370694414e-157
6.997669345227798765e-158
3.373630217077143493e-158
1.626453077457530280e-158
7.841255392427412395e-159
3.780329539256197036e-159
1.822525948992071480e-159
8.786537787927865553e-160
4.236057453194602101e-160
2.042235881739413404e-160
9.845776273687283482e-161
4.746724474791731423e-161
2.288432380878052892e-161
1.103270853335398139e-161
5.318953647004050958e-162
2.564308466361437451e-162
1.236272836172723079e-162
5.960166436712633164e-163
2.873442084458504906e-163
1.385308531298541126e-163
6.678678986669634984e-164
3.219842511557448342e-164
1.552310841698790098e-164
7.483809970848247246e-165
3.608002352059543673e-165
1.739445686511962400e-165
8.386001452016622913e-166
4.042955804745172583e-166
1.949140091693164255e-166
9.396954308990017970e-167
4.530343953293779281e-167
2.184113667075240622e-167
1.052977998996369130e-167
5.076487927732937778e-168
2.447413878065947818e-168
1.179917056007803325e-168
5.688470885677505138e-169
2.742455569435094814e-169
1.322158924863654824e-169
6.374229876609081947e-170
3.073065253789222904e-170
1.481548396724891075e-170
7.142658780615162509e-171
3.443530739129294967e-171
1.660152656810393883e-171
8.003723656642885945e-172
3.858656739132708302e-172
1.860288094541667394e-172
8.968591996268907329e-173
4.323827187388454517e-173
2.084550345714929183e-173
1.004977755932187055e-173
4.845075063764440673e-174
2.335847956329892260e-174
1.126130266979038730e-174
5.429160638515366253e-175
2.617440104676027612e-175
1.261888007690244941e-175
6.083659148905873851e-176
2.932978870906988546e-176
1.414011673999510665e-176
6.817059045463216920e-177
3.286556602314725140e-177
1.584474218014427412e-177
7.638872082057683101e-178
3.682758988604064162e-178
1.775486436014600698e-178
8.559756677606796525e-179
4.126724535519201800e-179
1.989525641144452683e-179
9.591656149332114467e-180
4.624211208160083124e-180
2.229367792668662411e-180
1.074795361037558982e-180
5.181671108314720249e-181
2.498123498488493496e-181
1.204364554069591603e-181
5.806334154323414303e-182
2.799278357847996091e-182
1.349553628235724843e-182
6.506301848753505525e-183
3.136738167451260579e-183
1.512245598170410661e-183
7.290652349998278415e-184
3.514879577288456984e-184
1.694550480498923118e-184
8.169558210509671008e-185
3.938606853143457825e-185
1.898832659478759602e-185
9.154418308660396396e-186
4.413415481959383660e-186
2.127741551636513502e-186
1.025800568531703556e-186
4.945463444987641889e-187
2.384245967100429658e-187
1.149463320246732715e-187
5.541651083086380725e-188
2.671672613274912013e-188
1.288033917239667355e-188
6.209710589974334271e-189
2.993749240227837859e-189
1.443309536491908861e-189
6.958306294116845787e-190
3.354652987357818969e-190
1.617304009037979330e-190
7.797147029834281811e-191
3.759064558370601656e-191
1.812273938137895034e-191
8.737112055020037990e-192
4.212228927179329858e-192
2.030747966059551981e-192
9.790392148549611277e-193
4.720023362050777964e-193
2.275559569042068379e-193
1.097064771732145136e-193
5.289033650225896030e-194
2.549883805771483940e-194
1.229318596348497014e-194
5.926639511603188882e-195
2.857278495975714178e-195
1.377515940961426835e-195
6.641110309252030112e-196
3.201730363198106826e-196
1.543578835656871940e-196
7.441712298058369762e-197
3.587706740194228381e-197
1.729661015918804129e-197
8.338828802454754299e-198
4.020213507541598926e-198
1.938175855278642880e-198
9.344094881871714291e-199
4.504860016888078322e-199
2.171827665312690428e-199
1.047054823043297098e-199
5.047931840855274285e-200
2.433646768930151995e-200
1.173279826797481696e-200
5.656472293122000188e-201
2.727028801832419960e-201
1.314721561540435911e-201
6.338373775949721503e-202
3.055778751857734161e-202
1.473214441176762568e-202
7.102480139873699057e-203
3.424160307375625570e-203
1.650814022665501792e-203
7.958701383107022316e-204
3.836951154751861909e-204
1.849823665353329501e-204
8.918142178233474464e-205
4.299504942055704376e-205
2.072824404154444954e-205
9.993245893104880471e-206
4.817820712642316931e-206
2.322708424014731602e-206
1.119795597381236426e-206
5.398620709124561605e-207
2.602716569805022640e-207
1.254789678276268727e-207
6.049437556800595034e-208
2.916480378122159739e-208
1.406057623722315730e-208
6.778711957255063532e-209
3.268069176125578478e-209
1.575561287644228772e-209
7.595902159164551417e-210
3.662042858254663963e-210
1.765499030225757146e-210
8.511606626071746990e-211
4.103511025306227323e-211
1.978334229313551122e-211
9.537701492057211595e-212
4.598199252871171752e-212
2.216827228941144443e-212
1.068749458803097454e-212
5.152523348594430678e-213
2.484071139324288967e-213
1.197589803626375599e-213
5.773672561326059157e-214
2.783531952632537277e-214
1.341962165160745158e-214
6.469702821337264876e-215
3.119093494815897267e-215
1.503738965770911645e-215
7.249641220874139809e-216
3.495107796482235684e-216
1.685018352888541363e-216
8.123603090093257004e-217
3.916451536106084089e-217
1.888151410717386989e-217
9.102923186785198853e-218
4.388589287605300629e-218
2.115772652376492841e-218
1.020030270134238632e-218
4.917644392565108561e-219
2.370834187944551228e-219
1.142997398352910720e-219
5.510478376280598793e-220
2.656644011544853019e-220
1.280788512746309715e-220
6.174779937598758008e-221
2.976908904032640222e-221
1.435190680877131839e-221
6.919164666699850670e-222
3.335782507704532642e-222
1.608206405646197620e-222
7.753286784099136522e-223
3.737919196530745670e-223
1.802079596545876307e-223
8.687964350060467271e-224
4.188534440576730304e-224
2.019324671811448976e-224
9.735319568305649622e-225
4.693472447499207243e-225
2.262759168908371624e-225
1.090893600367553254e-225
5.259281958393904432e-226
2.535540286290812806e-226
1.222403475277120445e-226
5.893301181010563988e-227
2.841205830359980470e-227
1.369767185237972819e-227
6.603752961878245421e-228
3.183720098678248427e-228
1.534895948597655008e-228
7.399851431662726195e-229
3.567525294513279571e-229
1.719931385721191940e-229
8.291921506873968640e-230
3.997599139533167023e-230
1.927273294513234451e-230
9.291532797801316626e-231
4.479519431852664472e-231
2.159610774348408512e-231
1.041164965937726523e-231
5.019536386704571670e-232
2.419957102067465542e-232
1.166679933102774355e-232
5.624653697958783972e-233
2.711688812357253491e-233
1.307326034619907553e-233
6.302719371805408241e-234
3.038589489367591651e-234
1.464927365511350724e-234
7.062527510653196411e-235
3.404898837514486233e-235
1.641527919887221500e-235
7.913932367329833686e-236
3.815367667884736778e-236
1.839418100315420179e-236
8.867976148794551664e-237
4.275319513388222772e-237
2.061164422960791710e-237
9.937032226890583828e-238
4.790719671767260904e-238
2.309642803749069034e-238
1.113496561350962010e-238
5.368252571904030412e-239
2.588075857260577607e-239
1.247731278142920142e-239
6.015408466828567650e-240
2.900074692096654629e-240
1.398148316297735207e-240
6.740580577780578138e-241
3.249685744776339532e-241
1.566698493986183891e-241
7.553173949217636264e-242
3.641443259575672012e-242
1.755567805251472308e-242
8.463727426565092305e-243
4.080428094939755668e-243
1.967205771031174390e-243
9.484050338681568584e-244
4.572333619146891007e-244
2.204357207965307283e-244
1.062737565771893298e-244
5.123539549858724644e-245
2.470097827011790247e-245
1.190853162278392447e-245
5.741194695208481526e-246
2.767874123559194990e-246
1.334413405325127682e-246
6.433309669523069547e-247
3.101548076391688913e-247
1.495280184590154087e-247
7.208860786155835362e-248
3.475447235223358190e-248
1.675539845077430575e-248
8.077906474853997225e-249
3.894420846403247656e-249
1.877530245752515713e-249
9.051717733515066120e-250
4.363902744713588272e-250
2.103871080160793718e-250
1.014292430622659586e-250
4.889981826927874131e-251
2.357497852271554921e-251
1.136567848342558233e-251
5.479481021123045125e-252
2.641699948193050618e-252
1.273583864855447438e-252
6.140045775938441689e-253
2.960163297522834733e-253
1.427117495172257525e-253
6.880243217431010863e-254
3.317018177629882206e-254
1.599159977782957151e-254
7.709673259523924123e-255
3.716892780859648110e-255
1.791942599816641469e-255
8.639093109095820699e-256
4.164973239392389015e-256
2.007965635488829958e-256
9.680556780462579047e-257
4.667070886247280462e-257
2.250030773149252154e-257
1.084757142865985237e-257
5.229697624764828927e-258
2.521277451486935051e-258
1.215527252909118083e-258
5.860150384058638542e-259
2.825223576155090450e-259
1.362062017551048773e-259
6.566605755781720028e-260
3.165811144884553825e-260
1.526261904219060152e-260
7.358226039586056187e-261
3.547457372812562082e-261
1.710256486307768392e-261
8.245278072613147289e-262
3.975111981096929207e-262
1.916432062460960463e-262
9.239266384174845492e-263
4.454321391812551254e-263
2.147462605423178358e-263
1.035308240255612293e-263
4.991300661694517273e-264
2.406344441852252776e-264
1.160117164905079138e-264
5.593014087672660639e-265
2.696435112867921027e-265
1.299972108765363394e-265
6.267265529600135968e-266
3.021496919331491757e-266
1.456686906021537603e-266
7.022799621600544819e-267
3.385745716617153220e-267
1.632294052977713652e-267
7.869415184694408539e-268
3.793905591712125553e-268
1.829071068307326350e-268
8.818092311594702356e-269
4.251270131770535413e-269
2.049570031095961253e-269
9.881134771875074513e-270
4.763771078743695504e-270
2.296650679765100108e-270
1.107232958443485362e-270
5.338055260493700441e-271
2.573517501153362214e-271
1.240712582681442041e-271
5.981570796134037839e-272
2.883761290777051528e-272
1.390283500039640280e-272
6.702663693642343393e-273
3.231405723278410293e-273
1.557885555012968911e-273
7.510686092540650353e-274
3.620959537057107099e-274
1.745692445065443272e-274
8.416117555500200415e-275
4.057475009886484404e-275
1.956139912172943509e-275
9.430700981945390175e-276
4.546613483903640556e-276
2.191957332926468812e-276
1.056759490636414321e-276
5.094718789799861151e-277
2.456203116899483130e-277
1.184154415655794421e-277
5.708899522476500309e-278
2.752304372372158658e-278
1.326907108516065735e-278
6.397121235225767523e-279
3.084101353857229679e-279
1.486868985456923151e-279
7.168309748149057558e-280
3.455897267883616804e-280
1.666114655445514150e-280
8.032466910657380458e-281
3.872514082985071413e-281
1.866968826602821585e-281
9.000800319415004305e-282
4.339355067721600341e-282
2.092036456263380819e-282
1.008586867410347947e-282
4.862474867812085098e-283
2.344236535699600499e-283
1.130174465617796496e-283
5.448658031230981037e-284
2.626839947677101991e-284
1.266419744304284312e-284
6.105506999700509889e-285
2.943511887827888187e-285
1.419089722476465520e-285
6.841540707772102423e-286
3.298359400025443688e-286
1.590164437577418667e-286
7.666305068260308331e-287
3.695984642265377148e-287
1.781862625375925676e-287
8.590496776970248410e-288
4.141544573873953253e-288
1.996670495630201490e-288
9.626102042387294356e-289
4.640817838157908463e-289
2.237373976728156560e-289
1.078655203955893032e-289
5.200279707921010436e-290
2.507094847495299744e-290
1.208689710432829421e-290
5.827186065839905132e-291
2.809331224781857055e-291
1.354400192710795217e-291
6.529667508882902278e-292
3.148002931927378321e-292
1.517676427772470467e-292
7.316834797246248458e-293
3.527502336501054145e-293
1.700636009808791991e-293
8.198897015409062122e-294
3.952751316657934352e-294
1.905651814137743434e-294
9.187293977796998558e-295
4.429265094928489579e-295
2.135382771963516900e-295
1.029484459627199854e-295
4.963223767322478299e-296
2.392808355109345394e-296
1.153591313367381883e-296
5.561552455443999368e-297
2.681267217969090434e-297
1.292659549963904466e-297
6.232011121139725139e-298
3.004500497837477786e-298
1.448492800483600723e-298
6.983295208515414421e-299
3.366700335202729195e-299
1.623112128101642717e-299
7.825148418597537718e-300
3.772564243278944669e-300
1.818782240071044429e-300
8.768489079255765294e-301
4.227356031914206625e-301
2.038040859609096509e-301
9.825551749318458314e-302
4.736974076027163318e-302
2.283731638634177098e-302
1.101004589341612307e-302
5.308027813970351815e-303
2.559041038214753093e-303
1.233733368546467737e-303
5.947923467952141426e-304
2.867539655046569861e-304
1.382462924677916937e-304
6.664960098268506933e-305
3.213228529934403677e-305
1.549122190283709450e-305
7.468437237107002749e-306
3.600591038876341586e-306
1.735872635418967688e-306
8.368775497860365156e-307
4.034651039744983541e-307
1.945136300606822596e-307
9.377651724192509112e-308
4.521038028688583856e-308
2.179627209242094329e-308
1.050815043165446776e-308
5.066060151298231459e-309
2.442386566836949557e-309
1.177493350594530143e-309
5.676786015449508753e-310
2.736822203618877090e-310
1.319443035871992713e-310
6.361136366875596240e-311
3.066752772031911667e-311
1.478505100714168845e-311
7.127986816458480647e-312
3.436457272355264695e-312
1.656742484066446843e-312
7.987282951565875787e-313
3.850730548768296635e-313
1.856466817192435276e-313
8.950169324199755477e-314
4.314945475305412919e-314
2.080268404229232717e-314
1.002913398853292721e-314
4.835122638254997449e-315
2.331049814369623841e-315
1.123817048887489843e-315
5.418008456333677625e-316
2.612063558389763244e-316
1.259295911162634118e-316
6.071162647257030547e-317
2.926954074471275443e-317
1.411107313940580191e-317
