5.415154190944287960e-01
2.432213360234197486e-01
1.092427218341156941e-01
4.906630507356829485e-02
2.203810243055137619e-02
9.898400908959131828e-03
4.445861020169135196e-03
1.996855895457743616e-03
8.968866658527825837e-04
4.028361251376756701e-04
1.809336116750494890e-04
8.126622661408331057e-05
3.650067849169150690e-05
1.639425854827306466e-05
7.363471706664404551e-06
3.307299041014496007e-06
1.485471443693552768e-06
6.671986363084185340e-07
2.996718800497158839e-07
1.345974509021911921e-07
6.045436691077652826e-08
2.715304379158422714e-08
1.219577385097490385e-08
5.477724742970508567e-09
2.460316887341499456e-09
1.105049901221430189e-09
4.963325214212535997e-10
2.229274637716251353e-10
1.001277408970552553e-10
4.497231667883855230e-11
2.019928992047411845e-11
9.072499337872804391e-12
4.074907809124123248e-12
1.830242476132723985e-12
8.220523453168501772e-13
3.692243335259209559e-13
1.658368949912971482e-13
7.448554508237437716e-14
3.345513931932685677e-14
1.502635639757726591e-14
6.749079250032402211e-15
3.031345025901416320e-15
1.361526858054473401e-15
6.115289976443565978e-16
2.746678941716085536e-16
1.233669251650771143e-16
5.541018279761880582e-17
2.488745142636213720e-17
1.117818435578508870e-17
5.020675012129317720e-18
2.255033266147049697e-18
1.012846881971976323e-18
4.549195888684770063e-19
2.043268691644055639e-19
9.177329463075440292e-20
4.121992198983096873e-20
1.851390402495549822e-20
8.315509241619294066e-21
3.734906146982773171e-21
1.677530927023934181e-21
7.534620417155984657e-22
3.384170384944221663e-22
1.519998163179710191e-22
6.827062923156491634e-23
3.066371347399306854e-23
1.377258910015153109e-23
6.185950396467483557e-24
2.778416028336690791e-24
1.247923945676415176e-24
5.605043155199738903e-25
2.517501878259309912e-25
1.130734506684337544e-25
5.078687470496367531e-26
2.281089528134240867e-26
1.024550036912419039e-26
4.601760541138534888e-27
2.066878074768900495e-27
9.283370870278819666e-28
4.169620635449300774e-28
1.872782687076100199e-28
8.411592563585868398e-29
3.778061915247643126e-29
1.696914315279148177e-29
7.621680792943265193e-30
3.423273502172339996e-30
1.537561305575178960e-30
6.905947675235051633e-31
3.101802387986311738e-31
1.393172741319674481e-31
6.257427277358745684e-32
2.810519827881717513e-32
1.262343348599100681e-32
5.669807819692259467e-33
2.546590889706688124e-33
1.143799819283678505e-33
5.137370246164906754e-34
2.307446862748136610e-34
1.036388418448317900e-34
4.654932563060484883e-35
2.090760257537661311e-35
9.390637555498804372e-36
4.217799404825105295e-36
1.894422153363400648e-36
8.508786100753024650e-37
3.821716336025062288e-37
1.716521673020837404e-37
7.709747126378385847e-38
3.462828444693768591e-38
1.555327385038792182e-38
6.985743917976659282e-39
3.137642824075269437e-39
1.409270452376188101e-39
6.329730053088229393e-40
2.842994577613747604e-40
1.276929363582864712e-40
5.735320821289461698e-41
2.576016016330122481e-41
1.157016097819159933e-41
5.196731084458837444e-42
2.334108748796519393e-42
1.048363589084153655e-42
4.708718972430388521e-43
2.114918392071934730e-43
9.499143676471049161e-44
4.266534866049314444e-44
1.916311657471136402e-44
8.607102681338491047e-45
3.865875171101761484e-45
1.736355588152107243e-45
7.798831041013055759e-46
3.502840433220154934e-46
1.573298746450099012e-46
7.066462183394143010e-47
3.173897386113759260e-47
1.425554167862427736e-47
6.402868266633592815e-48
2.875844563755673847e-48
1.291683915782230539e-48
5.801590806811909655e-49
2.605781141843957138e-49
1.170385086658807936e-49
5.256777820197276968e-50
2.361078705283764202e-50
1.060477129378689818e-50
4.763126868318953991e-51
2.139355666915132622e-51
9.608903554519696956e-52
4.315833451536383328e-52
1.938454088514524274e-52
8.706555281786793021e-53
3.910544248840103016e-53
1.756418678478525788e-53
7.888944294706116445e-54
3.543314748786821855e-54
1.591477761783048193e-54
7.148113125195018666e-55
3.210570859208190819e-55
1.442026037006157772e-55
6.476851571239132575e-56
2.909074122056485977e-56
1.306608952596338619e-56
5.868626522991370281e-57
2.635890194837722739e-57
1.183908550326378524e-57
5.317518378728208092e-58
2.388360291875346504e-58
1.072730638153653232e-58
4.818163431824344765e-59
2.164075307453354965e-59
9.719931676448097614e-60
4.365701668025501689e-60
1.960852368991693379e-60
8.807157028481053844e-61
3.955729464947497521e-61
1.776713592053728385e-61
7.980098781174763313e-62
3.584256733449989650e-62
1.609866830419156517e-62
7.230707520186928540e-63
3.247668083755504479e-63
1.458688233868914195e-63
6.551689731689337769e-64
2.942687638363507014e-64
1.321706443925930573e-64
5.936436817625918188e-65
2.666347149294785653e-65
1.197588273734142683e-65
5.378960776974806730e-66
2.415957109367656474e-66
1.085125732704574873e-66
4.873835927020524805e-67
2.189080576341203448e-67
9.832242696450039511e-68
4.416146097439362222e-68
1.983509455169341052e-68
8.908921199476485721e-69
4.001436783254732013e-69
1.797243007528774752e-69
8.072306531564784662e-70
3.625671790991803752e-70
1.628468379463922355e-70
7.314256269700841976e-71
3.285193956082173084e-71
1.475542957632828171e-71
6.627392625598070848e-72
2.976689549201267634e-72
1.336978382433496920e-72
6.005030640747141327e-73
2.697156025116637350e-73
1.211426062418537923e-73
5.441113124493491501e-74
2.443872800163180698e-74
1.097664049014524547e-74
4.930151701915540864e-75
2.214374773932226540e-75
9.945851438044455567e-76
4.467173397752881736e-76
2.006428337473148910e-76
9.011861226252042361e-77
4.047672236502779746e-77
1.818009634505794489e-77
8.165579716038411321e-78
3.667565387633456669e-78
1.647284864067581103e-78
7.398770401029169459e-79
3.323153429090180270e-79
1.492592432890969687e-79
6.703970244712186565e-80
3.011084342356979367e-80
1.352426783806059262e-80
6.074417045801757920e-81
2.728320888653613380e-81
1.225423742778456013e-81
5.503983624544127201e-82
2.472111048751532104e-82
1.110347241969779222e-82
4.987118189421632574e-83
2.239961238714639301e-83
1.006077289603177603e-83
4.518790303871841493e-84
2.029612040882138060e-84
9.115990695483680216e-85
4.094441927139257240e-85
1.839016213895591274e-85
8.259930645380363952e-86
3.709943052757071593e-86
1.666318767748764072e-86
7.484261068881623864e-87
3.361551512910915001e-87
1.509838909940942406e-87
6.781432696230113625e-88
3.045876557473204941e-88
1.368053687021361492e-88
6.144605190846465390e-89
2.759845853241560403e-89
1.239583162316303917e-89
5.567580575173355003e-90
2.500675582195332761e-90
1.123176985578382381e-90
5.044742908336207460e-91
2.265843347751931137e-91
1.017702223847276210e-91
4.571003628522307758e-92
2.053063625328150830e-92
9.221323350837499776e-93
4.141752028123811408e-93
1.860265518279405304e-93
8.355371772623655027e-94
3.752810379634880250e-94
1.685572602722492030e-94
7.570739556857383732e-95
3.400393275566397180e-95
1.527284665081850005e-95
6.859790204136634134e-96
3.081070786646513790e-96
1.383861154616949994e-96
6.215604339756673862e-97
2.791735079744741436e-97
1.253906189881813046e-97
5.631912370308896919e-98
2.529570170622412831e-98
1.136154973191059941e-98
5.103033464334214059e-99
2.292024517128525046e-99
1.029461480869163275e-99
4.623820263149056610e-100
2.076786186099663264e-100
9.327873094783719169e-101
4.189608783742867427e-101
1.881760352274805643e-101
8.451915694691809760e-102
3.796173026167874880e-102
1.705048910231710214e-102
7.658217278934377681e-103
3.439683843638086898e-103
1.544932000914909188e-103
6.939053110551163120e-104
3.116671675033921741e-104
1.399851272962400156e-104
6.287423863449219169e-105
2.823992777104927709e-105
1.268394715918843623e-105
5.696987500868054200e-106
2.558798627723348728e-106
1.149282917724719103e-106
5.161997550971997983e-107
2.318508202400912810e-107
1.041356612729943610e-107
4.677247178825658027e-108
2.100782854250322028e-108
9.435653990431605413e-109
4.238018510433666578e-109
1.903503552906070253e-109
8.549575154062428125e-110
3.840036715632467125e-110
1.724750260882695576e-110
7.746705780975775939e-111
3.479428402943916132e-111
1.562783246647101713e-111
7.019231877093526802e-112
3.152683921465898078e-112
1.416026152534649040e-112
6.360073241119183901e-113
2.856623202897248917e-113
1.283050652714721386e-113
5.762814555878241719e-114
2.588364811254741932e-114
1.162562551888530386e-114
5.221642950702585722e-115
2.345297899053421981e-115
1.053389189424372093e-115
4.731291427174302263e-116
2.125056797012197982e-116
9.544680263385345674e-117
4.286987597618550701e-117
1.925497989978320096e-117
8.648363040448530166e-118
3.884407237435886829e-118
1.744679254984293752e-118
7.836216742253877402e-119
3.519632199222159316e-119
1.580840758398815552e-119
7.100337086264565112e-120
3.189112279066459640e-120
1.432387928196749474e-120
6.433562061490851062e-121
2.889630663891732383e-121
1.297875934652592666e-121
5.829402223610452334e-122
2.618272623548758497e-122
1.175995628412587862e-122
5.281977535903613188e-123
2.372397142959496751e-123
1.065560799088012289e-123
4.785960141297186560e-124
2.149611218213759671e-124
9.654966303622988595e-125
4.336522508546953608e-125
1.947746566456446174e-125
8.748292392501057047e-126
3.929290447880190261e-126
1.764838522891370613e-126
7.926761976991397284e-127
3.560300538824290755e-127
1.599106919514554520e-127
7.182379442842673762e-128
3.225961555880969981e-128
1.448938759479200786e-128
6.507900024084192864e-129
2.923019516621647999e-129
1.312872518467028833e-129
5.896759292726822880e-130
2.648526012027374884e-130
1.189583920279412630e-130
5.343009269914728743e-131
2.399809510848916135e-131
1.077873048206998804e-131
4.841260536716511103e-132
2.174449358703038059e-132
9.766526667392729587e-133
4.386629781150280897e-133
1.970252218848489343e-133
8.849376399527084512e-134
3.974692270935769272e-134
1.785230725351438879e-134
8.018353435921903028e-135
3.601438789414745794e-135
1.617584140877907188e-135
7.265369775297709511e-136
3.263236615509736900e-136
1.465680830865584365e-136
6.583096940493058097e-137
2.956794167959167100e-137
1.328042383502108885e-137
5.964894653438787011e-138
2.679128969724492598e-138
1.203329220957593967e-138
5.404746208090589653e-139
2.427538620779549216e-139
1.090327561829739230e-139
4.897199912328854004e-140
2.199574496774702228e-140
9.879376079138246517e-141
4.437316028902867243e-141
1.993017917592605999e-141
8.951628403234343890e-142
4.020618699022004843e-142
1.805858553856586624e-142
8.111003207864674584e-143
3.643052380680289249e-143
1.636274861229534775e-143
7.349319037217946071e-144
3.300942377751311134e-144
1.482616352080230431e-144
6.659162735682554332e-145
2.990959075696612347e-145
1.343387531972439113e-145
6.033817298682967444e-146
2.710085535811767399e-146
1.217233344638938696e-146
5.467196498863170624e-147
2.455588132614473455e-147
1.102925983781855550e-147
4.953785651366342268e-148
2.224989948603671932e-148
9.993529433437697797e-149
4.488587941696592119e-149
2.016046667449963849e-149
9.055061899488145529e-150
4.067075793799874751e-150
1.826724730997913817e-150
8.204723521323186895e-151
3.685146805046165937e-151
1.655181547488766050e-151
7.434238308758885991e-152
3.339083819250357158e-152
1.499747558380450521e-152
6.736107449297928987e-153
3.025518749134303314e-153
1.358909989227943953e-153
6.103536325305425859e-154
2.741399796132937850e-154
1.231298126477721105e-154
5.530368384816305223e-155
2.483961748505985494e-155
1.115669976882653180e-155
5.011025222373350986e-156
2.250699068681812269e-156
1.010900179697350693e-156
4.540452286723123845e-157
2.039341507900426871e-157
9.159690540096697918e-158
4.114069686970186806e-158
1.847832010825585479e-158
8.299526746097783652e-159
3.727727618400385349e-159
1.674306695079849782e-159
7.520138798102372888e-160
3.377665974155801314e-160
1.517076710851314666e-160
6.813941236988492778e-161
3.060477749676917429e-161
1.374611804020577332e-161
6.174060935265047174e-162
2.773075883741873960e-162
1.245525422832687460e-162
5.594270203775770517e-163
2.512663213383130636e-163
1.128561223165089248e-163
5.068926180190007888e-164
2.276705250261559473e-164
1.022580841051930108e-164
4.592915909366314113e-165
2.062905513544637403e-165
9.265528134608862602e-166
4.161606581084487790e-166
1.869183179212029777e-166
8.395425394916882462e-167
3.770800440828494649e-167
1.693652828260566594e-167
7.607031842939269861e-168
3.416693934784724094e-168
1.534606096703822979e-168
6.892674371750714410e-169
3.095840691434160048e-169
1.390495048775345230e-169
6.245400436845312494e-170
2.805117979449163246e-170
1.259917111512556385e-170
5.658910389907261017e-171
2.541696315447099565e-171
1.141601424097274562e-171
5.127496166951305646e-172
2.303011925803411425e-172
1.034396469094972840e-172
4.645985734107495674e-173
2.086741794508899881e-173
9.372588652140430771e-174
4.209692750363030537e-174
1.890781054219312955e-174
8.492432125091784009e-175
3.814370957353661309e-175
1.713222500456153736e-175
7.694928911962478968e-176
3.456172852293884481e-176
1.552338029577390180e-176
6.972317245281028837e-177
3.131612241831148821e-177
1.406561819863214443e-177
6.317564245885300853e-178
2.837530312373465618e-178
1.274475092023303520e-178
5.724297474832112041e-179
2.571064886670085940e-179
1.154792300807487249e-179
5.186742913094917696e-180
2.329622567428568961e-180
1.046348623327934151e-180
4.699668765437348032e-181
2.110853496856606553e-181
9.480886223216342964e-182
4.258334541522168740e-182
1.912628486471824929e-182
8.590559740183465414e-183
3.858444918688725064e-183
1.733018294595556598e-183
7.783841606383660759e-184
3.496107937360959636e-184
1.570274849844517800e-184
7.052880369350513236e-185
3.167797122223052690e-185
1.422814237878354327e-185
6.390561887021418454e-186
2.870317160499208691e-186
1.289201285819438162e-186
5.790440088750800027e-187
2.600772803302057356e-187
1.168135594311150504e-187
5.246674238380627935e-188
2.356540687378123026e-188
1.058438881271623746e-188
4.753972088782490226e-189
2.135243803002531780e-189
9.590435141634076057e-190
4.307538374613700588e-190
1.934728359531671915e-190
8.689821191696321336e-191
3.903028141993492600e-191
1.753042823453016508e-191
7.873781661463156795e-192
3.536504460870722250e-192
1.588418924920395066e-192
7.134374377189148722e-193
3.204400108519476526e-193
1.439254447917793375e-193
6.464402994943425105e-194
2.903482851242351072e-194
1.304097636557033777e-194
5.857346961584269171e-195
2.630823986381940025e-195
1.181633065740422727e-195
5.307298052924480582e-196
2.383769838475568936e-196
1.070668838674890697e-196
4.808902871438537894e-197
2.159915932133698464e-197
9.701249866353999137e-198
4.357310743870308681e-198
1.957083590280128137e-198
8.790229580783694897e-199
3.948126511644035824e-199
1.773298729992632150e-199
7.964760948057532529e-200
3.577367754612303616e-200
1.606772649574655609e-200
7.216810024892039689e-201
3.241426031814295998e-201
1.455884619864294599e-201
6.539097315668611999e-202
2.937031762020242875e-202
1.319166110350846516e-202
5.925026924125203868e-203
2.661222402254691594e-203
1.195286496577104662e-203
5.368622358240442419e-204
2.411313614596797438e-204
1.083040109724762573e-204
4.864468363517958714e-205
2.184873140633916039e-205
9.813345023403433538e-206
4.407658218564651728e-206
1.979697129301752201e-206
8.891798159980473902e-207
3.993745980008714487e-207
1.793788687716892946e-207
8.056791474189491162e-208
3.618703211981319681e-208
1.625338446248079207e-208
7.300198192837893413e-209
3.278879779022737055e-209
1.472706948673323790e-209
6.614654707825225930e-210
2.970968320830700890e-210
1.334408696033225466e-210
5.993488909202550009e-211
2.691972063095847241e-211
1.209097688887238935e-211
5.430655248298889344e-212
2.439175651143357932e-212
1.095554327259916014e-212
4.920675898906200087e-213
2.210118722513201729e-213
9.926735407811458371e-214
4.458587443874454171e-214
2.002571961274593016e-214
8.994540334950804911e-215
4.039892568233111326e-215
1.814515401020247180e-215
8.149885386629169564e-216
3.660516288693341710e-216
1.644118765372056480e-216
7.384549887123829000e-217
3.316766293527669879e-217
1.489723654662092441e-217
6.691085143956626537e-218
3.005297006835113137e-218
1.349827405417132055e-218
6.062741952862887079e-219
2.723077027439872401e-219
1.223068465559496110e-219
5.493404910592473844e-220
2.467359625523230833e-220
1.108213142986012982e-220
4.977532896228808408e-221
2.235656009843411763e-221
1.004143598555721905e-221
4.510105141761311563e-222
2.025711105363802387e-222
9.098469666255897284e-223
4.086572367036332845e-223
1.835481605545234666e-223
8.244054972500992121e-224
3.702812503502130961e-224
1.663116085691728539e-224
7.469876241020921273e-225
3.355090575830774269e-225
1.506936983803192382e-225
6.768398711834539032e-226
3.040022350950969844e-226
1.365424273561373662e-226
6.132795195560341798e-227
2.754541400717046502e-227
1.237200670545296681e-227
5.556879627218902182e-228
2.495869257635797183e-228
1.121018227693574484e-228
5.035046859832262514e-229
2.261488373197031112e-229
1.015746189554973311e-229
4.562218111856905147e-230
2.049117615619771746e-230
9.203599871147407056e-231
4.133791537513306978e-231
1.856690068544267045e-231
8.339312660901710497e-232
3.745597438930745837e-232
1.682332914593705518e-232
7.556188516440311220e-233
3.393857684213085535e-233
1.524349208020873240e-233
6.846605615793133859e-234
3.075148936448525696e-234
1.381201359039434413e-234
6.203657883365404962e-235
2.786369335794095270e-235
1.251496169102387219e-235
5.621087775972832236e-236
2.524708310362379980e-236
1.133971271478624039e-236
5.093225380773903630e-237
2.287619222092923315e-237
1.027482845162146254e-237
4.614933232361235563e-238
2.072794581381914830e-238
9.309944825373821787e-239
4.181556311948636963e-239
1.878143589244462420e-239
8.435671024544129545e-240
3.788876742004577231e-240
1.701771788436830907e-240
7.643498105422565070e-241
3.433072735403006889e-241
1.541962625490296446e-241
6.925716178074353808e-242
3.110681399556926203e-242
1.397160744210554143e-242
6.275339369184620615e-243
2.818565033523397478e-243
1.265956848041174202e-243
5.686037831452581528e-244
2.553880590063742292e-244
1.147073983965887772e-244
5.152076137821829005e-245
2.314052005445835974e-245
1.039355114455353874e-245
4.668257460948350260e-246
2.096745127686198551e-246
9.417518565015479833e-247
4.229872994639657759e-247
1.899844999217419475e-247
8.533142781414671632e-248
3.832656125000261545e-248
1.721435272886264665e-248
7.731816531640456489e-249
3.472740905251080118e-249
1.559779560941898467e-249
7.005740840191477828e-250
3.146624430075440118e-250
1.413304535495505814e-250
6.347849113992544862e-251
2.851132743296817812e-251
1.280584615973546580e-251
5.751738366176076893e-252
2.583389947082203731e-252
1.160328094534251136e-252
5.211606898471830189e-253
2.340790212022003686e-253
1.051364564411804989e-253
4.722197835687803225e-254
2.120972415676766782e-254
9.526335288336165601e-255
4.278747962727815185e-255
1.921797162752085000e-255
8.631740796453420996e-256
3.876941366197728975e-256
1.741325963253271976e-256
7.821155451916858418e-257
3.512867429413313071e-257
1.577802365967534808e-257
7.086690164304087285e-258
3.182982771992981292e-258
1.429634863653993775e-258
6.421196688084720630e-259
2.884076763607051756e-259
1.295381403564854176e-259
5.818198051716170414e-260
2.613240276248804520e-260
1.173735352545075928e-260
5.271825519970306660e-261
2.367837370898553599e-261
1.063512780114800298e-261
4.776761475971491631e-262
2.145479643024592624e-262
9.636409357653270621e-263
4.328187667040593263e-263
1.944002977234092062e-263
8.731478083248210471e-264
3.921738310643716293e-264
1.761446484837002077e-264
7.911526657768516696e-265
3.553457604042619992e-265
1.596033419331030005e-265
7.168574834616871479e-266
3.219761224112810390e-266
1.446153884066037560e-266
6.495391772337990810e-267
2.917401442613660425e-267
1.310349163788881467e-267
5.885425659842601401e-268
2.643435517399119232e-268
1.187297527573227265e-268
5.332739950351880715e-269
2.395197051930884579e-269
1.075801364962461025e-269
4.831955583454394529e-270
2.170270044348581043e-270
9.747755301239892319e-271
4.378198632943434164e-271
1.966465373527315277e-271
8.832367805758083684e-272
3.967052870921464421e-272
1.781799493271180735e-272
8.002942076958894878e-273
3.594516786486228349e-273
1.614475127282324513e-273
7.251405658786643730e-274
3.256964640688064653e-274
1.462863777016621967e-274
6.570444159488953370e-275
2.951111178718924965e-275
1.325489872185016574e-275
5.953430063681065677e-276
2.673979655892097779e-276
1.201016409640094673e-276
5.394358229489051663e-277
2.422872866222784499e-277
1.088231940880075602e-277
4.887787443002897066e-278
2.195346891642729380e-278
9.860387815238069435e-279
4.428787461199009580e-279
1.989187316361147031e-279
8.934423280046872677e-280
4.012891027933749971e-280
1.802387674874824367e-280
8.095413775073333511e-281
3.636050395995188440e-281
1.633129923874336746e-281
7.335193569349588600e-282
3.294597932061023977e-282
1.479766747982798617e-282
6.646363755427222454e-283
2.985210421147072201e-283
1.340805527119884440e-283
6.022220238881650915e-284
2.704876723136368590e-284
1.214893809450656466e-284
5.456688490150890644e-285
2.450868466603587158e-285
1.100806148533692915e-285
4.944264423659573191e-286
2.220713494708238631e-286
9.974321765599545769e-287
4.479960828841404793e-287
2.012171804720897320e-287
9.037657976041705723e-288
4.059258831690520238e-288
1.823213747005980376e-288
8.188953957112482480e-289
3.678063914438036055e-289
1.652000271285316625e-289
7.419949625165048528e-290
3.332666065311561285e-290
1.496865027925772735e-290
6.723160580499855122e-291
3.019703670532182590e-291
1.356298150050515201e-291
6.091805264807535619e-292
2.736130797122641560e-292
1.228931558631931654e-292
5.519738959080125902e-293
2.479187548109183099e-293
1.113525647546786826e-293
5.001393979613619451e-294
2.246373201589355505e-294
1.008957219004900645e-294
4.531725490055416186e-295
2.035421872244969989e-295
9.142085519311889442e-296
4.106162402107850462e-296
1.844280458421602814e-296
8.283574969099477410e-297
3.720562887025147266e-297
1.671088660143094738e-297
7.505685012871783378e-298
3.371174064913115044e-298
1.514160873584699625e-298
6.800844770838405597e-299
3.054595479510840756e-299
1.371969785791292969e-299
6.162194325730651910e-300
2.767746002960704197e-300
1.243131509975005132e-300
5.583517958076521165e-301
2.507833848471380154e-301
1.126392116719432066e-301
5.059183651185245788e-302
2.272329399016773600e-302
1.020615430006430122e-302
4.584088277069029813e-303
2.058940587624362873e-303
9.247719692863155043e-304
4.153607929816160836e-304
1.865590589639536935e-304
8.379289299714995690e-305
3.763552923038941832e-305
1.690397609853991203e-305
7.592411048369478901e-306
3.410127013394323426e-306
1.531656567774881483e-306
6.879426579693769535e-307
3.089890453325070122e-307
1.387822502784003736e-307
6.233396712044562083e-308
2.799726513425735997e-308
1.257495537679006314e-308
5.648033905095844996e-309
2.536811148610119460e-309
1.139407254249368717e-309
5.117641065821508220e-310
2.298585512853605759e-310
1.032408348289136644e-310
4.637056101052805090e-311
2.082731055008338428e-311
9.354574438962593686e-312
4.201601676977396050e-312
1.887146953305207047e-312
8.476109581918544766e-313
3.807039696589030937e-313
1.709929668937630136e-313
7.680139178291714372e-314
3.449530052118158915e-314
1.549354419606519574e-314
6.958916380547656770e-315
3.125593251372908409e-315
1.403858392666110339e-315
6.305421798156945062e-316
2.832076573424668336e-316
1.272025561934298419e-316
5.713295089873548755e-317
2.566123111344037855e-317
1.152572642784772699e-317
5.176775371216455578e-318
2.325142098519324011e-318
1.044336199553393295e-318
4.690609835052210566e-319
2.106794726996243514e-319
9.462839314797395061e-320
4.249952685526402773e-320
1.909069655530576647e-320
8.576979611804040007e-321
3.853712037561723045e-321
1.729229760444362905e-321
7.806237204291695398e-322
3.458459520888725809e-322
1.581010066691988941e-322
7.410984687618698163e-323
2.964393875047479265e-323
1.482196937523739633e-323
9.881312916824930884e-324
4.940656458412465442e-324
0.000000000000000000e+00
0.000000000000000000e+00
0.000000000000000000e+00
0.000000000000000000e+00
0.000000000000000000e+00
0.000000000000000000e+00
0.000000000000000000e+00
0.000000000000000000e+00
0.000000000000000000e+00
0.000000000000000000e+00
0.000000000000000000e+00
0.000000000000000000e+00
0.000000000000000000e+00
0.000000000000000000e+00
0.000000000000000000e+00
0.000000000000000000e+00
0.000000000000000000e+00
0.000000000000000000e+00
0.000000000000000000e+00
0.000000000000000000e+00
0.000000000000000000e+00
0.000000000000000000e+00
0.000000000000000000e+00
0.000000000000000000e+00
0.000000000000000000e+00
0.000000000000000000e+00
0.000000000000000000e+00
0.000000000000000000e+00
0.000000000000000000e+00
0.000000000000000000e+00
0.000000000000000000e+00
0.000000000000000000e+00
0.000000000000000000e+00
0.000000000000000000e+00
0.000000000000000000e+00
0.000000000000000000e+00
0.000000000000000000e+00
0.000000000000000000e+00
0.000000000000000000e+00
0.000000000000000000e+00
0.000000000000000000e+00
0.000000000000000000e+00
0.000000000000000000e+00
0.000000000000000000e+00
0.000000000000000000e+00
0.000000000000000000e+00
0.000000000000000000e+00
0.000000000000000000e+00
0.000000000000000000e+00
0.000000000000000000e+00
0.000000000000000000e+00
0.000000000000000000e+00
0.000000000000000000e+00
0.000000000000000000e+00
0.000000000000000000e+00
0.000000000000000000e+00
0.000000000000000000e+00
0.000000000000000000e+00
0.000000000000000000e+00
0.000000000000000000e+00
0.000000000000000000e+00
0.000000000000000000e+00
0.000000000000000000e+00
0.000000000000000000e+00
0.000000000000000000e+00
0.000000000000000000e+00
0.000000000000000000e+00
0.000000000000000000e+00
0.000000000000000000e+00
