4.941790722530868818e-01
2.363939038708833540e-01
1.130806238567245714e-01
5.409288176403363041e-02
2.587569609843214796e-02
1.237781435825816706e-02
5.921011272689410444e-03
2.832355816350160590e-03
1.354876574448534180e-03
6.481143793419668914e-04
3.100298998680332471e-04
1.483049009185266652e-04
7.094265309834969248e-05
3.393589825731831215e-05
1.623346661330105287e-05
7.765388624370088639e-06
3.714626205476527669e-06
1.776916586390706344e-06
8.500000754679858840e-07
4.066032889946348082e-07
1.945014352266155839e-07
9.304107794787789130e-08
4.450682934867368583e-08
2.129014304608170251e-08
1.018428402013608241e-08
4.871721189392761266e-09
2.330420803293874713e-09
1.114772563801374573e-09
5.332590007983970731e-10
2.550880521878118570e-10
1.220230962281906573e-10
5.837057394656645528e-11
2.792195910584052741e-11
1.335665811718635690e-11
6.389247809695524925e-12
3.056339932903703723e-12
1.462020892551199789e-12
6.993675890709717849e-13
3.345472196292947917e-13
1.600329267622582602e-13
7.655283363727477003e-14
3.661956608843545560e-14
1.751721728367664085e-14
8.379479446110763030e-15
4.008380706290774974e-15
1.917436040018166851e-15
9.172185071618841730e-16
4.387576807371913322e-16
2.098827061411468354e-16
1.003988129919865204e-16
4.802645170498754999e-17
2.297377822141799210e-17
1.098966230128727994e-17
5.256979341070720076e-18
2.514711647618800060e-18
1.202929336485020009e-18
5.754293896664068517e-19
2.752605431166795118e-19
1.316727437936651683e-19
6.298654816939320524e-20
3.013004161675378804e-20
1.441290933082832241e-20
6.894512726566198694e-21
3.298036825577631658e-21
1.577638236993070144e-21
7.546739282957206900e-22
3.610033813168743417e-22
1.726884107637398064e-22
8.260667006309893884e-23
3.951545971576295331e-23
1.890248760003711481e-23
9.042132877604512839e-24
4.325365460157556561e-24
2.069067842418202080e-24
9.897526061007507681e-25
4.734548578834023335e-25
2.264803356633694384e-25
1.083384014085340590e-25
5.182440756005561362e-26
2.479055610967510294e-26
1.185873030028875985e-26
5.672703900341418001e-27
2.713576304215735814e-27
1.298057590906155180e-27
6.209346340073043381e-28
2.970282847316745491e-28
1.420854903216809827e-28
6.796755594568975228e-29
3.251274039855678089e-29
1.555268941947267919e-29
7.439734246126929520e-30
3.558847229579055177e-30
1.702398658940811827e-30
8.143539205267524112e-31
3.895517095213765173e-31
1.863446967786062822e-31
8.913924690556576303e-32
4.264036206155955730e-32
2.039730578683361953e-32
9.757189274353440629e-33
4.667417527123156359e-33
2.232690763697418363e-33
1.068022737912692231e-33
5.108959051765536470e-34
2.443905140411975575e-34
1.169058564536363300e-34
5.592270766636361435e-35
2.675100570327576959e-35
1.279652463192731988e-35
6.121304165976483275e-36
2.928167277458525105e-36
1.400708635332285033e-36
6.700384558621658673e-37
3.205174302560448980e-37
1.533216820603974089e-37
7.334246431169319116e-38
3.508386419340884012e-38
1.678260388839037945e-38
8.028072156530869751e-39
3.840282650956829564e-39
1.837025197542930108e-39
8.787534364343789152e-40
4.203576538188362304e-40
2.010809287313372551e-40
9.618842319660108345e-41
4.601238324998109538e-41
2.201033494452742478e-41
1.052879268909601995e-41
5.036519242862522586e-42
2.409253067542579853e-42
1.152482510950226169e-42
5.512978092421433794e-43
2.637170382955277519e-43
1.261508301347489074e-43
6.034510339772822072e-44
2.886648863263747097e-44
1.380848020900993611e-44
6.605379965301317381e-45
3.159728212344069141e-45
1.511477375764803324e-45
7.230254325431475341e-46
3.458641091731112638e-46
1.654464374695024492e-46
7.914242312332424826e-47
3.785831374571528511e-47
1.810978060951760041e-47
8.662936123560914924e-48
4.143974126415199270e-48
1.982298070245936355e-48
9.482456983147321677e-49
4.535997476206176622e-49
2.169825092875871823e-49
1.037950518793391943e-49
4.965106556287312457e-50
2.375092325590367288e-50
1.136141488833705247e-50
5.434809707148606110e-51
2.599778006807742992e-51
1.243621405141578544e-51
5.948947161166930205e-52
2.845719137676561987e-52
1.361269009649453833e-52
6.511722439850348109e-53
3.114926501160105878e-53
1.490046173997018269e-53
7.127736721287939008e-54
3.409601101938567946e-54
1.631005763669685856e-54
7.802026458787977082e-55
3.732152161539233371e-55
1.785300246090910710e-55
8.540104558271131745e-56
4.085216815821211364e-56
1.954191113047325674e-56
9.348005451077950821e-57
4.471681675857889111e-57
2.139059194482817638e-57
1.023233443070057009e-57
4.894706428496846809e-58
2.341415947985912742e-58
1.120032165681182162e-58
5.357749669551627462e-59
2.562915816272406987e-59
1.225988126811600393e-59
5.864597180835783119e-60
2.805369753695202056e-60
1.341967608732857395e-60
6.419392882225737755e-61
3.070760032373672368e-61
1.468918844729502966e-61
7.026672711815565099e-62
3.361256448995111468e-62
1.607879771732202188e-62
7.691401711162421756e-63
3.679234064791969896e-63
1.759986516356350095e-63
8.419014618824516157e-64
4.027292623736877378e-64
1.926482683726418029e-64
9.215460304084245257e-65
4.408277807713361611e-65
2.108729525031430387e-65
1.008725040413457311e-65
4.825304502444125163e-66
2.308217066938748182e-66
1.104151256238540340e-66
5.281782264395385828e-67
2.526576293860045750e-67
1.208604870315775225e-67
5.781443196869811512e-68
2.765592482669717953e-68
1.322939881920847894e-68
6.328372463202891686e-69
3.027219798897917642e-69
1.448091079361218415e-69
6.927041686530377775e-70
3.313597273736049002e-70
1.585081682684505615e-70
7.582345509202664510e-71
3.627066292480186233e-71
1.735031709393706635e-71
8.299641610750010750e-72
3.970189737394602710e-72
1.899167131565994592e-72
9.084794511577817043e-73
4.345772941507375193e-73
2.078829899242008322e-73
9.944223520530845840e-74
4.756886624650650554e-74
2.275488912036410603e-74
1.088495521833266136e-74
5.206891999270186220e-75
2.490752028671880512e-75
1.191468090600393256e-75
5.699468251265239152e-76
2.726379212624194327e-76
1.304181948794860120e-76
6.238642620536889745e-77
2.984296921357135519e-77
1.427558630382803106e-77
6.828823327183269141e-78
3.266613856789733810e-78
1.562606847199228765e-78
7.474835612537333233e-79
3.575638205771351569e-79
1.710430736045604982e-79
8.181961189718047819e-80
3.913896511519969428e-80
1.872238885970031524e-80
8.955981426236337809e-81
4.284154330312947374e-81
2.049354219535577395e-81
9.803224611708532264e-82
4.689438842319286240e-82
2.243224808864215745e-82
1.073061769713797255e-82
5.133063601433440601e-83
2.455435714887840977e-83
1.174574292877113581e-83
5.618655626464855908e-84
2.687721946602224403e-84
1.285689983956562134e-84
6.150185055176434709e-85
2.941982646276291166e-85
1.407317310510227605e-85
6.731997603617695146e-86
3.220296616594934505e-86
1.540450681871842243e-86
7.368850096140003541e-87
3.524939316681092558e-87
1.686178579313542529e-87
8.065949356577666984e-88
3.858401465956239746e-88
1.845692455328067909e-88
8.828994778568465015e-89
4.223409407941464078e-89
2.020296474790767822e-89
9.664224923061708595e-90
4.622947400489679162e-90
2.211418177643590102e-90
1.057846852398613054e-90
5.060282014693824629e-91
2.420620150277185996e-91
1.157920031909981577e-91
5.538988841949935735e-92
2.649612801035827748e-92
1.267460216248000212e-92
6.062981727531513533e-93
2.900268344295660289e-93
1.387362991830743573e-93
6.636544769684214795e-94
3.174636107447425492e-94
1.518608668285798789e-94
7.264367345859318889e-95
3.474959285933516305e-95
1.662270293335110842e-95
7.951582452460372841e-96
3.803693283323984098e-96
1.819522425894845580e-96
8.703808671558357884e-97
4.163525786379642545e-97
1.991650739117752815e-97
9.527196107694495566e-98
4.557398739232724670e-98
2.180062531890674703e-98
1.042847667034257503e-98
4.988532396341830159e-99
2.386298234729156301e-99
1.141501911313061335e-99
5.460451650878005596e-100
2.612044004138249157e-100
1.249488927982235034e-100
5.977014853795731378e-101
2.859145508410756597e-101
1.367691604961337521e-101
6.542445359213003353e-102
3.129623017573393150e-102
1.497076352090941745e-102
7.161366054010449912e-103
3.425687920853375900e-103
1.638701002374977038e-103
7.838837153956894376e-104
3.749760806712194402e-104
1.793723460686680309e-104
8.580397575382353353e-105
4.104491253264019887e-105
1.963411170649589127e-105
9.392110220642074495e-106
4.492779490884846262e-106
2.149151477093308348e-106
1.028061154762470147e-106
4.917800114122371784e-107
2.352462968805501556e-107
1.125316582857691177e-107
5.383028036770657573e-108
2.575007894318415138e-108
1.231772454185465116e-108
5.892266902318171925e-109
2.818605752238038192e-109
1.348299138218525046e-109
6.449680182045347148e-110
3.085248167230177616e-110
1.475849342095411395e-110
7.059825215029114599e-111
3.377115173287122279e-111
1.615465899830885588e-111
7.727690468360014268e-112
3.696593037403864490e-112
1.768290298392646757e-112
8.458736322204291731e-113
4.046293769389591195e-113
1.935572010351248907e-113
9.258939713169537929e-114
4.429076477322636234e-114
2.118678709406843298e-114
1.013484300096587537e-114
4.848070743250337562e-115
2.319107452312769917e-115
1.109360745789599582e-115
5.306702210246741310e-116
2.538496918618991423e-116
1.214307181849289183e-116
5.808720590029457055e-117
2.778640808303969636e-117
1.329181636800503036e-117
6.358230320118777967e-118
3.041502506834823211e-118
1.454923309369784327e-118
6.959724121189037795e-119
3.329231137553540606e-119
1.592560247253277080e-119
7.618119728974904363e-120
3.644179132632010864e-120
1.743217752302025216e-120
8.338800101042156336e-121
3.988921466254843081e-121
1.908127580844649437e-121
9.127657427155897699e-122
4.366276707274979559e-122
2.088638014368637267e-122
9.991141303063722269e-123
4.779330063469858317e-123
2.286224882895254398e-123
1.093631146155801199e-123
5.231458605802065015e-124
2.502503631175843883e-124
1.197089549194309489e-124
5.726358878915610811e-125
2.739242526359647011e-125
1.310335201980506953e-125
6.268077123609412409e-126
2.998377115117934550e-126
1.434293986364589854e-126
6.861042358378294599e-127
3.282026048423747026e-127
1.569979373378865993e-127
7.510102590498140769e-128
3.592508403369710752e-128
1.718500709246095021e-128
8.220564452707769015e-129
3.932362643642144706e-129
1.881072285251498482e-129
8.998236589553212779e-130
4.304367373673438032e-130
2.059023265631123107e-130
9.849477148118307122e-131
4.711564056153318862e-131
2.253808554647555546e-131
1.078124576141219921e-131
5.157281878635208906e-132
2.467020691699425602e-132
1.180116044943306116e-132
5.645164972545395987e-133
2.700402871717961131e-133
1.291755990311651655e-133
6.179202207129850110e-134
2.955863197304501102e-134
1.413957166039636339e-134
6.763759801935771744e-135
3.235490279130365847e-135
1.547718673178054211e-135
7.403617024459170752e-136
3.541570312148881155e-136
1.694134128555976202e-136
8.104005264818989319e-137
3.876605767230292865e-137
1.854400606051182893e-137
8.870650806929758359e-138
4.243335851040575861e-138
2.029828423711713630e-138
9.709821645857623195e-139
4.644758901442767210e-139
2.221851856747214438e-139
1.062837873414126016e-139
5.084156901519208319e-140
2.432040863977913871e-140
1.163383207605444332e-140
5.565122312642798122e-141
2.662113923615978225e-141
1.273440212843159362e-141
6.091587445977587561e-142
2.913952083320922972e-142
1.393908701006536947e-142
6.667856612547270898e-143
3.189614339403164999e-143
1.525773606916114173e-143
7.298641314728403395e-144
3.491354470912154455e-144
1.670113041034020506e-144
7.989098766883943731e-145
3.821639466242957414e-145
1.828107103955990946e-145
8.744874060084105724e-146
4.183169692916025088e-146
2.001047534761506750e-146
9.572146315642457439e-147
4.578900975432481815e-147
2.190348272106340785e-147
1.047767920481419182e-147
5.012068761714808238e-148
2.397557014401976173e-148
1.146887624770220733e-148
5.486214575711528083e-149
2.624367873598615024e-149
1.255384134347912350e-149
6.005214972439866362e-150
2.872635226025863837e-150
1.374144502682385917e-150
6.573313232200893031e-151
3.144388873534239119e-151
1.504139699226844108e-151
7.195154053089981960e-152
3.441850638893984222e-152
1.646432547940812348e-152
7.875821525450620897e-153
3.767452531130429176e-153
1.802186416801639394e-153
8.620880698740981957e-154
4.123856629316757937e-154
1.972674729351423554e-154
9.436423080659931001e-155
4.513976847388981875e-155
2.159291376043053782e-155
1.032911644053038337e-155
4.941002757930144820e-156
2.363562110509143277e-156
1.130625932411815081e-156
5.408425669705457412e-157
2.587157023926839474e-157
1.237584072560272783e-157
5.920067172150822571e-158
2.831904199467707098e-158
1.354660540456276162e-158
6.480110380196185013e-159
3.099804658470577527e-159
1.482812538200157317e-159
7.093134134873383469e-160
3.393048720532985110e-160
1.623087819995954253e-160
7.764150439329385928e-161
3.714033911282285827e-161
1.776633258454152981e-161
8.498645436319270564e-162
4.065384564235789720e-162
1.944704221274539169e-162
9.302624262199231197e-163
4.449973277012849129e-163
2.128674834970508572e-163
1.018266014414850368e-163
4.870944397323461129e-164
2.330049219550069235e-164
1.114594814202652828e-164
5.331739730748119666e-165
2.550473786007533917e-165
1.220036397425430873e-165
5.836126680497247020e-166
2.791750697166687867e-166
1.335452840867162178e-166
6.388229049213670811e-167
3.055852601932081214e-167
1.461787774482588398e-167
6.992560754650728205e-168
3.344938763411907411e-168
1.600074096393576187e-168
7.654062734883144100e-169
3.661372712774456327e-169
1.751442417731216487e-169
8.378143344777143466e-170
4.007741573174899262e-170
1.917130306366532540e-170
9.170722574003725972e-171
4.386877211739315694e-171
2.098492405105644717e-171
1.003828044811026353e-171
4.801879392545817934e-172
2.297011507075093167e-172
1.098791000837292781e-172
5.256141119895651874e-173
2.514310678846496331e-173
1.202737530358970467e-173
5.753376379078378023e-174
2.752166530419936971e-174
1.316517486793835408e-174
6.297650501437843597e-175
3.012523740558056752e-175
1.441061120389797709e-175
6.893413401994991914e-176
3.297510956228598306e-176
1.577386683830885233e-176
7.545535961380338466e-177
3.609458196148183285e-177
1.726608757339749346e-177
8.259349849525429344e-178
3.950915900713727912e-178
1.889947361342186273e-178
9.040691116707982725e-179
4.324675784074858082e-179
2.068737931196209932e-179
9.895947908348210678e-180
4.733793658828539040e-180
2.264442235539656308e-180
1.083211269365884640e-180
5.181614419948416536e-181
2.478660327521929597e-181
1.185683943517343513e-181
5.671799392215837716e-182
2.713143626632014687e-182
1.297850616655627898e-182
6.208356264737311197e-183
2.969809238078916166e-183
1.420628349032504885e-183
6.795671857294818353e-184
3.250755626795685610e-184
1.555020955551321090e-184
7.438547986418241332e-185
3.558279774218617447e-185
1.702127212828521517e-185
8.142240724417493349e-186
3.894895958111057681e-186
1.863149842649031896e-186
8.912503372353575883e-187
4.263356308973851119e-187
2.039405345264769854e-187
9.755633498283309917e-188
4.666673311110278715e-188
2.232334762930817174e-188
1.067852442536520817e-188
5.108144432307768092e-189
2.443515461680882950e-189
1.168872159078006191e-189
5.591379083510103174e-190
2.674674027669083584e-190
1.279448423625135348e-190
6.120328128895522750e-191
2.927700383514837592e-191
1.400485293454312314e-191
6.699316187632254744e-192
3.204663240066951053e-192
1.532972350401260381e-192
7.333076991408521004e-193
3.507827009916557538e-193
1.677992791554742747e-193
8.026792086810050019e-194
3.839670320942166874e-194
1.836732285336177035e-194
8.786133198978040116e-195
4.202906281252353815e-195
2.010488665371602778e-195
9.617308602902015164e-196
4.600504661206446294e-196
2.200682541412451712e-196
1.052711388147534520e-196
5.035716173874745301e-197
2.408868914056982991e-197
1.152298748530381106e-197
5.512099052449096892e-198
2.636749888235032890e-198
1.261307154852087423e-198
6.033548141898164185e-199
2.886188589398266433e-199
1.380627845782236699e-199
6.604326742718860512e-200
3.159224396193378523e-200
1.511236371899301855e-200
7.229101467129339852e-201
3.458089614159563776e-201
1.654200571666283189e-201
7.912980392689848494e-202
3.785227726769636248e-202
1.810689301940143936e-202
8.661554825285690363e-203
4.143313373036407129e-203
1.981981994395110732e-203
9.480945012922400313e-204
4.535274215016097115e-204
2.169479115990423844e-204
1.037785018408613507e-204
4.964314873995405141e-205
2.374713619007941183e-205
1.135960331976857705e-205
5.433943131062901875e-206
2.599363474272174501e-206
1.243423110697569468e-206
5.947998606273140244e-207
2.845265390023153311e-207
1.361051956388489408e-207
6.510684150886025714e-208
3.114429828606724662e-208
1.489808587319552084e-208
7.126600209336352394e-209
3.409057443754439507e-209
1.630745701097746199e-209
7.800782431874113794e-210
3.731557072845222760e-210
1.785015581386479081e-210
8.538742845390938620e-211
4.084565431248922509e-211
1.953879518828500417e-211
9.346514919042893237e-212
4.470968669770833998e-212
2.138718123195431425e-212
1.023070289311327592e-212
4.893925971449398965e-213
2.341042611075046956e-213
1.119853577443115786e-213
5.356895380627786729e-214
2.562507161383692732e-214
1.225792643979832423e-214
5.863662075479359258e-215
2.804922439718980331e-215
1.341753633064861375e-215
6.418369315135950762e-216
3.070270402128657614e-216
1.468684626787886675e-216
7.025552314439714687e-217
3.360720499327495562e-217
1.607623396581331614e-217
7.690175323276259044e-218
3.678647413846295179e-218
1.759705887906018469e-218
8.417672213639109420e-219
4.026650475130777134e-219
1.926175507594666725e-219
9.213990906267729705e-220
4.407574911322659121e-220
2.108393289785657030e-220
1.008564200007993123e-220
4.824535111478730484e-221
2.307849023563062952e-221
1.103975200198823240e-221
5.280940088413880677e-222
2.526173433279353155e-222
1.208412159230361511e-222
5.780521350350163019e-223
2.765151511147649565e-223
1.322728940208797522e-223
6.327363409246710740e-224
3.026737111108331629e-224
1.447860182390267693e-224
6.925937175242669387e-225
3.313068923285930607e-225
1.584828942670802468e-225
7.581136510240961134e-226
3.626487959644320708e-226
1.734755059967547675e-226
8.298318239495334146e-227
3.969556693798430178e-227
1.898864310877310612e-227
9.083345948317742389e-228
4.345080011468005271e-228
2.078498431467907590e-228
9.942637921998763588e-229
4.756128142861458788e-229
2.275126087138932308e-229
1.088321962087949427e-229
5.206061764482044093e-230
2.490354880241640047e-230
1.191278111960910775e-230
5.698559475585472777e-231
2.725944493626928699e-231
1.303973998020328817e-231
6.237647873932936264e-232
2.983821077586324298e-232
1.427331007294553308e-232
6.827734476734263284e-233
3.266092997808083939e-233
1.562357690780213913e-233
7.473643755943157921e-234
3.575068073103113560e-234
1.710158009225081031e-234
8.180656582513152922e-235
3.913272443833894195e-235
1.871940358968531770e-235
8.954553402120280633e-236
4.283471225312249478e-236
2.049027451634988545e-236
9.801661495340610011e-237
4.688691115025479416e-237
2.242867128452331070e-237
1.072890670868012474e-237
5.132245138524616139e-238
2.455044197615817661e-238
1.174387007940242574e-238
5.617759736293361399e-239
2.687293391475283149e-239
1.285484981711154140e-239
6.149204413060222819e-240
2.941513549483074348e-240
1.407092914884333311e-240
6.730924191953504037e-241
3.219783142860490404e-241
1.540205058235811741e-241
7.367675138852344291e-242
3.524377267910399555e-242
1.685909719479977676e-242
8.064663247367306992e-243
3.857786246911153913e-243
1.845398161133823230e-243
8.827587002372640314e-244
4.222735988670326931e-244
2.019974340124528141e-244
9.662683970083594598e-245
4.622210275203521295e-245
2.211065568773822734e-245
1.057678179559324201e-245
5.059475156750689182e-246
2.420234184319252040e-246
1.157735402481809444e-246
5.538105654583878808e-247
2.649190322381915794e-247
1.267258120724555025e-247
6.062014989916720967e-248
2.899805898814718914e-248
1.387141777904974293e-248
6.635486577898483480e-249
3.174129914244941925e-249
1.518366527341289754e-249
7.263209048263306466e-250
3.474405206439075814e-250
1.662005245658732732e-250
7.950314578962148527e-251
3.803086787455109036e-251
1.819232304491034676e-251
8.702420856187737250e-252
4.162861915503981427e-252
1.991333171991285624e-252
9.525677003852286411e-253
4.556672065627953059e-253
2.179714922653748460e-253
1.042681385803145732e-253
4.987736978818426258e-254
2.385917741373429970e-254
1.141319899741193336e-254
5.459580986204764631e-255
2.611627515799124200e-255
1.249289697966304388e-255
5.976061823530587951e-256
2.858689619933374189e-256
1.367473527622561217e-256
6.541402171503624274e-257
3.129124001672290930e-257
1.496837644457169512e-257
7.160224179888507252e-258
3.425141697639008979e-258
1.638439712803345968e-258
7.837587257607073321e-259
3.749162910333501507e-259
1.793437452907354586e-259
8.579029437813114039e-260
4.103836795397717686e-260
1.963098106299912105e-260
9.390612656137119649e-261
4.492063120767963704e-261
2.148808796599486355e-261
1.027897231228892468e-261
4.917015974805116961e-262
2.352087870456084697e-262
1.125137152023444620e-262
5.382169717231266871e-263
2.574597311357619767e-263
1.231576049047192460e-263
5.891327385046663742e-264
2.818156327792534738e-264
1.348084152993187826e-264
6.448651785669691636e-265
3.084756226863406908e-265
1.475614019091502004e-265
7.058699531513394213e-266
3.376576694958338191e-266
1.615208315077922786e-266
7.726458294260814398e-267
3.696003618583706965e-267
1.768008345910873017e-267
8.457387583425352859e-268
4.045648591065811893e-268
1.935263384933540737e-268
9.257463382595296483e-269
4.428370264600730210e-269
2.118340887771593921e-269
1.013322700830894370e-269
4.847297722225952153e-270
2.318737672473995610e-270
1.109183859100884834e-270
5.305856060799688485e-271
2.538092157304305530e-271
1.214113561534870913e-271
5.807794394150998977e-272
2.778197756236755197e-272
1.328969699845601224e-272
6.357216505350877117e-273
3.041017541678814538e-273
1.454691323005192471e-273
6.958614398713315164e-274
3.328700294296175547e-274
1.592306314788401069e-274
7.616905025842307617e-275
3.643598071167494356e-275
1.742939797617785883e-275
8.337470485997342261e-276
3.988285435899400889e-276
1.907823331419508407e-276
9.126202029437760479e-277
4.365580507926464378e-277
2.088304982698439404e-277
9.989548223528242287e-278
4.778568003092195297e-278
2.285860346155760281e-278
1.093456767539301696e-278
5.230624453887901010e-279
2.502104608961928775e-279
1.196898674217724789e-279
5.725445815546813591e-280
2.738805756317157883e-280
1.310126270074648552e-280
6.267077683697354121e-281
2.997899026271340108e-281
1.434065289329144665e-281
6.859948370630384381e-282
3.281502731980491642e-282
1.569729041416370672e-282
7.508905110612373780e-283
3.591935580761882345e-283
1.718226695674810874e-283
8.219253690243058397e-284
3.931735631545988074e-284
1.880772349771721482e-284
8.996801827885223722e-285
4.303681045718929686e-285
2.058694956008823554e-285
9.847906656820238505e-286
4.710812801011628757e-286
2.253449186665822141e-286
1.077952670034976811e-286
5.156459554141492741e-287
2.466627327211992648e-287
1.179927876378475332e-287
5.644264855479750127e-288
2.699972294627671651e-288
1.291550020846318083e-288
6.178216938251834507e-289
2.955391887268461863e-289
1.413731711694098738e-289
6.762681325814124409e-290
3.234974382778513922e-290
1.547471890666590533e-290
7.402436523612227820e-291
3.541005611579187781e-291
1.693864000216410977e-291
8.102713087624553840e-292
3.875987645523736976e-292
1.854104923349230431e-292
8.869236388713338865e-293
4.242659254514054585e-293
2.029504769183741430e-293
9.708273422518323637e-294
4.644018298330131129e-294
2.221497584235548217e-294
1.062668404760475171e-294
5.083346236744354891e-295
2.431653076996332603e-295
1.163197707078219534e-295
5.564234958315621049e-296
2.661689451668012637e-296
1.273237163814049128e-296
6.090616147203563882e-297
2.913487455978676840e-297
1.393686443372803619e-297
6.666793428113285366e-298
3.189105757933418415e-298
1.525530323527838276e-298
7.297477552175313076e-299
3.490797777218409721e-299
1.669846742837758390e-299
7.987824911439222513e-300
3.821030108869596786e-300
1.827815613732037754e-300
8.743479696869943173e-301
4.182502689835087694e-301
2.000728469323504082e-301
9.570620044525067812e-302
4.578170873313246926e-302
2.189999022816317663e-302
1.047600854719838138e-302
5.011269591336520591e-303
2.397174725842784930e-303
1.146704754450625469e-303
5.485339803160255030e-304
2.623949420228305538e-304
1.255183964346014959e-304
6.004257445688402492e-305
2.872177186623654431e-305
1.373925396434199539e-305
6.572265122633713396e-306
3.143887503229236976e-306
1.503899865347945600e-306
7.194006791498455724e-307
3.441301838547080422e-307
1.646170025580342485e-307
7.874565731971957524e-308
3.766851813820346851e-308
1.801899059610742998e-308
8.619506106169674152e-309
4.123199083656648526e-309
1.972360187934680604e-309
9.434918450504942635e-310
4.513257097370344838e-310
2.158947078750416075e-310
1.032746947112915275e-310
4.940214918969896538e-311
2.363185242410162706e-311
1.130445655006132994e-311
5.407563300534003336e-312
2.586744503797919419e-312
1.237386740762900083e-312
5.919123222165864836e-313
2.831452654629612912e-313
1.354444540910148913e-313
6.479077131660736999e-314
3.099310397239249137e-314
1.482576104745180976e-314
7.092003140007300856e-315
3.392507700778638866e-315
1.622829023060763110e-315
7.762912488994747320e-316
3.713441711831240986e-316
1.776349986845792607e-316
8.497290281589367828e-317
4.064736368082144586e-317
1.944393867011288251e-317
9.301141510226471892e-318
4.449263707715220041e-318
2.128335989154921863e-318
1.018101313759223104e-318
4.870153290750919560e-319
2.329667739835229830e-319
1.114414470759515705e-319
5.330968318627050212e-320
2.550366863832514661e-320
1.219848079582037718e-320
5.834915277385121687e-321
