5.634921815184562588e-01
2.456896289946934875e-01
1.071237468333409715e-01
4.670729156362388862e-02
2.036496248215978119e-02
8.879377994650685529e-03
3.871519706503536579e-03
1.688030946185087615e-03
7.360025755498292906e-04
3.209063153967711256e-04
1.399191615390751799e-04
6.100650198046806896e-05
2.659959681686250880e-05
1.159775643334162446e-05
5.056766657524946214e-06
2.204813420218406201e-06
9.613261886904090730e-07
4.191502249521334933e-07
1.827547331429283745e-07
7.968334620351719917e-08
3.474293416643724361e-08
1.514835322565955071e-08
6.604871204891699366e-09
2.879806338243618078e-09
1.255631531413659036e-09
5.474710301671790025e-10
2.387042069060394870e-10
1.040780155568075582e-10
4.537931468676183169e-11
1.978594797780492237e-11
8.626920439030030495e-12
3.761445059131860566e-12
1.640037025130861595e-12
7.150766265401395065e-13
3.117823402695604286e-13
1.359409944278286621e-13
5.927197143382024781e-14
2.584331983474445922e-14
1.126801022345967633e-14
4.912993191582626557e-15
2.142126393379003469e-15
9.339938620457850451e-16
4.072329891623057616e-16
1.775586694957713879e-16
7.741779755604038134e-17
3.375512666009717614e-17
1.471765681546819727e-17
6.417082190775992637e-18
2.797927982659271292e-18
1.219931545742150035e-18
5.319053905320184413e-19
2.319173936148192339e-19
1.011188801965212009e-19
4.408909471094124657e-20
1.922339595387669170e-20
8.381640730487029164e-21
3.654500042735231369e-21
1.593407662269934951e-21
6.947456419456624091e-22
3.029177770583122131e-22
1.320759341519218429e-22
5.758675688005151758e-23
2.510854524146408435e-23
1.094763932366952674e-23
4.773307477935223201e-24
2.081221677594999975e-24
9.074386452818608541e-25
3.956545829863391159e-25
1.725103397921410424e-25
7.521666275309510893e-26
3.279540439448270026e-26
1.429920592100970161e-26
6.234632374462723897e-27
2.718377584001808205e-27
1.185246578366268491e-27
5.167823115510294234e-28
2.253235422962717945e-28
9.824387866635953411e-29
4.283555813586166967e-29
1.867683835083669655e-29
8.143334789216763603e-30
3.550595675969867253e-30
1.548104060625076240e-30
6.749927057997563255e-31
2.943052501903002644e-31
1.283207648695235204e-31
5.594945617195949927e-32
2.439466168332885094e-32
1.063637717612550834e-32
4.637593294032818689e-33
2.022048598383032614e-33
8.816384436909855929e-34
3.844053728557433890e-34
1.676055436758535505e-34
7.307811038692439642e-35
3.186296885293782667e-35
1.389265237904886003e-35
6.057369952432931003e-36
2.641088954040959637e-36
1.151547770390948964e-36
5.020892103855208419e-37
2.189171666755726809e-37
9.545061888197568561e-38
4.161766198287204815e-38
1.814582041696624075e-38
7.911804337790462199e-39
3.449645507400334353e-39
1.504088526290660202e-39
6.558013830887923100e-40
2.859375937943086189e-40
1.246723621712885601e-40
5.435870702804571538e-41
2.370107518859058450e-41
1.033396480172703121e-41
4.505737721752916897e-42
1.964557922031437848e-42
8.565717907599460256e-43
3.734759991026416773e-43
1.628402002148175637e-43
7.100036112016570871e-44
3.095704422215000256e-44
1.349765792529151538e-44
5.885147437229450549e-45
2.565997786403366169e-45
1.118807083434222368e-45
4.878138619507777541e-46
2.126929364630951573e-46
9.273677677051937752e-47
4.043439292718234914e-47
1.762990033000087613e-47
7.686856736182473648e-48
3.351565543569456002e-48
1.461324437070316337e-48
6.371557060777475030e-49
2.778078457384369713e-49
1.211276904807515584e-49
5.281318589905822118e-50
2.302720867324486514e-50
1.004015058464048414e-50
4.377631053449487544e-51
1.908701814636299761e-51
8.322178303092103397e-52
3.628573681722730702e-52
1.582103445055802390e-52
6.898168620539365746e-53
3.007687674664974052e-53
1.311389391293889176e-53
5.717821534743360061e-54
2.493041603067816017e-54
1.086997276298516450e-54
4.739443887444165177e-55
2.066456729194551399e-55
9.010009433693816211e-56
3.928476645474802306e-56
1.712864882952088725e-56
7.468304821488468432e-57
3.256274179113286970e-57
1.419776212006156943e-57
6.190401610245870376e-58
2.699092418373923779e-58
1.176838005286454005e-58
5.131160686676029238e-59
2.237250146087942183e-59
9.754690062947710381e-60
4.253166700672897024e-60
1.854433802302319784e-60
8.085562991399711193e-61
3.525406450568813849e-61
1.537121243744132076e-61
6.702040604674920599e-62
2.922173410166566076e-62
1.274104103924396005e-62
5.555253024988877802e-63
2.422159702381761156e-63
1.056091882305159401e-63
4.604692509639751561e-64
2.007703445466474888e-64
8.753837778526118964e-65
3.816782604312588986e-65
1.664164885979412002e-65
7.255966752200527557e-66
3.163692128863323615e-66
1.379409281774385549e-66
6.014396752723920577e-67
2.622352102245127306e-67
1.143378268990147296e-67
4.985272057400868068e-68
2.173640881617695489e-68
9.477345725245948683e-69
4.132241105485216188e-69
1.801708732475203223e-69
7.855675101746371485e-70
3.425172459447309796e-70
1.493417971721947020e-70
6.511488880247256407e-71
2.839090478380680058e-71
1.237878907984216042e-71
5.397306646268755544e-72
2.353293108555614862e-72
1.026065187273331659e-72
4.473772369054665547e-73
1.950620629017088101e-73
8.504949569329614581e-74
3.708264236562032918e-74
1.616849522277475345e-74
7.049665856909248253e-75
3.073742361878443303e-75
1.340190059922717620e-75
5.843396047084301876e-76
2.547793658837421458e-76
1.110869856451253553e-76
4.843531318525583095e-77
2.111840149167610868e-77
9.207886813032994487e-78
4.014753654297314359e-78
1.750482736373301756e-78
7.632323360764896995e-79
3.327788310781519604e-79
1.450957266604067727e-79
6.326354902715341240e-80
2.758369751907576670e-80
1.202683663063662972e-80
5.243850982631772744e-81
2.286384522593569694e-81
9.968922081251979203e-82
4.346574536348849812e-82
1.895160785293600436e-82
8.263137723923065635e-83
3.602831251805401788e-83
1.570879424096421366e-83
6.849230487309150780e-84
2.986350037353619964e-84
1.302085914925266794e-84
5.677257215799241360e-85
2.475355053371693661e-85
1.079285719731155424e-85
4.705820537659596075e-86
2.051796528742697027e-86
8.946089128707417537e-87
3.900606594154806469e-87
1.700713192487799591e-87
7.415321933353546204e-88
3.233172978145675219e-88
1.409703799857029636e-88
6.146484635260839984e-89
2.679944068770269270e-89
1.168489085701937450e-89
5.094758354532028743e-90
2.221378274618669719e-90
9.685486720991050401e-91
4.222993179250399726e-91
1.841277770103647505e-91
8.028201047863533636e-92
3.500395926753130730e-92
1.526216342986362033e-92
6.654493875380812458e-93
2.901442442349500661e-93
1.265065143032462614e-93
5.515842026560252575e-94
2.404976014834961016e-94
1.048599579915549404e-94
4.572025135454383218e-95
1.993460062315699407e-95
8.691734849031809791e-96
3.789704951405632693e-96
1.652358691120008957e-96
7.204490268054094628e-97
3.141247738849327454e-97
1.369623247404412060e-97
5.971728420623575755e-98
2.603748176534455126e-98
1.135266725022699595e-98
4.949904712594663171e-99
2.158220277554390824e-99
9.410109965541566437e-100
4.102925474499118857e-100
1.788926751221551318e-100
7.799944067048572275e-101
3.400873032254734999e-101
1.482823117973198839e-101
6.465293994636633709e-102
2.818948931293829436e-102
1.229096941892312997e-102
5.359016177266161018e-103
2.336597985833717787e-103
1.018785905249381615e-103
4.442033790269067798e-104
1.936782212261050667e-104
8.444612343895485180e-105
3.681956452678337723e-105
1.605378999927698622e-105
6.999652946829507037e-106
3.051936108437047446e-106
1.330682261068536889e-106
5.801940856583788026e-107
2.529718678015985114e-107
1.102988939061848446e-107
4.809169534404366823e-108
2.096857982122119904e-108
9.142562693485521775e-109
3.986271522295569669e-109
1.738064171087037603e-109
7.578176865074277842e-110
3.304179762386504485e-110
1.440663644639971794e-110
6.281473425308587866e-111
2.738800867201619459e-111
1.194151384922249382e-111
5.206649184278608172e-112
2.270164073872001591e-112
9.898198898939028433e-113
4.315738345548649791e-113
1.881715820969756799e-113
8.204516000233893187e-114
3.577271448108830684e-114
1.559735030450283355e-114
6.800639539109407415e-115
2.965163777051875514e-115
1.292848440823544441e-115
5.636980674981895570e-116
2.457793978533178260e-116
1.071628871768840360e-116
4.672435724226104822e-117
2.037240333119132722e-117
8.882622297762139105e-118
3.872934263180606466e-118
1.688647710563722498e-118
7.362714925220934617e-119
3.210235665553792669e-119
1.399702845086638772e-119
6.102879223371742573e-120
2.660931564567849090e-120
1.160199396409095031e-120
5.058614273856984970e-121
2.205619004015410215e-121
9.616774332874275231e-122
4.193033719833602978e-122
1.828215071613084937e-122
7.971246050952045377e-123
3.475562836748260332e-123
1.515388805586245867e-123
6.607284459988343024e-124
2.880858547606667064e-124
1.256090307837758067e-124
5.476710624180501317e-125
2.387914234657679126e-125
1.041160430661606954e-125
4.539589515579067139e-126
1.979317726938705840e-126
8.630072500451766256e-127
3.762819397279916572e-127
1.640636253728530496e-127
7.153378976929284011e-128
3.118962577553644945e-128
1.359906638744382428e-128
5.929362793289993654e-129
2.585276233882563281e-129
1.127212727317342563e-129
4.914788276678673427e-130
2.142909072900876700e-130
9.343351200927799696e-131
4.073817819329943980e-131
1.776235450021736403e-131
7.744608408710954235e-132
3.376745994093238817e-132
1.472303427995173658e-132
6.419426832453911625e-133
2.798950275714633804e-133
1.220377278282455884e-133
5.320997354866684470e-134
2.320021304423500770e-134
1.011558265116650005e-134
4.410520376579356398e-135
1.923041970298900712e-135
8.384703172824691074e-136
3.655835305843539042e-136
1.593989853662146400e-136
6.949994846640818031e-137
3.030284556539708719e-137
1.321241914019667070e-137
5.760779764379125132e-138
2.511771927724670128e-138
1.095163931785200893e-138
4.775051525357645230e-139
2.081982104053729670e-139
9.077702007153906285e-140
3.957991452963970371e-140
1.725733707648611338e-140
7.524414504444110646e-141
3.280738701675579999e-141
1.430443049397971657e-141
6.236910353531172966e-142
2.719370811327002572e-142
1.185679637885130138e-142
5.169711309100471612e-143
2.254058698951069289e-143
9.827977452769511333e-144
4.285120917973402372e-144
1.868366240144227128e-144
8.146310160510959679e-145
3.551892975015705176e-145
1.548669699211881414e-145
6.752393312882831464e-146
2.944127819835824224e-146
1.283676500744315789e-146
5.596989870688271372e-147
2.440357488387700453e-147
1.064026344288746915e-147
4.639287754879435638e-148
2.022787404475536031e-148
8.819605723747515354e-149
3.845458249851639523e-149
1.676667825584917085e-149
7.310481130460728019e-150
3.187461078653512407e-150
1.389772840750182667e-150
6.059583164236278303e-151
2.642053942029662623e-151
1.151968517206457736e-151
5.022726612520731337e-152
2.189971535446402903e-152
9.548549415589770006e-153
4.163286803788520638e-153
1.815245044687142103e-153
7.914695113636030912e-154
3.450905921773996333e-154
1.504638082699805743e-154
6.560409965469600069e-155
2.860420682547758373e-155
1.247179143409112903e-155
5.437856834293219409e-156
2.370973496994344729e-156
1.033774057455530953e-156
4.507384005864152665e-157
1.965275722465599629e-157
8.568847607143704689e-158
3.736124579116580666e-158
1.628996979598839501e-158
7.102630288012512287e-159
3.096835515349641860e-159
1.350258963262897622e-159
5.887297723223914369e-160
2.566935337953469110e-160
1.119215867619827912e-160
4.879920969612829596e-161
2.127706491537816333e-161
9.277066047426877660e-162
4.044916664521349603e-162
1.763634185558212776e-162
7.689665321788890177e-163
3.352790121972123680e-163
1.461858368548526306e-163
6.373885068709133359e-164
2.779093497918593421e-164
1.211719475158030995e-164
5.283248251909887398e-165
2.303562224059075009e-165
1.004381900508657428e-165
4.379230530581543835e-166
1.909399206642823829e-166
8.325219019342890116e-167
3.629899471985576847e-167
1.582681506169181018e-167
6.900689039191937967e-168
3.008786608676702120e-168
1.311868540248385797e-168
5.719910684029350645e-169
2.493952498249301351e-169
1.087394437974474008e-169
4.741175561955807930e-170
2.067211760909647547e-170
9.013301466273018399e-171
3.929912012795971365e-171
1.713490721031363490e-171
7.471033553679665202e-172
3.257463940429809002e-172
1.420294962799850802e-172
6.192663428497010271e-173
2.700078599380946164e-173
1.177267992522561401e-173
5.133035484729752033e-174
2.238067581454981857e-174
9.758254183243291170e-175
4.254720701636711736e-175
1.855111366131507929e-175
8.088517254320944697e-176
3.526694546100351516e-176
1.537682869483775392e-176
6.704489363045369095e-177
2.923241099400358369e-177
1.274569629765419667e-177
5.557282775798715722e-178
2.423044699085844710e-178
1.056477751921459879e-178
4.606374949360940478e-179
2.008437010198150850e-179
8.757036212375816990e-180
3.818177161418670024e-180
1.664772930295321600e-180
7.258617901360437190e-181
3.164848063009213031e-181
1.379913283499233490e-181
6.016594263192600674e-182
2.623310244255810023e-182
1.143796030873686087e-182
4.987093551390476412e-183
2.174435075747092621e-183
9.480808510842376082e-184
4.133750923254555923e-184
1.802367031879817914e-184
7.858545369369939909e-185
3.426423931980086242e-185
1.493963629376763724e-185
6.513868015773119961e-186
2.840127811184744358e-186
1.238331198042806689e-186
5.399278687413609774e-187
2.354152943125055344e-187
1.026440085884719562e-187
4.475406973823802806e-188
1.951333337112223344e-188
8.508057065639320777e-189
3.709619143764785648e-189
1.617440278740316306e-189
7.052241628870789295e-190
3.074865430624401617e-190
1.340679731922755742e-190
5.845531078162903805e-191
2.548724559053678974e-191
1.111275740572213396e-191
4.845301023986570447e-192
2.112611762851765112e-192
9.211251145068201245e-193
4.016220545084073913e-193
1.751122319077416314e-193
7.635112021237062491e-194
3.329004201576748861e-194
1.451487410176949107e-194
6.328666394906667833e-195
2.759377591372700245e-195
1.203123093658111585e-195
5.245766954907015505e-196
2.287219910435509239e-196
9.972564476580619640e-197
4.348162666204465625e-197
1.895853229745980783e-197
8.266156868219730813e-198
3.604147636426875576e-198
1.571453384232687970e-198
6.851733025189216026e-199
2.987441175125210301e-199
1.302561664621709190e-199
5.679331543895477429e-200
2.476259486329333337e-200
1.079680063796820243e-200
4.707539927038449472e-201
2.052546203986431470e-201
8.949357806402600470e-202
3.902031778454845789e-202
1.701334590642655554e-202
7.418031306919742227e-203
3.234354298859728545e-203
1.410218870442707324e-203
6.148730407345379538e-204
2.680923253448089453e-204
1.168916022451230824e-204
5.096619852082099605e-205
2.222189910799997796e-205
9.689025556112901814e-206
4.224536155562543794e-206
1.841950527047013217e-206
8.031134352162210626e-207
3.501674884063467336e-207
1.526773984347428518e-207
6.656925261363027279e-208
2.902502557005129002e-208
1.265527366262767164e-208
5.517857377574867073e-209
2.405854733048546072e-209
1.048982712031546774e-209
4.573695639332342730e-210
1.994188422870537810e-210
8.694910592021011217e-211
3.791089615013134354e-211
1.652962421746876429e-211
7.207122608991630706e-212
3.142395472375262340e-212
1.370123673556537011e-212
5.973910341148773827e-213
2.604699521134991113e-213
1.135681523150517104e-213
4.951713284239161917e-214
2.159008837379923835e-214
9.413548184869437740e-215
4.104424581068542198e-215
1.789580380409273575e-215
7.802793971942973102e-216
3.402115626383269505e-216
1.483364904532919555e-216
6.467656251704205889e-217
2.819978904879271382e-217
1.229546023239599967e-217
5.360974228029279520e-218
2.337451720421985874e-218
1.019158144192732835e-218
4.443656798553761662e-219
1.937489864144075879e-219
8.447697794488888444e-220
3.683301747673542169e-220
1.605965565347949057e-220
7.002210445321906345e-221
3.053051209722229415e-221
1.331168459156165077e-221
5.804060740970402204e-222
2.530642974085357543e-222
1.103391943692313824e-222
4.810926684927023120e-223
2.097624121696234981e-223
9.145903157717514973e-224
3.987728006422140580e-224
1.738699216357332993e-224
7.580945741768280637e-225
3.305387027207550156e-225
1.441190027180209738e-225
6.283768518927844068e-226
2.739801556684741724e-226
1.194587698035209788e-226
5.208551563945496256e-227
2.270993535166930804e-227
9.901815453781646830e-228
4.317315208629744564e-228
1.882403352967673116e-228
8.207513725616011726e-229
3.578578493816147443e-229
1.560304918703115343e-229
6.803124323069518819e-230
2.966247173892709694e-230
1.293320815377457860e-230
5.639040287035480618e-231
2.458691995112493278e-231
1.072020418213325498e-231
4.674142915627066577e-232
2.037984689892273200e-232
8.885867786261521824e-233
3.874349336701540813e-233
1.689264700292704631e-233
7.365405077499092238e-234
3.211408605546284423e-234
1.400214261573043228e-234
6.105109063127236755e-235
2.661903802551291445e-235
1.160623304312712173e-235
5.060462565261900628e-236
2.206424882152572480e-236
9.620288062204128910e-237
4.194565749707109880e-237
1.828883055772539162e-237
7.974158545315628571e-238
3.476832720667182871e-238
1.515942490835375205e-238
6.609698596828593405e-239
2.881911141420878963e-239
1.256549251887343878e-239
5.478711677557154515e-240
2.388786718922471229e-240
1.041540844698129905e-240
4.541248168291166241e-241
1.980040920237268713e-241
8.633225713558229574e-242
3.764194237576830282e-242
1.641235701269338459e-242
7.155992643076452499e-243
3.120102168637914462e-243
1.360403514690283451e-243
5.931529234471801625e-244
2.586220829296195167e-244
1.127624582715406727e-244
4.916584017653768916e-245
2.143692038394419777e-245
9.346765028269750683e-246
4.075306290688507829e-246
1.776884442124642729e-246
7.747438095336841580e-247
3.377979772804276967e-247
1.472841370922721748e-247
6.421772330805520660e-248
2.799972942290365238e-248
1.220823173682281071e-248
5.322941514500955280e-249
2.320868982306160040e-249
1.011927863260738645e-249
4.412131870648809392e-250
1.923744601840381332e-250
8.387766734102172444e-251
3.657171056823506105e-251
1.594572257772641906e-251
6.952534201303149630e-252
3.031391746887938168e-252
1.321724662840054170e-252
5.762884609529928523e-253
2.512689666499464363e-253
1.095564077353300085e-253
4.776796210011570166e-254
2.082742808353323998e-254
9.081018772909879605e-255
3.959437604259010249e-255
1.726364247675353550e-255
7.527163737713314227e-256
3.281937401718072994e-256
1.430965697587830329e-256
6.239189164916187230e-257
2.720364401552557401e-257
1.186112855633190890e-257
5.171600192589647039e-258
2.254882275743696427e-258
9.831568350448256586e-259
4.286686594210597351e-259
1.869048894538483274e-259
8.149286618931917100e-260
3.553190748062338555e-260
1.549235544468931337e-260
6.754860468875988660e-261
2.945203530662897914e-261
1.284145524100306738e-261
5.599034871100038110e-262
2.441249134108687827e-262
1.064415112959431488e-262
4.640982834839690745e-263
2.023526480509260683e-263
8.822828187563492312e-264
3.846863284323036849e-264
1.677280438162725448e-264
7.313152197813907624e-265
3.188625697380349549e-265
1.390280629060831294e-265
6.061797184692325948e-266
2.643019282600967682e-266
1.152389417752237334e-266
5.024561791469864442e-267
2.190771696389073519e-267
9.552038217238121360e-268
4.164807964881314244e-268
1.815908289922457409e-268
7.917586945698946322e-269
3.452166796671564931e-269
1.505187839903104346e-269
6.562806975539423882e-270
2.861465808876156606e-270
1.247634831541617016e-270
5.439843691464744139e-271
2.371839791536394152e-271
1.034151772695630300e-271
4.509030891486771753e-272
1.965993785166181886e-272
8.571978450201200449e-273
3.737489665793175802e-273
1.629592174439368779e-273
7.105225411855314958e-274
3.097967021757618462e-274
1.350752314188959418e-274
5.889448794879299339e-275
2.567873232061473085e-275
1.119624801164940836e-275
4.881703970944403334e-276
2.128483902387547925e-276
9.280455655828051772e-277
4.046394576119249856e-277
1.764278573473581344e-277
7.692474933582062828e-278
3.354015147805367529e-278
1.462392495112035544e-278
6.376213927236155490e-279
2.780108909323295057e-279
1.212162207212672615e-279
5.285178618964063530e-280
2.304403888204547415e-280
1.004748876588222505e-280
4.380830592122189740e-281
1.910096853458954800e-281
8.328260846595269247e-282
3.631225746659353776e-282
1.583259778491730753e-282
6.903210378742778275e-283
3.009885944211491267e-283
1.312347864271933300e-283
5.722000596638188832e-284
2.494863726249293691e-284
1.087791744763442022e-284
4.742907869178165601e-285
2.067967068494488831e-285
9.016594701678637156e-286
3.931347904564367963e-286
1.714116787776350599e-286
7.473763282881715000e-287
3.258654136455052968e-287
1.420813903132138222e-287
6.194926073159914050e-288
2.701065140713742452e-288
1.177698136865340632e-288
5.134910967788040968e-289
2.238885315492503106e-289
9.761819605779474691e-290
4.256275270393573696e-290
1.855789177525714739e-290
8.091472596656347236e-291
3.527983112269949427e-291
1.538244700427447572e-291
6.706939016130821688e-292
2.924309178741066759e-292
1.275035325698039828e-292
5.559313268229000052e-293
2.423930019145430293e-293
1.056863762524888085e-293
4.608058003803483559e-294
2.009170842955957755e-294
8.760235814853918389e-295
3.819572228061222399e-295
1.665381196775259629e-295
7.261270019184085320e-296
3.166004419504499947e-296
1.380417469373811691e-296
6.018792576577104012e-297
2.624268736347744738e-297
1.144213945396990692e-297
4.988915710908387292e-298
2.175229560055141751e-298
9.484272561654775506e-299
4.135261292673743683e-299
1.803025571810656660e-299
7.861416685717662935e-300
3.427675861769595463e-300
1.494509486401226624e-300
6.516248020576095057e-301
2.841165523004406346e-301
1.238783653356755693e-301
5.401251449093081425e-302
2.355013091856522108e-302
1.026815121474645059e-302
4.477042175836981518e-303
1.952046305613164775e-303
8.511165697350621821e-304
3.710974546016813951e-304
1.618031251050778891e-304
7.054818341955521699e-305
3.075988909711738391e-305
1.341169582836759876e-305
5.847666889328576873e-306
2.549655799397569372e-306
1.111681772993069454e-306
4.847071376054040951e-307
2.113383658464362455e-307
9.214616706346631636e-308
4.017687971836116987e-308
1.751762135469038455e-308
7.637901700615732303e-309
3.330220536628319388e-309
1.452017747451104352e-309
6.330978731658846758e-310
2.760385799077217452e-310
1.203562684809503613e-310
5.247683627231318910e-311
2.288055603507319741e-311
9.976208202747650682e-312
4.349751376321266616e-312
1.896545927204532147e-312
8.269177115626247833e-313
3.605464502028060302e-313
1.572027554094959804e-313
6.854236477266981558e-314
2.988532711548384614e-314
1.303037588220733457e-314
5.681406630656643013e-315
2.477164249939160127e-315
1.080074551680418407e-315
4.709259923864555109e-316
2.053296162513567903e-316
8.952627603650056579e-317
3.903457531178894794e-317
1.701956348662634413e-317
7.420742484124062782e-318
3.235532160828696956e-318
1.410735282509261732e-318
6.150969071029767101e-319
2.681887138755454491e-319
1.169305164012478196e-319
5.098757465081664336e-320
2.223295406285609449e-320
9.693567971405257197e-321
4.224261271942657953e-321
1.842864858987849610e-321
8.053270027212318670e-322
3.507866085472850464e-322
1.531603502107864287e-322
6.916919041777451618e-323
2.964393875047479265e-323
1.482196937523739633e-323
4.940656458412465442e-324
4.940656458412465442e-324
0.000000000000000000e+00
0.000000000000000000e+00
0.000000000000000000e+00
0.000000000000000000e+00
0.000000000000000000e+00
0.000000000000000000e+00
0.000000000000000000e+00
0.000000000000000000e+00
0.000000000000000000e+00
0.000000000000000000e+00
0.000000000000000000e+00
0.000000000000000000e+00
0.000000000000000000e+00
0.000000000000000000e+00
0.000000000000000000e+00
0.000000000000000000e+00
0.000000000000000000e+00
0.000000000000000000e+00
0.000000000000000000e+00
0.000000000000000000e+00
0.000000000000000000e+00
0.000000000000000000e+00
0.000000000000000000e+00
0.000000000000000000e+00
0.000000000000000000e+00
0.000000000000000000e+00
0.000000000000000000e+00
0.000000000000000000e+00
0.000000000000000000e+00
0.000000000000000000e+00
0.000000000000000000e+00
0.000000000000000000e+00
0.000000000000000000e+00
0.000000000000000000e+00
0.000000000000000000e+00
0.000000000000000000e+00
0.000000000000000000e+00
0.000000000000000000e+00
0.000000000000000000e+00
0.000000000000000000e+00
0.000000000000000000e+00
0.000000000000000000e+00
0.000000000000000000e+00
0.000000000000000000e+00
0.000000000000000000e+00
0.000000000000000000e+00
0.000000000000000000e+00
0.000000000000000000e+00
0.000000000000000000e+00
0.000000000000000000e+00
0.000000000000000000e+00
0.000000000000000000e+00
0.000000000000000000e+00
0.000000000000000000e+00
0.000000000000000000e+00
0.000000000000000000e+00
0.000000000000000000e+00
0.000000000000000000e+00
0.000000000000000000e+00
0.000000000000000000e+00
0.000000000000000000e+00
0.000000000000000000e+00
0.000000000000000000e+00
0.000000000000000000e+00
0.000000000000000000e+00
0.000000000000000000e+00
0.000000000000000000e+00
0.000000000000000000e+00
0.000000000000000000e+00
0.000000000000000000e+00
0.000000000000000000e+00
0.000000000000000000e+00
0.000000000000000000e+00
0.000000000000000000e+00
0.000000000000000000e+00
0.000000000000000000e+00
0.000000000000000000e+00
0.000000000000000000e+00
0.000000000000000000e+00
0.000000000000000000e+00
0.000000000000000000e+00
0.000000000000000000e+00
0.000000000000000000e+00
0.000000000000000000e+00
0.000000000000000000e+00
0.000000000000000000e+00
0.000000000000000000e+00
0.000000000000000000e+00
0.000000000000000000e+00
0.000000000000000000e+00
0.000000000000000000e+00
0.000000000000000000e+00
0.000000000000000000e+00
0.000000000000000000e+00
0.000000000000000000e+00
0.000000000000000000e+00
0.000000000000000000e+00
0.000000000000000000e+00
0.000000000000000000e+00
0.000000000000000000e+00
0.000000000000000000e+00
0.000000000000000000e+00
