5.507759215348331239e-01
2.443146190073877955e-01
1.083737155654689727e-01
4.807269525328738274e-02
2.132421147376244164e-02
9.459049312335906026e-03
4.195869751305541726e-03
1.861214841851079006e-03
8.256025312627673267e-04
3.662229229536886053e-04
1.624501188139608043e-04
7.206004716970478550e-05
3.196458356578213764e-05
1.417893330166208107e-05
6.289528194829860286e-06
2.789925311865509892e-06
1.237562342464132125e-06
5.489611298810075242e-07
2.435096089948827555e-07
1.080166271256652031e-07
4.791429703232040837e-08
2.125394877800195531e-08
9.427882002593458272e-09
4.182044474804721212e-09
1.855082189661864699e-09
8.228821934184088648e-10
3.650162284014577546e-10
1.619148500989358238e-10
7.182261127778436727e-11
3.185926113390905785e-11
1.413221410278298693e-11
6.268804370805986093e-12
2.780732583983247165e-12
1.233484608267011003e-12
5.471523179162300858e-13
2.427072514684340663e-13
1.076607152825407785e-13
4.775642072917540896e-14
2.118391759590945894e-14
9.396817388287359302e-15
4.168264752213260839e-15
1.848969744394500931e-15
8.201708190131246771e-16
3.638135098748972591e-16
1.613813450797423258e-16
7.158595773065841375e-17
3.175428573657910887e-17
1.408564884239116319e-17
6.248148831217571609e-18
2.771570145888871617e-18
1.229420310092958489e-18
5.453494659375905696e-19
2.419075376881710093e-19
1.073059761592417169e-19
4.759906462414759075e-20
2.111411716465381117e-20
9.365855131038981499e-21
4.154530433432282713e-21
1.842877439467753044e-21
8.174683785126201913e-22
3.626147542731073563e-22
1.608495979450489022e-22
7.135008395052136001e-23
3.164965623032286140e-23
1.403923701326356311e-23
6.227561351069297603e-24
2.762437897778367942e-24
1.225369403670649280e-24
5.435525543070982690e-25
2.411104589430249397e-25
1.069524058916871473e-25
4.744222700319783101e-26
2.104454672391706811e-26
9.334994893584503960e-27
4.140841368857452911e-27
1.836805208519734626e-27
8.147748424799341368e-28
3.614199485383640054e-28
1.603196029026762933e-28
7.111498736806321910e-29
3.154537147543922271e-29
1.399297810984820625e-29
6.207041706107140494e-30
2.753335740176531621e-30
1.221331844874621781e-30
5.417615634514620018e-31
2.403160065506251336e-31
1.066000006285300635e-31
4.728590615793591182e-32
2.097520551588688729e-32
9.304236339771621510e-33
4.127197409377395267e-33
1.830752985407219899e-33
8.120901815750817658e-34
3.602290796559577486e-34
1.597913541795268997e-34
7.088066542243783574e-35
3.144143033598089669e-35
1.394687162825912886e-35
6.186589672815967986e-36
2.744263573935975395e-36
1.217307589724802614e-36
5.399764738619016689e-37
2.395241718572092473e-37
1.062487565311141914e-37
4.713010038559933374e-38
2.090609278524804528e-38
9.273579134555371789e-39
4.113598406372021789e-39
1.824720704204948729e-39
8.094143665547531500e-40
3.590421346540751864e-40
1.592648460215253713e-40
7.064711556123944316e-41
3.133783167974489286e-41
1.390091706627076720e-41
6.166205028417209671e-42
2.735221300236021830e-42
1.213296594386048380e-42
5.381972660938906975e-43
2.387349462375321114e-43
1.058986697734270148e-43
4.697480798903785337e-44
2.083720777917316009e-44
9.243022943995088426e-45
4.100044211711003850e-45
1.818708299204896873e-45
8.067473682720054058e-46
3.578591006036267711e-46
1.587400726935580729e-46
7.041433524046890504e-47
3.123457437825830949e-47
1.385511392331178193e-47
6.145887550866388627e-48
2.726208820581485181e-48
1.209298815167660252e-48
5.364239207669951901e-49
2.379483210947702569e-49
1.055497365420672225e-49
4.682002727669094468e-50
2.076854974731630621e-50
9.212567435249970806e-51
4.086534677752066684e-51
1.812715704915467030e-51
8.040891576759400039e-52
3.566799646181389756e-52
1.582170284794095739e-52
7.018232192451246103e-53
3.113165730676699649e-53
1.380946170046079808e-53
6.125637018850397084e-54
2.717226036801836921e-54
1.205314208522847564e-54
5.346564185646314966e-55
2.371642878604163573e-55
1.052019530361984699e-55
4.666575656257372730e-56
2.070011794180361531e-56
9.182212276576311448e-57
4.073069657339472708e-57
1.806742856060959373e-57
8.014397058113345241e-58
3.555047138535940803e-58
1.576957076816924071e-58
6.995107308611114721e-59
3.102907934422194206e-59
1.376395990044016795e-59
6.105453211785608743e-60
2.708272851050016438e-60
1.201342731048373380e-60
5.328947402338634005e-61
2.363828379942061864e-61
1.048553154675035828e-61
4.651199416625659550e-62
2.063191161722544992e-62
9.151957137323360031e-63
4.059649003802182623e-63
1.800789687580652413e-63
7.987989838184641267e-64
3.543333355082949036e-64
1.571761046217987418e-64
6.972058620633028148e-65
3.092683937326797428e-65
1.371860802761076623e-65
6.085335909815125817e-66
2.699349165801252034e-66
1.197384339483944936e-66
5.311388665852077015e-67
2.356039629840121002e-67
1.045098200601523275e-67
4.635873841284492708e-68
2.056393003062885468e-68
9.121801687929848305e-69
4.046272570952610720e-69
1.794856134628275497e-69
7.961669629325829402e-70
3.531658168227356540e-70
1.566582136398291848e-70
6.949085877453793919e-71
3.082493628023244598e-71
