5.017587938386710578e-01
2.376288803850614972e-01
1.125391034226969206e-01
5.329760329915124439e-02
2.524131107357656736e-02
1.195407945713771077e-02
5.661354723255808061e-03
2.681171512825556314e-03
1.269781003415579226e-03
6.013579470475219563e-04
2.847982285956863861e-04
1.348781227710809316e-04
6.387718102024143819e-05
3.025171296324975708e-05
1.432696500681289044e-05
6.785134004008195628e-06
3.213384232491373968e-06
1.521832615173756553e-06
7.207275386457591636e-07
3.413306954937778894e-07
1.616514389129369777e-07
7.655680560701091102e-08
3.625667995387448560e-08
1.717086849241918231e-08
8.131983545074885744e-09
3.851241211623294640e-09
1.823916488258109544e-09
8.637920019394457029e-10
4.090848607477289181e-10
1.937392600501532342e-10
9.175333649887315068e-11
4.345363328267114413e-11
2.057928700487153515e-11
9.746182807635665843e-12
4.615712842595926894e-12
2.185964029795722589e-12
1.035254770501124174e-12
4.902882322109802198e-13
2.321965157699381771e-13
1.099663797610757972e-13
5.207918231528768526e-14
2.466427681371212136e-14
1.168080072879418180e-14
5.531932142034045058e-15
2.619878031874307719e-15
1.240752909773374032e-15
5.876104781907467344e-16
2.782875392511675054e-16
1.317947132953110090e-16
6.241690339184081905e-17
2.956013736527470438e-17
1.399944043312045478e-17
6.630021031996919305e-18
3.139923991585082037e-18
1.487042443055733624e-18
7.042511963268476131e-19
3.335276338909497028e-19
1.579559724556972320e-19
7.480666277440349501e-20
3.542782655472477360e-20
1.677833026954824123e-20
7.946080638031614117e-21
3.763199108119624946e-21
1.782220464712077004e-21
8.440451045986916827e-22
3.997328909092673161e-22
1.893102432608171634e-22
8.965579020017265994e-23
4.246025242988575661e-23
2.010882991923199768e-23
9.523378161454112051e-24
4.510194375820962382e-24
2.135991342864102572e-24
1.011588112753991410e-24
4.790798957513787886e-25
2.268883388598779314e-25
1.074524703856697559e-25
5.088861529861988763e-26
2.410043396597696816e-26
1.141376934585541045e-26
5.405468252741839944e-27
2.559985763336788577e-27
1.212388418924274848e-27
5.741772862149805118e-28
2.719256888792429822e-28
1.287817927453948035e-28
6.099000874493661797e-29
2.888437167559492708e-29
1.367940330330210831e-29
6.478454052455631750e-30
3.068143103847772808e-30
1.453047598928403935e-30
6.881515148702643783e-31
3.259029558064553963e-31
1.543449869806774314e-31
7.309652944729021956e-32
3.461792133169490032e-32
1.639476574864722657e-32
7.764427603194171618e-33
3.677169709498164464e-33
1.741477641814606100e-33
8.247496353259282657e-34
3.905947137291273143e-34
1.849824769341668567e-34
8.760619529640952000e-35
4.148958096741257064e-35
1.964912781598715934e-35
9.305666987387699754e-36
4.407088135978252860e-36
2.087161066971789696e-36
9.884624915757108263e-37
4.681277898066831637e-37
2.217015106359297203e-37
1.049960307602135030e-37
4.972526548771781655e-38
2.354948096534113947e-38
1.115284248957797681e-38
5.281895417584801980e-39
2.501462674504157344e-39
1.184672360438122810e-39
5.610511865279887070e-40
2.657092749155139380e-40
1.258377496945318970e-40
5.959573392091204462e-41
2.822405446850165940e-41
1.336668244908422550e-41
6.330352001483410505e-42
2.998003178075836912e-42
1.419829901030247535e-42
6.724198835417538706e-43
3.184525832666439589e-43
1.508165511927513615e-43
7.142549098002013848e-44
3.382653111604991374e-44
1.601996978452930050e-44
7.586927285472150793e-45
3.593107003898951954e-45
1.701666228723353627e-45
8.058952741556022373e-46
3.816654417556285929e-46
1.807536464128631183e-46
8.560345558471035510e-47
4.054109974249399408e-47
1.919993482861697169e-47
9.092932845054127085e-48
4.306338977850578448e-48
2.039447085792788402e-48
9.658655384868818100e-49
4.574260567657297510e-49
2.166332569811283582e-49
1.025957470854939426e-49
4.858851067796845285e-50
2.301112314076471616e-50
1.089788060615603122e-50
5.161147545016565585e-51
2.444277464958046927e-51
1.157589910691568687e-51
5.482251587824191698e-52
2.596349725806207449e-52
1.229610095542780689e-52
5.823333320749858858e-53
2.757883258073472028e-53
1.306111061522157988e-53
6.185635668357543031e-54
2.929466700715783986e-54
1.387371583247695650e-54
6.570478884545480705e-55
3.111725315232322890e-55
1.473687779475684357e-55
6.979265363639041262e-56
3.305323264159924691e-56
1.565374192177206153e-56
7.413484750809174530e-57
3.510966031325660374e-57
1.662764932750039271e-57
7.874719370438688032e-58
3.729402992676916632e-58
1.766214899542855114e-58
8.364649992217738659e-59
3.961430147057284885e-59
1.876101071128452677e-59
8.885061955980590457e-60
4.207893016879391601e-60
1.992823880038797699e-60
9.437851677602942174e-61
4.469689729264914451e-61
2.116808671967853517e-61
1.002503355966776087e-61
4.747774288879800493e-62
2.248507255759700584e-62
1.064874733208281869e-62
5.043160054390310663e-63
2.388399549829817546e-63
1.131126584939789408e-63
5.356923431210311486e-64
2.536995331020143056e-64
1.201500337323995736e-64
5.690207793993822154e-65
2.694836092259613911e-65
1.276252437004227412e-65
6.044227653168573723e-66
2.862497015800540581e-66
1.355655285613126752e-66
6.420273080692938569e-67
3.040589069221069390e-67
1.439998232422353020e-67
6.819714411164117720e-68
3.229761231831744695e-68
1.529588628750611496e-68
7.244007235408730155e-69
3.430702859599369459e-69
1.624752947972339553e-69
7.694697704752784777e-70
3.644146197206084548e-70
1.725837975208439147e-70
8.173428165300150016e-71
3.870869046397786190e-71
1.833212071034366432e-71
8.681943142751189836e-72
4.111697600345518537e-72
1.947266513810616409e-72
9.222095699570684235e-73
4.367509454348448825e-73
2.068416925527143600e-73
9.795854187670924409e-74
4.639236803849749504e-74
2.197104786357651162e-74
1.040530942121755084e-74
4.927869841418393341e-75
2.333799043442518804e-75
1.105268229569454180e-75
5.234460365077632207e-76
2.478997819763794624e-76
1.174033188099706662e-76
5.560125611126573892e-77
2.633230229338299574e-77
1.247076401803827021e-77
5.906052325423835499e-78
2.797058305344420582e-78
1.324664045020082237e-78
6.273501087968539283e-79
2.971079048208468695e-79
1.407078852290717213e-79
6.663810906537827253e-80
3.155926601114013678e-80
1.494621148665469084e-80
7.078404096120431883e-81
3.352274560861904556e-81
1.587609944106061250e-81
7.518791461927280207e-82
3.560838432501900924e-82
1.686384095979762411e-82
7.986577804866361514e-83
3.782378236680752077e-83
1.791303543878213737e-83
8.483467769544170272e-84
4.017701279208084509e-84
1.902750621261287133e-84
9.011272056104258958e-85
4.267665092932565463e-85
2.021131448705692588e-85
9.571914018539220031e-86
4.533180562648754466e-86
2.146877413835480792e-86
1.016743667352108955e-86
4.815215244422127303e-87
2.280446743327056315e-87
1.080001014528911336e-87
5.114796891427317871e-88
2.422326172718074052e-88
1.147193957372876750e-88
5.433017199149971167e-89
2.573032720103942337e-89
1.218567351445401235e-89
5.771035783597322067e-90
2.733115570186273749e-90
1.294381286150738950e-90
6.130084407016327352e-91
2.903158075538533580e-91
1.374912032519123089e-91
6.511471466517376272e-92
3.083779882381693286e-92
1.460453049956810578e-92
6.916586761960556753e-93
3.275639188616351242e-93
1.551316055631715001e-93
7.346906560478951998e-94
3.479435142339744565e-94
1.647832160391538292e-94
7.803998976094459220e-95
3.695910389588006487e-95
1.750353075353764974e-95
8.289529684029772943e-96
3.925853780587809340e-96
1.859252393564411036e-96
8.805267990539907332e-97
4.170103244379160856e-97
1.974926951395981875e-97
9.353093280382086561e-98
4.429548842284664745e-98
2.097798274645714808e-98
9.935001865419319886e-99
4.705136011352424631e-99
2.228314114603442727e-99
1.055311425931276243e-99
4.997869009591125860e-100
2.366950079687476109e-100
1.120968290481643533e-100
5.308814575553919163e-101
2.514211368593147393e-101
1.190710038182765134e-101
5.639105815604283577e-102
2.670634611270577984e-102
1.264790812610786432e-102
5.989946333031249849e-103
2.836789824439978801e-103
1.343480569044394238e-103
6.362614614059993050e-104
3.013282488770560054e-104
1.427066058199841379e-104
6.758468686740837177e-105
3.200755755292442628e-105
1.515851871169666467e-105
7.178951069693960883e-106
3.399892789081869641e-106
1.610161549372931660e-106
7.625594028743383197e-107
3.611419258760267316e-107
1.710338763561715229e-107
8.100025160595735618e-108
3.836105980879062457e-108
1.816748566180233382e-108
8.603973323911114944e-109
4.074771728826562421e-109
1.929778721640274149e-109
9.139274939379260607e-110
4.328286216492740540e-110
2.049841119360554110e-110
9.707880681759198206e-111
4.597573267564743206e-111
2.177373274719268636e-111
1.031186258826695216e-111
4.883614182001450952e-112
2.312839923389045248e-112
1.095342160921855898e-112
5.187451311956682136e-113
2.456734714864989735e-113
1.163489562844017139e-113
5.510191860179249662e-114
2.609582011356460088e-114
1.235876798266931509e-114
5.853011914734463566e-115
2.771938798597177891e-115
1.312767651100431632e-115
6.217160734745672738e-116
2.944396715539453831e-116
1.394442316736029387e-116
6.603965302780208149e-117
3.127584210324906372e-117
1.481198423098176200e-117
7.014835160459936076e-118
3.322168830391781715e-118
1.573352115219723094e-118
7.451267544925792328e-119
3.528859655062902194e-119
1.671239207295699857e-119
7.914852844871021156e-120
3.748409879476654316e-120
1.775216406412916365e-120
8.407280396020622223e-121
3.981619559281830033e-121
1.885662612413699607e-121
8.930344637186813832e-122
4.229338526092066486e-122
2.002980298632953130e-122
9.485951649319904196e-123
4.492469484330639847e-123
2.127596978536974414e-123
1.007612610139827250e-123
4.771971300743665165e-124
2.259966763611903947e-124
1.070301862845282976e-124
5.068862498576410907e-125
2.400572018175299073e-125
1.136891366862885611e-125
5.384224969137757933e-126
2.549925117144852431e-126
1.207623778782609215e-126
5.719207914286479226e-127
2.708570313165671317e-127
1.282756852227162678e-127
6.075032034197000355e-128
2.877085719904318900e-128
1.362564377122830935e-128
6.452993975674722435e-129
3.056085418732507700e-129
1.447337177408780312e-129
6.854471057221083004e-130
3.246221696480951889e-130
1.537384170818357886e-130
7.280926288074866362e-131
3.448187422416621147e-131
1.633033494596099148e-131
7.733913699516676042e-132
3.662718573103244673e-132
1.734633701252009498e-132
8.215084007859586619e-133
3.890596914350477455e-133
1.842555028709490279e-133
8.726190629772834321e-134
4.132652850018985329e-134
1.957190749477772978e-134
9.269096071845353992e-135
4.389768448069173767e-135
2.078958603762333747e-135
9.845778717687775918e-136
4.662880654873786778e-136
2.208302321738906694e-136
1.045834003729003143e-136
4.952984709514868751e-137
2.345693240534894923e-137
1.110901224492240243e-137
5.261137770499236303e-138
2.491632021814247969e-138
1.180016643346843676e-138
5.588462768116718836e-139
2.646650476220890749e-139
1.253432121485034067e-139
5.936152496470637827e-140
2.811313501333252806e-140
1.331415189801345353e-140
6.305473960101476297e-141
2.986221140187686538e-141
1.414250023793584793e-141
6.697772991033612749e-142
3.172010767875674660e-142
1.502238479116782418e-142
7.114479153077788771e-143
3.369359414181701668e-143
1.595701191565510940e-143
7.557110951258173503e-144
3.578986230723657939e-144
1.694978745492374393e-144
8.027281365343055115e-145
3.801655111590744362e-145
1.800432914919454390e-145
8.526703727653946102e-146
4.038177477022859487e-146
1.912447981867706171e-146
9.057197966559183825e-147
4.289415230281705229e-147
2.031432136705452654e-147
9.620697238417966686e-148
4.556283898481922088e-148
2.157818965622136800e-148
1.021925497212692629e-148
4.839755968834804894e-149
2.292069030644387037e-149
1.085505235195613275e-149
5.140864432454489143e-150
2.434671547955692474e-150
1.153040626592540654e-150
5.460706548648547561e-151
2.586146170631759204e-151
1.224777774870345707e-151
5.800447843401756412e-152
2.747044882292027461e-152
1.300978094977711282e-152
6.161326356632869224e-153
2.917954008563783230e-153
1.381919265959167424e-153
6.544657153692383587e-154
3.099496353692203077e-154
1.467896242835542912e-154
6.951837117549183025e-155
3.292333470081083380e-155
1.559222331439908859e-155
7.384350039126407091e-156
3.497168069032659944e-156
1.656230330125193924e-156
7.843772024331711859e-157
3.714746581475877967e-157
1.759273742502943242e-157
8.331777237495484480e-158
3.945861878008890847e-158
1.868728065634768769e-158
8.850144002133767193e-159
4.191356158173999191e-159
1.984992158367886596e-159
9.400761281281338375e-160
4.452124019487164167e-160
2.108489694804161339e-160
9.985635560994976172e-161
4.729115717412818033e-161
2.239670708195889483e-161
1.060689816212651447e-161
5.023340628156137672e-162
2.379013230897894703e-162
1.126681300699363784e-162
5.335870926899290391e-163
2.527025036348289208e-163
1.196778486926837803e-163
5.667845494877022625e-164
2.684245489429777656e-164
1.271236813712762077e-164
6.020474069538133792e-165
2.851247511950111334e-165
1.350327612161915832e-165
6.395041652907213128e-166
3.028639670408520510e-166
1.434339094414314499e-166
6.792913194218493786e-167
3.217068393651518308e-167
1.523577403909642570e-167
7.215538563883037954e-168
3.417220328503115000e-168
1.618367730994624432e-168
7.664457836910449977e-169
3.629824841952219891e-169
1.719055497937714185e-169
8.141306905048034294e-170
3.855656679013197236e-170
1.826007617671576888e-170
8.647823438075944513e-171
4.095538785949938414e-171
1.939613830847507121e-171
9.185853215995257243e-172
4.350345309145179287e-172
2.060288126077139490e-172
9.757356855169482578e-173
4.621004780549983463e-173
2.188470248533682314e-173
1.036441695294529356e-173
4.908503501314123634e-174
2.324627302413540071e-174
1.100924567677173736e-174
5.213889135935242790e-175
2.469255453094168196e-175
1.169419282549041351e-175
5.538274530015927058e-176
2.622881735194799824e-176
1.242175439215417536e-176
5.882841765549545120e-177
2.786065973124626659e-177
1.319458165959731644e-177
6.248846468503714359e-178
2.959402821121411039e-178
1.401549086188219556e-178
6.637622384405821920e-179
3.143523930210104709e-179
1.488747344684568792e-179
7.050586238601797137e-180
3.339100249981689681e-180
1.581370697713711762e-180
7.489242898895063146e-181
3.546844473578799750e-181
1.679756670946242847e-181
7.955190859388207726e-182
3.767513634795703357e-182
1.784263789425152280e-182
8.450128065498711470e-183
4.001911866761469957e-183
1.895272884054233540e-183
8.975858101388709902e-184
4.250893332253012097e-184
2.013188479372062222e-184
9.534296762342131993e-185
4.515365336322932980e-185
2.138440267665535161e-185
1.012747903605436037e-185
4.796291632577723508e-186
2.271484674798087960e-186
1.075756651825876926e-186
5.094695935162119662e-187
2.412806523455010072e-187
1.142685528973012129e-187
5.411665649239552414e-188
2.562920799870625380e-188
1.213778428335114943e-188
5.748355833571269955e-189
2.722374530471379020e-189
1.289294417175156921e-189
6.105993409625396759e-190
2.891748775277723232e-190
1.369508680788718583e-190
6.485881632561326549e-191
3.071660745324521361e-191
1.454713525297726059e-191
6.889404840379539785e-192
3.262766051819600058e-192
1.545219442833699243e-192
7.318033498538957658e-193
3.465761095235258081e-193
1.641356242991195136e-193
7.773329558434120618e-194
3.681385603036713645e-194
1.743474254676631806e-194
8.256952149246913952e-195
3.910425325299809274e-195
1.851945602729443643e-195
8.770663623927314654e-196
4.153714898035024703e-196
1.967165563970564992e-196
9.316335981321321647e-197
4.412140884658447312e-197
2.089554007616688180e-197
9.895957687863384214e-198
4.686645006686100942e-198
2.219556925312536837e-198
1.051164092367647499e-198
4.978227575431862924e-199
2.357648056353218336e-199
1.116562927950159436e-199
5.287951137206469999e-200
2.504330614022764054e-200
1.186030593248728585e-200
5.616944345309292211e-201
2.660139119335828876e-201
1.259820233065091678e-201
5.966406072914162312e-202
2.825641348868994675e-202
1.338200741763946119e-202
6.337609781843902439e-203
3.001440403775446562e-203
1.421457743142111323e-203
6.731908163151210902e-204
3.188176907526162210e-204
1.509894631260932565e-204
7.150738066412488916e-205
3.386531340385100533e-205
1.603833676033895617e-205
7.595625735706426288e-206
3.597226519123371371e-206
1.703617197600337568e-206
8.068192371345976329e-207
3.821030231013218525e-207
1.809608813762135388e-207
8.570160037643680580e-208
4.058758031694407520e-208
1.922194765031961163e-208
9.103357938225222073e-209
4.311276217115019960e-209
2.041785322118647948e-209
9.669729081773114037e-210
4.579504980369817454e-210
2.168816280981844379e-210
1.027133736247580166e-210
4.864421764947111756e-211
2.303750550900627935e-211
1.091037508099989418e-211
5.167064826595944640e-212
2.447079841346726576e-212
1.158917093337533639e-212
5.488537016801372529e-213
2.599326453805579133e-213
1.231019849692376441e-213
5.830009801646494977e-214
2.761045185078840448e-214
1.307608524413471140e-214
6.192727530715345956e-215
2.932825348999910793e-215
1.388962211735217481e-215
6.578011971583499604e-216
3.115292923933205657e-216
1.475377369915700050e-216
6.987267126428063611e-217
3.309112833881587918e-217
1.567168901549788185e-217
7.421984348306431758e-218
3.514991371512515661e-218
1.664671301095827783e-218
7.883747775743442104e-219
3.733678771937049824e-219
1.768239873795046571e-219
8.374240105441013940e-220
3.965971946615041212e-220
1.878252030428264533e-220
8.895248724133572163e-221
4.212717387355245690e-221
1.995108662625149335e-221
9.448672221948122663e-222
4.474814250986132268e-222
2.119235603740859242e-222
1.003652731098926507e-222
4.753217635945147113e-223
2.251085180620412569e-223
1.066095617437605860e-223
5.048942062719087220e-224
2.391137861908150581e-224
1.132423427249930764e-224
5.363065170826158792e-225
2.539904008907781650e-225
1.202877863494627597e-225
5.696731645805810444e-226
2.697925735372909134e-226
1.277715666832508651e-226
6.051157390526817932e-227
2.865778883004591265e-227
1.357209551206209610e-227
6.427633956022142581e-228
3.044075119858656251e-228
1.441649197627483696e-228
6.827533247985255650e-229
3.233464169303688016e-229
1.531342309795011353e-229
7.252312526083466199e-230
3.434636177656957638e-230
1.626615735386592533e-230
7.703519714313768435e-231
3.648324229122051939e-231
1.727816657114207671e-231
8.182799041738084929e-232
3.875307017198841007e-232
1.835313857880181723e-232
8.691897034165243018e-233
4.116411682292989358e-233
1.949499064647799807e-233
9.232668878603525069e-234
4.372516825871577902e-234
2.070788375919714200e-234
9.807085183691503001e-235
4.644555712143437634e-235
2.199623778029051106e-235
1.041723916072346123e-235
4.933519668939018491e-236
2.336474755766077243e-236
1.106535425145302775e-236
5.240461700173160857e-237
2.481840003213518010e-237
1.175379223045813808e-237
5.566500323062631924e-238
2.636249241020070104e-238
1.248506181161230850e-238
5.912823644074908313e-239
2.800265146738299871e-239
1.326182779000186507e-239
6.280693688471006161e-240
2.974485405257887610e-240
1.408692075261206083e-240
6.671450999207962328e-241
3.159544886811046720e-241
1.496334739318345767e-241
7.086519521964317082e-242
3.356117960481121163e-242
1.589430146879851823e-242
7.527411794097470678e-243
3.564920951647263903e-243
1.688317543814857273e-243
7.995734456427707895e-244
3.786714752324069176e-244
1.793357282387180509e-244
8.493194107946094668e-245
4.022307593901327465e-245
1.904932134404106128e-245
9.021603524771112228e-246
4.272557992393910445e-246
2.023448686061622679e-246
9.582888266031270293e-247
4.538377876929424755e-247
2.149338819572042634e-247
1.017909369072719104e-247
4.820735912881551513e-248
2.283061286970599376e-248
1.081239241115824274e-248
5.120661031749367046e-249
2.425103381839858326e-249
1.148509221006170274e-249
5.439246180653361263e-250
2.575982715039069424e-250
1.219964445033398636e-250
5.777652305105141739e-251
2.736249100913174648e-251
1.295865300795719130e-251
6.137112579573852249e-252
2.906486560851689878e-252
1.376488376069202286e-252
6.518936901254475904e-253
3.087315451503383344e-253
1.462127466712926841e-253
6.924516663418182046e-254
3.279394725396423812e-254
1.553094647280104121e-254
7.355329825746432660e-255
3.483424332204130142e-255
1.649721408238872652e-255
7.812946300111720427e-256
3.700147769410393142e-256
1.752359863944915627e-256
8.299033671442695173e-257
3.930354791662632658e-257
1.861384035770728898e-257
8.815363274511040919e-258
4.174884288691181772e-258
1.977191215063710642e-258
9.363816648798929239e-259
4.434627342277499504e-259
2.100203410902720497e-259
9.946392394950667131e-260
4.710530473418324493e-260
2.230868887926346192e-260
1.056521345780871018e-260
5.003599091509449936e-261
2.369663799840505285e-261
1.122253486256141498e-261
5.314901158125611085e-262
2.517093924553372190e-262
1.192075193221209238e-262
5.645571078741252744e-263
2.673696507264303667e-263
1.266240901629248992e-263
5.996813836583186567e-264
2.840042218219951984e-264
1.345020876263751225e-264
6.369909383668189068e-265
3.016737232276441842e-265
1.428702196602240086e-265
6.766217305031156149e-266
3.204425437840144440e-266
1.517589802952470800e-266
7.187181773147790058e-267
3.403790783238783412e-267
1.612007607675550323e-267
7.634336810592570328e-268
3.615559769076848977e-268
1.712299675543444605e-268
8.109311880120842669e-269
3.840504095650812325e-269
1.818831477535002666e-269
8.613837822536056317e-270
4.079443475077245727e-270
1.931991222635857004e-270
9.149753163994358292e-271
4.333248618376565046e-271
2.052191272498243018e-271
9.719010815712896110e-272
4.602844408404717547e-272
2.179869644113421985e-272
1.032368519051048312e-272
4.889213270186165496e-273
2.315491605976140514e-273
1.096597976210151677e-273
5.193398750937175448e-274
2.459551373553142218e-274
1.164823509470785966e-274
5.516509322819079898e-275
2.612573910237777531e-275
1.237293737222777279e-275
5.859722422288148671e-276
2.775116840350421666e-276
1.314272745805125797e-276
6.224288740750938254e-277
2.947772481160386592e-277
1.396041051855044326e-277
6.611536782164900297e-278
3.131170001328744266e-278
1.482896624528739186e-278
7.022877704199444405e-279
3.325977713639728446e-279
1.575155971321183151e-279
7.459810460585825674e-280
3.532905510379133377e-280
1.673155291439812955e-280
7.923927263405986349e-281
3.752707450227742200e-281
1.777251700937889110e-281
8.416919385215948569e-282
3.986184506102204792e-282
1.887824534068505901e-282
8.940583322160950691e-283
4.234187483951932016e-283
2.005276725604285089e-283
9.496827340523674406e-284
4.497620123155312022e-284
2.130036279157640260e-284
1.008767843057574242e-284
4.777442389804494594e-285
2.262557826855789517e-285
1.071528969306081523e-285
5.074673974886811221e-286
2.403324286049652071e-286
1.138194818524387504e-286
5.390398010104404606e-287
2.552848619097360038e-287
1.209008325509728333e-287
5.725765014881694270e-288
2.711675702632132249e-288
1.284227539400234748e-288
6.081997088933310784e-289
2.880384313130724583e-289
1.364126564023988627e-289
6.460392365674712479e-290
3.059589236012718515e-290
1.448996556751111834e-290
6.862329742710888753e-291
3.249943505958463729e-291
1.539146789490930836e-291
7.289273906628478871e-292
3.452140786612992251e-292
1.634905775698733654e-292
7.742780670412817551e-293
3.666917898341239570e-293
1.736622467501711458e-293
8.224502642930677755e-294
3.895057503251323790e-294
1.844667527303096003e-294
8.736195251152223966e-295
4.137390957265678636e-295
1.959434678501043932e-295
9.279723137040516498e-296
4.394801339640013565e-296
2.081342140242058764e-296
9.857066952433020276e-297
4.668226670961279588e-297
2.210834151440729697e-297
1.047033057666447610e-297
4.958663331358173394e-298
2.348382589615085801e-298
1.112174878324993631e-298
5.267169691374501312e-299
2.494488690440211929e-299
1.181369538354541156e-299
5.594869968745257168e-300
2.649684874283333126e-300
1.254869187707041754e-300
5.942958325119485095e-301
2.814536686380762616e-301
1.332941664002807791e-301
6.312703217662766447e-302
2.989644857721688264e-302
1.415871468548134882e-302
6.705452021403608549e-303
3.175647494150853985e-303
1.503960803077318416e-303
7.122635939155238941e-304
3.373222401670762795e-304
1.597530670995238276e-304
7.565775216915536191e-305
3.583089556410616334e-305
1.696922047136153234e-305
8.036484683741356784e-306
3.806013728268061283e-306
1.802497120298065256e-306
8.536479636298245575e-307
4.042807267779957759e-307
1.914640613083214095e-307
9.067582089512496391e-308
4.294333066384384318e-308
2.033761183852020130e-308
9.631727416116869470e-309
4.561507700852891434e-309
2.160292915902645847e-309
1.023097139927347475e-309
4.845304773358260958e-310
2.294696899298671724e-310
1.086749772399076286e-310
5.146758459343565090e-311
2.437462911112169120e-311
1.154362593461605971e-311
5.466967276129791430e-312
2.589111200201603665e-312
1.226181988735971505e-312
5.807098085985322981e-313
2.750194383037999402e-313
1.302469672902985124e-313
6.168390348423582754e-314
2.921299457581895876e-314
1.383503643483823472e-314
6.552160632255666959e-315
3.103049945033960677e-315
1.469579192620858374e-315
6.959807398295992707e-316
3.296108166281483839e-316
1.561009992908947777e-316
7.392816411624178003e-317
3.501177424759451668e-317
1.658129267416994956e-317
7.852768306817023998e-318
3.719005039223107174e-318
1.761289680203001393e-318
8.341310298737765405e-319
3.950351277888270869e-319
1.870878381107048289e-319
8.860079226871074277e-320
4.196099530129706900e-320
1.987132027573493601e-320
9.411950553275746667e-321
4.456472125488043828e-321
2.109660307742122744e-321
1.002953261057730485e-321
4.743030200075966824e-322
2.223295406285609449e-322
1.037537856266617743e-322
4.940656458412465442e-323
2.470328229206232721e-323
9.881312916824930884e-324
4.940656458412465442e-324
4.940656458412465442e-324
0.000000000000000000e+00
0.000000000000000000e+00
0.000000000000000000e+00
