5.609877104700220496e-01
2.454303015484980421e-01
1.073749599036993019e-01
4.697619626255799402e-02
2.055193331180316108e-02
8.991404082442937609e-03
3.933710086891987513e-03
1.720985388470218196e-03
7.529255186337555084e-04
3.294024693108081126e-04
1.441125106039051640e-04
6.304875539036901364e-05
2.758362573531397344e-05
1.206774668262681733e-05
5.279599984189419618e-06
2.309807847821469579e-06
1.010533432425706311e-06
4.421050950247747884e-07
1.934195433571021331e-07
8.462042209754113276e-08
3.702115986669289844e-08
1.619663721714120346e-08
7.085976184654765245e-09
3.100091569400306420e-09
1.356279994205920336e-09
5.933680930073462876e-10
2.595966137547543230e-10
1.135726754894803032e-10
4.968767670453701931e-11
2.173819719975928439e-11
9.510390681085590199e-12
4.160765038412715666e-12
1.820321192409883947e-12
7.963846102688436964e-13
3.484156807697309035e-13
1.524307288726423590e-13
6.668794886990512476e-14
2.917576106449531244e-14
1.276430071875641071e-14
5.584340112968469702e-15
2.443130664532570529e-15
1.068861731777012985e-15
4.676235365724673543e-16
2.045837786642358296e-16
8.950473878906469735e-17
3.915803255763746979e-17
1.713151208003240596e-17
7.494980901205965127e-18
3.279029804667208083e-18
1.434564891041384495e-18
6.276174811462135455e-19
2.745806098421738108e-19
1.201281251178793175e-19
5.255566462843616578e-20
2.299293260280442275e-20
1.005933334522158148e-20
4.400925671305801519e-21
1.925390689389856919e-21
8.423521739891547221e-22
3.685263406197907949e-22
1.612290772485875725e-22
7.053719771214425352e-23
3.085979493271385644e-23
1.350106006727849214e-23
5.906669935354323402e-24
2.584148915074908683e-24
1.130556758438915245e-24
4.946149103852499461e-25
2.163924170540663480e-25
9.467097973659817981e-26
4.141824619505028148e-26
1.812034820645927995e-26
7.927593495317265291e-27
3.468296409701132072e-27
1.517368416109013525e-27
6.638437544626107226e-28
2.904294867749185515e-28
1.270619573074464301e-28
5.558919369406593753e-29
2.432009171776961538e-29
1.063996114812984563e-29
4.654948449515753812e-30
2.036524829929235698e-30
8.909729995720601293e-31
3.897977939183869395e-31
1.705352689886450903e-31
7.460862637698295223e-32
3.264103175180114789e-32
1.428034539114343259e-32
6.247604733851547073e-33
2.733306782247116846e-33
1.195812840943358479e-33
5.231642345647769042e-34
2.288826536699760121e-34
1.001354176945805513e-34
4.380892005615354612e-35
1.916626025708706447e-35
8.385176620915050596e-36
3.668487541169672263e-36
1.604951386014894632e-36
7.021610193747129734e-37
3.071931657403817752e-37
1.343960124155497681e-37
5.879781898685075693e-38
2.572385486349792097e-38
1.125410296572869741e-38
4.923633500317564128e-39
2.154073667112545797e-39
9.424002341052430646e-40
4.122970420190379216e-40
1.803786169673925953e-40
7.891505915186010804e-41
3.452508210586486773e-41
1.510461130267805821e-41
6.608218393381797414e-42
2.891074087215142653e-42
1.264835524524705419e-42
5.533614344835751300e-43
2.420938305704137154e-43
1.059152646858259188e-43
4.633758434503188118e-44
2.027254267174879369e-44
8.869171584727611818e-45
3.880233766086035976e-45
1.697589671779521814e-45
7.426899685581076581e-46
3.249244493921977802e-46
1.421533914316801736e-46
6.219164711467054003e-47
2.720864364811622169e-47
1.190369323721515638e-47
5.207827134577958181e-48
2.278407459195503010e-48
9.967958643731886642e-49
4.360949536139288498e-49
1.907901260075192373e-49
8.347006054601113129e-50
3.651788042364559422e-50
1.597645409518522199e-50
6.989646783833770744e-51
3.057947769366447144e-51
1.337842218551190123e-51
5.853016260342437525e-52
2.560675606495047535e-52
1.120287262163738618e-52
4.901220391145833722e-53
2.144268004635468440e-53
9.381102886149525810e-54
4.104202047984449425e-54
1.795575067783268744e-54
7.855582611066193602e-55
3.436791881693317999e-55
1.503585287415130784e-55
6.578136804191221722e-56
2.877913489632862326e-56
1.259077805820883412e-56
5.508424512485910710e-57
2.409917835853919285e-57
1.054331227087264806e-57
4.612664879578572252e-58
2.018025905395722826e-58
8.828797801630410889e-59
3.862570367093039843e-59
1.689861992081196860e-59
7.393091337853796310e-60
3.234453451582368642e-60
1.415062881326461367e-60
6.190854152278263208e-61
2.708478587103705904e-61
1.184950586196553334e-61
5.184120333877290924e-62
2.268035810875753095e-62
9.922583019147552465e-63
4.341097847738923898e-63
1.899216210867490564e-63
8.309009246360568028e-64
3.635164562152128098e-64
1.590372690909581339e-64
6.957828876097891815e-65
3.044027538059254995e-65
1.331752162559613172e-65
5.826372463151093656e-66
2.549019031748393734e-66
1.115187548566274907e-66
4.878909309767676711e-67
2.134506978986749309e-67
9.338398715921390033e-68
4.085519112189496246e-68
1.787401344044962838e-68
7.819822835149075243e-69
3.421147095857877486e-69
1.496740744417815129e-69
6.548192150851393089e-70
2.864812801040590474e-70
1.253346297105674084e-70
5.483349347985015289e-71
2.398947532815236378e-71
1.049531755133402225e-71
4.591667345641098411e-72
2.008839552486559788e-72
8.788607805975716401e-73
3.844987374509297455e-73
1.682169489925780334e-73
7.359436890734365880e-74
3.219729740258907043e-74
1.408621305437031600e-74
6.162672466949263053e-75
2.696149191291012628e-75
1.179556515567653753e-75
5.160521450045850161e-76
2.257711375835802597e-76
9.877413951129112552e-77
4.321336527165355704e-77
1.890570697290546220e-77
8.271185405220331929e-78
3.618616754484585958e-78
1.583133078793286388e-78
6.926155808192219970e-79
3.030170673707374294e-79
1.325689829405203440e-79
5.799849952472069992e-80
2.537415519456970704e-80
1.110111049620625596e-80
4.856699791737599285e-81
2.124790386972992610e-81
9.295888941403121461e-82
4.066921223886317381e-82
1.779264828308120538e-82
7.784225843030046675e-83
3.405573527405322244e-83
1.489927358794321886e-83
6.518383810010217077e-84
2.851771748723810099e-84
1.247640879067308433e-84
5.458388329348026701e-85
2.388027168221329676e-85
1.044754131086956549e-85
4.570765395588941924e-86
1.999695017216932574e-86
8.748600761135730327e-87
3.827484422312867362e-87
1.674512005179885010e-87
7.325935643644416599e-88
3.205073053450834718e-88
1.402209052555425120e-88
6.134619068827062721e-89
2.683875920714764814e-89
1.174186999547434260e-89
5.137029991829986325e-90
2.247433939153806588e-90
9.832450499400474184e-91
4.301665163050846281e-91
1.881964539372256945e-91
8.233533743809125453e-92
3.602144274889245278e-92
1.575926422463954699e-92
6.894626920784288592e-93
3.016376887855036276e-93
1.319655092889499093e-93
5.773448176191193480e-94
2.525864828072585855e-94
1.105057659650334999e-94
4.834591374724124435e-95
2.115118026325678165e-95
9.253572677676645985e-96
4.048407995926130144e-96
1.771165351196406759e-96
7.748790893693142447e-97
3.390070852143817397e-97
1.483144988711647943e-97
6.488711161152908944e-98
2.838790061209318742e-98
1.241961432937159574e-98
5.433540936966062830e-99
2.377156514744999335e-99
1.039998255492986327e-99
4.549958594310354438e-100
1.990592109226693417e-100
8.708775834291242823e-101
3.810061146148046382e-101
1.666889378439074679e-101
7.292586899194716922e-102
3.190483086052625046e-102
1.395825989198925888e-102
6.106693373929639342e-103
2.671658519884569097e-103
1.168841926359678626e-103
5.113645470212381779e-104
2.237203286886277633e-104
9.787691727965825279e-105
4.282083345900266192e-105
1.873397557959941420e-105
8.196053478339078094e-106
3.585746780461561147e-106
1.568752571901961980e-106
6.863241557543112257e-107
3.002645893359564511e-107
1.313647827388511898e-107
5.747166584707432304e-108
2.514366717146788129e-108
1.100027273459891997e-108
4.812583598500445055e-109
2.105489695697073336e-109
9.211449043852167756e-110
4.029979042922510564e-110
1.763102744104511643e-110
7.713517249495390004e-111
3.374638747356956064e-111
1.476393492982456259e-111
6.459173586589455531e-112
2.825867468259741356e-112
1.236307840487218324e-112
5.408806653595572998e-113
2.366335346093805982e-113
1.035264029349402598e-113
4.529246508673891726e-114
1.981530639022355778e-114
8.669132196414152104e-115
3.792717183317626692e-115
1.659301451024545652e-115
7.259389963170445474e-116
3.175959534347640440e-116
1.389471982492570327e-116
6.078894800932991845e-117
2.659496734473064349e-117
1.163521184736958534e-117
5.090367398401797428e-118
2.227019206063565124e-118
9.743136705090139989e-119
4.262590668082447994e-119
1.864869574716338729e-119
8.158743828590471613e-120
3.569423929858041921e-120
1.561611377770594562e-120
6.831999065125224224e-121
2.988977404385400404e-121
1.307667907850075658e-121
5.721004630922273615e-122
2.502920947325467820e-122
1.095019786332713723e-122
4.790676004934776081e-123
2.095905194655949696e-123
9.169517163049833961e-124
4.011633981243255649e-124
1.755076839194643073e-124
7.678404176152336318e-125
3.359276891797578205e-125
1.469672731062115452e-125
6.429770471441476482e-126
2.813003700867862397e-126
1.230679984027772465e-126
5.384184964347581531e-127
2.355563437005628891e-127
1.030551354104610795e-127
4.508628707519919487e-128
1.972510417972866018e-128
8.629669022250221796e-129
3.775452172775774796e-129
1.651748064979823709e-129
7.226344144517572176e-130
3.161502096001804389e-130
1.383146900166142489e-130
6.051222771159047624e-131
2.647390311310624971e-131
1.158224663918451449e-131
5.067195291822937820e-132
2.216881484685679581e-132
9.698784503279791026e-133
4.243186723822183337e-133
1.856380412115901140e-133
8.121604017895262992e-134
3.553175383288535345e-134
1.554502691412942107e-134
6.800898793161860453e-135
2.975371136398149182e-135
1.301715209791391693e-135
5.694961770226698249e-136
2.491527280344162371e-136
1.090035094028808998e-136
4.768868137980815098e-137
2.086364323683650036e-137
9.127776162381478329e-138
3.993372429002856633e-138
1.747087469393030594e-138
7.643450942721441286e-139
3.343984965680600590e-139
1.462982563045774064e-139
6.400501203630154652e-140
2.800198491251027678e-140
1.225077746404745066e-140
5.359675356676960283e-141
2.344840563243571121e-141
1.025860131655756289e-141
4.488104761651501454e-142
1.963531258305904859e-142
8.590385490301891097e-143
3.758265755119868891e-143
1.644229063067475879e-143
7.193448755327227312e-144
3.147110470057311691e-144
1.376850610551579279e-144
6.023676708564480620e-145
2.635338998380090985e-145
1.152952253647435083e-145
5.044128668106371712e-146
2.206789911717496159e-146
9.654634199263238345e-147
4.223871109191051326e-147
1.847929893441363119e-147
8.084633273120918340e-148
3.537000802510576975e-148
1.547426364848802033e-148
6.769940094244242216e-149
2.961826806158661400e-149
1.295789609296213685e-149
5.669037460491481295e-150
2.480185479023024892e-150
1.085073092782734594e-150
4.747159543668248788e-151
2.076866884169578168e-151
9.086225172932450979e-152
3.975194006053860631e-152
1.739134468386448014e-152
7.608656821587742917e-153
3.328762650676936849e-153
1.456322849665448751e-153
6.371365173862401455e-154
2.787451572845570551e-154
1.219501010997396656e-154
5.335277320371762876e-155
2.334166501591563030e-155
1.021190264346533749e-155
4.467674243825475553e-156
1.954592973104198259e-156
8.551280782811180133e-157
3.741157572583446180e-157
1.636744288765837467e-157
7.160703110822208594e-158
3.132784356926360688e-158
1.370582982580190684e-158
5.996256039727689320e-159
2.623342544811522170e-159
1.147703844169124887e-159
5.021167047078480195e-160
2.196744277084616108e-160
9.610684873971813953e-161
4.204643422099493354e-161
1.839517842779743018e-161
8.047830824654318033e-162
3.520899850820720904e-162
1.540382250771599761e-162
6.739122323910892464e-163
2.948344131717131174e-163
1.289890983012417744e-163
5.643231162055086302e-164
2.468895307261885713e-164
1.080133679301556927e-164
4.725549770093307414e-165
2.067412678407300529e-165
9.044863329743527328e-166
3.957098333979416397e-166
1.731217670618752736e-166
7.574021088448491875e-167
3.313609629906297263e-167
1.449693452287123880e-167
6.342361775618903710e-168
2.774762680301259425e-168
1.213949661715863440e-168
5.310990347542603058e-169
2.323541029849648534e-169
1.016541654965125575e-169
4.447336728743548871e-170
1.945695376301012953e-170
8.512354085742661612e-171
3.724127269028652023e-171
1.629293586265752948e-171
7.128106529342524063e-172
3.118523458384917140e-172
1.364343885779930381e-172
5.968960193838388914e-173
2.611400700876973836e-173
1.142479326228356357e-173
4.998309950751466333e-174
2.186744371668931310e-174
9.566935612520584082e-175
4.185503262288322286e-175
1.831144085019156532e-175
8.011195906385734206e-176
3.504872193048450866e-176
1.533370202545322902e-176
6.708444840634016672e-177
2.934922832407232852e-177
1.284019208149397901e-177
5.617542337712278879e-178
2.457656530035338564e-178
1.075216750762361682e-178
4.704038367409350918e-179
2.058001509590373903e-179
9.003689771792911307e-180
3.939085036085282879e-180
1.723336911287436691e-180
7.539543022298068048e-181
3.298525587931443740e-181
1.443094232907866952e-181
6.313490405141310217e-182
2.762131549475777760e-182
1.208423582998739477e-182
5.286813932612084211e-183
2.312963926829357284e-183
1.011914206742410529e-183
4.427091793043450217e-184
1.936838282676730408e-184
8.473604588766521510e-185
3.707174489938824872e-185
1.621876800467334167e-185
7.095658332331194609e-186
3.104327477566332114e-186
1.358133190272680208e-186
5.941788602683687969e-187
2.599513217985300847e-187
1.137278591067311092e-187
4.975556903313408311e-188
2.176789987304270369e-188
9.523385504189305019e-189
4.166450231320389290e-189
1.822808445844539448e-189
7.974727755692884402e-190
3.488917495548993774e-190
1.526390074201466427e-190
6.677907005806145798e-191
2.921562628840271734e-191
1.278174162475507718e-191
5.591970452704215599e-192
2.446468913387847293e-192
1.070322204810362041e-192
4.682624887817510662e-193
2.048633181808247398e-193
8.962703641978297619e-194
3.921153737391988035e-194
1.715492026340100908e-194
7.505221905412982436e-195
3.283510210750488363e-195
1.436525054152954996e-195
6.284750461419671474e-196
2.749557917429223143e-196
1.202922659810671702e-196
5.262747572304272207e-197
2.302434972349102960e-197
1.007307823349601071e-197
4.406939015290120024e-198
1.928021507854879460e-198
8.435031485241686260e-199
3.690298882411112273e-199
1.614493776976729655e-199
7.063357844320139515e-200
3.090196118955864358e-200
1.351950766771546452e-200
5.914740700637626758e-201
2.587679848676983849e-201
1.132101530423252323e-201
4.952907431118345930e-202
2.166880916772063766e-202
9.480033642402931743e-203
4.147483932572291100e-203
1.814510751734441582e-203
7.938425613425055204e-204
3.473035426196379849e-204
1.519441720435996970e-204
6.647508183726853730e-205
2.908263242899376840e-205
1.272355724315518473e-205
5.566514974705404040e-206
2.435332224428876139e-206
1.065449939556704233e-206
4.661308885557361081e-207
2.039307500042182571e-207
8.921904087099046461e-208
3.903304064627018886e-208
1.707682852471429963e-208
7.471057023336923061e-209
3.268563185791117355e-209
1.429985779273015313e-209
6.256141346179920359e-210
2.737041522418635755e-210
1.197446777639964612e-210
5.238790765633918724e-211
2.291953947229596345e-211
1.002722408896470920e-211
4.386877975966927884e-212
1.919244868298298213e-212
8.396633972199027913e-213
3.673500095149132061e-213
1.607144362102912219e-213
7.031204392916104101e-214
3.076129088383473484e-214
1.345796486578168657e-214
5.887815924649057644e-215
2.575900346618972186e-215
1.126948036526270804e-215
4.930361062676426688e-216
2.157016953797033258e-216
9.436879124714896480e-217
4.128603971226113187e-217
1.806250829957306698e-217
7.902288723887302643e-218
3.457225654376521860e-218
1.512524996606325971e-218
6.617247741589511302e-219
2.895024397733536746e-219
1.266563772548084715e-219
5.541175373813886881e-220
2.424246231328041656e-220
1.060599853576349045e-220
4.640089916897647213e-221
2.030024270161195890e-221
8.881290257838407667e-222
3.885535646217057960e-222
1.699909227119204544e-222
7.437047664865892562e-223
3.253684201903890212e-223
1.423476272141097489e-223
6.227662463871778459e-224
2.724582103892546343e-224
1.191995822496197228e-224
5.214943013897231784e-225
2.281520633289157572e-225
9.981578679293561154e-226
4.366908257466948912e-226
1.910508181305312479e-226
8.358411250324185694e-227
3.656777778455859293e-227
1.599828402854479054e-227
6.999197308786665602e-228
3.062126093018398398e-228
1.339670221579964348e-228
5.861013714230255655e-229
2.564174466599563041e-229
1.121818002097042676e-229
4.907917328643814556e-230
2.147197893042773743e-230
9.393921052785621741e-231
4.109809954261210786e-231
1.798028508567879291e-231
7.866316334824266059e-232
3.441487850980536278e-232
1.505639758728298828e-232
6.587125049468119967e-233
2.881845817752504610e-233
1.260798186603152030e-233
5.515951122540220159e-234
2.413210703310286462e-234
1.055771845905957738e-234
4.618967540126780966e-235
2.020783298918132022e-235
8.840861308745848346e-236
3.867848112280240976e-236
1.692170988461311420e-236
7.403193122032976549e-237
3.238872949355950575e-237
1.416996397250244491e-237
6.199313221654587005e-238
2.712179402485403416e-238
1.186569680907782328e-238
5.191203820659992890e-239
2.271134813339818903e-239
9.936141054288862529e-240
4.347029444084018296e-240
1.901811265006041494e-240
8.320362523943287305e-241
3.640131584225314144e-241
1.592545746936375774e-241
6.967335925645911776e-242
3.048186841363062023e-242
1.333571844247841915e-242
5.834333511443590606e-243
2.552501964523145175e-243
1.116711320344658100e-243
4.885575761814305226e-244
2.137423530108088141e-244
9.351158532363307861e-245
4.091101490445793682e-245
1.789843616403725565e-245
7.830507697406753327e-246
3.425821688396908746e-246
1.498785863473114151e-246
6.557139480303825984e-247
2.868727228620227768e-247
1.255058846459804098e-247
5.490841695794914579e-248
2.402225410650939310e-248
1.050965816041852390e-248
4.597941315544959064e-249
2.011584393945065927e-249
8.800616398218951264e-250
3.850241094618244944e-250
1.684467975412370750e-250
7.369492690095717238e-251
3.224129119823654565e-251
1.410546019709782704e-251
6.171093029388853348e-252
2.699833160012939292e-252
1.181168239919941431e-252
5.167572691746946397e-253
2.260796271181379837e-253
9.890910268086280117e-254
4.327241122005316703e-254
1.893153938358071711e-254
8.282487001001173265e-255
3.623561165937181416e-255
1.585296242747180066e-255
6.935619580242540805e-256
3.034311043246133154e-256
1.327501227632710643e-256
5.807774760893572678e-257
2.540882597405850219e-257
1.111627884964082065e-257
4.863335897106543593e-258
2.127693661521394102e-258
9.308590673270648765e-259
4.072478190329946664e-259
1.781695983081161550e-259
7.794862066211230724e-260
3.410226840506826037e-260
1.491963168164763949e-260
6.527290409893730009e-261
2.855668357248987032e-261
1.249345632642978433e-261
5.465846570880951328e-262
2.391290124671615005e-262
1.046181663937623620e-262
4.577010805452127963e-263
2.002427363750334419e-263
8.760554688488397014e-264
3.832714226709712872e-264
1.676800027619905083e-264
7.335945667516805154e-265
3.209452406388179986e-265
1.404125005243723699e-265
6.143001299618675803e-266
2.687543119465103944e-266
1.175791387091613023e-266
5.144049135234450023e-267
2.250504791598845686e-267
9.845885379122699476e-268
4.307542879300034543e-268
1.884536021143874585e-268
8.244783893052013568e-269
3.607066178648557689e-269
1.578079739374949480e-269
6.904047612341706296e-270
3.020498409818395299e-270
1.321458245363975802e-270
5.781336909710305657e-271
2.529316123368893296e-271
1.106567590134513069e-271
4.841197271558509162e-272
2.118008084738311047e-272
9.266216589378314480e-273
4.053939666234965803e-273
1.773585438992825026e-273
7.759378699210999252e-274
3.394702982674462220e-274
1.485171530776129011e-274
6.497577216873794493e-275
2.842668931795334716e-275
1.243658426222050133e-275
5.440965227478216695e-276
2.380404617733952828e-276
1.041419290002704757e-276
4.556175574142792130e-277
1.993312017713968605e-277
8.720675345595027824e-278
3.815267143700220793e-278
1.669166985462052550e-278
7.302551355955781588e-279
3.194842503526378876e-279
1.397733220186682960e-279
6.115037447564441538e-280
2.675309025003022316e-280
1.170439010494119058e-280
5.120632661435831122e-281
2.240260160355886305e-281
9.801065450125619327e-282
4.287934305914498779e-282
1.875957333965440820e-282
8.207252415235340407e-283
3.590646278985534660e-283
1.570896086595435038e-283
6.872619364717195224e-284
3.006748653544137162e-284
1.315442771645697400e-284
5.755019407543273568e-285
2.517802301635710996e-285
1.101530330516859671e-285
4.819159424313445655e-286
2.108366598135505413e-286
9.224035398594992236e-287
4.035485532248765615e-287
1.765511815302624040e-287
7.724056857753635382e-288
3.379249791742943077e-288
1.478410809927294206e-288
6.467999282711485548e-289
2.829728681652000760e-289
1.237997108807216818e-289
5.416197147637652663e-290
2.369568663236921653e-290
1.036678595099405990e-290
4.535435187892775747e-291
1.984238166083050048e-291
8.680977539379962594e-292
3.797899482397954834e-292
1.661568690042813551e-292
7.269309060247809323e-293
3.180299107107349885e-293
1.391370531482377602e-293
6.087200891108535595e-294
2.663130621951213588e-294
1.165110998707764229e-294
5.097322782895874675e-295
2.230062164192428442e-295
9.756449548084677444e-296
4.268414993659704121e-296
1.867417698242049158e-296
8.169891786267228668e-297
3.574301125138933004e-297
1.563745134867514365e-297
6.841334183131455040e-298
2.993061488197923631e-298
1.309454681255177587e-298
5.728821706544613771e-299
2.506340892524643129e-299
1.096516001251173818e-299
4.797221896614683686e-300
2.098769001008422734e-300
9.182046222840570580e-301
4.017115404214150210e-301
1.757474943943836980e-301
7.688895806552695045e-302
3.363866946026450611e-302
1.471680864881254116e-302
6.438555991686972865e-303
2.816847337444848865e-303
1.232361562548168939e-303
5.391541815765510248e-304
2.358782035609930989e-304
1.031959480541681732e-304
4.514789214954349554e-305
1.975205619969348861e-305
8.641460443459372083e-306
3.780610881262672527e-306
1.654004983190263845e-306
7.236218088395852317e-307
3.165821914383187572e-307
1.385036806679583169e-307
6.059491050781150437e-308
2.651007656794733395e-308
1.159807240820583749e-308
5.074119014376007702e-309
2.219910590818175841e-309
9.712036744241171973e-310
4.248984536206728562e-310
1.858916936205868651e-310
8.132701228416338610e-311
3.558030376853954708e-311
1.556626735331508763e-311
6.810191416328531999e-312
2.979436628857029014e-312
1.303493849539424342e-312
5.702743261348412174e-313
2.494931657471624140e-313
1.091524497973661052e-313
4.775384232172918148e-314
2.089215093657885408e-314
9.140248187806015566e-315
3.998828900245084811e-315
1.749474658576887782e-315
7.653894829164163737e-316
3.348554123905694674e-316
1.464981565940353486e-316
6.409246828049737144e-317
2.804024612998223208e-317
1.226751658851377456e-317
5.367000526178252322e-318
2.348042041204065789e-318
1.027261290833119815e-318
4.494218740830315064e-319
1.966183644189824747e-319
8.602176959741943581e-320
3.763298024372774927e-320
1.646226731943033485e-320
7.203477116365374614e-321
3.152138820467152952e-321
1.378443151897077858e-321
6.027600879263207839e-322
2.618547922958606684e-322
1.185757550018991706e-322
4.940656458412465442e-323
1.976262583364986177e-323
9.881312916824930884e-324
4.940656458412465442e-324
0.000000000000000000e+00
0.000000000000000000e+00
0.000000000000000000e+00
0.000000000000000000e+00
0.000000000000000000e+00
0.000000000000000000e+00
0.000000000000000000e+00
0.000000000000000000e+00
0.000000000000000000e+00
0.000000000000000000e+00
0.000000000000000000e+00
0.000000000000000000e+00
0.000000000000000000e+00
0.000000000000000000e+00
0.000000000000000000e+00
0.000000000000000000e+00
0.000000000000000000e+00
0.000000000000000000e+00
0.000000000000000000e+00
0.000000000000000000e+00
0.000000000000000000e+00
0.000000000000000000e+00
0.000000000000000000e+00
0.000000000000000000e+00
0.000000000000000000e+00
0.000000000000000000e+00
0.000000000000000000e+00
0.000000000000000000e+00
0.000000000000000000e+00
0.000000000000000000e+00
0.000000000000000000e+00
0.000000000000000000e+00
0.000000000000000000e+00
0.000000000000000000e+00
0.000000000000000000e+00
0.000000000000000000e+00
0.000000000000000000e+00
0.000000000000000000e+00
0.000000000000000000e+00
0.000000000000000000e+00
0.000000000000000000e+00
0.000000000000000000e+00
0.000000000000000000e+00
0.000000000000000000e+00
0.000000000000000000e+00
0.000000000000000000e+00
0.000000000000000000e+00
0.000000000000000000e+00
0.000000000000000000e+00
0.000000000000000000e+00
0.000000000000000000e+00
0.000000000000000000e+00
0.000000000000000000e+00
0.000000000000000000e+00
0.000000000000000000e+00
0.000000000000000000e+00
0.000000000000000000e+00
0.000000000000000000e+00
0.000000000000000000e+00
0.000000000000000000e+00
0.000000000000000000e+00
0.000000000000000000e+00
0.000000000000000000e+00
0.000000000000000000e+00
0.000000000000000000e+00
0.000000000000000000e+00
0.000000000000000000e+00
0.000000000000000000e+00
0.000000000000000000e+00
0.000000000000000000e+00
0.000000000000000000e+00
0.000000000000000000e+00
0.000000000000000000e+00
0.000000000000000000e+00
0.000000000000000000e+00
0.000000000000000000e+00
0.000000000000000000e+00
0.000000000000000000e+00
0.000000000000000000e+00
0.000000000000000000e+00
0.000000000000000000e+00
0.000000000000000000e+00
0.000000000000000000e+00
0.000000000000000000e+00
0.000000000000000000e+00
0.000000000000000000e+00
0.000000000000000000e+00
0.000000000000000000e+00
0.000000000000000000e+00
0.000000000000000000e+00
0.000000000000000000e+00
0.000000000000000000e+00
0.000000000000000000e+00
0.000000000000000000e+00
0.000000000000000000e+00
0.000000000000000000e+00
0.000000000000000000e+00
0.000000000000000000e+00
0.000000000000000000e+00
