5.309819450140350616e-01
2.418825549034432365e-01
1.101867415945202572e-01
5.019426898340879212e-02
2.286540651188556303e-02
1.041606592829539407e-02
4.744915834590570855e-03
2.161490377685505553e-03
9.846414174025429431e-04
4.485417704716483417e-04
2.043279068928200066e-04
9.307916516069440066e-05
4.240111455532304824e-05
1.931532703833086504e-05
8.798869145547949779e-06
4.008220937022552297e-06
1.825897716425861416e-06
8.317661434416113481e-07
3.789012446600666742e-07
1.726039877157197397e-07
7.862770839429825138e-08
3.581792407670857337e-08
1.631643235399051449e-08
7.432758084812318855e-09
3.385905175148854106e-09
1.542409119775525992e-09
7.026262608379553321e-10
3.200730960998030534e-10
1.458055193165357218e-10
6.641998256715635249e-11
3.025683873217444504e-11
1.378314559386074928e-11
6.278749215778040460e-12
2.860210062077042139e-12
1.302934918733340262e-12
5.935366164056669285e-13
2.703785967734792337e-13
1.231677769703606751e-13
5.610762636115794527e-14
2.555916663691065874e-14
1.164317654374364575e-14
5.303911585012766478e-15
2.416134290839120509e-15
1.100641445054293755e-15
5.013842132717189627e-16
2.283996577156892998e-16
1.040447669946335692e-16
4.739636498248593061e-17
2.159085438356437642e-17
9.835458756901224332e-18
4.480427093813585610e-18
2.041005655063462434e-18
9.297560247666701861e-19
4.235393779754365190e-19
1.929383622341534817e-19
8.789079258589407742e-20
4.003761269623356848e-20
1.823866167604529045e-20
8.308406953657818126e-21
3.784796677173595048e-21
1.724119433176978258e-21
7.854022483655293151e-22
3.577807197503521464e-22
1.629827819967026301e-22
7.424488174186679038e-23
3.382137915019309891e-23
1.540692988909545099e-23
7.018444976870420805e-24
3.197169731279234641e-24
1.456432917020064139e-24
6.634608169303700113e-25
3.022317406163424001e-25
1.376781005072847201e-25
6.271763290195240428e-26
2.857027706171733526e-26
1.301485234079810870e-26
5.928762296804800322e-27
2.700777653990569436e-27
1.230307367901371707e-27
5.604519932530793271e-28
2.553072873790449666e-28
1.163022199466290163e-28
5.298010293153963694e-29
2.413446027018757673e-29
1.099416838215538568e-29
5.008263580872031873e-30
2.281455333738642727e-30
1.039290036515666462e-30
4.734363035855322395e-31
2.156683174835319301e-31
9.824515529104341292e-32
4.475442035614765972e-32
2.038734770667480761e-32
9.287215501960350721e-33
4.230681353004659135e-33
1.927236931982818351e-33
8.779300264154185085e-34
3.999306564184491767e-34
1.821836879145640531e-34
8.299162769713633715e-35
3.780585598338619330e-35
1.722201125940605534e-35
7.845283861564963146e-36
3.573826421401096891e-36
1.628014424420916572e-36
7.416227464912756188e-37
3.378374846456944952e-37
1.538978767462479918e-37
7.010636043493636242e-38
3.193612463891972273e-38
1.454812445868095976e-38
6.627226304325645595e-39
3.018954684742125106e-39
1.375249157038360991e-39
6.264785137363781398e-40
2.853848891051522843e-40
1.300037162389111745e-40
5.922165777214660041e-41
2.697772687386852301e-41
1.228938490849473467e-41
5.598284174765939682e-42
2.550232247976155232e-42
1.161728185920379871e-42
5.292115567250314083e-43
2.410760754241747237e-43
1.098193593911254477e-43
5.002691235891763117e-44
2.278916917784414269e-44
1.038133691102829145e-44
4.729095440875222236e-45
2.154283584145000491e-45
9.813584477072401089e-46
4.470462523941920208e-46
2.036466412925923610e-46
9.276882266129736257e-47
4.225974169442960687e-47
1.925092630096483784e-47
8.769532150122666167e-48
3.994856815185136466e-48
1.819809848534242972e-48
8.289928871127130982e-49
3.776379204876853575e-49
1.720284953070670654e-49
7.836554962328959884e-50
3.569850074430121146e-50
1.626203046513336855e-50
7.407975946752952530e-51
3.374615964798036317e-51
1.537266453309853593e-51
7.002835798571493304e-52
3.190059154427577642e-52
1.453193777701163105e-52
6.619852652633058592e-53
3.015595704785991919e-53
1.373719013384159090e-53
6.257814748635443733e-54
2.850673612776745283e-54
1.298590701866612502e-54
5.915576597110996516e-55
2.694771064199549776e-55
1.227571136851433081e-55
5.592055355093085601e-56
2.547394782727759068e-56
1.160435612132934842e-56
5.286227399996338013e-57
2.408078469180146853e-57
1.096971710625429752e-57
4.997125090870365584e-58
2.276381326148302215e-58
1.036978632274743649e-58
4.723833706780031538e-59
2.151886663311593213e-59
9.802665587258211481e-60
4.465488552623750298e-60
2.034200579027574240e-60
9.266560527368691578e-61
4.221272223235540522e-61
1.922950714025045118e-61
8.759774904389298538e-62
3.990412017110551498e-62
1.817785073258212073e-62
8.280705246454568114e-63
3.772177491575209764e-63
1.718370912192413489e-63
7.827835775129284052e-64
3.565878151662559186e-64
1.624393683999378396e-64
7.399733609481013267e-65
3.370861265384131742e-65
1.535556044329552550e-65
6.995044232436903157e-66
3.186509798482324400e-66
1.451576910513189446e-66
6.612487205087638932e-67
3.012240462132177859e-67
1.372190572213896375e-67
6.250852115371652000e-68
2.847501867412302214e-68
1.297145850719659988e-68
5.908994748327759863e-69
2.691772780708695587e-69
1.226205304212655203e-69
5.585833465792698374e-70
2.544560474528703797e-70
1.159144476502020021e-70
5.280345784094609309e-71
2.405399168509768869e-71
1.095751186843800117e-71
4.991565138909793032e-72
2.273848555687787601e-72
1.035824858599902362e-72
4.718577827048686473e-73
2.149492409364565045e-73
9.791758846130139876e-74
4.460520115496084338e-74
2.031937266164241204e-74
9.256250272885097574e-75
4.216575508555099844e-75
1.920811181113999818e-75
8.750028514861685834e-76
3.985972164452357355e-76
1.815762550808116626e-76
8.271491884264528535e-77
3.767980453226346745e-77
1.716459000933690962e-77
7.819126289160144647e-78
3.561910648176059954e-78
1.622586334636723102e-78
7.391500442881690168e-79
3.367110743561891858e-79
1.533847538401803313e-79
6.987261335433687681e-80
3.182964391657543933e-80
1.449961842300413551e-80
6.605129952560922371e-81
3.008888952622404764e-81
1.370663831633318813e-81
6.243897228943532463e-82
2.844333651027369514e-82
1.295702607157669981e-82
5.902420222707651591e-83
2.688777833198327607e-83
1.224840991240412226e-83
5.579618499153919668e-84
2.541729319866396183e-84
1.157854777427548312e-84
5.274470712256119952e-85
2.402722848909987369e-85
1.094532021053678624e-85
4.986011373119175106e-86
2.271318603264075522e-86
1.034672368648449180e-86
4.713327795167647043e-87
2.147100819336566360e-87
9.780864240170636666e-88
4.455557206401159471e-88
2.029676471531060570e-88
9.245951489901597186e-89
4.211884019581065072e-89
1.918674028711689762e-89
8.740292969460511720e-90
3.981537251707910621e-90
1.813742278677498325e-90
8.262288773139135192e-91
3.763788084628933008e-91
1.714549216925097986e-91
7.810426493627326045e-92
3.557947559053396783e-92
1.620780996185385328e-92
7.383276436751834616e-93
3.363364394683347442e-93
1.532140933409277199e-93
6.979487097916010224e-94
3.179422929559143774e-94
1.448348571061158963e-94
6.597780885935258633e-95
3.005541172103194193e-95
1.369138789750357207e-95
6.236950080731455232e-96
2.841168959695377668e-96
1.294260969391921261e-96
5.895853012103032779e-97
2.685786217956886578e-97
1.223478196243929445e-97
5.573410447474147487e-98
2.538901315232008604e-98
1.156566513311098129e-98
5.268602177199450080e-99
2.400049507064109756e-99
1.093314211744184922e-99
4.980463786615875557e-100
2.268791465741603147e-100
1.033521160992015986e-100
4.708083604630149982e-101
2.144711890263762529e-101
9.769981755878300553e-102
4.450599819188572470e-102
2.027418192326058871e-102
9.235664165654128571e-103
4.207197750498916812e-103
1.916539254169598639e-103
8.730568256120772610e-104
3.977107273381136981e-104
1.811724254362480098e-104
8.253095901672271499e-105
3.759600380587047290e-105
1.712641557799693984e-105
7.801736377749401754e-106
3.553988879383217591e-106
1.618977666408057309e-106
7.375061580898812971e-107
3.359622214105361881e-107
1.530436227236849506e-107
6.971721510249464754e-108
3.175885407798284571e-108
1.446737094796140866e-108
6.590439996102394543e-109
3.002197116425385630e-109
1.367615444674911585e-109
6.230010662126003825e-110
2.838007789494408388e-110
1.292820935635830221e-110
5.889293108374664151e-111
2.682797931276637290e-111
1.222116917534191710e-111
5.567209303059748418e-112
2.536076457120868649e-112
1.155279682556157779e-112
5.262740171651876967e-113
2.397379139658860849e-113
1.092097757405995567e-113
4.974922372524350696e-114
2.266267139988491992e-114
1.032371234203912251e-114
4.702845248937074223e-115
2.142325619185433518e-115
9.759111379765924736e-116
4.445647947714387141e-116
2.025162425750609601e-116
9.225388287393878379e-117
4.202516695501086531e-117
1.914406854841938089e-117
8.720854362789895381e-118
3.972682223981632878e-118
1.809708475362126392e-118
8.243913258471224816e-119
3.755417335910871417e-119
1.710736021193318869e-119
7.793055930756271825e-120
3.550034604259330587e-120
1.617176343069781571e-120
7.366855865142171855e-121
3.355884197190351380e-121
1.528733417771922906e-121
6.963964562809569270e-122
3.172351821990646075e-122
1.445127411508134693e-122
6.583107273964771171e-123
2.998856781444695309e-123
1.366093794519102038e-123
6.223078964526806379e-124
2.834850136506663999e-124
1.291382504104690242e-124
5.882740503393028195e-125
2.679812969454273482e-125
1.220757153424202100e-125
5.561015058225650758e-126
2.533254742031916393e-126
1.153994283567860097e-126
5.256884688348173743e-127
2.394711743384856161e-127
1.090882656531559621e-127
4.969387123977129892e-128
2.263745622876410968e-128
1.031222586859063608e-128
4.697612721596663791e-129
2.139942003144154244e-129
9.748253098361303876e-130
4.440701585841497483e-130
2.022909169008970603e-130
9.215123842385177036e-131
4.197840848785987533e-131
1.912276828086028272e-131
8.711151277429456901e-132
3.968262098025434763e-132
1.807694939178232835e-132
8.234740832156180777e-133
3.751238945416469094e-133
1.708832604744490865e-133
7.784385141889823032e-134
3.546084728781004228e-134
1.615377023938087513e-134
7.358659279311945955e-135
3.352150339305507064e-135
1.527032502904076195e-135
6.956216245983143485e-136
3.168822167757058798e-136
1.443519519202261398e-136
6.575782710435136984e-137
2.995520163021532629e-137
1.364573837397186827e-137
6.216154979343062929e-138
2.831695996818706484e-138
1.289945673015781531e-138
5.876195189036986052e-139
2.676831328790307178e-139
1.219398902228702312e-139
5.554827705294856183e-140
2.530436166468202597e-140
1.152710314753211362e-140
5.251035720031646165e-141
2.392047314936461708e-141
1.089668907615035030e-141
4.963858034114525805e-142
2.261226911280124212e-142
1.030075217533805966e-142
4.692386016123583393e-143
2.137561039185910617e-143
9.737406898207780497e-144
4.435760727439882218e-144
2.020658419308682627e-144
9.204870817907302241e-145
4.193170204558845991e-145
1.910149171262073460e-145
8.701458988014680539e-146
3.963846890034799077e-146
1.805683643315476068e-146
8.225578611358593294e-147
3.747065203925030517e-147
1.706931306094064900e-147
7.775724000404355681e-148
3.542139248053161773e-148
1.613579706783080219e-148
7.350471813250111253e-149
3.348420635823462372e-149
1.525333480525367559e-149
6.948476550167904882e-150
3.165296440723316252e-150
1.441913415885901937e-150
6.568466296435233028e-151
2.992187257020404471e-151
1.363055571425290959e-151
6.209238697993883164e-152
2.828545366521613310e-152
1.288510440588439995e-152
5.869657157194933937e-153
2.673853005589593328e-153
1.218042162264412624e-153
5.548647236599383758e-154
2.527620726936739646e-154
1.151427774521022588e-154
5.245193259453817819e-155
2.389385851011313975e-155
1.088456509152068244e-155
4.958335096083636434e-156
2.258711002078259129e-156
1.028929124806234644e-156
4.687165126040515040e-157
2.135182724359915674e-157
9.726572765863390662e-158
4.430825366386214000e-158
2.018410173860335896e-158
9.194629201253950322e-159
4.188504757031456814e-159
1.908023881733324861e-159
8.691777482532683483e-160
3.959436594537396511e-160
1.803674585281002633e-160
8.216426584723960947e-161
3.742896106264147171e-161
1.705032122885811252e-161
7.767072495565902920e-162
3.538198157186072196e-162
1.611784389377300541e-162
7.342293456810157798e-163
3.344695082122094148e-163
1.523636348530242522e-163
6.940745465771065862e-164
3.161774636519536106e-164
1.440309099568409626e-164
6.561158022898019883e-165
2.988858059310927038e-165
1.361538994721866949e-165
6.202330111907748805e-166
2.825398241710730712e-166
1.287076805043946794e-166
5.863126399764128455e-167
2.670877996161173362e-167
1.216686931849960461e-167
5.542473644479940312e-168
2.524808419947997341e-168
1.150146661281679081e-168
5.239357299373389631e-169
2.386727348311130669e-169
1.087245459640166076e-169
4.952818303040028641e-170
2.256197892152787184e-170
1.027784307255968862e-170
4.681950044877081562e-171
2.132807055718665207e-171
9.715750687901675909e-172
4.425895496564229568e-172
2.016164429877738393e-172
9.184398979731388931e-173
4.183844500421337860e-173
1.905900956865641620e-173
8.682106748985431433e-174
3.955031206067665821e-174
1.801667762585039684e-174
8.207284740909952695e-175
3.738731647266954078e-175
1.703135052766025942e-175
7.758430616652880452e-176
3.534261451295643027e-176
1.609991069495858658e-176
7.334124199855611401e-177
3.340973673583850210e-177
1.521941104815230633e-177
6.933022983211696068e-178
3.158256750781239867e-178
1.438706568261596544e-178
6.553857880766173589e-179
2.985532565767144545e-179
1.360024105407384275e-179
6.195429212522679936e-180
2.822254618485909805e-180
1.285644764605634799e-180
5.856602908651172278e-181
2.667906296817741836e-181
1.215333209305637090e-181
5.536306921284810797e-182
2.521999242016757627e-182
1.148866973447531282e-182
5.233527832558009607e-183
2.384071803541163020e-183
1.086035757578445045e-183
4.947307648146605740e-184
2.253687578389148672e-184
1.026640763464265757e-184
4.676740766170367881e-185
2.130434030318054198e-185
9.704940650909465052e-186
4.420971111863714932e-186
2.013921184577455090e-186
9.174180140661572947e-187
4.179189428953157477e-187
1.903780394028138600e-187
8.672446775387741671e-188
3.950630719165899111e-188
1.799663172740482608e-188
8.198153068587318810e-189
3.734571821772546426e-189
1.701240093383719379e-189
7.749798352954312412e-190
3.530329125502616770e-190
1.608199744916065535e-190
7.325964032262526891e-191
3.337256405596888085e-191
1.520247747279460566e-191
6.925309092919133863e-192
3.154742779148625440e-192
1.437105819979406545e-192
6.546565860992447769e-193
2.982210772267859651e-193
1.358510901604480042e-193
6.188535991286572429e-194
2.819114492950858590e-194
1.284214317498595079e-194
5.850086675770675958e-195
2.664937903876549796e-195
1.213980992953809994e-195
5.530147059371738248e-196
2.519193189661536217e-196
1.147588709432629924e-196
5.227704851783073880e-197
2.381419213410465038e-197
1.084827401467752916e-197
4.941803124574157864e-198
2.251180057676377599e-198
1.025498492013787088e-198
4.671537283463856070e-199
2.128063645216892771e-199
9.694142641490164693e-200
4.416052206182010420e-200
2.011680435179491617e-200
9.163972671380044029e-201
4.174539536857768365e-201
1.901662190592750319e-201
8.662797549768266578e-202
3.946235128378689478e-202
1.797660813263095422e-202
8.189031556438022594e-203
3.730416624625124914e-203
1.699347242390228069e-203
7.741175693772461137e-204
3.526401174933765319e-204
1.606410413417980365e-204
7.317812943917806526e-205
3.333543273554305172e-205
1.518556273824313239e-205
6.917603785333363369e-206
3.151232717266918884e-206
1.435506852738074309e-206
6.539281954540033012e-207
2.978892674695952904e-207
1.356999381437649107e-207
6.181650439655782581e-208
2.815977861214103427e-208
1.282785461950112054e-208
5.843577693047244878e-209
2.661972813658794106e-209
1.212630281118643893e-209
5.523994051106651177e-210
2.516390259404867203e-210
1.146311867652856483e-210
5.221888349832317001e-211
2.378769574631345052e-211
1.083620389810420760e-211
4.936304725500231192e-212
2.248675326906586267e-212
1.024357491488945446e-212
4.666339590309006310e-213
2.125695897477624732e-213
9.683356646261533353e-214
4.411138773422995677e-214
2.009442178906831819e-214
9.153776559236952453e-215
4.169894818372683910e-215
1.899546343934442370e-215
8.653159060167495783e-216
3.941844428258023263e-216
1.795660681671100480e-216
8.179920193158013072e-217
3.726266050675263083e-217
1.697456497439791576e-217
7.732562628421052332e-218
3.522477594721083056e-218
1.604623072784040182e-218
7.309670924719605306e-219
3.329834272854514636e-219
1.516866682353589746e-219
6.909907050905397399e-220
3.147726560785656212e-220
1.433909664555797013e-220
6.532006152381060356e-221
2.975578268939391711e-221
1.355489543033704388e-221
6.174772549097226863e-222
2.812844719388338446e-222
1.281358196189369758e-222
5.837075952414134777e-223
2.659011022489916751e-223
1.211281072126237205e-223
5.517847888864291941e-224
2.513590447772722562e-224
1.145036446525658448e-224
5.216078319496608911e-225
2.376122883920175373e-225
1.082414721110630731e-225
4.930812444110803118e-226
2.246173382975727976e-226
1.023217760475671235e-226
4.661147680264188695e-227
2.123330784165841238e-227
9.672582651856222430e-228
4.406230807497329930e-228
2.007206412985549075e-228
9.143591791594442299e-229
4.165255267740875572e-229
1.897432851430670612e-229
8.643531294641194076e-230
3.937458613362845793e-230
1.793662775485888738e-230
8.170818967455816882e-231
3.722120094779264189e-231
1.695567856189259736e-231
7.723959146226142484e-232
3.518558380002178981e-232
1.602837720799240374e-232
7.301537964577733709e-233
3.326129398900481704e-233
1.515178970773164684e-233
6.902218880095700240e-234
3.144224305359749817e-234
1.432314253453221362e-234
6.524738445498820587e-235
2.972267550890553542e-235
1.353981384521465448e-235
6.167902311086967581e-236
2.809715063590583532e-236
1.279932518447522406e-236
5.830581445813577697e-237
2.656052526698842867e-237
1.209933364304275371e-237
5.511708565026626070e-238
2.510793751295227494e-238
1.143762444470505472e-238
5.210274753576029934e-239
2.373479137996981602e-239
1.081210393874229881e-239
4.925326273599435322e-240
2.243674222783208504e-240
1.022079297561525167e-240
4.655961546895206196e-241
2.120968302350520395e-241
9.661820644922301759e-242
4.401328302322701947e-242
2.004973134644917213e-242
9.133418355832360616e-243
4.160620879213384406e-243
1.895321710462562528e-243
8.633914241255961203e-244
3.933077678257035925e-244
1.791667092231100673e-244
8.161727868050667921e-245
3.717978751798307465e-245
1.693681316297702806e-245
7.715365236523903880e-246
3.514643525919274235e-246
1.601054355250677046e-246
7.293414053411566416e-247
3.322428647101041823e-247
1.513493136991587980e-247
6.894539263376915465e-248
3.140725946648946785e-248
1.430720617453196119e-248
6.517478824886636077e-249
2.968960516446550838e-249
1.352474904031911460e-249
6.161039717110897758e-250
2.806588889942338551e-250
1.278508426957765216e-250
5.824094165197103989e-251
2.653097322619640424e-251
1.208587155982785712e-251
5.505576071986290500e-252
2.508000166506794392e-252
1.142489859908300205e-252
5.204477644877188816e-253
2.370838333584899961e-253
1.080007406608480619e-253
4.919846207166139776e-254
2.241177843231374765e-254
1.020942101335407991e-254
4.650781183773961167e-255
2.118608449103417773e-255
9.651070612121599368e-256
4.396431251823065453e-256
2.002742341117065242e-256
9.123256239341477256e-257
4.155991647046221967e-257
1.893212918413513106e-257
8.624307888095107622e-258
3.928701617512088155e-258
1.789673629433843572e-258
8.152646883677596770e-259
3.713842016600770114e-259
1.691796875427471638e-259
7.706780888665448106e-260
3.510733027621392404e-260
1.599272973928545262e-260
7.285299181154598424e-261
3.318732012869196577e-261
1.511809178919305951e-261
6.886868191230327900e-262
3.137231480317108932e-262
1.429128754580444950e-262
6.510227281546366618e-263
2.965657161508388190e-263
1.350970099697793279e-263
6.154184758662984787e-264
2.803466194568780900e-264
1.277085919955113069e-264
5.817614102524531674e-265
2.650145406589549173e-265
1.207242445493241465e-265
5.499450402142511041e-266
2.505209689944979220e-266
1.141218691262157274e-266
5.198686986216767919e-267
2.368200467411655179e-267
1.078805757822737279e-267
4.914372238020454963e-268
2.238684241226911582e-268
1.019806170388196746e-268
4.645606584481360085e-269
2.116251221500390976e-269
9.640332540130239657e-270
4.391539649928882474e-270
2.000514029637088215e-270
9.113105429526592437e-271
4.151367565501794833e-271
1.891106472669828862e-271
8.614712223251280664e-272
3.924330425703748238e-272
1.787682384623162933e-272
8.143576003080462369e-273
3.709709884059470504e-273
1.689914531242938698e-273
7.698206092011101708e-274
3.506826880261756757e-274
1.597493574624953051e-274
7.277193337749039194e-275
3.315039491624369707e-275
1.510127094469691986e-275
6.879205654150553409e-276
3.133740902034171841e-276
1.427538662862458299e-276
6.502983806492478113e-277
2.962357481982810662e-277
1.349466969654476638e-277
6.147337427249109081e-278
2.800346973600514270e-278
1.275664995676473247e-278
5.811141249764300949e-279
2.647196774949885063e-279
1.205899231168972784e-279
5.493331547902967416e-280
2.502422318151191840e-280
1.139948936956425813e-280
5.192902770417079734e-281
2.365565536207535836e-281
1.077605446027643627e-281
4.908904359377795420e-282
2.236193413679180597e-282
1.018671503311987555e-282
4.640437742603863965e-283
2.113896616619828067e-283
9.629606415642457169e-284
4.386653490578871707e-284
1.998288197443839414e-284
9.102965913809628714e-285
4.146748628850309032e-285
1.889002370621370650e-285
8.605127234834295646e-286
3.919964097415582206e-286
1.785693355331666442e-286
8.134515215019351351e-287
3.705582349052933672e-287
1.688034281411076665e-287
7.689640835933032911e-288
3.502925078998984098e-288
1.595716155134465352e-288
7.269096513148289661e-289
3.311351078789574345e-289
1.508446881557753222e-289
6.871551642639659489e-290
3.130254207473817294e-290
1.425950340328432860e-290
6.495748390747208823e-291
2.959061473780106354e-291
1.347965512038941823e-291
6.140497714382504139e-292
2.797231223171491859e-292
1.274245652361149477e-292
5.804675598895764538e-293
2.644251424046939667e-293
1.204557511345574648e-293
5.487219501685661211e-294
2.499638047671541156e-294
1.138680595417727755e-294
5.187124990310783024e-295
2.362933536707544647e-295
1.076406469735501023e-295
4.903442564461126223e-296
2.233705357500985003e-296
1.017538098700443895e-296
4.635274651735072940e-297
2.111544631543369759e-297
9.618892225362908625e-298
4.381772767716495715e-298
1.996064841778336283e-298
9.092837679622366309e-299
4.142134831366929428e-299
1.886900609660256384e-299
8.595552910964262231e-300
3.915602627235845926e-300
1.783706539094097544e-300
8.125464508264074069e-301
3.701459406466646838e-301
1.686156123602029035e-301
7.681085109817858557e-302
3.499027618998271573e-302
1.593940713254645238e-302
7.261008697319409587e-303
3.307666769794422601e-303
1.506768538101503653e-303
6.863906147213398506e-304
3.126771392314544574e-304
1.424363785009759739e-304
6.488521025342795627e-305
2.955769132815115176e-305
1.346465724990242475e-305
6.133665611585846231e-306
2.794118939419970098e-306
1.272827888249824228e-306
5.798217141904563606e-307
2.641309350229863648e-307
1.203217284360084037e-307
5.481114255915157173e-308
2.496856875055128313e-308
1.137413665074045906e-308
5.181353638736738812e-309
2.360304465649512188e-309
1.075208827460635581e-309
4.897986846502625806e-310
2.231220069609315963e-310
1.016405955149114162e-310
4.630117305477403889e-311
2.109195263356687533e-311
9.608189956014477780e-312
4.376897475296052808e-312
1.993843959885518566e-312
9.082720714422005376e-313
4.137526167351972486e-313
1.884801187172459892e-313
8.585989239761250768e-314
3.911246009687612372e-314
1.781721933463151376e-314
8.116423869578846841e-315
3.697341051158001859e-315
1.684280053356930050e-315
7.672538890375629017e-316
3.495134507845167381e-316
1.592167205326069723e-316
7.252929629054562504e-317
3.303986438256939188e-317
1.505091939552022997e-317
6.856267543093980193e-318
3.123295268062940979e-318
1.422780602954871323e-318
6.481301361839224540e-319
2.952486892982705223e-319
1.344994907673625467e-319
6.126908074077298394e-320
2.790976833357201728e-320
1.271230906749527358e-320
5.790449369259409498e-321
2.638310548792256546e-321
1.200579519394229102e-321
5.484128668837836640e-322
2.470328229206232721e-322
1.136350985434867052e-322
4.940656458412465442e-323
2.470328229206232721e-323
9.881312916824930884e-324
4.940656458412465442e-324
4.940656458412465442e-324
0.000000000000000000e+00
0.000000000000000000e+00
0.000000000000000000e+00
0.000000000000000000e+00
0.000000000000000000e+00
0.000000000000000000e+00
0.000000000000000000e+00
0.000000000000000000e+00
0.000000000000000000e+00
0.000000000000000000e+00
0.000000000000000000e+00
0.000000000000000000e+00
0.000000000000000000e+00
0.000000000000000000e+00
0.000000000000000000e+00
0.000000000000000000e+00
0.000000000000000000e+00
0.000000000000000000e+00
0.000000000000000000e+00
0.000000000000000000e+00
0.000000000000000000e+00
0.000000000000000000e+00
0.000000000000000000e+00
0.000000000000000000e+00
0.000000000000000000e+00
0.000000000000000000e+00
0.000000000000000000e+00
0.000000000000000000e+00
0.000000000000000000e+00
0.000000000000000000e+00
0.000000000000000000e+00
0.000000000000000000e+00
0.000000000000000000e+00
0.000000000000000000e+00
0.000000000000000000e+00
0.000000000000000000e+00
0.000000000000000000e+00
0.000000000000000000e+00
0.000000000000000000e+00
0.000000000000000000e+00
0.000000000000000000e+00
0.000000000000000000e+00
0.000000000000000000e+00
0.000000000000000000e+00
0.000000000000000000e+00
0.000000000000000000e+00
0.000000000000000000e+00
0.000000000000000000e+00
0.000000000000000000e+00
0.000000000000000000e+00
0.000000000000000000e+00
0.000000000000000000e+00
