4.949292701751459300e-01
2.365185846065494535e-01
1.130283542221882098e-01
5.401439755539059334e-02
2.581259510809590096e-02
1.233541604405067466e-02
5.894893107128860478e-03
2.817072778119636758e-03
1.346232899053857778e-03
6.433426330237271675e-04
3.074428977012722605e-04
1.469219207542692683e-04
7.021157736776837766e-05
3.355296181238407057e-05
1.603441040052919970e-05
7.662581870721917501e-06
3.661822259680865192e-06
1.749924827913254753e-06
8.362603879124675390e-07
3.996351301703905902e-07
1.909790773002892408e-07
9.126577023125828944e-08
4.361441543048137997e-08
2.084261414243899548e-08
9.960343615817284670e-09
4.759884929364357346e-09
2.274670976693102503e-09
1.087027970001979622e-09
5.194728466991160629e-10
2.482475574728696886e-10
1.186334380763902482e-10
5.669297524251700461e-11
2.709264347357978455e-11
1.294713017347574654e-11
6.187221261461393039e-12
2.956771610801139299e-12
1.412992681043152899e-12
6.752460384116575536e-13
3.226890121285154757e-13
1.542077889022673982e-13
7.369337431500618016e-14
3.521685549472114015e-14
1.682955791432016367e-14
8.042569832332476394e-15
3.843412277211758758e-15
1.836703720400026403e-15
8.777305980243742408e-16
4.194530637420570410e-16
2.004497428694087266e-16
9.579164604963011788e-17
4.577725728925343853e-17
2.187620081025410497e-17
1.045427774028989531e-17
4.995927950153577236e-18
2.387472066763131896e-18
1.140933761744702445e-18
5.452335408697646421e-19
2.605581709097509851e-19
1.245164784241537673e-19
5.950438378124384949e-20
2.843616952548438552e-20
1.358917924862147183e-20
6.494045989058676291e-21
3.103398118196668027e-21
1.483063085209635533e-21
7.087315358654663062e-22
3.386911824180567702e-22
1.618549637524756201e-22
7.734783381215814391e-23
3.696326177912309006e-23
1.766413684796972980e-23
8.441401423075444479e-24
4.034007356192485490e-24
1.927785984129432490e-24
9.212573187059293588e-25
4.402537700016057973e-25
2.103900593950085268e-25
1.005419603608931532e-25
4.804735462445160294e-26
2.296104311196367776e-26
1.097270609194276577e-26
5.243676360566749523e-27
2.505866970642447183e-27
1.197512745404841517e-27
5.722717096348439875e-28
2.734792685130640885e-28
1.306912591470986903e-28
6.245521026263116717e-29
2.984632112664200874e-29
1.426306758153100345e-29
6.816086175985236495e-30
3.257295844171419275e-30
1.556608285534590306e-30
7.438775814394283470e-31
3.554869014320667907e-31
1.698813625290870183e-31
8.118351820694058444e-32
3.879627247119698178e-32
1.854010260829861112e-32
8.860011099814705491e-33
4.234054058239301279e-33
2.023385023577184328e-33
9.669425324576366823e-34
4.620859847141800698e-34
2.208233169003021924e-34
1.055278430853366990e-34
5.043002624252405791e-35
2.409968281797513345e-35
1.151684334118515816e-35
5.503710631679806492e-36
2.630133085942298800e-36
1.256897484753302817e-36
6.006507030472894795e-37
2.870411242345794133e-37
1.371722476704808831e-37
6.555236843203871154e-38
3.132640224261975818e-38
1.497037408318539046e-38
7.154096357915078612e-39
3.418825368954541430e-39
1.633800597398369437e-39
7.807665218289662806e-40
3.731155213063342274e-40
1.783057909726767678e-40
8.520941445448294658e-41
4.072018228947177273e-41
1.945950757088642897e-41
9.299379659194017631e-42
4.444021089989593825e-42
2.123724825961560819e-42
1.014893279099182274e-42
4.850008604548534527e-43
2.317739603623489333e-43
1.107609760767593105e-43
5.293085470989496304e-44
2.529478774526507629e-44
1.208796439401539663e-44
5.776640020169212205e-45
2.760561566440534716e-45
1.319227117407498043e-45
6.304370126935132288e-46
3.012755133134151635e-46
1.439746288601683109e-46
6.880311488793075386e-47
3.287988068286286226e-47
1.571275596286905199e-47
7.508868487997813592e-48
3.588365153973368444e-48
1.714820881312798863e-48
8.194847873077491786e-49
3.916183456517691043e-49
1.871479874017891041e-49
8.943495517363793725e-50
4.273949892786376982e-50
2.042450588875903197e-50
9.760536535630443678e-51
4.664400401275268431e-51
2.229040486042461569e-51
1.065221906562303037e-51
5.090520864584300291e-52
2.432676469863085286e-52
1.162536204928960618e-52
5.555569943284295077e-53
2.654915800803766906e-53
1.268740737910805208e-53
6.063103995791964960e-54
2.897458004250894361e-54
1.384647680828866220e-54
6.617004274822756003e-55
3.162157867249853216e-55
1.511143406005730835e-55
7.221506608399096856e-56
3.451039622572660673e-56
1.649195261098937906e-56
7.881233792394589008e-57
3.766312428583575146e-57
1.799858966675011825e-57
8.601230942326919824e-58
4.110387263281745882e-58
1.964286689595336361e-58
9.387004074747299762e-59
4.485895361713858753e-59
2.143735853953830051e-59
1.024456221326405081e-59
4.895708337753909279e-60
2.339578756944980365e-60
1.118046334120324038e-60
5.342960144125328513e-61
2.553313063198925603e-61
1.220186455231312156e-61
5.831071038600321874e-62
2.786573257835313224e-62
1.331657678303055239e-62
6.363773739654315266e-63
3.041143145821021753e-63
1.453312454486609606e-63
6.945141971591153342e-64
3.318969493218697509e-64
1.586081111368896127e-64
7.579621617436479929e-65
3.622176914642463297e-65
1.730978967444362418e-65
8.272064717828458712e-66
3.953084120771892079e-66
1.889114096534864935e-66
9.027766575910845397e-67
4.314221650170539363e-67
2.061695801535813815e-67
9.852506251973068253e-68
4.708351221012316623e-68
2.250043862288141529e-68
1.075259075751825220e-68
5.138486850700225315e-69
2.455598628298771875e-69
1.173490328671548841e-69
5.607917904888770233e-70
2.679932033489593981e-70
1.280695585408418392e-70
6.120234252168147954e-71
2.924759617209738371e-71
1.397694674093593915e-71
6.679353716779529418e-72
3.191953643436990011e-72
1.525382318989301058e-72
7.289552039294968106e-73
3.483557418496741931e-73
1.664734982691435800e-73
7.955495574384684417e-74
3.801800916788152047e-74
1.816818333408316961e-74
8.682276975716242900e-75
4.149117834012339905e-75
1.982795394418936874e-75
9.475454140879294382e-76
4.528164198314602854e-76
2.163935438032187989e-76
1.034109271416123955e-76
4.941838681662411657e-77
2.361623692062257936e-77
1.128581247219798869e-77
5.393304766789472862e-78
2.577371933046854124e-78
1.231683794723178630e-78
5.886014939218583514e-79
2.812830047219371352e-79
1.344205367509700621e-79
6.423737089370698614e-80
3.069798647642862811e-80
1.467006449044041773e-80
7.010583326659675690e-81
3.350242843994787443e-81
1.601026133025924426e-81
7.651041425927171562e-82
3.656307270301386577e-82
1.747289304898661832e-82
8.350009146691614523e-83
3.990332485545622744e-83
1.906914479430128662e-83
9.112831687666158991e-84
4.354872872565699794e-84
2.081122354303701390e-84
9.945342562963913634e-85
4.752716172125185939e-85
2.271245145129306101e-85
1.085390821258937543e-85
5.186904801533643018e-86
2.478736773263571017e-86
1.184547668835680578e-86
5.660759120850803271e-87
2.705183984346823348e-87
1.292763078755850376e-87
6.177902824594307214e-88
2.952318482583870641e-88
1.410864604070387001e-88
6.742290653129376710e-89
3.222030173563639721e-89
1.539755399677967036e-89
7.358238635659057309e-90
3.516381616887203892e-90
1.680421128999592796e-90
8.030457096087038929e-91
3.837623799129946501e-91
1.833937501617967557e-91
8.764086674163765501e-92
4.188213347755241572e-92
2.001478499525378856e-92
9.564737637372991094e-93
4.570831317622256698e-93
2.184325354887001772e-93
1.043853278419466464e-93
4.988403693750124633e-94
2.383876347976658603e-94
1.139215426682953262e-94
5.444123767132436677e-95
2.601657500210791983e-95
1.243289469146009399e-95
5.941476554712064598e-96
2.839334244055151403e-96
1.356871288681656762e-96
6.484265450266975483e-97
3.098724159045078726e-97
1.480829476753539978e-97
7.076641310008905479e-98
3.381810871317547780e-98
1.616111975773834270e-98
7.723134195325495911e-99
3.690759222946004945e-99
1.763753328280283385e-99
8.428688015407217764e-100
4.027931827084702401e-100
1.924882588367879202e-100
9.198698334682129664e-101
4.395907135522105967e-101
2.100731955876383021e-101
1.003905363418509650e-101
4.797499156811638482e-102
2.292646199362328863e-102
1.095618034239240721e-102
5.235778975771153094e-103
2.502092939914168567e-103
1.195709197989289385e-103
5.714098238913512529e-104
2.730673874455543525e-104
1.304944279370955259e-104
6.236114785411932183e-105
2.980137024362342711e-105
1.424158629143776217e-105
6.805820619602550613e-106
3.252390103064312881e-106
1.554263912281621518e-106
7.427572438942671926e-107
3.549515104854537614e-107
1.696255079726206480e-107
8.106124950874919133e-108
3.873784226474059217e-108
1.851217977050691398e-108
8.846667233386496502e-109
4.227677243225527814e-109
2.020337648220282865e-109
9.654862417316284824e-110
4.613900472498914759e-110
2.204907397949483233e-110
1.053689099387837507e-110
5.035407469725209907e-111
2.406338681959969887e-111
1.149949807857887984e-111
5.495421615029300425e-112
2.626171900770764038e-112
1.255004499297430532e-112
5.997460763305446949e-113
2.866088179566257833e-113
1.369656555872427383e-113
6.545364146222208735e-114
3.127922224222285785e-114
1.494782753444003464e-114
7.143321731885631195e-115
3.413676351808668927e-115
1.631339966514659703e-115
7.795906266679408984e-116
3.725535802858764396e-116
1.780372485711680614e-116
8.508108244314604858e-117
4.065885452506194455e-117
1.943020003764925847e-117
9.285374069512392248e-118
4.437328048281078724e-118
2.120526331051297213e-118
1.013364770815967465e-118
4.842704114038728755e-119
2.314248907354861677e-119
1.105941614245470276e-119
5.285113672227214027e-120
2.525669182583525278e-120
1.206975897864452160e-120
5.767939950613558093e-121
2.756403945824134778e-121
1.317240258672784658e-121
6.294875254757198336e-122
3.008217689374300652e-122
1.437577918613255724e-122
6.869949204089650676e-123
3.283036102300411477e-123
1.568909132922203821e-123
7.497559547523144127e-124
3.582960796713396695e-124
1.712238227574473437e-124
8.182505794248821772e-125
3.910285379374851175e-125
1.868661279641329642e-125
8.930025916903870946e-126
4.267512991539944099e-126
2.039374499293435584e-126
9.745836407793915383e-127
4.657375451168422831e-127
2.225683377549642422e-127
1.063617599448270791e-127
5.082854143888082715e-128
2.429012669726584759e-128
1.160785334906089874e-128
5.547202822473498387e-129
2.650917290934540109e-129
1.266829915593787363e-129
6.053972489188839929e-130
2.893094206942418843e-130
1.382562293632963666e-130
6.607038551281040763e-131
3.157395411341963029e-131
1.508867506400568630e-131
7.210630457285141451e-132
3.445842088253251721e-132
1.646711444653265848e-132
7.869364040784528430e-133
3.760640068875699079e-133
1.797148238960299521e-133
8.588276818960510187e-134
4.104196700088024140e-134
1.961328320929949675e-134
9.372866515874816853e-135
4.479139254092276368e-135
2.140507220877551035e-135
1.022913310507793014e-135
4.888335019888585302e-136
2.336055169211304394e-136
1.116362469306276362e-136
5.334913230222935592e-137
2.549467574961918927e-137
1.218348759443689253e-137
5.822288991693618352e-138
2.782376461586857806e-138
1.329652098175951264e-138
6.354189401011142684e-139
3.036562947504142649e-139
1.451123652796335494e-139
6.934682047133773780e-140
3.313970866795015894e-140
1.583692349745916327e-140
7.568206117241277401e-141
3.616721634238778863e-141
1.728371978370439520e-141
8.259606344420493112e-142
3.947130468356247432e-142
1.886268943646420957e-142
9.014170056676373593e-143
4.307724096522692613e-143
2.058590727164984995e-143
9.837667610584160053e-144
4.701260077549439893e-144
2.246655121075773257e-144
1.073639651879675404e-144
5.130747889494908492e-145
2.451900305607210891e-145
1.171722960885642150e-145
5.599471943972901805e-146
2.675895847226465672e-146
1.278766758160384196e-146
6.111016702951760945e-147
2.920354701546880516e-147
1.395589637110145582e-147
6.669294090124319978e-148
3.187146312770784868e-148
1.523084974472772108e-148
7.278573406464847256e-149
3.478310909845258915e-149
1.662227762215395243e-149
7.943513978750450847e-150
3.796075108654313837e-150
1.814082063567094295e-150
8.669200790714726146e-151
4.142868939564096881e-151
1.979809150203210808e-151
9.461183369321778764e-152
4.521344430534788542e-152
2.160676382809840028e-152
1.032551822352600928e-152
4.934395887907983508e-153
2.358066902940263225e-153
1.126881516006495812e-153
5.385182029966093211e-154
2.573490210278909397e-154
1.229828783047299373e-154
5.877150142520246844e-155
2.808593706202051107e-155
1.342180889585908306e-155
6.414062441255158671e-156
3.065175291909451631e-156
1.464797023131906857e-156
7.000024842427445660e-157
3.345197117470442125e-157
1.598614863036881504e-157
7.639518361940455613e-158
3.650800586925289016e-158
1.744657751186895773e-158
8.337433382905922932e-159
3.984322734192897901e-159
1.904042517779418327e-159
9.099107053751702503e-160
4.348314095012287500e-160
2.077988022032075507e-160
9.930364102864043993e-161
4.745558211592455605e-161
2.267824473134490302e-161
1.083756138189312643e-161
5.179092919125398034e-162
2.475003602724632802e-162
1.182763647834688987e-162
5.652233576950245239e-163
2.701109766680029083e-163
1.290816076923507897e-163
6.168598422018433219e-164
2.947872061124425855e-164
1.408739732147213531e-164
6.732136238548666021e-165
3.217177545301650797e-165
1.537436408183041513e-165
7.347156555468077186e-166
3.511085672437628567e-166
1.677890283966068729e-166
8.018362602565479520e-167
3.831844038946759172e-167
1.831175448976718919e-167
8.750887277387621309e-168
4.181905572420009862e-168
1.998464117099023132e-168
9.550332397919166063e-169
4.563947289839193312e-169
2.181035590862669029e-169
1.042281154122898905e-169
4.980890769462475971e-170
2.380286044622520358e-170
1.137499679567587820e-170
5.435924492938663780e-171
2.597739201488103301e-171
1.241416978420964792e-171
5.932528228503526909e-172
2.835057985654244351e-172
1.354827734894555783e-172
6.474499641727880796e-173
3.094057239239862434e-173
1.478599232285655915e-173
7.065983337311233671e-174
3.376717600886529822e-174
1.613677985331293502e-174
7.711502554016404870e-175
3.685200652247190919e-175
1.761096978467654590e-175
8.415993755120683760e-176
4.021865448196908542e-176
1.921983565346317847e-176
9.184844378912938681e-177
4.389286557174473552e-177
2.097568090018269527e-177
1.002393403791669913e-177
4.790273749617817125e-178
2.289193295713926960e-178
1.093967948190724555e-178
5.227893485051723150e-179
2.498324593170012049e-179
1.193908366856551431e-179
5.705492362148779899e-180
2.726561267029895773e-180
1.302978931702198345e-180
6.226722711091703347e-181
2.975648706013347814e-181
1.422013735383921657e-181
6.795570523947001468e-182
3.247491750385202826e-182
1.551923069837248467e-182
7.416385936646412127e-183
3.544169258792890651e-183
1.693700387530334197e-183
8.093916495673418522e-184
3.867950005872255716e-184
1.848429898668286105e-184
8.833343463859888608e-185
4.221310032191512840e-185
2.017294862447835541e-185
9.640321442928329642e-186
4.606951579215997946e-186
2.201586635766016169e-186
1.052102161579187442e-186
5.027823754092052068e-187
2.402714548582329115e-187
1.148217893928817403e-187
5.487145082283289231e-188
2.622216681452644742e-188
1.253114364825086421e-188
5.988428120520478919e-189
2.861771627655715935e-189
1.367593746477739051e-189
6.535506318291118268e-190
3.123211329857885887e-190
1.492531494255181551e-190
7.132563333282247527e-191
3.408535089483446672e-191
1.628883041532586304e-191
7.784165024965439655e-192
3.719924855923612199e-192
1.777691106154183269e-192
8.495294370980586699e-193
4.059761912503767283e-193
1.940093664383970515e-193
9.271389573338966624e-194
4.430645086814273853e-194
2.117332653323266536e-194
1.011838564585272250e-194
4.835410624660183075e-195
2.310763468346484178e-195
1.104275980081820382e-195
5.277153879614736710e-196
2.521865328182532896e-196
1.205158098204606297e-196
5.759252984039668587e-197
2.752252586908191385e-197
1.315256392301975233e-197
6.285394682595719565e-198
3.003687079357843659e-198
1.435412814358910263e-198
6.859602525793547124e-199
3.278091594360706168e-199
1.566546233635481618e-199
7.486267639193604433e-200
3.577564578836113087e-200
1.709659463513677358e-200
8.170182303551294270e-201
3.904396185195550494e-201
1.865846930287287277e-201
8.916576602710534661e-202
4.261085784768173731e-202
2.036303042541454349e-202
9.731158419494108514e-203
4.650361081183164929e-203
2.222331325123706939e-203
1.062015708545640373e-203
5.075198969869981531e-204
2.425354387558230895e-204
1.159037101829853153e-204
5.538848303197985015e-205
2.646924803132367447e-205
1.264921971123874046e-205
6.044854735345849514e-206
2.888736981852351533e-206
1.380480047192476621e-206
6.597087836894483799e-207
3.152640128063584348e-207
1.506595034477359271e-207
7.199770686501218055e-208
3.440652381824985338e-208
1.644231369028608816e-208
7.857512165944398673e-209
3.754976252183003803e-209
1.794441593812492587e-209
8.575342205512798830e-210
4.098015460364379844e-210
1.958374407798013249e-210
9.358750249266274833e-211
4.472393321694959421e-211
2.137283450374019627e-211
1.021372723432953462e-211
4.880972806813669697e-212
2.332536888275183860e-212
1.114681140523688264e-212
5.326878435599144625e-213
2.545627878329406160e-213
1.216513831369047758e-213
5.813520171233035202e-214
2.778185986040176136e-214
1.327649538608719389e-214
6.344619497128424979e-215
3.031989647322390895e-215
1.448938147611754178e-215
6.924237876137279695e-216
3.308979768692037385e-216
1.581307185783849983e-216
7.556807809677797217e-217
3.611274569912257563e-217
1.725768915625004431e-217
8.247166734292474568e-218
3.941185782604493415e-218
1.883428075779816252e-218
9.000594014858296045e-219
4.301236328696322800e-219
2.055490329277816148e-219
9.822851317344862417e-220
4.694179613900632046e-220
2.243271483571404810e-220
1.072022666985911541e-220
5.123020583767901826e-221
2.448207552877520835e-221
1.169958254893169445e-221
5.591038703331492580e-222
2.671865739774200425e-222
1.276840835876336026e-222
6.101813036081864023e-223
2.915956420029665383e-223
1.393487770476340767e-223
6.659249614049949490e-224
3.182346222318881849e-224
1.520791089935879830e-224
7.267611308310405458e-225
3.473072302844320312e-225
1.659724317808520374e-225
7.931550428331054256e-226
3.790357924033468466e-226
1.811349914761207064e-226
8.656144299465990484e-227
4.136629456437576929e-227
1.976827403503739001e-227
9.446934090657410653e-228
4.514534933856011597e-228
2.157422235978359349e-228
1.030996718928666703e-228
4.926964303580198214e-229
2.354515470619365340e-229
1.125184344720780477e-229
5.377071526616688641e-230
2.569614333687700756e-230
1.227976565163373422e-230
5.868298696895823840e-231
2.804363745444242888e-231
1.340159460683427265e-231
6.404402363912260234e-232
3.060558899309856493e-232
1.462590924787189726e-232
6.989482260094599864e-233
3.340158990202934332e-233
1.596207224608148465e-233
7.628012652585553534e-234
3.645302197042921860e-234
1.742030160799725731e-234
8.324876559199933226e-235
3.978322033993541728e-235
1.901174881526577483e-235
9.085403090204066098e-236
4.341765195488443832e-236
2.074858410308962501e-236
9.915408201490808213e-237
4.738411031505098342e-237
2.264408952938111124e-237
1.082123917079643212e-237
5.171292802020325772e-238
2.471276054630995897e-238
1.180982313708202818e-238
5.643720873182638295e-239
2.697041685102124574e-239
1.288872007427343778e-239
6.159308032597494087e-240
2.943432336321749677e-240
1.406618060446607649e-240
6.721997117307172471e-241
3.212332225475578450e-241
1.535120909269874014e-241
7.336091165752345451e-242
3.505797704092660331e-242
1.675363250582275551e-242
8.006286324292438310e-243
3.826072983532009541e-243
1.828417556201865722e-243
8.737707759930537220e-244
4.175607297085583624e-244
1.995454274567200829e-244
9.535948853877342420e-245
4.557073629938121124e-245
2.177750781478987727e-245
1.040711397567816092e-245
4.973389160223933638e-246
2.376701148544722532e-246
1.135786516500973626e-246
5.427737567489949089e-247
2.593826804028312111e-247
1.239547307812787614e-247
5.923593379170675589e-248
2.830788167631134939e-248
1.352787258858616768e-248
6.464748541256670929e-249
3.089397348179258830e-249
1.476372346739512781e-249
7.055341416350122153e-250
3.371632001317461244e-250
1.611247660667788405e-250
7.699888430863718511e-251
3.679650453188767369e-251
1.758444629324578308e-251
8.403318613378569399e-252
4.015808205747730382e-252
1.919088908479103090e-252
9.171011288279863291e-253
4.382675949933090312e-253
2.094408989188430513e-253
1.000883721293784401e-253
4.783059224449558218e-254
2.285745592407277374e-254
1.092320347300311710e-254
5.220019870495167436e-255
2.494561921849471867e-255
1.192110247915651941e-255
5.696899446504385133e-256
2.722454853511333703e-256
1.301016543999986986e-256
6.217344781966000541e-257
2.971167147421350040e-257
1.419872072001039979e-257
6.785335865733627108e-258
3.242600775006450440e-258
1.549585752883820710e-258
7.405216282093851244e-259
3.538831463991462403e-259
1.691149542899636047e-259
8.081726427356282639e-260
3.862124572060847021e-260
1.845646019349016824e-260
8.820039760967130808e-261
4.214952410672972042e-261
2.014256659347742827e-261
9.625802368379478108e-262
4.600013151506912114e-262
2.198270874909029153e-262
1.050517613822413043e-262
5.020251460125138011e-263
2.399095873431608580e-263
1.146488588396945665e-263
5.478881014640039269e-264
2.618267419002565472e-264
1.251227077042254009e-264
5.979409081599034755e-265
2.857461576808376682e-265
1.365534043834579907e-265
6.525663337015906980e-266
3.118507530467121592e-266
1.490283625638032762e-266
7.121821137664248431e-267
3.403401570299510417e-267
1.626429816870888963e-267
7.772441466475495859e-268
3.714322359511330914e-268
1.775013764963133618e-268
8.482499796337311900e-269
4.053647595029504423e-269
1.937171732297815377e-269
9.257426138905409868e-270
4.423972190407928278e-270
2.114143785522507846e-270
1.010314656939853845e-270
4.828128119844682213e-271
2.307283278680578709e-271
1.102612854492946160e-271
5.269206075069268162e-272
2.518067202682381235e-272
1.203343036292623849e-272
5.750579100713682447e-273
2.748107480261627409e-273
1.313275513788430044e-273
6.275928388913934650e-274
2.999163292792929117e-274
1.433250970920034260e-274
6.849271430400401874e-275
3.273154533235051875e-275
1.564186893059025816e-275
7.474992737356183987e-276
3.572176488083226533e-276
1.707084583272301699e-276
8.157877372990548888e-277
3.898515860600908594e-277
1.863036819562456939e-277
8.903147544231848221e-278
4.254668257869889575e-278
2.033236211642209317e-278
9.716502537387849622e-279
4.643357275385143550e-279
2.218984321149666954e-279
1.060416230215469622e-279
5.067555325139872320e-280
2.421701615047740990e-280
1.157291501728655738e-280
5.530506366478862562e-281
2.642938328327771918e-281
1.263016900166857452e-281
6.035750713549237730e-282
2.884386319082623398e-282
1.378400936777222484e-282
6.587152109058785698e-283
3.147892006611822127e-283
1.504325985073767827e-283
7.188927271377889003e-284
3.435470491498595639e-284
1.641755028590718440e-284
7.845678140950839933e-285
3.749320965639151071e-285
1.791739025083080058e-285
8.562427072599353976e-286
4.091843530068941637e-286
1.955424943489313693e-286
9.344655242854134024e-287
4.465657549196465700e-287
2.134064535119943468e-287
1.019834456602176306e-287
4.873621681805035989e-288
2.329023906143902775e-288
1.113002343953130342e-288
5.318855742001832065e-289
2.541793964578925359e-289
1.214681666838789337e-289
5.804764557299007307e-290
2.774001821675876793e-290
1.325649995052086193e-290
6.335064006265568977e-291
3.027423234886723167e-291
1.446755933968194587e-291
6.913809434874943312e-292
3.303996187570960333e-292
1.578925614064474992e-292
7.545426668852815763e-293
3.605835709288640754e-293
1.723169773294799040e-293
8.234745859185677153e-294
3.935250050012472001e-294
1.880591486481260973e-294
8.987038419616029032e-295
4.294758331953586535e-295
2.052394600831217709e-295
9.808057338595449198e-296
4.687109813981527702e-296
2.239892942088519220e-296
1.070408117397333469e-296
5.115304915964564352e-297
2.444520361720906168e-297
1.168196206685362117e-297
5.582618163806980312e-298
2.667841701977180759e-298
1.274917814181244391e-298
6.092623230650737551e-299
2.911564762667298371e-299
1.391389069417228390e-299
6.649220265738466498e-300
3.177553361176684991e-300
1.518500660167668375e-300
7.256665719929135016e-301
3.467841585593129452e-301
1.657224643783804216e-301
7.919604895951249083e-302
3.784649349937503942e-302
1.808621880784107123e-302
8.643107472308970874e-303
4.130399370458125177e-303
1.973850147546912010e-303
9.432706272515417678e-304
4.507735692809321196e-304
2.154172990145572854e-304
1.029443957611488167e-304
4.919543911796926308e-305
2.350969387032407217e-305
1.123489729507074717e-305
5.368973238316693294e-306
2.565744294468212972e-306
1.226127136863767457e-306
5.859460582238222937e-307
2.800140155336459409e-307
1.338141076210232692e-307
6.394756835398926724e-308
3.055949459356708258e-308
1.460388148998314336e-308
6.978955555711041679e-309
3.335128450747287944e-309
1.593803212270311780e-309
7.616524271724194771e-310
3.639812088163747350e-310
1.739406527768502184e-310
8.312338647047224669e-311
3.972330371315880052e-311
1.898311564156989396e-311
9.071719765891954717e-312
4.335226159116613037e-312
2.071733512024366119e-312
9.900474824840408074e-313
4.731274615633992336e-313
2.260998576755818668e-313
1.080494154222446691e-313
5.163504432498586169e-314
2.467554120762155831e-314
1.179203662508728069e-314
5.635220993652855988e-315
2.692979732653562572e-315
1.286930865362019858e-315
6.150031630873347920e-316
2.938999296103755866e-316
1.404499581179970191e-316
6.711873399637355001e-317
3.207494429492852056e-317
1.532809022283716929e-317
7.325041968524613326e-318
3.500514388662732715e-318
1.672842048284501437e-318
7.994229182534289708e-319
3.820313199902854778e-319
1.825671374512574230e-319
8.724705239910572724e-320
4.169419985254279586e-320
1.992566749677747313e-320
9.520644995360820906e-321
4.550344598197880672e-321
2.173888841701484794e-321
