5.549853099777927179e-01
2.447858869372296353e-01
1.079670567245173407e-01
4.762074106316559891e-02
2.100395294827097845e-02
9.264157373527743752e-03
4.086117125326806446e-03
1.802252756370342724e-03
7.949148049897641639e-04
3.506109478586749641e-04
1.546430334253760363e-04
6.820798931994984809e-05
3.008431549757074847e-05
1.326920860710162398e-05
5.852614365548638487e-06
2.581396971443660708e-06
1.138569860916138056e-06
5.021859646258157309e-07
2.214978208401177684e-07
9.769545167093050659e-08
4.309027168297276467e-08
1.900571093080782285e-08
8.382798109118503090e-09
3.697378350858363044e-09
1.630792784395662888e-09
7.192894135433955161e-10
3.172550586353818581e-10
1.399308405415129305e-10
6.171892173722035106e-11
2.722219980716148493e-11
1.200682289130343863e-11
5.295817272827556724e-12
2.335811966335585450e-12
1.030250339276419813e-12
4.544097628048063053e-13
2.004252992310037970e-13
8.840105090148091679e-14
3.899081518386142490e-14
1.719757461250464114e-14
7.585288257196527340e-15
3.345622812587068162e-15
1.475644909537022225e-15
6.508587551621501783e-16
2.870725310902437218e-16
1.266183138091578452e-16
5.584720116197571650e-17
2.463237571088694115e-17
1.086453610096782219e-17
4.791991892079777219e-18
2.113591052609469485e-18
9.322359549594301056e-19
4.111788203522919041e-19
1.813575430199522647e-19
7.999088664648128133e-20
3.528136652020188561e-20
1.556145800751128523e-20
6.863650680335189325e-21
3.027332055834777627e-21
1.335257256395987872e-21
5.889383483129325321e-22
2.597614627833972378e-22
1.145722939262852771e-22
5.053409537686825021e-23
2.228893834666048010e-23
9.830922447829916013e-24
4.336098681421762075e-24
1.912511452999813297e-24
8.435463135391871633e-25
3.720607173198544185e-25
1.641038258963772183e-25
7.238083576202202270e-26
3.192482172181010679e-26
1.408099576689495243e-26
6.210667157832856034e-27
2.739322359294294115e-27
1.208225589527164802e-27
5.329088306220200168e-28
2.350486732085091076e-28
1.036722898973062193e-28
4.572645974060291836e-29
2.016844734962595778e-29
8.895643152829761814e-30
3.923577543213978211e-30
1.730561857431967567e-30
7.632942918582446743e-31
3.366641726681387677e-31
1.484915665783228755e-31
6.549477828346168232e-32
2.888760675938578003e-32
1.274137948331132273e-32
5.619806185051939654e-33
2.478712889676857865e-33
1.093279267493724128e-33
4.822097636678766731e-34
2.126869712893044030e-34
9.380927381506585855e-35
4.137620560565299615e-35
1.824969238858262315e-35
8.049343031889622334e-36
3.550302211425998360e-36
1.565922304779366880e-36
6.906771645281021532e-37
3.046351304560955542e-37
1.343646025584308243e-37
5.926383603117394304e-38
2.613934171838507226e-38
1.152920956907169067e-38
5.085157641674088432e-39
2.242896886014199478e-39
9.892685332044239745e-40
4.363340271641229229e-40
1.924526828368419289e-40
8.488459030303078460e-41
3.743981930884328898e-41
1.651348100844596341e-41
7.283556920155829312e-42
3.212538978427148429e-42
1.416945978599278389e-42
6.249685746230782851e-43
2.756532183764055965e-43
1.215816280796152093e-43
5.362568365265768107e-44
2.365253692220483825e-44
1.043236122600998044e-44
4.601373675387237247e-45
2.029515585384322197e-45
8.951530134033792745e-46
3.948227464601720190e-46
1.741434132357718287e-46
7.680896970930710515e-47
3.387792692347127980e-47
1.494244665663017052e-47
6.590624998708164276e-48
2.906909348364600216e-48
1.282142734758190649e-48
5.655112682540476633e-49
2.494285432133421052e-49
1.100147807162353320e-49
4.852392520967145301e-50
2.140231796513758790e-50
9.439863166501498515e-51
4.163615209690213808e-51
1.836434629251962677e-51
8.099913122775621949e-52
3.572607026215689628e-52
1.575760229807478825e-52
6.950163518188779464e-53
3.065490041937702499e-53
1.352087497312295196e-53
5.963616176788016227e-54
2.630356243567405021e-54
1.160164196180774303e-54
5.117105203492524431e-55
2.256987911694750813e-55
9.954836242294585982e-56
4.390753007466906068e-56
1.936617690472017411e-56
8.541787872538381836e-57
3.767503540756177911e-57
1.661722714426511382e-57
7.329315950919755337e-58
3.232721791791000630e-58
1.425847958131575186e-58
6.288949469362437293e-59
2.773850129155523023e-59
1.223454660671000924e-59
5.396258763170229780e-60
2.380113425954086458e-60
1.049790265631861674e-60
4.630281858830644687e-61
2.042266040570672779e-61
9.007768225844942787e-62
3.973032249406206000e-62
1.752374712476694762e-62
7.729152295168616687e-63
3.409076539199745553e-63
1.503632275092669191e-63
6.632030676645024779e-64
2.925172040035431621e-64
1.290197811348767086e-64
5.690640993508833078e-65
2.509955809268410936e-65
1.107059498511069543e-65
4.882877733217170178e-66
2.153677827579650431e-66
9.499169216248815744e-67
4.189773170499521889e-67
1.847972051093664080e-67
8.150800920843812884e-68
3.595051971262799146e-68
1.585659961713574837e-68
6.993828001041072780e-69
3.084749018653828565e-69
1.360582002684226895e-69
6.001082664534317969e-70
2.646881487152263851e-70
1.167452941189044823e-70
5.149253476238416313e-71
2.271167464407448501e-71
1.001737761635873668e-71
4.418337964123170130e-72
1.948784513556964364e-72
8.595451753842964796e-73
3.791172925414598041e-73
1.672162506638538949e-73
7.375362463324781592e-74
3.253031403913673765e-74
1.434805864453494071e-74
6.328459867289714586e-75
2.791276874739579328e-75
1.231141028755973456e-75
5.430160821389984135e-76
2.395066516137054015e-76
1.056385585142306310e-76
4.659371658271568407e-77
2.055096600639474620e-77
9.064359634119928942e-78
3.997992870558701604e-78
1.763384026917039791e-78
7.777710784040524685e-79
3.430494102066883769e-79
1.513078862287339764e-79
6.673696486233206382e-80
2.943549467278342173e-80
1.298303494051359924e-80
5.726392511502442430e-81
2.525724635729363272e-81
1.114014612640771582e-81
4.913554469166396134e-82
2.167208333491608305e-82
9.558847856940865342e-83
4.216095469000713141e-83
1.859581956921851797e-83
8.202008422093017262e-84
3.617637926937242776e-84
1.595621888800149522e-84
7.037766806512836555e-85
3.104128990114331303e-85
1.369129874884643932e-85
6.038784535924021061e-86
2.663510550771426706e-86
1.174787477822336703e-86
5.181603720880343534e-87
2.285436100324365819e-87
1.008031190733055780e-87
4.446096223589262866e-88
1.961027774848894926e-88
8.649452779104029593e-89
3.814991013256451468e-89
1.682667886966083763e-89
7.421698263477862175e-90
3.273468611409886979e-90
1.443820048925657800e-90
6.368218489750058468e-91
2.808813104054735461e-91
1.238875686537486519e-91
5.464275869683567426e-92
2.410113549282395448e-92
1.063022339823981949e-92
4.688644214714749129e-93
2.068007768850608336e-93
9.121306578573010897e-94
4.023110307102984461e-94
1.774462507502949206e-94
7.826574342181320981e-95
3.452046221021053587e-95
1.522584797775542384e-95
6.715624061753014596e-96
2.962042350920975556e-96
1.306460100799473131e-96
5.762368638822190184e-97
2.541592530025383154e-97
1.121013422355599794e-97
4.944423932064751953e-98
2.180823844963709348e-98
9.618901429384711001e-99
4.242583137647301261e-99
1.871264802117906071e-99
8.253537635062524850e-100
3.640365779139972180e-100
1.605646401809054116e-100
7.081981658039407955e-101
3.123630716470140434e-101
1.377731449191186948e-101
6.076723269757848861e-102
2.680244086675500949e-102
1.182168093766997717e-102
5.214157206309307418e-103
2.299794379111798271e-103
1.014364158371450372e-103
4.474028874642282338e-104
1.973347954571785679e-104
8.703793066431897657e-105
3.838958738511320596e-105
1.693239267467288835e-105
7.468325168832203114e-106
3.294034215899145889e-106
1.452890865116238251e-106
6.408226896216612741e-107
2.826459504933881084e-107
1.246658937396153152e-107
5.498605246163277824e-108
2.425255115587929376e-108
1.069700789993862062e-108
4.718100676332906847e-109
2.081000051625722795e-109
9.178611292864610422e-110
4.048385544233342663e-110
1.785610588771585073e-110
7.875744886192443588e-111
3.473733741412232377e-111
1.532150454413662463e-111
6.757815047751946411e-112
2.980651416319418615e-112
1.314667951524049982e-112
5.798570786578771213e-113
2.557560114551218784e-113
1.128056202173606781e-113
4.975487332721528710e-114
2.194524896044493204e-114
9.679332289093701483e-115
4.269237215379141986e-115
1.883021044924356649e-115
8.305390580909479865e-116
3.663236419337570708e-116
1.615733893937162669e-116
7.126474289882925729e-117
3.143254962647795147e-117
1.386387062988038682e-117
6.114900354126507162e-118
2.697082751212825796e-118
1.189595078516902544e-118
5.246915209387609499e-119
2.314242863952118576e-119
1.020736912952458123e-119
4.502137012899142502e-120
1.985745535966570469e-120
8.758474747244931138e-121
3.863077041277769579e-121
1.703877062789009969e-121
7.515245008260029700e-122
3.314729024036861676e-122
1.462018668814662322e-122
6.448486655960654945e-123
2.844216769530982917e-123
1.254491086618543358e-123
5.533150297348740731e-124
2.440491808959192452e-124
1.076421197604334568e-124
4.747742198512702050e-125
2.094073958567886924e-125
9.236276024687880561e-126
4.073819573334015317e-126
1.796828707989941247e-126
7.925224344716177924e-127
3.495557513901717812e-127
1.541776207400429550e-127
6.800271099109390845e-128
2.999377393386813055e-128
1.322927368165891910e-128
5.835000374748197196e-129
2.573628015611822913e-129
1.135143228337410634e-129
5.006745889552942915e-130
2.208312024137418693e-130
9.740142806378907196e-131
4.296058747663240906e-131
1.894851146462434753e-131
8.357569293489669805e-132
3.686250744597270268e-132
1.625884760851429409e-132
7.171246447201646350e-133
3.163002498379497961e-133
1.395097055778844078e-133
6.153317286470166357e-134
2.714027204855258811e-134
1.197068723384540400e-134
5.279879014999901399e-135
2.328782121565899586e-135
1.027149704437949511e-135
4.530421740860361945e-136
1.998221005310150645e-136
8.813499966351156319e-137
3.887346867560868541e-137
1.714581690183126808e-137
7.562459622122628894e-138
3.335553847546545401e-138
1.471203818045608844e-138
6.488999348111697434e-139
2.862085594348714840e-139
1.262372441409194347e-139
5.567912378218481410e-140
2.455824227033146830e-140
1.083183826253506454e-140
4.777569943898988998e-141
2.107230002481935832e-141
9.294303035857138975e-142
4.099413392017165701e-142
1.808117305172299472e-142
7.975014658511532423e-143
3.517518394494696556e-143
1.551462434291894090e-143
6.842993881101534046e-144
3.018221016622159136e-144
1.331238674688508754e-144
5.871658832227835873e-145
2.589796863447059086e-145
1.142274778825224245e-145
5.038200828630208586e-146
2.222185770022374145e-146
9.801335366443720767e-147
4.323048786535010019e-147
1.906755570750530816e-147
8.410075819436370320e-148
3.709409657622350291e-148
1.636099400704728787e-148
7.216299886117611512e-149
3.182874098233479987e-149
1.403861769200302871e-149
6.191975573636509152e-150
2.731078112224234006e-150
1.204589321512675198e-150
5.313049916102987131e-151
2.343412722234275416e-151
1.033602784360269786e-151
4.558884167952804009e-152
2.010774851934580393e-152
8.868870882034135437e-153
3.911769169308867466e-153
1.725353569523007179e-153
7.609970862344015020e-154
3.356509503251279230e-154
1.480446673083134667e-154
6.529766561720702495e-155
2.880066680265455095e-155
1.270303310902731237e-155
5.602892852264160392e-156
2.471252971201347102e-156
1.089988941195604376e-156
4.807585082441354145e-157
2.120468699394347418e-157
9.352694602397104341e-158
4.125168004162814233e-158
1.819476823097285422e-158
8.025117780530808631e-159
3.539617244574515661e-159
1.561209515016063017e-159
6.885985069467071366e-160
3.037183025138869312e-160
1.339602197090678223e-160
5.908547596891110579e-161
2.606067292256210068e-161
1.149451133361628634e-161
5.069853383726489308e-162
2.236146677876642717e-162
9.862912369476335820e-163
4.350208390638546692e-163
1.918734784722184111e-163
8.462912218240858598e-164
3.732714066786700242e-164
1.646378214151289765e-164
7.261636373785714518e-165
3.202870541643666778e-165
1.412681547035410593e-165
6.230876731940005695e-166
2.748236142116211675e-166
1.212157167885710248e-166
5.346429213776689736e-167
2.358135239820779233e-167
1.040096405831990034e-167
4.587525410573320803e-168
2.023407568245807713e-168
8.924589666136615852e-169
3.936344904450641318e-169
1.736193123319583442e-169
7.657780592482724775e-170
3.377596813105844095e-170
1.489747596464469598e-170
6.570789895821680155e-171
2.898160732562860058e-171
1.278284006175703752e-171
5.638093091543440743e-172
2.486778646633595384e-172
1.096836809351132153e-172
4.837788791439474196e-173
2.133790568573540927e-173
9.411453014630058655e-174
4.151084419957750974e-174
1.830907707325286855e-174
8.075535675994387684e-175
3.561854930936078122e-175
1.571017831887845736e-175
6.929246350471373084e-176
3.056264162693847912e-176
1.348018263419268670e-176
5.945668115645905781e-177
2.622439940222920913e-177
1.156672573428578798e-177
5.101704796367000840e-178
2.250195295296305715e-178
9.924876230744150629e-179
4.377538625269631679e-179
1.930789258244447764e-179
8.516080562333669798e-180
3.756164886171713298e-180
1.656721604362455492e-180
7.307257688463436598e-181
3.222992612941327331e-181
1.421556735226984667e-181
6.270022287221747539e-182
2.765501967529838752e-182
1.219772559341291711e-182
5.380018217275183037e-183
2.372950251794646847e-183
1.046630823555864480e-183
4.616346592132803253e-184
2.036119649743667250e-184
8.980658504145975107e-185
3.961075036933489825e-185
1.747100776738511969e-185
7.705890687805122477e-186
3.398816604229155565e-186
1.499106953004741683e-186
6.612070959494587382e-187
2.916368460953691250e-187
1.286314840259221375e-187
5.673514476733946622e-188
2.502401862301824135e-188
1.103727699317710422e-188
4.868182255589421579e-189
2.147196132550369915e-189
9.470580577268848018e-190
4.177163655935278878e-190
1.842410406216033908e-190
8.126270322470536773e-191
3.584232325819930503e-191
1.580887769624139326e-191
6.972779420974960982e-192
3.075465177716655912e-192
1.356487203782183957e-192
5.983021844489988292e-193
2.638915449540234569e-193
1.163939382276508601e-193
5.133756315876569601e-194
2.264332173317724367e-194
9.987229380689081933e-195
4.405040562416531462e-195
1.942919464136320314e-195
8.569582937163955177e-196
3.779763035601295501e-196
1.667129977042497630e-196
7.353165619578937002e-197
3.243241101385120848e-197
1.430487681891231619e-197
6.309413774907868336e-198
2.782876265691730793e-198
1.227435794581951777e-198
5.413818244077130723e-199
2.387858339252939807e-199
1.053206293834820068e-199
4.645348843099193003e-200
2.048911595040864715e-200
9.037079595279939906e-201
3.985960536760046769e-201
1.758076957616459238e-201
7.754303035358957795e-202
3.420169708935933627e-202
1.508525109810948365e-202
6.653611371928449090e-203
2.934690579608990723e-203
1.294396128150942664e-203
5.709158397187429953e-204
2.518123231003412791e-204
1.110661881380366330e-204
4.898766667030136978e-205
2.160685917138124739e-205
9.530079609505176886e-206
4.203406735015082516e-206
1.853985370945768510e-206
8.177323709951162455e-207
3.606750306946484933e-207
1.590819715358559262e-207
7.016585988498517056e-208
3.094786823338876304e-208
1.365009350361003020e-208
6.020610248568444638e-209
2.655494466435777256e-209
1.171251844935178443e-209
5.166009199428918926e-210
2.278557866439152893e-210
1.004997426502061862e-210
4.432715280802289976e-211
1.955125878187292236e-211
8.623421441284180392e-212
3.803509440678162200e-212
1.677603740444530476e-212
7.399361967803721036e-213
3.263616801192233709e-213
1.439474737331401814e-213
6.349052740071907433e-214
2.800359718083184470e-214
1.235147174186824464e-214
5.447830619939187579e-215
2.402860086943467646e-215
1.059823074582070205e-215
4.674533301043403280e-216
2.061783905882644076e-216
9.093855152573366276e-217
4.011002380027676351e-217
1.769122096477981287e-217
7.803019534047820531e-218
3.441656964770504305e-218
1.518002436296441931e-218
6.695412762485239917e-219
2.953127807187087223e-219
1.302528186827501788e-219
5.745026250984584865e-220
2.533943369386072655e-220
1.117639627522194577e-220
4.929543225390468111e-221
2.174260451453892702e-221
9.589952445101095655e-222
4.229814686543590427e-222
1.865633055525565931e-222
8.228697840930320925e-223
3.629409757550439662e-223
1.600814058657070997e-223
7.060667771290637255e-224
3.114229857423824176e-224
1.373585037424471449e-224
6.058434802231156935e-225
2.672177641197109377e-225
1.178610248225182416e-225
5.198464712096277539e-226
2.292872932642616535e-226
1.011311334481515134e-226
4.460563865927044767e-227
1.967408979176006620e-227
8.677598186430010642e-228
3.827405032820350555e-228
1.688143305386618644e-228
7.445848545121623036e-229
3.284120511569529415e-229
1.448518254051531143e-229
6.388940737493623123e-230
2.817953010467072822e-230
1.242907000623506790e-230
5.482056678946786349e-231
2.417956083287724210e-231
1.066481425330929450e-231
4.703901110682614041e-232
2.074737087166589138e-232
9.150987402962971203e-233
4.036201548965857292e-233
1.780236626552408879e-233
7.852042094703408077e-234
3.463279214539079998e-234
1.527539304195505423e-234
6.737476770762282492e-235
2.971680866861122128e-235
1.310711335256943229e-235
5.781119444988257478e-236
2.549862897971613951e-236
1.124661211435091891e-236
4.960513137835102768e-237
2.187920267938822464e-237
9.650201432480545058e-238
4.256388546333148945e-238
1.877353916818833839e-238
8.280394730483228969e-239
3.652211566415634402e-239
1.610871191533368453e-239
7.105026498393232978e-240
3.133795042595390957e-240
1.382214601341382913e-240
6.096496989090971035e-241
2.688965628197382942e-241
1.186014880769270891e-241
5.231124126897520750e-242
2.307277933415146608e-242
1.017664909661082547e-242
4.488587410110853941e-243
1.979769248889150165e-243
8.732115297606092550e-244
3.851450749296675095e-244
1.698749085267411776e-244
7.492627174900707161e-245
3.304753036745086894e-245
1.457618586770347855e-245
6.429079331722153367e-246
2.835656832913939232e-246
1.250715578259568809e-246
5.516497763567078479e-247
2.433146920404106912e-247
1.073181607245657117e-247
4.733453423926779498e-248
2.087771646961835189e-248
9.208478587377262951e-249
4.061559031975171540e-249
1.791420983790943381e-249
7.901372640165358292e-250
3.485037306342023740e-250
1.537136087577498522e-250
6.779805046658443406e-251
2.990350486347750076e-251
1.318945894411306706e-251
5.817439394902220351e-252
2.565882441179703309e-252
1.131726908530170323e-252
4.991677619113315913e-253
2.201665902379254524e-253
9.710828934822016547e-254
4.283129356705300060e-254
1.889148414558802266e-254
8.332416406342950909e-255
3.675156627908869968e-255
1.620991508463518975e-255
7.149663909713756500e-256
3.153483146269907263e-256
1.390898380593457530e-256
6.134798302080159823e-257
2.705859085920243985e-257
1.193466033003134083e-257
5.263988724851356736e-258
2.321773433772240769e-258
1.024058401250234445e-258
4.516787012535265603e-259
1.992207172139790614e-259
8.786974913164969653e-260
3.875647533265879805e-260
1.709421496083415415e-260
7.539699691962666386e-261
3.325515185998803826e-261
1.466776092434772561e-261
6.469470097134113496e-262
2.853471879830831428e-262
1.258573213375269553e-262
5.551155224700023754e-263
2.448433194130451068e-263
1.079923883130793714e-263
4.763191399921400662e-264
2.100888096530297268e-264
9.266330960824984121e-265
4.087075823664908882e-265
1.802675606883245929e-265
7.951013105349990276e-266
3.506932093609282960e-266
1.546793162862486893e-266
6.822399250439258025e-267
3.009137397934834402e-267
1.327232187278841446e-267
5.853987525321785185e-268
2.582002627353949412e-268
1.138836995949265812e-268
5.023037891606909403e-269
2.215497893927113390e-269
9.771837330148484183e-270
4.310038166528529489e-270
1.901017011367730289e-270
8.384764908985117835e-271
3.698245842017279049e-271
1.631175406401888311e-271
7.194581756087413848e-272
3.173294940683935417e-272
1.399636715789482610e-272
6.173340243512796294e-273
2.722858676987344439e-273
1.200963997187125991e-273
5.297059795022121730e-274
2.336360002278325062e-274
1.030492060024509622e-274
4.545163779289242845e-275
2.004723236787630131e-275
8.842179184893389189e-276
3.899996333810358920e-276
1.720160956444059802e-276
7.587067942659476800e-277
3.346407773696210314e-277
1.475991130234832731e-277
6.510114617997146954e-278
2.871398849986121258e-278
1.266480214174651498e-278
5.586030421734833979e-279
2.463815504048921212e-279
1.086708517442441774e-279
4.793116205094313591e-280
2.114086950344948050e-280
9.324546792479377725e-281
4.112752924894630419e-281
1.814000937275767480e-281
8.000965437333360044e-282
3.528964435130899687e-282
1.556510908834697251e-282
6.865261052798976843e-283
3.028042338512039232e-283
1.335570538877502252e-283
5.890765269794955903e-284
2.598224088784366059e-284
1.145991752574844512e-284
5.054595185375896935e-285
2.229416785122430387e-285
9.833229011426765680e-286
4.337116031260841768e-286
1.912960172773444678e-286
8.437442291700875464e-287
3.721480114380918472e-287
1.641423284797268007e-287
7.239781799352310805e-288
3.193231202925617199e-288
1.408429949677490613e-288
6.212124325138463534e-289
2.739965068182343052e-289
1.208509067418138643e-289
5.330338634575118453e-290
2.351038211069833554e-290
1.036966138334479906e-290
4.573718823408708364e-291
2.017317933756675657e-291
8.897730278099745158e-292
3.924498105976894972e-292
1.730967887588689013e-292
7.634733784939399789e-293
3.367431619317579341e-293
1.485264061616670319e-293
6.551014488534296196e-294
2.889438446539504410e-294
1.274436890798049773e-294
5.621124722598566450e-295
2.479294453507446972e-295
1.093535776297783913e-295
4.823229013203086827e-296
2.127368726111898526e-296
9.383128365769768503e-297
4.138591342809944847e-297
1.825397419187528572e-297
8.051231595421344458e-298
3.551135195093872651e-298
1.566289706658779891e-298
6.908392134927985869e-299
3.047066049597174790e-299
1.343961276266567011e-299
5.927774070874016571e-300
2.614547461734514590e-300
1.153191459041974740e-300
5.086350738208146957e-301
2.243423121912741062e-301
9.895006386653056851e-302
4.364364012992649766e-302
1.924978367229324697e-302
8.490450620685012524e-303
3.744860356329532370e-303
1.651735545607247672e-303
7.285265812412040776e-304
3.213292714966249476e-304
1.417278427159469967e-304
6.251152068207140934e-305
2.757178930477966233e-305
1.216101539640183791e-305
5.363826548823295216e-306
2.365808635878457406e-306
1.043480890116582222e-306
4.602453264924315448e-307
2.029991757055166268e-307
8.953630371691964881e-308
3.949153810811031834e-308
1.741842713403679052e-308
7.682699088426742920e-309
3.388587547493105551e-309
1.494595250297213883e-309
6.592171312981361712e-310
2.907591377067311084e-310
1.282443555334690262e-310
5.656439503814792409e-311
2.494870649645879969e-311
1.100405927486061995e-311
4.853531005376004315e-312
2.140733944785336593e-312
9.442077978442014565e-313
4.164592090880414406e-313
1.836865499642001156e-313
8.101813551503434439e-314
3.573445243229789209e-314
1.576129939698045425e-314
6.951794187111345197e-315
3.066209278103842702e-315
1.352404731306976438e-315
5.965015410015655438e-316
2.630973377512126530e-316
1.160436438636804900e-316
5.118305666425019097e-317
2.257517357310449232e-317
9.957171756087395878e-318
4.391784110478049418e-318
1.937073296336858501e-318
8.543778400403508239e-319
3.768386900524939766e-319
1.662086239174537499e-319
7.330946052992416222e-320
3.233659652030958632e-320
1.425873453897837526e-320
6.294396328017480973e-321
2.776648929627805578e-321
1.220342145227878964e-321
5.385315539669587332e-322
2.371515100037983412e-322
1.037537856266617743e-322
4.446590812571218898e-323
1.976262583364986177e-323
9.881312916824930884e-324
4.940656458412465442e-324
0.000000000000000000e+00
0.000000000000000000e+00
0.000000000000000000e+00
0.000000000000000000e+00
0.000000000000000000e+00
0.000000000000000000e+00
0.000000000000000000e+00
0.000000000000000000e+00
0.000000000000000000e+00
0.000000000000000000e+00
0.000000000000000000e+00
0.000000000000000000e+00
0.000000000000000000e+00
0.000000000000000000e+00
0.000000000000000000e+00
0.000000000000000000e+00
0.000000000000000000e+00
0.000000000000000000e+00
0.000000000000000000e+00
0.000000000000000000e+00
0.000000000000000000e+00
0.000000000000000000e+00
0.000000000000000000e+00
0.000000000000000000e+00
0.000000000000000000e+00
0.000000000000000000e+00
0.000000000000000000e+00
0.000000000000000000e+00
0.000000000000000000e+00
0.000000000000000000e+00
0.000000000000000000e+00
0.000000000000000000e+00
0.000000000000000000e+00
0.000000000000000000e+00
0.000000000000000000e+00
0.000000000000000000e+00
0.000000000000000000e+00
0.000000000000000000e+00
0.000000000000000000e+00
0.000000000000000000e+00
0.000000000000000000e+00
0.000000000000000000e+00
0.000000000000000000e+00
0.000000000000000000e+00
0.000000000000000000e+00
0.000000000000000000e+00
0.000000000000000000e+00
0.000000000000000000e+00
0.000000000000000000e+00
0.000000000000000000e+00
0.000000000000000000e+00
0.000000000000000000e+00
0.000000000000000000e+00
0.000000000000000000e+00
0.000000000000000000e+00
0.000000000000000000e+00
0.000000000000000000e+00
0.000000000000000000e+00
0.000000000000000000e+00
0.000000000000000000e+00
0.000000000000000000e+00
0.000000000000000000e+00
0.000000000000000000e+00
0.000000000000000000e+00
0.000000000000000000e+00
0.000000000000000000e+00
0.000000000000000000e+00
0.000000000000000000e+00
0.000000000000000000e+00
0.000000000000000000e+00
0.000000000000000000e+00
0.000000000000000000e+00
0.000000000000000000e+00
0.000000000000000000e+00
0.000000000000000000e+00
0.000000000000000000e+00
0.000000000000000000e+00
0.000000000000000000e+00
0.000000000000000000e+00
0.000000000000000000e+00
0.000000000000000000e+00
0.000000000000000000e+00
0.000000000000000000e+00
0.000000000000000000e+00
0.000000000000000000e+00
0.000000000000000000e+00
0.000000000000000000e+00
0.000000000000000000e+00
0.000000000000000000e+00
0.000000000000000000e+00
