5.327277241088242965e-01
2.421114877451265857e-01
1.100336435394232426e-01
5.000755157601795980e-02
2.272718719645158009e-02
1.032894076162411967e-02
4.694246425435236528e-03
2.133418131758804594e-03
9.695854270145659809e-04
4.406524376466219406e-04
2.002655623669896267e-04
9.101571225694578726e-05
4.136437528115212745e-05
1.879907875213507310e-05
8.543713268407749267e-06
3.882904975036408509e-06
1.764683641820336662e-06
8.020047814018628045e-07
3.644912063263379560e-07
1.656521788523600339e-07
7.528479118908013240e-08
3.421506329497113990e-08
1.554989444466558226e-08
7.067039892800100833e-09
3.211793689285198313e-09
1.459680270524836413e-09
6.633883425537369928e-10
3.014934858836983219e-10
1.370212833110509357e-10
6.227276196424926690e-11
2.830141996154606079e-11
1.286229077649771365e-11
5.845590936566578449e-12
2.656675548037458462e-12
1.207392895624962199e-12
5.487300116427602100e-13
2.493841290341600008e-13
1.133388779446157291e-13
5.150969832560987103e-14
2.340987549649004397e-14
1.063920559769022038e-14
4.835254069031458556e-15
2.197502595227695075e-15
9.987102202056047338e-16
4.538889310571085802e-16
2.062812190845045094e-16
9.374967846844329442e-17
4.260689485908082328e-17
1.936377296636622297e-17
8.800352730071360689e-18
3.999541221031362466e-18
1.817691911833086132e-18
8.260957204215133466e-19
3.754399383394546464e-19
1.706281049711908393e-19
7.754622572875102329e-20
3.524282899226785554e-20
1.601698836669135275e-20
7.279322451526600795e-21
3.308270827210766965e-21
1.503526727803976741e-21
6.833154657797045906e-22
3.105498672815143950e-22
1.411371831874475311e-22
6.414333598806439095e-23
2.915154928530322078e-23
1.324865338920933830e-23
6.021183125107525009e-24
2.736477826162169363e-24
1.243661044264204419e-24
5.652129822624991669e-25
2.568752288185388483e-25
1.167433962971707638e-25
5.305696715749124472e-26
2.411307065956352006e-26
1.095879029246412523e-26
4.980497356381860977e-27
2.263512053331691186e-27
1.028709875533367490e-27
4.675230275280548704e-28
2.124775764942178091e-28
9.656576864579580308e-29
4.388673773492073852e-29
1.994542969029219550e-29
9.064701230090240425e-30
4.119681033033534916e-30
1.872292465370870002e-30
8.509103126615759886e-31
3.867175527250810909e-31
1.757534999404254940e-31
7.987559013973408374e-32
3.630146712488420332e-32
1.649811304196563568e-32
7.497981638293046945e-33
3.407645983827051300e-33
1.548690262428588626e-33
7.038411678690459986e-34
3.198782878704337818e-34
1.453767181034746044e-34
6.607009905935714890e-35
3.002721513224885141e-35
1.364662171594925289e-35
6.202049821736927094e-36
2.818677236898177832e-36
1.281018629995949274e-36
5.821910749180095851e-37
2.645913492415479256e-37
1.202501809278390697e-37
5.465071346673947782e-38
2.483738867899076422e-38
1.128797479957318009e-38
5.130103519440379918e-39
2.331504329826292922e-39
1.059610672455134633e-39
4.815666704185318774e-40
2.188600625554825091e-40
9.946644966139478338e-41
4.520502504075887411e-41
2.054455845053414455e-41
9.336990335628718537e-42
4.243429652553874273e-42
1.928533132080321992e-42
8.764702955056857616e-43
3.983339285828978096e-43
1.810328535649198504e-43
8.227492492655519613e-44
3.739190505132767409e-44
1.699368993184232532e-44
7.723208996791924838e-45
3.510006210973646302e-45
1.595210437292468203e-45
7.249834291720489268e-46
3.294869192720128789e-46
1.497436018576918923e-46
6.805473900711324656e-47
3.092918457863622862e-47
1.405654437377752520e-47
6.388349464229192987e-48
2.903345786269554397e-48
1.319498377765427786e-48
5.996791622821787662e-49
2.725392495627461570e-49
1.238623037518094699e-49
5.629233336232978708e-50
2.558346405154259485e-50
1.162704748200355926e-50
5.284203612005076399e-51
2.401538985399951521e-51
1.091439679820991456e-51
4.960321618469830713e-52
2.254342682748621859e-52
1.024542624885260242e-52
4.656291158569359690e-53
2.116168407907769187e-53
9.617458569757650367e-54
4.370895482389927912e-54
1.986463178334034669e-54
9.027980592936504808e-55
4.102992417649111727e-55
1.864707905160728788e-55
8.474633188723162022e-56
3.851509798646916011e-56
1.750415315769883379e-56
7.955201824381371336e-57
3.615441175387911924e-57
1.643128003695470334e-57
7.467607701399005288e-58
3.393841785702448317e-58
1.542416598052161988e-58
7.009899435999572741e-59
3.185824774246026038e-59
1.447878045165206100e-59
6.580245249576075758e-60
2.990557643245892264e-60
1.359133995522864184e-60
6.176925637791691177e-61
2.807258920790150641e-61
1.275829289596811463e-61
5.798326489011385033e-62
2.635195033325806830e-62
1.197630536470325080e-62
5.442932624520112403e-63
2.473677369848815171e-63
1.124224779585890762e-63
5.109321734678059902e-64
2.322059526037976221e-64
1.055318244272487425e-64
4.796158686743846738e-65
2.179734717301979346e-65
9.906351620398945179e-66
4.502190181585402543e-66
2.046133350387605348e-66
9.299166669352280619e-67
4.226239737894465296e-67
1.920720743830033951e-67
8.729197595442295648e-68
3.967202983830451616e-68
1.802994988122425763e-68
8.194163344916483648e-69
3.724043237252400076e-69
