4.867909918075956632e-01
2.351371207686141496e-01
1.135794755733832567e-01
5.486286992609412660e-02
2.650069021125931248e-02
1.280076274936376921e-02
6.183217329784116215e-03
2.986710815278791585e-03
1.442686067516044503e-03
6.968679655082803083e-04
3.366116664506078144e-04
1.625952398429039172e-04
7.853920304764780219e-05
3.793718943629249840e-05
1.832499295227121036e-05
8.851614252149694136e-06
4.275640109272112618e-06
2.065284119173711252e-06
9.976046589284323324e-07
4.818780361870424974e-07
2.327639909068819088e-07
1.124331706246707377e-07
5.430916443503277275e-08
2.623323104066439237e-08
1.267157059019227964e-08
6.120812986144435853e-09
2.956567328784921883e-09
1.428125706409572741e-09
6.898348004630236174e-10
3.332144010811496554e-10
1.609542415275999990e-10
7.774654331166165157e-11
3.755430698529049318e-11
1.814004730077684830e-11
8.762279016447040054e-12
4.232488057447353793e-12
2.044440164802956263e-12
9.875362979713568500e-13
4.770146647480706849e-13
2.304148119437672095e-13
1.112984347999467557e-13
5.376104723658622365e-14
2.596847121138344853e-14
1.254368230754115440e-14
6.059038460590921724e-15
2.926728066514357430e-15
1.413712296272073936e-15
6.828726178893432000e-16
3.298514227348119582e-16
1.593298050469074721e-16
7.696188352261476694e-17
3.717528878921784261e-17
1.795696821993244926e-17
8.673845399828851587e-18
4.189771519260092820e-18
2.023806578792552991e-18
9.775695523099310811e-19
4.722003770605404958e-19
2.280893421539616482e-19
1.101751513374105478e-19
5.321846193070970379e-20
2.570638348021700188e-20
1.241708474198957952e-20
5.997887396661911998e-21
2.897189958073151036e-21
1.399444353995614321e-21
6.759807013940850627e-22
3.265223853685820444e-22
1.577217632499130375e-22
7.618514294075527711e-23
3.680009584794235348e-23
1.777573687130668181e-23
8.586304302672005368e-24
4.147486099273299618e-24
2.003381237992238587e-24
9.677033963881266655e-25
4.674346777449207465e-25
2.257873422517804727e-25
1.090632046536837776e-25
5.268135268657837212e-26
2.544694087891848251e-26
1.229176486692877487e-26
5.937353502048416294e-27
2.867949964055443462e-27
1.385320411440545662e-27
6.691583418143235762e-28
3.232269464318908139e-28
1.561299506726815002e-28
7.541624164119827844e-29
3.642868955494256750e-29
1.759633460659519057e-29
8.499646717191719526e-30
4.105627446410946963e-30
1.983162040679750605e-30
9.579368150003729626e-31
4.627170764213192771e-31
2.235085753665388745e-31
1.079624803319190892e-31
5.214966423684178735e-32
2.519011671141950344e-32
1.216770978722152148e-32
5.877430547946968930e-33
2.839005075730675651e-33
1.371339015284502838e-33
6.624048371443883175e-34
3.199647668313824731e-34
1.545542035212277361e-34
7.465510050570531580e-35
3.606103169333383631e-35
1.741874296570329921e-35
8.413863726514571541e-36
4.064191253510487154e-36
1.963146906344483643e-36
9.482688031871112399e-37
4.580470876590190678e-37
2.212528070181732754e-37
1.068728651100225772e-37
5.162334187193798387e-38
2.493588455108261352e-38
1.204490673787498100e-38
5.818112368418361155e-39
2.810352314734050543e-39
1.357498726872818323e-39
6.557194924636121109e-40
3.167355108960038964e-40
1.529943596546633635e-40
7.390164121454097046e-41
3.569708443193757606e-41
1.724294367484427291e-41
8.328946503761003740e-42
4.023173256879537303e-42
1.943333775473502695e-42
9.386983661313337626e-43
4.534242309265299923e-43
2.190198050931234436e-43
1.057942468690044100e-43
5.110233143446102462e-44
2.468421823798216549e-44
1.192334308272771846e-44
5.759392859753472397e-45
2.781988732759906250e-45
1.343798122070499287e-45
6.491016198648535871e-46
3.135388463424810486e-46
1.514502585685148813e-46
7.315578623841469157e-47
3.533681032138748371e-47
1.706891864466108081e-47
8.244886311137179488e-48
3.982569235857181949e-48
1.923720609339568251e-48
9.292245190562986207e-49
4.488480305421497235e-49
2.168093398204418677e-49
1.047265146214389355e-49
5.058657931359273012e-50
2.443509187621284603e-50
1.180300631314913475e-50
5.701265979845043974e-51
2.753911411258581009e-51
1.330235791115705383e-51
6.425505383836945822e-52
3.103744442411185078e-52
1.499217413781996010e-52
7.241745883050401914e-53
3.498017229027632052e-53
1.689664996836393796e-53
8.161674499035405103e-54
3.942375012379734461e-54
1.904305389791368481e-54
9.198462871241460480e-55
4.443180156249914674e-55
2.146211837481557474e-55
1.036695585000450589e-55
5.007603243958330117e-56
2.418847983122364140e-56
1.168388404675259644e-56
5.643725747566004568e-57
2.726117461135902189e-57
1.316810338474611444e-57
6.360655739283746942e-58
3.072419789819599565e-58
1.484086508026895187e-58
7.168658301855250777e-59
3.462713364134185908e-59
1.672611991988798524e-59
8.079302505144702207e-60
3.902586450550598213e-60
1.885086119045855906e-60
9.105627053356147247e-61
4.398337200465699426e-61
2.124551117198473998e-61
1.026232697463826744e-61
4.957063827829130640e-62
2.394435672718188770e-62
1.156596402612065468e-62
5.586766242154020476e-63
2.698604022456177342e-63
1.303520382697924442e-63
6.296460592104288393e-64
3.041411282412664182e-64
1.469108311483190333e-64
7.096308359706256142e-65
3.427765804768882313e-65
1.655731095206929840e-65
7.997761853569980286e-66
3.863199456215031744e-66
1.866060819482680362e-66
9.013728184306950765e-67
4.353946823828121230e-67
2.103109008515163951e-67
1.015875406996557738e-67
4.907034482577803519e-68
2.370269744436276901e-68
1.144923411754479004e-68
5.530381602602265842e-69
2.671368264147371504e-69
1.290364556278659816e-69
6.232913336760248727e-70
3.010715729483755452e-70
1.454281282927664527e-70
7.024688611954872025e-71
3.393170954905394905e-71
1.639020569483935121e-71
7.917044153958399724e-72
3.824209976538640123e-72
1.847227533440697373e-72
8.922756807904118467e-73
4.310004458665836640e-73
2.081883305086152509e-73
1.005622647856431622e-73
4.857510060295638918e-74
2.346347711656014924e-74
1.133368230977620248e-74
5.474566027056339939e-75
2.644407383710413921e-75
1.277341505511445390e-75
6.170007434379939425e-76
2.980329972528532477e-76
1.439603896691951160e-76
6.953791689087435542e-77
3.358925254810368553e-77
1.622478695343765149e-77
7.837141100637851682e-78
3.785613999590405572e-78
1.828584323016526948e-78
8.832703563394703767e-79
4.266505583406895010e-79
2.060871822833673613e-79
9.954733650572638337e-80
4.808485465029381723e-80
2.322667112853334542e-80
1.121929671279005892e-80
5.419313772217263157e-81
2.617718606930481927e-81
1.264449890353230233e-81
6.107736412085644498e-82
2.950250884919970015e-82
1.425074642505547508e-82
6.883610295967969265e-83
3.325025180677189176e-83
1.606103770664244890e-83
7.758044471761300772e-84
3.747407553929868627e-84
1.810129269865200738e-84
8.743559184499502489e-85
4.223445722113469575e-85
2.040072399722667887e-85
9.854265142603555386e-86
4.759955652256869119e-86
2.299225511347120119e-86
1.110606555656202665e-86
5.364619152750660248e-87
2.591299187591614890e-87
1.251688384285395740e-87
6.046093862326878968e-88
2.920475371586640132e-88
1.410692025340409257e-88
6.814137211086713855e-89
3.291467244263385635e-89
1.589894110501928659e-89
7.679746128460993268e-90
3.709586708198476885e-90
1.791860475002561530e-90
8.655314498459559650e-91
4.180820444021299325e-91
2.019482895538670847e-91
9.754810616670341561e-92
4.711915628367958763e-92
2.276020495048546202e-92
1.099397718985716527e-92
5.310476540701143139e-93
2.565146407194135122e-93
1.239055674177260052e-93
5.985073442222110750e-94
2.891000368694233283e-94
1.396454565257116735e-94
6.745365285817261938e-95
3.258247992531700108e-95
1.573848046918768244e-95
7.602238014010997526e-96
3.672147570715053882e-96
1.773776058610173082e-96
8.567960425092325344e-97
4.138625363083769807e-97
1.999101191667349087e-97
9.656359839122771199e-98
4.664360450150831451e-98
2.253049676212883430e-98
1.088302007903104617e-98
5.256880364914122353e-99
2.539257574674922059e-99
1.226550460150960770e-99
5.924668872905397309e-100
2.861822843330300825e-100
1.382360797252632293e-100
6.677287443680970455e-101
3.225364007294778736e-101
1.557963928810305637e-101
7.525512152998172159e-102
3.635086289075357359e-102
1.755874159841681650e-102
8.481487975857316997e-103
4.096856137520717571e-103
1.978925190876561266e-103
9.558902679594105358e-104
4.617285224282815225e-104
2.230310691193800433e-104
1.077318280684296420e-104
5.203825110461934505e-105
2.513630026130506398e-105
1.214171455447698765e-105
5.864873938880474439e-106
2.832939793192169316e-106
1.368409271109395462e-106
6.609896679618817404e-107
3.192811904863444279e-107
1.542240121736048383e-107
7.449560650501524756e-108
3.598399049755673172e-108
1.738152936631394011e-108
8.395888252931220335e-109
4.055508469371202869e-109
1.958952817100557607e-109
9.462429109958694427e-110
4.570685106827668029e-110
2.207801200200151821e-110
1.066445407128111984e-110
5.151305318076522150e-111
2.488261124542959285e-111
1.201917386295369176e-111
5.805682487381198666e-112
2.804348246278094552e-112
1.354598551246337057e-112
6.543186059270587568e-113
3.160588335698527372e-113
1.526675007751065415e-113
7.374375691280045360e-114
3.562082077720513922e-114
1.720610565504729997e-114
8.311152448292325975e-115
4.014578104051845477e-115
1.939182015226410475e-115
9.366929203300375892e-116
4.524555302736619305e-116
2.185518887055219011e-116
1.055682268439968573e-116
5.099315583587541723e-117
2.463148259508622287e-117
1.189786991777355284e-117
5.747088427738439897e-118
2.776045260581048475e-118
1.340927216570963485e-118
6.477148718261532537e-119
3.128689984066289900e-119
1.511266985239766154e-119
7.299949538967489871e-120
3.526131636033668717e-120
1.703245241390544666e-120
8.227271842814432247e-121
3.974060829919141196e-121
1.919610750882274630e-121
9.272393132889679619e-122
4.478891065354973203e-122
2.163461458958441916e-122
1.045027757116786674e-122
5.047850557367011487e-123
2.438288846969148582e-123
1.177779023702955423e-123
5.689085730753529440e-124
2.748027923786869200e-124
1.327393860333361577e-124
6.411777861495115326e-125
3.097113567696802109e-125
1.496014468750621956e-125
7.226274535278623706e-126
3.490544025474794407e-126
1.686055177435631004e-126
8.144237805368501484e-127
3.933952477834954125e-127
1.900237010228659149e-127
9.178811171175616363e-128
4.433687695934322299e-128
2.141626646249186283e-128
1.034480776832883901e-128
4.996904943777543793e-129
2.413680328946381273e-129
1.165892246478978138e-129
5.631668428077057656e-130
2.720293352973401616e-130
1.313997089981026099e-130
6.347066762455840241e-131
3.065855837447180422e-131
1.480915888833672655e-131
7.153343099218084073e-132
3.455315584157266059e-132
1.669038604820422154e-132
8.062041791937100231e-133
3.894248920739228751e-133
1.881058799750385026e-133
9.086173688780747980e-134
4.388940543147915318e-134
2.120012202173878451e-134
1.024040242327490207e-134
4.946473500628165023e-135
2.389320173278098538e-135
1.154125436982266587e-135
5.574830611596516801e-136
2.692838694315109351e-136
1.300735527016139700e-136
6.283008762514355777e-137
3.034913576965930779e-137
1.465969691878432906e-137
7.081147726303608409e-138
3.420442687152969034e-138
1.652193772577228194e-138
7.980675344731758394e-139
3.854946073223517984e-139
1.862074146052329261e-139
8.994471153514553943e-140
4.344645002612689032e-140
2.098615902653900796e-140
1.013705079292635039e-140
4.896551038635748933e-141
2.365205873358561763e-141
1.142477384434343161e-141
5.518566432825965713e-142
2.665661122788176070e-142
1.287607806853199321e-142
6.219597270245207078e-143
3.004283602363396917e-143
1.451174339954289805e-143
7.009680987790574643e-144
3.385921746117724672e-144
1.635518947410345623e-144
7.900130091326360434e-145
3.816039891112388835e-145
1.843281095655502035e-145
8.903694129388440012e-146
4.300796516416225176e-146
2.077435546057708819e-146
1.003474224263071406e-146
4.847132420889078210e-147
2.341334947879501773e-147
1.130946890276358781e-147
5.462870102306780685e-148
2.638757841881050730e-148
1.274612578678831856e-148
6.156825760745712010e-149
2.973962761882756665e-149
1.436528310652497793e-149
6.938935529910836717e-150
3.351749208923622771e-150
1.619012413517046808e-150
7.820397743792001937e-151
3.777526371045737735e-151
1.824677714796893474e-151
8.813833275648892972e-152
4.257390572646015299e-152
2.056468952973329582e-152
9.933466245063840813e-153
4.798212562322503390e-153
2.317704940575877750e-153
1.119532768045964396e-153
5.407735889009408920e-154
2.612126083305471434e-154
1.261748505313015088e-154
6.094687774967415313e-155
2.943947935577087663e-155
1.422030096928948907e-155
6.868904073112828742e-156
3.317921559292153408e-156
1.602672472411774672e-156
7.741470097847785871e-157
3.739401550067523208e-157
1.806262089229649435e-157
8.724879345812282989e-158
4.214422704927165463e-158
2.035713965985052491e-158
9.833212379151253788e-159
4.749786429190486998e-159
2.294313419972060646e-159
1.108233843255416063e-159
5.353158119746152575e-160
2.585763106712823223e-160
1.249014263070975780e-160
6.033176919048646090e-161
2.914236034987134744e-161
1.407678206949756456e-161
6.799579411315697644e-162
3.284435316432979752e-162
1.586497442750632311e-162
7.663339032013044534e-163
3.701661505218619515e-163
1.788032324026933284e-163
8.636823186717443733e-164
4.171888491960866410e-164
2.015168449450499419e-164
9.733970328991845508e-165
4.701849038551835144e-165
2.271157979132703380e-165
1.097048953270276198e-165
5.299131178584945665e-166
2.559666199410966905e-166
1.236408541627562170e-166
5.972286863659393030e-167
2.884824002824037617e-167
1.393471163937099420e-167
6.730954411164659059e-168
3.251287034686326810e-168
1.570485660159110749e-168
7.585996506775198389e-169
3.664302353131656765e-169
1.769986543386117894e-169
8.549655737580325079e-170
4.129783557071380985e-170
1.994830289281798991e-170
9.635729882798128456e-171
4.654395457754792514e-171
2.248236235414020068e-171
1.085976947190288153e-171
5.245649506273926925e-172
2.533832676086292224e-172
1.223930043881843885e-172
5.912011343347268340e-173
2.855708812655223332e-173
1.379407506017908582e-173
6.663022011300114696e-174
3.218473303167123682e-174
1.554635477060099341e-174
7.509434563759434908e-175
3.627320249633133644e-175
1.752122890436585203e-175
8.463368029063182978e-176
4.088103567753786702e-176
1.974697392727132809e-176
9.538480931847096690e-177
4.607420803931633244e-177
2.225545830219658073e-177
1.075016685730449422e-177
5.192707599666988095e-178
2.508259878526374625e-178
1.211577485824208050e-178
5.852344155895540327e-179
2.826887468591846156e-179
1.365485786072806098e-179
6.595775221628337581e-180
3.185990745415513237e-180
1.538945262505075756e-180
7.433645324911133184e-181
3.590711389346175092e-181
1.734439527047851733e-181
8.377951182353082016e-182
4.046844235230054463e-182
1.954767688156305935e-182
9.442213469436209180e-183
4.560920243494099005e-183
2.203084428757098986e-183
1.064167041104277709e-183
5.140300011159907792e-184
2.482945175346901604e-184
1.199349596403677975e-184
5.793279161682237611e-185
2.798357004981823335e-185
1.351704571587830865e-185
6.529207122603390828e-186
3.153836019047953960e-186
1.523413402005572719e-186
7.358620991686494395e-187
3.554472005300631913e-187
1.716934633641227158e-187
8.293396408244910021e-188
4.006001314005879604e-188
1.935039124846790105e-188
9.346917589858092331e-189
4.514888991638134191e-189
2.180849719797805884e-189
1.053426896907273650e-189
5.088421348127428422e-190
2.457885961721322636e-190
1.187245117397679618e-190
5.734810283051065656e-191
2.770114486103383947e-191
1.338062444506411226e-191
6.463310864516214036e-192
3.122005815414752297e-192
1.508038297367753099e-192
7.284353844247120743e-193
3.518598368543823361e-193
1.699606409001889534e-193
8.209695006240823426e-194
3.965570601435676736e-194
1.915509672773050972e-194
9.252583487376946450e-195
4.469322311849459961e-195
2.158839415439771859e-195
1.042795148002531003e-195
5.037066272370724306e-196
2.433079659111832342e-196
1.175262803282023181e-196
5.676931503683709894e-197
2.742157005864264693e-197
1.324558001084068732e-197
6.398079666787205651e-198
3.090496859258164760e-198
1.492818366527264789e-198
7.210836240669025347e-199
3.483086787758461840e-199
1.682453070093844869e-199
8.126838363651185112e-200
3.925547937288303842e-200
1.896177322397986060e-200
9.159201455223824683e-201
4.424215515418260190e-201
2.137051250871229537e-201
1.032270700406539479e-201
4.986229499566064816e-202
2.408523715005166049e-202
1.163401421103285991e-202
5.619636867981773213e-203
2.714481687501420690e-203
1.311189851743363517e-203
6.333506817271470319e-204
3.059305908376814413e-204
1.477752043387138119e-204
7.138060616152969304e-205
3.447933608881218688e-205
1.665472851876742073e-205
8.044817954712097572e-206
3.885929203320803313e-206
1.877040084465385965e-206
9.066761884593602148e-207
4.379563960954928855e-207
2.115482984138593438e-207
1.021852471177092498e-207
4.935905798721953079e-208
2.384215602648842120e-208
1.151659750351406119e-208
5.562920480454907528e-209
2.687085683286258001e-209
1.297956620931516328e-209
6.269585671565232054e-210
3.028429753290656900e-210
1.462837777656039025e-210
7.066019482249350297e-211
3.413135214728316330e-211
1.648664007123581772e-211
7.963625339704405587e-212
3.846710322853058947e-212
1.858095989796110314e-212
8.975255263660441148e-213
4.335363053913259297e-213
2.094132395914794019e-213
1.011539388301383141e-213
4.886089991641707890e-214
2.360152820792264029e-214
1.140036582834626376e-214
5.506776505111944744e-215
2.659966174230375413e-215
1.284856946978339519e-215
6.206309652325027613e-216
2.997865216912132540e-216
1.448074034689006670e-216
6.994705426084402326e-217
3.378688024621756837e-217
1.632024806241693299e-217
7.883252164088941305e-218
3.807887260349004456e-218
1.839343089084604965e-218
8.884672176594895754e-219
4.291608246118408660e-219
2.072997289271876166e-219
1.001330390586163426e-219
4.836776952388664047e-220
2.336332893428256282e-220
1.128530722554712491e-220
5.451199164862923739e-221
2.633120369796719289e-221
1.271889481956353821e-221
6.143672248588054948e-222
2.967609154217870351e-222
1.433459295329787602e-222
6.924111109600648286e-223
3.344588494022433801e-223
1.615553537094009000e-223
7.803690157643221889e-224
3.769456021001801816e-224
1.820779452699068936e-224
8.795003302598647818e-225
4.248295035297411824e-225
2.052075489454104200e-225
9.912244275481446575e-226
4.787961606760965468e-226
2.312753369539370856e-226
1.117140985584086650e-226
5.396182740922126734e-227
2.606545507611231002e-227
1.259052891542231592e-227
6.081667015104693280e-228
2.937658451926602380e-228
1.418992055754019404e-228
6.854229268799034487e-229
3.310833114164055385e-229
1.599248504823635654e-229
7.724931133614071828e-230
3.731412650322338018e-230
1.802403170482577324e-230
8.706239414943858925e-231
4.205418964616424081e-231
2.031364843654430649e-231
9.812204593061348430e-232
4.739638931767495252e-232
2.289411822844740947e-232
1.105866199944194196e-232
5.341721572222122718e-233
2.580238853179806232e-233
1.246345854879349202e-233
6.020287571674230614e-234
2.908010028176628490e-234
1.404670827314664685e-234
6.785052712992300462e-235
3.277418411692871458e-235
1.583108031678809137e-235
7.646966987872078846e-236
3.693753233731896241e-236
1.784212351556326359e-236
8.618371380022777490e-237
4.162975622223790595e-237
2.010863220793782621e-237
9.713174564738713752e-238
4.691803955111596305e-238
2.266305851550704440e-238
1.094705205484525088e-238
5.287810054829082940e-239
2.554197699605878116e-239
1.233767064441734017e-239
5.959527602487667014e-240
2.878660832211710491e-240
1.390494136389389262e-240
6.716574324067770321e-241
3.244340948309710947e-241
1.567130456840448491e-241
7.569789698079498729e-242
3.656473896160002585e-242
1.766205124125378278e-242
8.531390156409413762e-243
4.120960640793196325e-243
1.990568511300387847e-243
9.615144000545398227e-244
4.644451754681293884e-244
2.243433078104559430e-244
1.083656853763370634e-244
5.234442641366797416e-245
2.528419367312478733e-245
1.221315225899737394e-245
5.899380855478882597e-246
2.849607844064316990e-246
1.376460524227965374e-246
6.648787055750266574e-247
3.211597320417665580e-247
1.551314136251883824e-247
7.493391322863463747e-248
3.619570801645059850e-248
1.748379635285754455e-248
8.445286793928703769e-249
4.079369697076200298e-249
1.970478626893633724e-249
9.518102813352567979e-250
4.597577458039607422e-250
2.220791148948367411e-250
1.072720007930081060e-250
5.181613840447935392e-251
2.502901203766080897e-251
1.208989057986642288e-251
5.839841141680292460e-252
2.820848074246380732e-252
1.362568546802814982e-252
6.581683932880164659e-253
3.179184158769648740e-253
1.535657442448612315e-253
7.417764001002254592e-254
3.583040152941284139e-254
1.730734050834573070e-254
8.360052432734589348e-255
4.038198511456444178e-255
1.950591500368954271e-255
9.422041017837207620e-256
4.551176241925335427e-256
2.198377734277817106e-256
1.061893542607343073e-256
5.129318216105403219e-257
2.477640583204803258e-257
1.196787292367374314e-257
5.780902334588683325e-258
2.792378563441029834e-258
1.348816774660106949e-258
6.515258050694890221e-259
3.147098128123186711e-259
1.520158764391553260e-259
7.342899950611261367e-260
3.546878191125498480e-260
1.713266555080113644e-260
8.275678302402183016e-261
3.997442847511127339e-261
1.930905085384902218e-261
9.326948729452468321e-262
4.505243331755699548e-262
2.176190527802230132e-262
1.051176343775877595e-262
5.077550387235399119e-263
2.452634906366505962e-263
1.184708673507164381e-263
5.722558369530805093e-264
2.764196382199359786e-264
1.335203792773283801e-264
6.449502574117705694e-265
3.115335926896507942e-265
1.504816507300924081e-265
7.268791468345672512e-266
3.511081195212004866e-266
1.695975350655789513e-266
8.192155721019574600e-267
3.957098511572325386e-267
1.911417356253461754e-267
9.232816163414831605e-268
4.459774001137109544e-268
2.154227246507005224e-268
1.040567308659567282e-268
5.026305027043104469e-269
2.427881600222481662e-269
1.172751958542910514e-269
5.664803243042003767e-270
2.736298630637080816e-270
1.321728200396535119e-270
6.384410737057325458e-271
3.083894286830237709e-271
1.489629092492829136e-271
7.195430928606150570e-272
3.475645481768892157e-272
1.678858658335000559e-272
8.109476094298312808e-273
3.917161352297312553e-273
1.892126307730288612e-273
9.139633633690876967e-274
4.414763571375733439e-274
2.132485630419682298e-274
1.030065345612457152e-274
4.975576862494000665e-275
2.403378117712133344e-275
1.160915917155019350e-275
5.607631012247809953e-276
2.708682438137408035e-276
1.308388610921281623e-276
6.319975841707287468e-277
3.052769972648960772e-277
1.474594957215782619e-277
7.122810782757441773e-278
3.440567404540603802e-278
1.661914716847866698e-278
8.027630914687200162e-279
3.877627260240503199e-279
1.873029954809259551e-279
9.047391552004884763e-280
4.370207410998139941e-280
2.110963442375921637e-280
1.019669374005713007e-280
4.925360673773561731e-281
2.379121937481985525e-281
1.149199331441338206e-281
5.551035794251797047e-282
2.681344963055054166e-282
1.295183651733340694e-282
6.256191257859714390e-283
3.021959781729753411e-283
1.459712554490595868e-283
7.050923558346713382e-284
3.405843354070362780e-284
1.645141782700754141e-284
7.946611760500541753e-285
3.838492167432358803e-285
1.854126332517784857e-285
8.956080426850138118e-286
4.326100935274207992e-286
2.089658467790288749e-286
1.009378324116905161e-286
4.875651293746725005e-287
2.355110563624593150e-287
1.137600995791040241e-287
5.495011765532775287e-288
2.654283392425055034e-288
1.282111964071541709e-288
6.193050422221636305e-289
2.991460543771936643e-289
1.444980352951023381e-289
6.979761858337951463e-290
3.371469757330360831e-290
1.628538129995734500e-290
7.866410295046075058e-291
3.799752046958147555e-291
1.835413495715464765e-291
8.865690862516342757e-292
4.282439605744885825e-292
2.068568514427897272e-292
9.991911370197021555e-293
4.826443607428496692e-293
2.331341525422820643e-293
1.126119716761101038e-293
5.439553161341759638e-294
2.627494941671480270e-294
1.269172202888497887e-294
6.130546837742470172e-295
2.961269120472225607e-295
1.430396836686026210e-295
6.909318360349208881e-296
3.337443077353700641e-296
1.612102050253755319e-296
7.787018265770811636e-297
3.761402912545361966e-297
1.816889518892666428e-297
8.776213558116699373e-298
4.239218929757140818e-298
2.047691412179776520e-298
9.891067644753653406e-299
4.777732551456504463e-299
2.307812377095071972e-299
1.114754312953362799e-299
5.384654275111332755e-300
2.600976854322138802e-300
1.256363036711324483e-300
6.068674072941232027e-301
2.931382405199756765e-301
1.415960505084439413e-301
6.839585815902294792e-302
3.303759812870076400e-302
1.595831852238469084e-302
7.708427503410080782e-303
3.723440818153092430e-303
1.798552495973243627e-303
8.687639306634959686e-304
4.196434459998745885e-304
2.027025012838152492e-304
9.791241688242025045e-305
4.729513113572177293e-305
2.284520697544676461e-305
1.103503614892845760e-305
5.330309457867208743e-306
2.574726401724634742e-306
1.243683147505220008e-306
6.007425761247599722e-307
2.901797322677786548e-307
1.401669872679583091e-307
6.770557049672194738e-308
3.270416497947003998e-308
1.579725861782937113e-308
7.630629921150435023e-309
3.685861857565570248e-309
1.780400540117989739e-309
8.599958993977015087e-310
4.154081794042611547e-310
2.006567189876342909e-310
9.692423228792890088e-311
4.681780332101536395e-311
2.261464090109353042e-311
1.092366464907898956e-311
5.276513117650283720e-312
2.548740882764505903e-312
1.231131230538527159e-312
5.946795600355726114e-313
2.872510828657855508e-313
1.387523468988259260e-313
6.702224958633909592e-314
3.237409701685038174e-314
1.563782421529828806e-314
7.553617516691838060e-315
3.648662161279041568e-315
1.762431782112553852e-315
8.513163622658955397e-316
4.112156591143729093e-316
1.986315831126563861e-316
9.594602175952442943e-317
