5.371131975963971961e-01
2.426742055287200162e-01
1.096431260533793778e-01
4.953808364002042913e-02
2.238190225925269783e-02
1.011241275264103921e-02
4.568909760004975958e-03
2.064288405318192698e-03
9.326703402271815241e-04
4.213916821401716777e-04
1.903898324178193355e-04
8.602041716624979296e-05
3.886505952280617322e-05
1.755970153913541723e-05
7.933684443801706048e-06
3.584534094360263817e-06
1.619535635006190650e-06
7.317256870792902512e-07
3.306024699664065895e-07
1.493701739297354566e-07
6.748724188922905965e-08
3.049154793083241533e-08
1.377644824697801659e-08
6.224365084127178878e-09
2.812243040146439193e-09
1.270605244062591815e-09
5.740747379199812322e-10
2.593738741894098382e-10
1.171882372942895053e-10
5.294705568577817257e-11
2.392211684823688275e-11
1.080830023669117007e-11
4.883320098616954717e-12
2.206342779468967714e-12
9.968522157483677532e-13
4.503898257738546881e-13
2.034915426338463414e-13
9.193992748915755601e-14
4.153956551364599821e-14
1.876807552698994293e-14
8.479642351364645985e-15
3.831204446276494881e-15
1.730984268081377468e-15
7.820795205166612623e-16
3.533529377996726054e-16
1.596491090435085223e-16
7.213138845568610064e-17
3.258982923059815139e-17
1.472447698593874174e-17
6.652695875616245523e-18
3.005768045663441188e-18
1.358042170159256431e-18
6.135797932217983123e-19
2.772227335222994819e-19
1.252525667086221068e-19
5.659061674981965653e-20
2.556832157839138390e-20
1.155207534185634775e-20
5.219366640660087269e-21
2.358172650669171962e-21
1.065450778460885878e-21
4.813834818246998433e-22
2.174948493710995403e-22
9.826678996888278788e-23
4.439811811043121561e-23
2.005960398596513264e-23
9.063170449542283164e-24
4.094849462378576879e-24
1.850102258684646455e-24
8.358984619673373842e-25
3.776689831275208902e-25
1.706353909072619790e-25
7.709512279498755393e-26
3.483250413159873902e-26
1.573774449136395413e-26
7.110502326784297395e-27
3.212610508891485094e-27
1.451496083893074872e-27
6.558033959379346809e-28
2.962998652881032498e-28
1.338718443874251202e-28
6.048491011720487830e-29
2.732781018015203375e-29
1.234703346330974324e-29
5.578538285325743428e-30
2.520450721488774640e-30
1.138769963480182207e-30
5.145099718349915724e-31
2.324617961547130482e-31
1.050290366166251795e-31
4.745338251311875421e-32
2.144000920579664488e-32
9.686854137691003967e-33
4.376637257204761489e-33
1.977417375019790566e-33
8.934209634562083258e-34
4.036583414439856025e-34
1.823776957135371572e-34
8.240043739662117194e-35
3.722950910521127117e-35
1.682074018058336054e-35
7.599812810400200349e-36
3.433686873054066567e-36
1.551381045339604336e-36
7.009326233927308884e-37
3.166897932729825057e-37
1.430842591943239914e-37
6.464718997603193447e-38
2.920837830331298103e-38
1.319669676943044108e-38
5.962426390668271321e-39
2.693895986644792767e-39
1.217134621270795635e-39
5.499160671533812780e-40
2.484586960460513042e-40
1.122566284714230424e-40
5.071889547965595857e-41
2.291540725660651298e-41
1.035345672988429101e-41
4.677816329303103514e-42
2.113493703753531508e-42
9.549018861266884994e-43
4.314361620803085383e-43
1.949280493157267305e-43
8.807083816715875659e-44
3.979146440286040902e-44
1.797826241097995989e-44
8.122795282065966827e-45
3.669976646578362879e-45
1.658139608192207295e-45
7.491674266699287081e-46
3.384828577824889955e-46
1.529306279663975517e-46
6.909589786442249769e-47
3.121835805669776870e-47
1.410482980724120562e-47
6.372731824329694660e-48
2.879276918603839428e-48
1.300891956939785396e-48
5.877586392250361898e-49
2.655564254515963696e-49
1.199815883465560619e-49
5.420912530239699841e-50
2.449233508697228283e-50
1.106593169814529375e-50
4.999721092871765029e-51
2.258934149276932419e-51
1.020613629437199026e-51
4.611255183894503862e-52
2.083420577355972036e-52
9.413144857631316686e-53
4.252972111046437559e-53
1.921543973975352718e-53
8.681766885634597254e-54
3.922526742938186851e-54
1.772244780555497896e-54
8.007215165226613452e-55
3.617756159063953810e-55
1.634545763586304554e-55
7.385074437822737659e-56
3.336665492468109095e-56
1.507545618173860301e-56
6.811272499461963745e-57
3.077414872401984809e-57
1.390413068575514952e-57
6.282053546315303333e-58
2.838307381503743941e-58
1.282381427108947072e-58
5.793953591181224228e-59
2.617777948675076129e-59
1.182743575820083550e-59
5.343777790059264529e-60
2.414383104954150808e-60
1.090847338063352117e-60
4.928579530390909667e-61
2.226791535331918097e-61
1.006091209698424060e-61
4.545641144093845115e-62
2.053775364668170847e-62
9.279204219625470770e-63
4.192456119144606043e-63
1.894202120670966428e-63
8.558233102476338209e-64
3.866712693277812694e-64
1.747027321332244193e-64
7.893279650146337914e-65
3.566278722413038769e-65
1.611287638301296739e-65
7.279991429233982938e-66
3.289187724768513402e-66
1.486094591447375596e-66
6.714354179600893032e-67
3.033626009311917360e-67
1.370628733338656606e-67
6.192665539150084749e-68
2.797920804298626478e-68
1.264134285573204176e-68
5.711510810121804314e-69
2.580529308193435321e-69
1.165914191853429479e-69
