1.143783142530675236e-02
1.138050388599351308e-02
1.122862855055017928e-02
1.100452673317344095e-02
1.072625002690173746e-02
1.039357017802754711e-02
1.003536543706723405e-02
9.656013984091315130e-03
9.262309289550078178e-03
8.864694191041943769e-03
8.470436799394560554e-03
8.078657476546791116e-03
7.699516737333177152e-03
7.328626885452350741e-03
6.965259228346445605e-03
6.617185676697727621e-03
6.281473283009536904e-03
5.957011268837697666e-03
5.647921732130214284e-03
5.352369386337456000e-03
5.068385557700619097e-03
4.794318499221377448e-03
4.531593431332805837e-03
4.278315592172818142e-03
4.035734517228161365e-03
3.805054690995658684e-03
3.588228284119980745e-03
3.375340308978186030e-03
3.175301685533623089e-03
2.985774950366140452e-03
2.811344319348871908e-03
2.645752153873051366e-03
2.486798348328117352e-03
2.341187622612724614e-03
2.203562955490546114e-03
2.074709616081942074e-03
1.953093540603451908e-03
1.837498673903111609e-03
1.728834431380231506e-03
1.628796610789060234e-03
1.530395219179501304e-03
1.442315730065591751e-03
1.357361631207643299e-03
1.276277028683122858e-03
1.202407146364286097e-03
1.134614447657853646e-03
1.068552930240693026e-03
1.006962782091183834e-03
9.489330466239009236e-04
8.931243448604880624e-04
8.422496269081024625e-04
7.936575165898531641e-04
7.486866052987498511e-04
7.059246512739349817e-04
6.646960158884634984e-04
6.281075551003788933e-04
5.915448502367370810e-04
5.585227969496026545e-04
5.260955154587475951e-04
4.977927175961513852e-04
4.687679223049760237e-04
4.423118813143959473e-04
4.169697833708464882e-04
3.945368764981688225e-04
3.720371291345600084e-04
3.525369777008930381e-04
3.318176511910407448e-04
3.135688198217886523e-04
2.951914658192940398e-04
2.789920420115642456e-04
2.643250505745259999e-04
2.499372674181494082e-04
2.363195205337461778e-04
2.222001756820015327e-04
2.103558218863886054e-04
1.985563263151444622e-04
1.879941870790899881e-04
1.782541800303911528e-04
1.686794337904159980e-04
1.598139648465656763e-04
1.500936496867728463e-04
1.422563062761687347e-04
1.343103615993881885e-04
1.272541718747876888e-04
1.209392125761724193e-04
1.143935062238597201e-04
1.086734541969604456e-04
1.026532637815170636e-04
9.719265302459837222e-05
9.192631699359651994e-05
8.654200314977934599e-05
8.211115876400689221e-05
7.816332832885328522e-05
7.404560008531805226e-05
7.037397123131119427e-05
6.668526725145984308e-05
6.309307993178720961e-05
5.977556064342959941e-05
5.627236811234874854e-05
5.336400287192023025e-05
5.074798520664201037e-05
4.828815017699454045e-05
4.568232064241500444e-05
4.356860228017939027e-05
4.123308420688629936e-05
3.910400227139752420e-05
3.705667133612313216e-05
3.496456490575323067e-05
3.315250525941967468e-05
3.159566268322334395e-05
3.013532497258077881e-05
2.858443776410975139e-05
2.724921848455082093e-05
2.588347221282216493e-05
2.449840252461612180e-05
2.326791435620041012e-05
2.201811448898570344e-05
2.077947481075919029e-05
1.975318576840423893e-05
1.886085106696766173e-05
1.798075033392378515e-05
1.708369085007666502e-05
1.633300197126615194e-05
1.551375447227048180e-05
1.471318780483731263e-05
1.398250509949931949e-05
1.324516179817594268e-05
1.252267216977175006e-05
1.191787947866779077e-05
1.138730178181649891e-05
1.089447651833069881e-05
1.036921569385340331e-05
9.895824318828434321e-06
9.441136176692033601e-06
8.934747786777677572e-06
8.517998753274656830e-06
8.101249719771634394e-06
7.664216194785592896e-06
7.257631339351790623e-06
6.940106282717803220e-06
6.639735715138977986e-06
6.336226395809387130e-06
6.031724122939412305e-06
5.770464802212925520e-06
5.512569528747577684e-06
5.230770554294858605e-06
4.994118016763147348e-06
4.757679301796637427e-06
4.511308292251134595e-06
4.269653619267180832e-06
4.072265308593393063e-06
3.899691484979011835e-06
3.779683442349729600e-06
3.589333098288546944e-06
3.431402033016949074e-06
3.273470967745352052e-06
3.126048809595596443e-06
2.983130468783773412e-06
2.840212127971950381e-06
2.692019074522131613e-06
2.543663700722815489e-06
2.412707208220019872e-06
2.314825777163144121e-06
2.219893394824522290e-06
2.152659575086046002e-06
2.049953375032128618e-06
1.961540505854985375e-06
1.873127636677842132e-06
1.866221769279504464e-06
1.765032260894725523e-06
1.656487767595633070e-06
1.553732480687245608e-06
1.522227614722951534e-06
1.524469496674753503e-06
1.418799285714122175e-06
1.313129074753490846e-06
1.245775674963083085e-06
1.184504556164738017e-06
1.135140098457452978e-06
1.085775640750167727e-06
1.056262280301356663e-06
1.031023240797976165e-06
9.702738583247576047e-07
9.095244758515391506e-07
8.581788432537715052e-07
8.725885412624604199e-07
8.429527614401473015e-07
7.861103579124038408e-07
7.292679543846604860e-07
7.156360638162917196e-07
6.782769089393547903e-07
6.791738211122538916e-07
6.233841459000167792e-07
5.994315835231472813e-07
5.797119131956236872e-07
5.468608167922365429e-07
5.140097203888491869e-07
4.884104490207566001e-07
4.935136009189143993e-07
4.776460731032002058e-07
4.458678057263565206e-07
4.140895383495127825e-07
3.986022443759640669e-07
3.814251861455189920e-07
3.895375727652776577e-07
3.591600303792682113e-07
3.362852824387626834e-07
3.370575643123018745e-07
3.378298461858411186e-07
3.071446332329879602e-07
2.864436845348303001e-07
2.764336828988026052e-07
2.848016000029357530e-07
2.997443655192307345e-07
2.876686186949378027e-07
2.591806299618005390e-07
2.255857617998951658e-07
2.185315867653953771e-07
2.300902864258763036e-07
2.448038617333569418e-07
2.427107626238456342e-07
2.132770839349297890e-07
1.869664422283910225e-07
1.682604014910394236e-07
1.575890033017373889e-07
1.547960178544212325e-07
1.554606679639445917e-07
1.561253180734679773e-07
1.567899681829913629e-07
1.441092531375098183e-07
1.273250316184665495e-07
1.270411939764572699e-07
1.336678723101284496e-07
1.402945506437996558e-07
1.368423514249007949e-07
1.259035004371788766e-07
1.097500535223633595e-07
9.492926901484958502e-08
9.529190327042857882e-08
1.032220636322724151e-07
1.111522239941162381e-07
1.079607118554048292e-07
9.211848840078707385e-08
8.240288776992260192e-08
7.347946230035282812e-08
7.114165325974757792e-08
6.814027616322503101e-08
6.864621904307487294e-08
6.915216192292471486e-08
6.965810480277455678e-08
6.500186011304993757e-08
5.723522013486135652e-08
5.520809603267929006e-08
5.566822832675291119e-08
5.269777725863352800e-08
5.043260547595150114e-08
5.082323716424334526e-08
5.121386885253518277e-08
4.360494076884832521e-08
3.955135913687663310e-08
3.880828921961955155e-08
4.309365239520192594e-08
4.756209928039050523e-08
4.751533789273922612e-08
4.208389287154512138e-08
3.665244785035101002e-08
3.028233237284799444e-08
3.203134462569501387e-08
3.267496354210516710e-08
2.974457826430220563e-08
3.133216240067875569e-08
3.493060828094633411e-08
2.800753028116659553e-08
2.425666739270149423e-08
2.236469624150303072e-08
2.429413900946558690e-08
2.642476026047622977e-08
2.584684611238794488e-08
2.317349853575165617e-08
2.050015095911536747e-08
1.896265942789593468e-08
1.740263760583522057e-08
1.888529806997896935e-08
1.902880000889085847e-08
1.674265569813185646e-08
1.914557975713970264e-08
1.921606526355298370e-08
1.645263431993812595e-08
1.368920337632326821e-08
1.291933518041576683e-08
1.324245253280817417e-08
1.497356823003231774e-08
1.447895985314039095e-08
1.303046973019866916e-08
1.158197960725694736e-08
1.161752985582522430e-08
9.934423138833971504e-09
9.827053828612026703e-09
9.719684518390081903e-09
9.862649857279121985e-09
1.106213563651455665e-08
1.159112344533047595e-08
1.070302140381469741e-08
9.347523139810034587e-09
7.992024875805368457e-09
7.652149751689098066e-09
7.248217371824293992e-09
6.844284991959491572e-09
6.531706313082945033e-09
6.451625609437589219e-09
6.330597727573747801e-09
5.829066955065927323e-09
5.763200761599415946e-09
5.697334568132904569e-09
5.668630369538681673e-09
5.851669818106487152e-09
6.674894895214587901e-09
7.391134777200688549e-09
6.372603777188170716e-09
5.354072777175651228e-09
4.529337580105176810e-09
4.502056806888065595e-09
4.156275081072497201e-09
3.870223768381776582e-09
3.820467664589047140e-09
3.915221407295381535e-09
4.106315047667746908e-09
4.632719717053687397e-09
4.026370198068326977e-09
3.351894467078986564e-09
3.449643947438000485e-09
3.499000079783789835e-09
3.288455995409437943e-09
3.077911911035085638e-09
2.867367826660734160e-09
2.673260173834635676e-09
2.743294956519951606e-09
2.540882343974519815e-09
2.341534794007052638e-09
2.628176506266566090e-09
2.324456322755812802e-09
2.437288106969910883e-09
2.778743178312810832e-09
3.163498047453969801e-09
2.756692187497574701e-09
2.178374420476324551e-09
2.211639630070327135e-09
2.366409485541117549e-09
2.262043431399904292e-09
2.072636312786756483e-09
1.883229194173608261e-09
1.693822075560460245e-09
1.556276515407348621e-09
1.409653617982446084e-09
1.541240896348728846e-09
1.397021788798230143e-09
1.457269621484947229e-09
1.635389359474997479e-09
1.782416164779931401e-09
1.929442970084864702e-09
1.873859647750828780e-09
1.707261024716918603e-09
1.540662401683008426e-09
1.381716344248718807e-09
1.311322850727692969e-09
1.193103639473928255e-09
1.074884428220163127e-09
9.695746085565721618e-10
8.806612903660709458e-10
9.137463661921682806e-10
1.088289699439321967e-09
9.750028682576062938e-10
9.442682657234562091e-10
1.044746416564863789e-09
1.145224567406271782e-09
1.168209828330209281e-09
1.116312589044408700e-09
1.012695263734766381e-09
9.090779384251242689e-10
8.099259205809908133e-10
7.606741902007333382e-10
6.870969034936275914e-10
6.135196167865218447e-10
5.563416704832017515e-10
6.263083431789423921e-10
6.515916410926530492e-10
7.523700117926020286e-10
8.531483824925511114e-10
9.539267531925000908e-10
8.763235228170521821e-10
7.826267985475228830e-10
6.889300742779933770e-10
6.546267978359556787e-10
6.069361707547530650e-10
5.402848296065790750e-10
4.761235492333180336e-10
4.442188659606520489e-10
4.043552400877262056e-10
3.551749507700343756e-10
4.686387025812768095e-10
7.356365518487690296e-10
7.789720200478421126e-10
6.935404966120723384e-10
6.081089731763024607e-10
5.668254249146535573e-10
5.403947119890682012e-10
5.113892684835566499e-10
4.809857828799325240e-10
4.363491062145536793e-10
3.710001047872741307e-10
3.325882234647438795e-10
3.010681666003568981e-10
2.550722282283328663e-10
2.272637655313572196e-10
2.252593402103366879e-10
2.715517127228423392e-10
3.293982200684439753e-10
3.872447274140456113e-10
4.450912347596471957e-10
4.287085604409937735e-10
4.046497135772440377e-10
3.787741475257747356e-10
3.213585027288074250e-10
2.783246268921176993e-10
2.565654067867497011e-10
2.348061866813817029e-10
1.925884916460885900e-10
1.710939414568378364e-10
1.474769276209023512e-10
1.440121140172029215e-10
1.456689310631100384e-10
1.681176659666070485e-10
2.127408386025342937e-10
2.573640112384615906e-10
3.019871838743888358e-10
2.904025350689928308e-10
2.375458215152292010e-10
2.195645205193938547e-10
2.019454417080421860e-10
1.836861958867799533e-10
1.471774942556043316e-10
1.315021842795256342e-10
1.158268743034468592e-10
9.658232002916833919e-11
9.320642189186475590e-11
9.796514758461497282e-11
1.047319947822816082e-10
1.938597990632685993e-10
2.609735742555233676e-10
2.148719206938943900e-10
1.898527333443862468e-10
1.760373846305055836e-10
1.622220359166249463e-10
1.476860924631345496e-10
1.157112923781138382e-10
1.031583206920446412e-10
9.060534900597543125e-11
7.805237731990626010e-11
6.270828217478995782e-11
6.080247083970581079e-11
6.397766976157689251e-11
6.932631769180261274e-11
6.907487965913614969e-11
6.625579299555260574e-11
6.343670633196908765e-11
8.059639742119219229e-11
1.031083399418963438e-10
1.280195185035934835e-10
9.230718467631087443e-11
8.269722313175866810e-11
7.308726158720643593e-11
6.347730004265422961e-11
5.067307570033920821e-11
4.115412406769497885e-11
3.948835974529846275e-11
4.022649381682227998e-11
4.137476577004205126e-11
4.608438117678087851e-11
4.859055543603648636e-11
4.161801285345077368e-11
6.668930419655895146e-11
1.131919842018510756e-10
1.055960092885257214e-10
9.305455525129518607e-11
8.051310121406458608e-11
6.797164717683402487e-11
5.543019313960346366e-11
3.518215312065320110e-11
2.615431630192474130e-11
2.658023176432554029e-11
2.702688806467356474e-11
2.818797466943177531e-11
3.116651746755346256e-11
3.142111996839908992e-11
2.908560601170822116e-11
3.030930812673650772e-11
2.867341640776080314e-11
2.703752468878508886e-11
2.540163296980937782e-11
2.376574125083367001e-11
2.446320118946785671e-11
2.747550298209774392e-11
2.168068640879447615e-11
1.783756127669094630e-11
1.818606634959224498e-11
1.853457142249354043e-11
1.843089625179670415e-11
1.766061332395715599e-11
1.830012310052995857e-11
1.901185182763009776e-11
1.979702893800613427e-11
2.118091725947390576e-11
2.389171737887533269e-11
2.706289281459083028e-11
2.043586085328577729e-11
2.321576767153784404e-11
1.848539660956309406e-11
1.375502554758836670e-11
1.227678702673631767e-11
1.249417583297954277e-11
1.271156463922276949e-11
1.195010980099006748e-11
1.220123882258578043e-11
1.262692165691503385e-11
1.312285144135810688e-11
1.362833343052260745e-11
1.490450366540241506e-11
1.571433227583350468e-11
1.311707134025143570e-11
1.051981040466936672e-11
1.180860251378965033e-11
1.281642226862990404e-11
1.382424202347015291e-11
1.483206177831040663e-11
1.759504311482242458e-11
1.194455818104931389e-11
8.285409868233583690e-12
8.604675024506610595e-12
8.890285860177610571e-12
9.175896695848612162e-12
9.454509583449567589e-12
8.599713658861606101e-12
7.744917734273647843e-12
6.988182783559202318e-12
7.420694612817934820e-12
7.949796171457077319e-12
8.478897730096219818e-12
9.007999288735363932e-12
1.031473579821130566e-11
1.013942841928813899e-11
6.391427542795841060e-12
5.885422273181081409e-12
6.079185254924596910e-12
6.271275351226655588e-12
6.463365447528713458e-12
6.253139642884385525e-12
5.661751833185537434e-12
5.070364023486688535e-12
5.021637029753842419e-12
5.365318624141491958e-12
5.709778800650538419e-12
6.054238977159584881e-12
6.631594952364532584e-12
6.463827272628897655e-12
4.964048857075468073e-12
3.975214098817029463e-12
3.869133098278448794e-12
3.763052097739868124e-12
3.656971097201286647e-12
3.550890096662705978e-12
3.903121492280538569e-12
4.533198997313883976e-12
3.491600556995712515e-12
3.764108265937716187e-12
4.021322971761381687e-12
4.195114216255596974e-12
4.368905460749811452e-12
3.898329252531897247e-12
3.401246433111875750e-12
2.904163613691855466e-12
2.796287039629773083e-12
2.722728209645162446e-12
2.649169379660551810e-12
2.575610549675941173e-12
2.587923692254959552e-12
2.939015166224819104e-12
2.937034168332812428e-12
2.398675925769896845e-12
2.298332851073205848e-12
2.197989776376514851e-12
2.113176698201087147e-12
2.078748126772515909e-12
2.044319555343944266e-12
2.009890983915372624e-12
1.975462412486801385e-12
1.941033841058230147e-12
1.906605269629658504e-12
1.872176698201087265e-12
1.837748126772515623e-12
2.036352064426899749e-12
2.103813499157980725e-12
1.773497669539090049e-12
1.704027446578928714e-12
1.634557223618767177e-12
1.565087000658605842e-12
1.529998689577326777e-12
1.498093927672564998e-12
1.466189165767803018e-12
1.434284403863041239e-12
1.402379641958279461e-12
1.370924367657930625e-12
1.354663690492917084e-12
1.338403013327903946e-12
1.322423923598360201e-12
1.306466267823870181e-12
1.290508612049379758e-12
1.274834281052144879e-12
1.259846033465235987e-12
1.244857785878327095e-12
1.694786562840694334e-12
2.326360739101579000e-12
2.957934915362463465e-12
3.589509091623381856e-12
4.221083267884267129e-12
4.852657444145184712e-12
5.484231620406069985e-12
6.115805796666954449e-12
6.747379972927872841e-12
7.378954149188757305e-12
8.010528325449642577e-12
8.642102501710560161e-12
9.273676677971445433e-12
9.905250854232312934e-12
1.053682503049323213e-11
1.116839920675412387e-11
1.179997338301500914e-11
1.243154755927591865e-11
1.306312173553680392e-11
1.369469591179772150e-11
1.432627008805860677e-11
1.495784426431949205e-11
1.558941844058040963e-11
1.622099261684129167e-11
1.685256679310217371e-11
1.748414096936309453e-11
1.811571514562397657e-11
1.874728932188486184e-11
1.937886349814577619e-11
2.001043767440666146e-11
2.070481498847802451e-11
2.143768479383013770e-11
2.217055459918225412e-11
2.290342440453437377e-11
2.363629420988647727e-11
2.436916401523861308e-11
2.510203382059071658e-11
2.583490362594281039e-11
2.656777343129494620e-11
2.728700877571452872e-11
2.797872607939381098e-11
2.867044338307309970e-11
2.936216068675239166e-11
3.005387799043166422e-11
3.074559529411093679e-11
3.143731259779019644e-11
3.212902990146950131e-11
3.282074720514877388e-11
3.351246450882807230e-11
3.416389763517159291e-11
3.480998415411050547e-11
3.545607067304939218e-11
3.610215719198829828e-11
3.674824371092722376e-11
3.739433022986612986e-11
3.804041674880501657e-11
3.868650326774392266e-11
3.933258978668283522e-11
3.997030150678294716e-11
4.057717959589920440e-11
4.118405768501546810e-11
4.179093577413172534e-11
4.239781386324798904e-11
4.300469195236424629e-11
4.361157004148052291e-11
4.421844813059677369e-11
4.482532621971303739e-11
4.543220430882929464e-11
4.602780939815617928e-11
4.660281317343408130e-11
4.717781694871197686e-11
4.775282072398988534e-11
4.832782449926778090e-11
4.890282827454568292e-11
4.947783204982359141e-11
5.005283582510148697e-11
5.062783960037941484e-11
5.120284337565732332e-11
5.177784715093522534e-11
5.235285092621312090e-11
5.292785470149102292e-11
5.350285847676892494e-11
5.407786225204682050e-11
5.465286602732472899e-11
5.522786980260262455e-11
5.580287357788052657e-11
5.637787735315842859e-11
5.695288112843633061e-11
5.752788490371422617e-11
5.810288867899213466e-11
5.867789245427002375e-11
5.925289622954793870e-11
5.982790000482586657e-11
6.040290378010375567e-11
6.097790755538167061e-11
6.155291133065957264e-11
6.212791510593746173e-11
6.270291888121536375e-11
6.327792265649327870e-11
6.385292643177118072e-11
6.442793020704906982e-11
6.500293398232697184e-11
6.557793775760488679e-11
6.615294153288277588e-11
6.672794530816069083e-11
6.730294908343859285e-11
6.787795285871650780e-11
6.845295663399439690e-11
6.902796040927229892e-11
6.960296418455018801e-11
7.017796795982810296e-11
7.075297173510600498e-11
7.132797551038391993e-11
7.190297928566180903e-11
7.247798306093972397e-11
7.305298683621762599e-11
7.362799061149551509e-11
7.420299438677341711e-11
7.477799816205131913e-11
7.535300193732922116e-11
7.592800571260714903e-11
7.650300948788503812e-11
7.707801326316295307e-11
7.765301703844084217e-11
7.822802081371874419e-11
7.880302458899663329e-11
7.937802836427454823e-11
7.995303213955245025e-11
8.052803591483037812e-11
8.110303969010828015e-11
8.167804346538616924e-11
8.225304724066407126e-11
8.282805101594196036e-11
8.340305479121986238e-11
8.397805856649776440e-11
8.455306234177565350e-11
8.512806611705360722e-11
8.570306989233149632e-11
8.621289993713979140e-11
8.658297269227514133e-11
8.695304544741054295e-11
8.732311820254593165e-11
8.769319095768132035e-11
8.806326371281672197e-11
8.843333646795212359e-11
8.880340922308749936e-11
8.917348197822290099e-11
8.954355473335827676e-11
8.991362748849366546e-11
9.028370024362908001e-11
9.063354827711206542e-11
9.098050835811626698e-11
9.132746843912048147e-11
9.167442852012465717e-11
9.202138860112887166e-11
9.236834868213308614e-11
9.271530876313726185e-11
9.306226884414147633e-11
9.340922892514566497e-11
9.375618900614986653e-11
9.410314908715408101e-11
9.445010916815826964e-11
9.479706924916244535e-11
9.514402933016665984e-11
9.549098941117086140e-11
9.583794949217506295e-11
9.618490957317926451e-11
9.653186965418346607e-11
9.687882973518766763e-11
9.722578981619186919e-11
9.757274989719603197e-11
9.791970997820024646e-11
9.826667005920443509e-11
9.859229857739720682e-11
9.891472475411764645e-11
9.923715093083809901e-11
9.955957710755859034e-11
9.988200328427904289e-11
1.002044294609994954e-10
1.005268556377199480e-10
1.008492818144404006e-10
1.011717079911608531e-10
1.014941341678812927e-10
1.018165603446017582e-10
1.021389865213222108e-10
1.024416571888368203e-10
1.027434869268821472e-10
1.030453166649274224e-10
1.033471464029727363e-10
1.036489761410180503e-10
1.039508058790633513e-10
1.042526356171086653e-10
1.045544653551539663e-10
1.048562950931992932e-10
1.051581248312445813e-10
1.054599545692899082e-10
1.057617843073351963e-10
1.060415426154812232e-10
1.063143340950088020e-10
1.065871255745363680e-10
1.068599170540639727e-10
1.071327085335915387e-10
1.074055000131191175e-10
1.076782914926466964e-10
1.079510829721742882e-10
1.082238744517018671e-10
1.084966659312294330e-10
1.087694574107570507e-10
1.090422488902846037e-10
1.093150403698121826e-10
1.095709312431917759e-10
1.098208498750586737e-10
1.100707685069255845e-10
1.103206871387924565e-10
1.105706057706593285e-10
1.108205244025262263e-10
1.110704430343930983e-10
1.113203616662599961e-10
1.115702802981268681e-10
1.118201989299937660e-10
1.120701175618606509e-10
1.123200361937275358e-10
1.125699548255944078e-10
1.128198734574613056e-10
1.130747703129385211e-10
1.133297685682855593e-10
1.135847668236325976e-10
1.138397650789796359e-10
1.140947633343266742e-10
1.143497615896737512e-10
1.146047598450207895e-10
1.148597581003678278e-10
1.151147563557148790e-10
1.153697546110619302e-10
1.156247528664089685e-10
1.158797511217560326e-10
1.161347493771030580e-10
1.163896034440232068e-10
1.166444284402369677e-10
1.168992534364507415e-10
1.171540784326645153e-10
1.174089034288782890e-10
1.176637284250920628e-10
1.179185534213058366e-10
1.181733784175196104e-10
1.184282034137333583e-10
1.186830284099471321e-10
1.189378534061609059e-10
1.191926784023746538e-10
1.194453999919732905e-10
1.196831463753445645e-10
1.199208927587158643e-10
1.201586391420871642e-10
1.203963855254584640e-10
1.206341319088297380e-10
1.208718782922010120e-10
1.211096246755723118e-10
1.213473710589436116e-10
1.215851174423148856e-10
1.218228638256861855e-10
1.220606102090574853e-10
1.222983565924287593e-10
1.225361029758000591e-10
1.227583681230259385e-10
1.229772095191212166e-10
1.231960509152164688e-10
1.234148923113116952e-10
1.236337337074069474e-10
1.238525751035022255e-10
1.240714164995974777e-10
1.242902578956927299e-10
1.245090992917879822e-10
1.247279406878832602e-10
1.249467820839784866e-10
1.251656234800737647e-10
1.253844648761690169e-10
1.256033062722642691e-10
1.258307206734511075e-10
1.260600490325883551e-10
1.262893773917255768e-10
1.265187057508628501e-10
1.267480341100000977e-10
1.269773624691373193e-10
1.272019370996324421e-10
1.274228252497303830e-10
1.276437133998282981e-10
1.278646015499261874e-10
1.280854897000241025e-10
1.283063778501220176e-10
1.285272660002199069e-10
1.287530438777468356e-10
1.289805162769484095e-10
1.292079886761499833e-10
1.294354610753515571e-10
1.296629334745531309e-10
1.298904058737547047e-10
1.301127947707284834e-10
1.303276832421796561e-10
1.305425717136308288e-10
1.307574601850820014e-10
1.309723486565331482e-10
1.311872371279843209e-10
1.314021255994354936e-10
1.316307609773740853e-10
1.318650107080208066e-10
1.320992604386675539e-10
1.323335101693142752e-10
1.325677598999610483e-10
1.328020096306077955e-10
1.330362593612545427e-10
1.332705090919012641e-10
1.335047588225480113e-10
1.337390085531947327e-10
1.339732582838414799e-10
1.342075080144882530e-10
1.344417577451349744e-10
1.346760074757817216e-10
1.349102572064284688e-10
1.351445069370751902e-10
1.353787566677219374e-10
1.356130063983687105e-10
1.358472561290154318e-10
1.360815058596621532e-10
1.363157555903089004e-10
1.365500053209556476e-10
1.367842550516023948e-10
1.370185047822491421e-10
1.372527545128958634e-10
1.374870042435426107e-10
1.377212539741893579e-10
1.379555037048361051e-10
1.381897534354828523e-10
1.384240031661295737e-10
1.386582528967763468e-10
1.388925026274230681e-10
1.391267523580698153e-10
1.393610020887165626e-10
1.395952518193633098e-10
1.398295015500100311e-10
1.400637512806567784e-10
1.402980010113035256e-10
1.405322507419502470e-10
1.407665004725969942e-10
1.410007502032437414e-10
1.412349999338904886e-10
1.414692496645372100e-10
1.417034993951839830e-10
1.419377491258307044e-10
1.421719988564774516e-10
1.424062485871241989e-10
1.426404983177709461e-10
1.428747480484176674e-10
1.431089977790644147e-10
1.433432475097111619e-10
1.435774972403579091e-10
1.438117469710046563e-10
1.440459967016513777e-10
1.442802464322981249e-10
1.445144961629448721e-10
1.447487458935916193e-10
1.449829956242383666e-10
1.452172453548850879e-10
1.454514950855318352e-10
1.456857448161785824e-10
1.459199945468253296e-10
1.461542442774720510e-10
1.463884940081188240e-10
1.466227437387655454e-10
1.468569934694122926e-10
1.470912432000590140e-10
1.473254929307057871e-10
1.475597426613525084e-10
1.477939923919992556e-10
1.480282421226460029e-10
1.482624918532927242e-10
1.484967415839394715e-10
1.487309913145862187e-10
1.489652410452329659e-10
1.491994907758797131e-10
1.494337405065264603e-10
1.496679902371731817e-10
