1.060523994847054584e-02
1.056615629538116066e-02
1.043814489440957755e-02
1.024357135359077464e-02
1.000046737426994042e-02
9.718640319152309359e-03
9.407571730830363230e-03
9.073973989706059229e-03
8.730129738138735565e-03
8.379015622648710443e-03
8.028193966601780696e-03
7.680510439654884315e-03
7.337782682048721479e-03
7.002426113408610590e-03
6.674410312669744674e-03
6.361076979336410808e-03
6.052241046594563148e-03
5.759005817522000817e-03
5.476079153139114253e-03
5.203532390241970111e-03
4.941826822453938145e-03
4.690739657664920112e-03
4.446841481143734218e-03
4.214784005465168314e-03
3.990190856131109812e-03
3.773955116502634641e-03
3.565886410596554468e-03
3.365958206867068672e-03
3.180897919475565803e-03
3.004373157363111977e-03
2.835160327716445324e-03
2.677715774785925738e-03
2.529115538856538566e-03
2.384761508014917025e-03
2.253707095802109494e-03
2.129795123667197875e-03
2.011230027379255249e-03
1.898899547394254173e-03
1.792279032877934454e-03
1.693184040805695116e-03
1.597054616284603957e-03
1.508144012033824782e-03
1.426860582115103363e-03
1.348827085007388640e-03
1.273288441530590759e-03
1.203963713133796758e-03
1.136602698061146225e-03
1.074777655175923781e-03
1.016623146184607090e-03
9.604109399013714427e-04
9.090453861183605188e-04
8.587953048234321001e-04
8.116930406159997627e-04
7.681058254966501410e-04
7.270393672263283013e-04
6.885121496977339830e-04
6.497809846795459931e-04
6.162124907776811780e-04
5.822477638774127507e-04
5.515477547472799700e-04
5.217474489623757710e-04
4.951693617744261193e-04
4.676129210676754802e-04
4.437331519664929665e-04
4.186728642424501529e-04
3.968943411485481706e-04
3.763932734692840960e-04
3.556617442130681332e-04
3.372854296445380938e-04
3.189800199827656172e-04
3.027485515530068619e-04
2.867305278027852699e-04
2.719120092387768118e-04
2.576768744340495604e-04
2.443335621562171996e-04
2.321583664583442425e-04
2.195803631206795568e-04
2.086424644901313204e-04
1.975108424454584974e-04
1.875047832473227796e-04
1.777495449593610797e-04
1.691182575319342843e-04
1.603021626820604474e-04
1.522599990201574458e-04
1.444393429800895916e-04
1.368416886683002153e-04
1.298724335819421928e-04
1.237221236068030620e-04
1.176782551136369150e-04
1.116369127745258575e-04
1.059028532043517504e-04
1.008250644936614941e-04
9.560089856228965843e-05
9.084207397273812710e-05
8.607858985650493323e-05
8.184150513066547697e-05
7.813971153415756729e-05
7.435180525905963527e-05
7.052693076215918141e-05
6.720095588073592683e-05
6.387896458895198049e-05
6.064880482538204521e-05
5.745159142232295611e-05
5.455116575294459999e-05
5.193481096427845183e-05
4.965006262076966789e-05
4.730284085269244185e-05
4.522814704705439810e-05
4.317404928928333832e-05
4.097592650392098765e-05
3.883495025767278927e-05
3.699833819256490231e-05
3.507152847670587484e-05
3.328538404345451245e-05
3.180898425745742897e-05
3.042165943706829094e-05
2.903038261973282799e-05
2.779174294150631822e-05
2.649188155925168156e-05
2.518230056644684716e-05
2.402620975726627430e-05
2.283951420334275653e-05
2.164006609738367614e-05
2.052199584931334360e-05
1.956176013299181657e-05
1.876758506948690550e-05
1.795374142708826526e-05
1.718840278165290175e-05
1.648190806708800868e-05
1.566681310226205671e-05
1.494274132605949589e-05
1.426613304804812090e-05
1.354792824824114467e-05
1.287287456147844949e-05
1.221799142508179318e-05
1.167012233469114775e-05
1.120973343732447341e-05
1.073408510589049244e-05
1.028040508303596733e-05
9.873795560240289913e-06
9.399195850717545034e-06
8.959784115385922864e-06
8.561986787265227157e-06
8.156017632348058476e-06
7.746681741348149629e-06
7.374326943180024856e-06
7.022291761200522086e-06
6.755234783412461634e-06
6.480602728932425718e-06
6.205970674452390649e-06
5.956352987174219515e-06
5.709162023999482252e-06
5.441059609159773075e-06
5.205747669879496332e-06
4.986325034643247813e-06
4.760144898840844935e-06
4.522366814246302993e-06
4.307178863479842587e-06
4.098468683691304060e-06
3.943056041793727983e-06
3.788176137172744475e-06
3.633296232551760967e-06
3.488682852549661912e-06
3.357726360046866295e-06
3.204703037725212988e-06
3.059891910257006107e-06
2.936868291837466618e-06
2.813844673417927552e-06
2.679523234803643400e-06
2.555974353776629049e-06
2.434486911853956808e-06
2.327765289900624459e-06
2.253806450013459588e-06
2.163811252670664687e-06
2.081103117572275839e-06
1.998394982473886991e-06
1.915593205301286385e-06
1.831575031403456107e-06
1.751613760525573389e-06
1.682280035359894209e-06
1.612946310194214817e-06
1.537210681296816829e-06
1.466464507929698447e-06
1.398286378854769905e-06
1.334709043979399833e-06
1.293098829282129991e-06
1.243948185146928504e-06
1.198298730111960261e-06
1.152649275076992230e-06
1.106999820042024410e-06
1.102053027907700591e-06
1.046263352695463690e-06
9.904736774832267893e-07
9.422643463346122236e-07
8.988063289091858496e-07
9.131668615759623523e-07
8.815560204020820691e-07
8.256665088497848974e-07
7.697769972974877257e-07
7.269454339784201828e-07
7.143773631745590230e-07
7.141468440454873225e-07
7.139163249164156220e-07
6.430554835739161882e-07
6.218358304389556368e-07
5.914582880529461904e-07
5.610807456669367439e-07
5.341856933869224147e-07
5.103139004492703324e-07
5.143697722947059892e-07
5.023057602316541683e-07
4.719921107340217692e-07
4.416784612363892642e-07
4.116838032253702903e-07
4.043998049458469888e-07
4.104530294270627380e-07
3.979645806672227705e-07
3.680882627025653944e-07
3.498908258814948996e-07
3.623197654238491184e-07
3.369791249461193802e-07
3.082414391824521060e-07
3.059145004736094556e-07
2.867323583177639382e-07
2.920933537441378767e-07
2.762108212492349681e-07
2.596044740814239524e-07
2.429981269136128838e-07
2.319372432116668919e-07
2.285743088022671747e-07
2.319104980097061472e-07
2.209457698470109586e-07
2.048617005660290212e-07
1.984959044283624569e-07
2.037796723472060482e-07
1.899210779688411937e-07
1.736717828613206179e-07
1.716481880952911767e-07
1.614717715452770310e-07
1.647390281912728502e-07
1.726691885531166600e-07
1.667099629337956534e-07
1.508677394791778980e-07
1.350255160245601426e-07
1.284855696307588352e-07
1.303902525379486983e-07
1.258480901767091370e-07
1.173602547152765703e-07
1.104059775929707339e-07
1.109119204728205890e-07
1.101052686321434662e-07
1.007621851931150105e-07
9.918901628972720350e-08
9.124052114973252779e-08
9.104581409906448066e-08
9.143644578735631155e-08
9.182707747564815568e-08
9.213138152310964004e-08
8.208089583384098668e-08
7.259767153229029767e-08
7.314265307712866996e-08
7.448451976376314707e-08
7.895296664895172635e-08
8.320261782834535662e-08
7.777117280715125188e-08
7.143978921625088505e-08
6.126840397518286060e-08
5.548638800172598443e-08
5.714089575276396872e-08
6.099239967877697194e-08
6.484390360478998178e-08
6.596535116529414999e-08
5.752848447592632569e-08
5.077229882738345244e-08
4.702143593891835115e-08
4.148866770985855370e-08
4.096735045530518792e-08
4.108548306376755070e-08
4.120361567222991348e-08
4.132174828069228287e-08
4.143988088915464565e-08
4.016024149819679872e-08
3.616788292607444094e-08
3.205015201110934129e-08
3.492095433852421896e-08
3.618889123857902124e-08
3.745682813863383013e-08
3.755901147853836991e-08
3.479558053492350886e-08
3.203214959130865443e-08
2.741236057348464939e-08
2.368927594133418031e-08
2.459400305590137471e-08
2.786767653865531758e-08
3.114135002140926046e-08
2.983598618998659043e-08
2.628813753001024104e-08
2.310452844874098164e-08
2.098364001205068701e-08
1.847517684696369720e-08
1.979918160092816196e-08
1.904169885699467251e-08
1.774617094550635418e-08
2.034480554645871531e-08
2.294344014741107644e-08
1.969528672479197516e-08
1.670599975425556955e-08
1.428381466326916853e-08
1.370941261454612133e-08
1.547070776431851494e-08
1.469242004045073670e-08
1.390215444855096629e-08
1.311188885665120084e-08
1.232162326475143208e-08
1.241194636482755742e-08
1.143775870145849355e-08
1.093638661748732138e-08
1.172240147511873601e-08
1.070387047510621735e-08
1.097192721197130908e-08
1.211348033378562128e-08
1.240391761245740451e-08
1.081140042884023464e-08
9.218883245223066412e-09
7.875104122386344081e-09
8.157031602606844811e-09
8.820991083382137221e-09
9.128248880588323281e-09
8.392733281110083786e-09
7.657217681631844291e-09
7.365247278668454961e-09
7.657856072282246660e-09
6.245984011525136433e-09
6.088747856570445974e-09
6.036157960532167453e-09
5.983568064493888933e-09
6.666798364462053253e-09
6.953440076721565051e-09
6.993860764599268709e-09
6.208988834728001881e-09
5.424116904856733400e-09
4.639244974985466573e-09
4.950875536302866781e-09
5.335630405444026576e-09
5.567268159226029042e-09
4.988950392204778892e-09
4.410632625183527915e-09
4.362499174898860964e-09
3.952063627517645393e-09
3.619394372060383735e-09
3.586681059157902873e-09
3.553967746255422010e-09
3.559022776546464236e-09
3.739186907900652287e-09
4.056539885536912532e-09
3.940490024182307474e-09
3.517038708082931928e-09
3.093587391983555555e-09
2.758970085912601800e-09
2.700790408273751510e-09
2.584253848138368439e-09
2.552447790294861856e-09
2.520641732451355274e-09
2.488835674607848278e-09
2.680758546583792985e-09
2.802886794330624684e-09
2.925015042077455969e-09
2.778568215996692524e-09
2.343435854585439171e-09
2.136378365031034240e-09
2.205818867500563217e-09
2.092532036318846923e-09
1.979245205137131043e-09
1.865958373955415162e-09
1.752671542773699075e-09
1.679406211774920489e-09
1.609417648149485390e-09
1.611935057006989886e-09
1.695344885753644262e-09
1.778754714500298225e-09
1.496814884951583537e-09
1.540337290945418432e-09
1.586762884491271245e-09
1.725942063982754515e-09
1.935533391449195866e-09
1.771304606050783470e-09
1.398355993353031043e-09
1.384390101125121396e-09
1.415921289419477165e-09
1.322224565149947556e-09
1.228527840880418360e-09
1.134831116610888958e-09
1.041134392341359555e-09
9.757058895577859640e-10
9.825750047771483535e-10
1.022232078521248450e-09
1.417917018138865502e-09
9.141397978638567818e-10
9.395728006698781118e-10
9.780694153427682335e-10
1.225622592394224560e-09
1.186708956386164794e-09
1.101277432950395123e-09
1.015845909514625245e-09
9.304143860788553675e-10
8.704584263866842609e-10
8.413204454653501647e-10
7.801339980756499251e-10
7.147849966483703765e-10
6.494359952210908279e-10
5.983532150590552755e-10
6.077919370320199054e-10
6.300560538385845473e-10
7.067727295380945831e-10
6.972504798389614946e-10
6.364614123785675367e-10
6.052096660906301708e-10
6.630561734362317034e-10
7.209026807818333395e-10
7.212077930468346002e-10
6.877799568491924340e-10
6.303643120522251234e-10
5.729486672552578129e-10
5.160877195242881200e-10
4.910699462756202490e-10
4.482720597941098538e-10
4.054741733125993552e-10
3.707124966999828251e-10
4.487459314794538241e-10
4.026836251373462753e-10
4.433103142367100420e-10
4.902093367300834485e-10
5.348325093660107454e-10
5.794556820019380423e-10
5.722801680645104268e-10
5.194234545107467970e-10
4.665667409569832705e-10
4.275615651070492300e-10
4.099424862956975096e-10
3.732417228361546892e-10
3.348372426414069120e-10
3.052305330509468355e-10
2.834153141886703446e-10
2.541941555122039138e-10
2.398489002875089711e-10
2.898753031887172447e-10
4.015405503705545397e-10
5.132057975523918347e-10
4.750689829362061074e-10
4.289673293745771815e-10
3.828656758129482556e-10
3.602409575181121163e-10
3.464256088042314790e-10
3.204973687669137429e-10
2.863653912681071736e-10
2.543267102549214159e-10
2.417737385688522189e-10
2.226715134817167524e-10
1.971121996144707186e-10
1.807468908609822084e-10
1.626568950990927296e-10
1.592332084077300348e-10
1.847081148611807453e-10
2.072200573818847934e-10
2.297319999025889191e-10
2.522439424232930448e-10
2.747558849439971963e-10
3.036774037875707702e-10
3.067328288043297879e-10
2.261779688689070449e-10
2.051148440458573498e-10
1.955048825013050918e-10
1.792176703648252837e-10
1.566410749779313592e-10
1.432149727599451137e-10
1.340030736729736859e-10
1.159111477846704050e-10
1.032055369334433939e-10
1.135242080257736411e-10
1.600268880310657265e-10
2.065295680363577861e-10
2.530322480416498456e-10
2.833104853104388845e-10
2.707690312732082975e-10
2.582275772359777104e-10
2.456861231987471750e-10
1.884276560027038270e-10
1.519379715957054071e-10
1.429101347769769667e-10
1.338822979582485004e-10
1.189544102798087183e-10
9.878426110069390236e-11
8.417930144868596807e-11
7.550515050375265501e-11
6.447933104610393394e-11
6.519861466681705205e-11
7.270721868762433165e-11
9.578380897297938213e-11
1.322184715769205428e-10
1.686531341808616905e-10
2.050877967848028382e-10
2.682606921924505731e-10
1.868565136597208815e-10
1.054523351269911770e-10
9.490549979016636555e-11
8.911068321686309455e-11
8.331586664355981063e-11
7.568242245509780904e-11
6.774915901383857444e-11
5.906957457917863869e-11
4.802894132211327202e-11
4.330036497401006830e-11
5.127316702534975807e-11
5.054532043192578777e-11
7.325108034088837687e-11
9.810841875814258277e-11
9.539056260245168710e-11
9.066019154047695651e-11
8.592982047850221299e-11
8.119944941652750825e-11
8.097646995010577628e-11
8.883632601389628441e-11
8.874371463891370454e-11
7.841032236960746743e-11
6.807693010030120447e-11
5.774353783099494151e-11
3.609497914508869434e-11
2.961287239493447415e-11
2.920287469525836347e-11
3.152112689118083864e-11
3.370186875781043175e-11
3.470968851265068061e-11
4.198056697188745040e-11
3.805609577148101995e-11
4.194491663711173669e-11
6.057598748608780400e-11
5.611482248883886090e-11
4.730257268232173788e-11
4.342036826256550166e-11
3.953816384280928483e-11
3.565595942305304861e-11
3.158745426922914448e-11
2.695583451155077838e-11
2.232421475387242197e-11
1.937216726385559421e-11
1.984183648978323679e-11
2.118719779916684613e-11
2.253255910855045548e-11
2.534449380037587216e-11
2.712031844387168421e-11
2.337231756737938871e-11
3.169696142086788134e-11
3.845272472884843403e-11
3.747760613794568968e-11
3.424397331837043965e-11
3.101034049879519609e-11
2.777670767921994607e-11
2.440127545208479141e-11
2.067849877841446272e-11
1.695572210474413403e-11
1.323294543107380696e-11
1.342451773981949657e-11
1.412524627226904593e-11
1.499999521260404862e-11
1.587474415293904970e-11
1.437509913846730363e-11
1.500741075958116659e-11
1.599995450021338278e-11
1.663003200524672657e-11
1.726010951028007359e-11
2.039332712228635389e-11
1.690504033855979590e-11
1.584835672965069967e-11
1.919378341306788997e-11
1.613293335309336339e-11
1.307208329311884651e-11
1.001123323314433932e-11
9.255500083285624177e-12
9.167589538706380574e-12
9.187718147109445314e-12
9.354511521833821978e-12
9.521304896558198641e-12
9.761772950637124155e-12
1.011286442460698209e-11
1.070179404071571602e-11
1.142322530059800968e-11
1.123795413800087418e-11
9.457143975910934772e-12
9.328914352867164883e-12
9.510388735847966743e-12
8.614446520446266044e-12
7.718504305044562114e-12
6.822562089642858991e-12
6.368445874902704529e-12
6.341014524326475502e-12
6.392271538593369457e-12
6.498314573547985227e-12
6.604357608502601805e-12
6.727841703128089619e-12
6.970233392977529244e-12
6.905652152303558452e-12
6.387302240876466175e-12
5.868952329449375513e-12
5.887830726603021076e-12
6.235259371157746330e-12
6.669516648651137541e-12
6.987040559767111987e-12
7.304564470883087241e-12
7.622088381999060879e-12
7.939612293115037748e-12
5.967952591114839165e-12
4.497322577145261756e-12
4.567524978449737715e-12
4.637727379754214481e-12
4.707929781058690440e-12
4.568633500377622987e-12
4.419711546757380956e-12
4.270789593137138924e-12
4.121867639516896084e-12
4.143159632070414814e-12
4.253102303044741810e-12
4.429769921515587268e-12
4.606437539986433534e-12
4.783105158457278992e-12
5.015678142035403052e-12
5.413482351312183318e-12
4.404925194345140037e-12
3.167332450246329172e-12
3.099527973333430857e-12
3.031723496420533350e-12
3.007397509196525448e-12
2.987106169633141917e-12
2.966814830069757981e-12
2.946523490506373642e-12
2.926232150942989707e-12
2.955106762568946055e-12
3.001381131190245013e-12
2.861281325183777135e-12
2.721181519177309661e-12
2.581081713170842187e-12
2.440981907164374714e-12
2.320798346874256347e-12
2.290733830745224204e-12
2.260669314616192061e-12
2.230604798487159514e-12
2.200540282358127371e-12
2.324475688079126738e-12
2.477924095105736248e-12
2.631372502132346163e-12
2.784820909158955673e-12
2.959659080369865295e-12
2.143238281852780084e-12
2.185858678150169315e-12
2.088878038857514819e-12
1.990279600036222320e-12
1.891681161214929417e-12
1.793082722393636716e-12
1.706883172115834167e-12
1.678302925202254041e-12
1.649722678288673914e-12
1.621142431375093788e-12
1.592562184461513661e-12
1.563981937547933535e-12
1.535401690634353409e-12
1.506821443720773080e-12
1.478241196807192954e-12
1.449660949893612828e-12
1.421080702980032701e-12
1.392500456066452575e-12
1.368593215616075159e-12
1.349087042776569140e-12
1.329580869937062716e-12
1.310074697097556494e-12
1.290568524258050272e-12
1.271062351418543848e-12
1.251556178579037626e-12
1.232050005739531404e-12
1.212543832900025183e-12
1.193037660060518961e-12
1.173531487221012537e-12
1.154025314381506315e-12
1.134934094905863567e-12
1.115914449552860797e-12
1.098396966869166691e-12
1.172205251757618240e-12
1.803779428018500685e-12
2.435353604279384342e-12
3.066927780540301926e-12
3.788485101873996403e-12
4.521354907226116057e-12
5.254224712578234904e-12
5.987094517930337594e-12
6.719964323282456441e-12
7.452834128634576095e-12
8.185703933986677978e-12
8.918573739338805710e-12
9.651443544690907593e-12
1.038264985484352569e-11
1.107436715852281118e-11
1.176608446220209829e-11
1.245780176588138863e-11
1.314951906956062727e-11
1.384123637323993538e-11
1.453295367691920795e-11
1.522467098059848051e-11
1.591638828427778862e-11
1.660810558795705473e-11
1.729876886795272367e-11
1.794485538689163622e-11
1.859094190583051324e-11
1.923702842476943549e-11
1.988311494370834159e-11
2.052920146264724445e-11
2.117528798158616671e-11
2.182137450052504049e-11
2.246746101946396274e-11
2.311354753840287207e-11
2.375963405734178463e-11
2.437546186489248531e-11
2.498233995400874578e-11
2.558921804312500625e-11
2.619609613224125703e-11
2.680297422135751750e-11
2.740985231047377797e-11
2.801673039959005460e-11
2.862360848870630538e-11
2.923048657782256585e-11
2.983736466693882309e-11
3.043410016302054847e-11
3.100910393829844403e-11
3.158410771357634605e-11
3.215911148885424807e-11
3.273411526413218240e-11
3.330911903941008443e-11
3.388412281468798645e-11
3.445912658996588847e-11
3.503413036524378403e-11
3.560913414052168605e-11
3.618413791579958807e-11
3.675914169107749009e-11
3.733414546635539212e-11
3.790914924163328768e-11
3.848415301691119616e-11
3.905915679218909172e-11
3.963416056746700020e-11
4.020916434274489576e-11
4.078416811802279778e-11
4.135917189330069334e-11
4.193417566857863414e-11
4.250917944385652970e-11
4.308418321913443818e-11
4.365918699441233374e-11
4.423419076969023576e-11
4.480919454496814425e-11
4.538419832024603981e-11
4.595920209552393537e-11
4.653420587080183092e-11
4.710920964607974587e-11
4.768421342135764143e-11
4.825921719663553699e-11
4.883422097191343901e-11
4.940922474719136688e-11
4.998422852246926244e-11
5.055923229774715800e-11
5.113423607302506002e-11
5.170923984830296851e-11
5.228424362358086407e-11
5.285924739885876609e-11
5.343425117413667457e-11
5.400925494941458952e-11
5.458425872469248508e-11
5.515926249997038710e-11
5.573426627524828266e-11
5.630927005052619114e-11
5.688427382580409316e-11
5.745927760108198872e-11
5.803428137635990367e-11
5.860928515163779277e-11
5.918428892691569479e-11
5.975929270219362266e-11
6.033429647747152468e-11
6.090930025274941378e-11
6.148430402802732872e-11
6.205930780330521782e-11
6.263431157858311984e-11
6.320931535386100894e-11
6.378431912913892389e-11
6.435932290441685176e-11
6.493432667969474085e-11
6.550933045497264288e-11
6.608433423025054490e-11
6.665933800552844692e-11
6.723434178080633602e-11
6.780934555608425096e-11
6.838434933136214006e-11
6.895935310664006793e-11
6.953435688191796995e-11
7.010936065719585905e-11
7.068436443247377400e-11
7.125936820775166309e-11
7.183437198302956511e-11
7.240937575830745421e-11
7.297082672689101819e-11
7.334089948202640689e-11
7.371097223716180851e-11
7.408104499229719721e-11
7.445111774743258591e-11
7.482119050256798753e-11
7.519126325770337623e-11
7.556133601283877785e-11
7.593140876797416655e-11
7.630148152310952940e-11
7.667155427824494395e-11
7.704162703338034557e-11
7.741169978851572135e-11
7.776017973320835011e-11
7.810713981421256459e-11
7.845409989521677908e-11
7.880105997622096771e-11
7.914802005722514342e-11
7.949498013822935790e-11
7.984194021923357239e-11
8.018890030023774810e-11
8.053586038124196258e-11
8.088282046224613829e-11
8.122978054325035277e-11
8.157674062425455433e-11
8.192370070525874297e-11
8.227066078626295745e-11
8.261762086726713316e-11
8.296458094827134764e-11
8.331154102927554920e-11
8.365850111027973783e-11
8.400546119128395232e-11
8.435242127228815388e-11
8.469938135329234251e-11
8.504634143429655699e-11
8.539330151530071978e-11
8.574026159630493426e-11
8.607388416361539404e-11
8.639631034033583367e-11
8.671873651705629915e-11
8.704116269377675170e-11
8.736358887049720426e-11
8.768601504721765682e-11
8.800844122393810937e-11
8.833086740065856193e-11
8.865329357737902741e-11
8.897571975409947996e-11
8.929814593081991960e-11
8.962057210754037215e-11
8.994299828426082471e-11
9.024655223541490293e-11
9.054838197346019104e-11
9.085021171150550500e-11
9.115204144955081896e-11
9.145387118759613292e-11
9.175570092564143395e-11
9.205753066368673499e-11
9.235936040173204895e-11
9.266119013977737583e-11
9.296301987782266394e-11
9.326484961586796497e-11
9.356667935391327893e-11
9.386850909195860582e-11
9.414180115902505590e-11
9.441459263855262185e-11
9.468738411808020073e-11
9.496017559760779252e-11
9.523296707713537140e-11
9.550575855666295027e-11
9.577855003619052915e-11
9.605134151571812094e-11
9.632413299524569982e-11
9.659692447477326577e-11
9.686971595430087049e-11
9.714250743382844936e-11
9.741529891335600239e-11
9.768402713142070808e-11
9.793394576328758007e-11
9.818386439515449083e-11
9.843378302702136282e-11
9.868370165888826066e-11
9.893362029075513264e-11
9.918353892262203048e-11
9.943345755448891539e-11
9.968337618635580031e-11
9.993329481822268522e-11
1.001832134500895831e-10
1.004331320819564550e-10
1.006830507138233400e-10
1.009329693456902249e-10
1.011828879775571098e-10
1.014358058771822872e-10
1.016908041325293126e-10
1.019458023878763508e-10
1.022008006432234150e-10
1.024557988985704533e-10
1.027107971539175174e-10
1.029657954092645557e-10
1.032207936646116069e-10
1.034757919199586452e-10
1.037307901753056964e-10
1.039857884306527476e-10
1.042407866859997729e-10
1.044957849413468241e-10
1.047507831966938624e-10
1.050056686476878622e-10
1.052604936439016102e-10
1.055153186401154098e-10
1.057701436363291707e-10
1.060249686325429444e-10
1.062797936287566924e-10
1.065346186249704791e-10
1.067894436211842399e-10
1.070442686173980267e-10
1.072990936136117875e-10
1.075539186098255742e-10
1.078087436060393351e-10
1.080635686022530959e-10
1.083153726601240411e-10
1.085531190434953280e-10
1.087908654268666149e-10
1.090286118102379148e-10
1.092663581936092146e-10
1.095041045769804886e-10
1.097418509603517755e-10
1.099795973437230753e-10
1.102173437270943622e-10
1.104550901104656362e-10
1.106928364938369361e-10
1.109305828772082359e-10
1.111683292605795099e-10
1.114060756439508097e-10
1.116424674781395369e-10
1.118613088742348020e-10
1.120801502703300284e-10
1.122989916664252935e-10
1.125178330625205587e-10
1.127366744586158109e-10
1.129555158547110631e-10
1.131743572508063283e-10
1.133931986469015934e-10
1.136120400429968327e-10
1.138308814390920979e-10
1.140497228351873630e-10
1.142685642312826023e-10
1.144874056273778545e-10
1.147062470234731455e-10
1.149274721455886721e-10
1.151568005047259196e-10
1.153861288638631930e-10
1.156154572230004276e-10
1.158447855821376622e-10
1.160741139412748839e-10
1.163034423004121573e-10
1.165277360424802955e-10
1.167486241925781847e-10
1.169695123426760740e-10
1.171904004927739891e-10
1.174112886428719042e-10
1.176321767929698193e-10
1.178530649430677344e-10
1.180763582738758290e-10
1.183038306730774287e-10
1.185313030722789766e-10
1.187587754714805763e-10
1.189862478706821243e-10
1.192137202698836981e-10
1.194411926690852719e-10
1.196605483459260629e-10
1.198754368173772356e-10
1.200903252888284082e-10
1.203052137602795550e-10
1.205201022317307277e-10
1.207349907031819262e-10
1.209498791746330989e-10
1.211753787352431026e-10
1.214096284658898498e-10
1.216438781965365712e-10
1.218781279271833443e-10
1.221123776578300656e-10
1.223466273884768128e-10
1.225808771191235601e-10
1.228151268497703073e-10
1.230493765804170287e-10
1.232836263110637759e-10
1.235178760417104972e-10
1.237521257723572703e-10
1.239863755030040175e-10
1.242206252336507647e-10
1.244548749642974861e-10
1.246891246949442075e-10
1.249233744255909547e-10
1.251576241562377278e-10
1.253918738868844491e-10
1.256261236175311964e-10
1.258603733481779436e-10
1.260946230788246908e-10
1.263288728094714122e-10
