2.688097012166084515e-02
2.628978957015020920e-02
2.524250167714764403e-02
2.391815637401057890e-02
2.244720783469937586e-02
2.090607508566375006e-02
1.935693234813418845e-02
1.783882412961230318e-02
1.637676102076650667e-02
1.499340051796656248e-02
1.370507148959252720e-02
1.251428325941889540e-02
1.138162994742200271e-02
1.035932558633392321e-02
9.429651255217465916e-03
8.551517124278316603e-03
7.749516329382478454e-03
7.025946676828534986e-03
6.332161644243586643e-03
5.717006216605187083e-03
5.128797373237642225e-03
4.592733200384445033e-03
4.090549487368834274e-03
3.637663474166191301e-03
3.217082307168054461e-03
2.846877917521528200e-03
2.497275872445376115e-03
2.204480753639979397e-03
1.929222518824051181e-03
1.693708471414102348e-03
1.485478801642271373e-03
1.297396201687324967e-03
1.144152172361838620e-03
9.975762308162873255e-04
8.734615516676752641e-04
7.710385821564182725e-04
6.706959011332596070e-04
5.885762358041810288e-04
5.184752297592366051e-04
4.504064826420628551e-04
3.957179459189430742e-04
3.489381527477060027e-04
3.022367943652491413e-04
2.650068454710517610e-04
2.348894594165933439e-04
2.032828927059595519e-04
1.771607919512420979e-04
1.590721427548215925e-04
1.396443813494903635e-04
1.203818897908181455e-04
1.061095950412871820e-04
9.490013286769449709e-05
8.022998226467829396e-05
7.138989863198999140e-05
6.335555021160960989e-05
5.546246556693222699e-05
4.774652450424558462e-05
4.221270355369673497e-05
3.772799389881830833e-05
3.230250444307126810e-05
2.855700904869186766e-05
2.547236211967620394e-05
2.233830323622872807e-05
1.892021974289652885e-05
1.759756156086784897e-05
1.642214244251412642e-05
1.317753816336507214e-05
1.126074131873692183e-05
1.058482021945324695e-05
9.536877929302786322e-06
7.801466061157637274e-06
6.744654363153081437e-06
6.361954935408853417e-06
5.551833194025144878e-06
5.385265517969702890e-06
4.117190209921941683e-06
4.468882179170108298e-06
3.258448084297752353e-06
3.254173864525910650e-06
2.472676234566719286e-06
2.605319871622625167e-06
2.295574077073200985e-06
2.364187489221800229e-06
1.478923312336399566e-06
1.685196195518986024e-06
1.836500707583741899e-06
1.409654715284028548e-06
8.774607972020021672e-07
1.079244899187725270e-06
1.130742380732264248e-06
9.865971205286960904e-07
5.266842133043131943e-07
6.031185033356479088e-07
5.869101527135382533e-07
6.741267436608582349e-07
3.390828391081145091e-07
3.626929433249549347e-07
3.556878860774079440e-07
4.058621567857041041e-07
2.204344556216922822e-07
1.894451654181327881e-07
2.269069780531897328e-07
1.768490470182153999e-07
1.245742272160162356e-07
1.142451522815823758e-07
1.372617047388463656e-07
1.073604132011053077e-07
7.745912166336423656e-08
6.913812942350606921e-08
8.400581946844525496e-08
7.533379106010283843e-08
5.249466533472892861e-08
4.198479311460299390e-08
4.835559603947417382e-08
4.899748714837226494e-08
3.399892594293152755e-08
2.562504106712444873e-08
2.973393072872307866e-08
3.000926352108974118e-08
2.778504557525946955e-08
1.570449455054623784e-08
1.702985813878465635e-08
1.831874907414947879e-08
1.251511544091331622e-08
1.056472321479443305e-08
1.593241285362104938e-08
1.995388242638386542e-08
7.751118014384264492e-09
6.224428719452974569e-09
9.227826311137020004e-09
7.082839019223167488e-09
6.875382280725037988e-09
3.919865247876944762e-09
5.908214068349288240e-09
4.165211577459492943e-09
4.269915574453107378e-09
2.490299051272372196e-09
3.854280919125350817e-09
5.501975179939663060e-09
2.666026330991961333e-09
2.967836697602655370e-09
2.518916566911199280e-09
3.390751854869953758e-09
2.683135142120676605e-09
1.651073887612404504e-09
4.384293566952242637e-09
3.556879882711371601e-09
2.200653685044626830e-09
7.632356822241167492e-10
9.903983955941497693e-10
1.318635749254805805e-09
1.340177468955315676e-09
3.757552881948073129e-10
4.986634979697054438e-10
1.889763367064077321e-09
7.114228826488629165e-10
2.490864908266122288e-10
3.278260961457380203e-10
2.758369592734454473e-10
1.977728982574044266e-10
1.616516585769071334e-10
2.161631374627098433e-10
1.716152737951726029e-10
1.216547104771299067e-10
1.087130595725436143e-10
1.454108750257915299e-10
1.679359915074722909e-10
1.014859519789357868e-10
7.151045250694966770e-11
9.124733453800916006e-11
8.986476310943771744e-11
6.693648165377060598e-11
4.872700340524359950e-11
5.920666687245901506e-11
5.829723830103044119e-11
3.891187181597610102e-11
2.808465239354023525e-11
3.238379390426834073e-11
3.668293541499645267e-11
2.399705405167590845e-11
1.845106317931492199e-11
2.140753924541917701e-11
2.436401531152342881e-11
1.434628585954171323e-11
1.039865630174368454e-11
9.422656301743683851e-12
8.446656301743683163e-12
7.470656301743684090e-12
6.773356558455164922e-12
6.121305276403878571e-12
5.469253994352593027e-12
4.836260172580285807e-12
4.420760172580286214e-12
4.005260172580285814e-12
3.589760172580285817e-12
3.206419605798539481e-12
2.948650106861459161e-12
3.015750613085386085e-12
3.360273753644450264e-12
3.704796894203514847e-12
4.049320034762579430e-12
4.393843175321643205e-12
4.738366315880708596e-12
5.082889456439772371e-12
5.429838821531242277e-12
5.777097116604242442e-12
6.124355411677244223e-12
6.471613706750243581e-12
6.818872001823245361e-12
7.166130296896246334e-12
7.513388591969247307e-12
7.860646887042247472e-12
8.207905182115249253e-12
8.555163477188247803e-12
8.902421772261249583e-12
9.249680067334249748e-12
9.538036500710796156e-12
9.823458146988234552e-12
1.010887979326567456e-11
1.039430143954311134e-11
1.067972308582055135e-11
1.095970285365609456e-11
1.120434351186157843e-11
1.144898417006706393e-11
1.169362482827255104e-11
1.193826548647803653e-11
1.218290614468352041e-11
1.242754680288900752e-11
1.267218746109449301e-11
1.291682811929997689e-11
1.316146877750546400e-11
1.340610943571094787e-11
1.365075009391643337e-11
1.389539075212192048e-11
1.411542804326212222e-11
1.432720982808717032e-11
1.453899161291221519e-11
1.475077339773726168e-11
1.496255518256230978e-11
1.517433696738735465e-11
1.538611875221239952e-11
1.559790053703744762e-11
1.580968232186249573e-11
1.602146410668754060e-11
1.623324589151258547e-11
1.644502767633763357e-11
2.241979667966152621e-11
6.110071360317159073e-11
8.213936943363239273e-11
8.318817984508522255e-11
8.423699025653805238e-11
8.528580066799088220e-11
8.633461107944369910e-11
8.738342149089650307e-11
8.843223190234933289e-11
8.948104231380216271e-11
9.052985272525497961e-11
9.157866313670780943e-11
9.262747354816062633e-11
9.367628395961346908e-11
9.472509437106627305e-11
9.577390478251910287e-11
9.687582150143973446e-11
9.798108052417721688e-11
9.908633954691469930e-11
1.001915985696522076e-10
1.012968575923896771e-10
1.024021166151271983e-10
1.035073756378646678e-10
1.046126346606021631e-10
1.057178936833396585e-10
1.068231527060771150e-10
1.079284117288146104e-10
1.090336707515521186e-10
1.101389297742896140e-10
1.112441887970271093e-10
1.123494478197645788e-10
1.134547068425020742e-10
1.145599658652395566e-10
1.156652248879770520e-10
1.167704839107145602e-10
1.178757429334520426e-10
1.189810019561895509e-10
1.200862609789270075e-10
1.211915200016645158e-10
1.222967790244019982e-10
1.234020380471394806e-10
1.245072970698769630e-10
1.256088781520323375e-10
1.266999088700110532e-10
1.277909395879897948e-10
1.288819703059685623e-10
1.299730010239472780e-10
1.310322376436664878e-10
1.320711526722919559e-10
1.331100677009174241e-10
1.341489827295428922e-10
1.351878977581683603e-10
1.361350503452075241e-10
1.370782893509529795e-10
1.380215283566984348e-10
1.389647673624438901e-10
1.398641994397841916e-10
1.404957736160450510e-10
1.411273477923059622e-10
1.417589219685668733e-10
1.423904961448277844e-10
1.430220703210886697e-10
1.436536444973495549e-10
1.442852186736104661e-10
1.449167928498713255e-10
1.455483670261322366e-10
1.461799412023931219e-10
1.468115153786540330e-10
1.474430895549149441e-10
1.480746637311758294e-10
1.487062379074367147e-10
1.493378120836975999e-10
1.499693862599585111e-10
1.506009604362194222e-10
1.512325346124803075e-10
1.518641087887411927e-10
1.524956829650020780e-10
1.531272571412629891e-10
1.537588313175238744e-10
1.543904054937847855e-10
1.550219796700456966e-10
1.556535538463065819e-10
1.562851280225674672e-10
1.569167021988283525e-10
1.575482763750892636e-10
1.581798505513501747e-10
1.588114247276110600e-10
1.594429989038719711e-10
1.601614225183187384e-10
1.608942923236708580e-10
1.616271621290229518e-10
1.623600319343750973e-10
1.630879564904739640e-10
1.637796737941532430e-10
1.644713910978325479e-10
1.651631084015118270e-10
1.658548257051911060e-10
1.665327875048975319e-10
1.671788740238364445e-10
1.678249605427753312e-10
1.684710470617142696e-10
1.691171335806531563e-10
1.697487068735976956e-10
1.703555849627139528e-10
1.709624630518302101e-10
1.715693411409464673e-10
1.721762192300627504e-10
1.727722088854242314e-10
1.733472126607021334e-10
1.739222164359800354e-10
1.744972202112579375e-10
1.750722239865358395e-10
1.756472277618137156e-10
1.762222315370916177e-10
1.767972353123695455e-10
1.773722390876474476e-10
1.779472428629253496e-10
1.785222466382032775e-10
1.790972504134811795e-10
1.796722541887590556e-10
1.802472579640369577e-10
1.808222617393148597e-10
1.813972655145927617e-10
1.819722692898706637e-10
1.825472730651485916e-10
1.831222768404264936e-10
1.836972806157043698e-10
1.842722843909822718e-10
1.848472881662601738e-10
1.854222919415381017e-10
1.859972957168160037e-10
1.865722994920939058e-10
1.871473032673718336e-10
1.877223070426496839e-10
1.882973108179276118e-10
1.888723145932054880e-10
1.894473183684834159e-10
1.900223221437613179e-10
1.905973259190391941e-10
1.911723296943170961e-10
1.917473334695950240e-10
1.923223372448729260e-10
1.928973410201508280e-10
1.933445676138587276e-10
1.937146403689941421e-10
1.940847131241295308e-10
1.944547858792649454e-10
1.948248586344003082e-10
1.951949313895357228e-10
1.955468004177827165e-10
1.958937604987869439e-10
1.962407205797911196e-10
1.965876806607953212e-10
1.969346407417995486e-10
1.972816008228037243e-10
1.976285609038079258e-10
1.979755209848121532e-10
1.983224810658163290e-10
1.986694411468205305e-10
1.990164012278247579e-10
1.993620170401887169e-10
1.996844432169091824e-10
2.000068693936296220e-10
2.003292955703500875e-10
2.006517217470705530e-10
2.009741479237909926e-10
2.012965741005114581e-10
2.015988043778440983e-10
2.019006341158893864e-10
2.022024638539347004e-10
2.025042935919800143e-10
2.028061233300253283e-10
2.031079530680706422e-10
2.033877418398439622e-10
2.036605333193715282e-10
2.039333247988991199e-10
2.042061162784266859e-10
2.044789077579543035e-10
2.047516992374818695e-10
2.050217861765207727e-10
2.052717048083876447e-10
2.055216234402545426e-10
2.057715420721214146e-10
2.060214607039883124e-10
2.062713793358551844e-10
2.065212979677220822e-10
2.067717308744233311e-10
2.070267291297703694e-10
2.072817273851174077e-10
2.075367256404644976e-10
2.077917238958115359e-10
2.080467221511585742e-10
2.083017204065056125e-10
2.085566500741317390e-10
2.088114750703455386e-10
2.090663000665593124e-10
2.093211250627730604e-10
2.095759500589868341e-10
2.098307750552006079e-10
2.100856000514143559e-10
2.103248106402069573e-10
2.105625570235782572e-10
2.108003034069495570e-10
2.110380497903208310e-10
2.112757961736921308e-10
2.115135425570634048e-10
2.117488481423030340e-10
2.119676895383982863e-10
2.121865309344935126e-10
2.124053723305887907e-10
2.126242137266840429e-10
2.128430551227793210e-10
2.130618965188745732e-10
2.132807379149698254e-10
2.135099447210959280e-10
2.137392730802331756e-10
2.139686014393704489e-10
2.141911882635781294e-10
2.144120764136760445e-10
2.146329645637739338e-10
2.148559613249846156e-10
2.150834337241861894e-10
2.153109061233877632e-10
2.155372769795176749e-10
2.157521654509688475e-10
2.159670539224199944e-10
2.161819423938711670e-10
2.164098732127734233e-10
2.166441229434201705e-10
2.168783726740668919e-10
2.171126224047136391e-10
2.173468721353603604e-10
2.175811218660071335e-10
2.178153715966538549e-10
2.180496213273006021e-10
2.182838710579473752e-10
2.185181207885940965e-10
2.187523705192408438e-10
2.189866202498875651e-10
2.192208699805343382e-10
2.194551197111810596e-10
2.196893694418278068e-10
2.199236191724745281e-10
2.201578689031213012e-10
2.203921186337680484e-10
2.206263683644147698e-10
2.208606180950615170e-10
2.210948678257082384e-10
2.213291175563550115e-10
2.215633672870017328e-10
2.217976170176484801e-10
2.220318667482952014e-10
2.222661164789419745e-10
2.225003662095886959e-10
2.227346159402354431e-10
2.229688656708821644e-10
2.232031154015289375e-10
2.234373651321756847e-10
2.236716148628224061e-10
2.239058645934691533e-10
2.241401143241159005e-10
2.243743640547626478e-10
2.246086137854093691e-10
2.248428635160561164e-10
2.250771132467028377e-10
2.253113629773496108e-10
2.255456127079963322e-10
2.257798624386430794e-10
2.260141121692898524e-10
2.262483618999365738e-10
2.264826116305833210e-10
2.267168613612300424e-10
2.269511110918768155e-10
2.271853608225235368e-10
2.273564955904714839e-10
2.275178008531502869e-10
2.276791061158291416e-10
2.278404113785079447e-10
2.280017166411867735e-10
2.281630219038655766e-10
2.283243271665443796e-10
2.284856324292232084e-10
2.286469376919020115e-10
2.288082429545808145e-10
2.289695482172596434e-10
2.291308534799384464e-10
2.292921587426172494e-10
2.294534640052960783e-10
2.296147692679749072e-10
2.297760745306537360e-10
2.299373797933325391e-10
2.300986850560113421e-10
2.302589337062902464e-10
2.304180904201924872e-10
2.305772471340947797e-10
2.307396548421180889e-10
2.309320221030663312e-10
2.311243893640144959e-10
2.313167566249626864e-10
2.315091238859109028e-10
2.317014911468590934e-10
2.318938584078072839e-10
2.320862256687555003e-10
2.322785929297036908e-10
2.324709601906518555e-10
2.326633274516000978e-10
2.328556947125482883e-10
2.330480619734964789e-10
2.332404292344446177e-10
2.334327964953928599e-10
2.336251637563410505e-10
2.338175310172892410e-10
2.340098982782374316e-10
2.342022655391856221e-10
2.343946328001338127e-10
2.345870000610820549e-10
2.347793673220302455e-10
2.349717345829783843e-10
2.351641018439266265e-10
2.353564691048748171e-10
2.355488363658230076e-10
2.357412036267711982e-10
2.359335708877193887e-10
2.361259381486675793e-10
2.363183054096158215e-10
2.365106726705640120e-10
2.367030399315121509e-10
2.368954071924603414e-10
2.370877744534085837e-10
2.372801417143567742e-10
2.374725089753049648e-10
2.376648762362531553e-10
2.378572434972013458e-10
2.380330221631996368e-10
2.381768665300741762e-10
2.383207108969487673e-10
2.384645552638233068e-10
2.386083996306978979e-10
2.387522439975724373e-10
2.388960883644470285e-10
2.390399327313215679e-10
2.391837770981961590e-10
2.393276214650706985e-10
2.394714658319452896e-10
2.396153101988198290e-10
2.397591545656944202e-10
2.399029989325690113e-10
2.400468432994435507e-10
2.401906876663181419e-10
2.403345320331926813e-10
2.404783764000672724e-10
2.406222207669418119e-10
2.407660651338164030e-10
2.409099095006909941e-10
2.410537538675655336e-10
2.411975982344401247e-10
2.413414426013146641e-10
2.414852869681892553e-10
2.416291313350637947e-10
2.417729757019383858e-10
2.419168200688129253e-10
2.420606644356875164e-10
2.422045088025621075e-10
2.423483531694366470e-10
2.424921975363112381e-10
2.426360419031857775e-10
2.427798862700603687e-10
2.429237306369349081e-10
2.430652666158040304e-10
2.432062120466748457e-10
2.433471574775456094e-10
2.434881029084163730e-10
2.436290483392871367e-10
2.437699937701579003e-10
2.439109392010286640e-10
2.440518846318994276e-10
2.441928300627702430e-10
2.443337754936410066e-10
2.444747209245117703e-10
2.446156663553825339e-10
2.447566117862533493e-10
2.448975572171241129e-10
2.450385026479948249e-10
2.451794480788656402e-10
2.453203935097364039e-10
2.454613389406071675e-10
2.456022843714779311e-10
2.457432298023487465e-10
2.458841752332195101e-10
2.460251206640902738e-10
2.461660660949610374e-10
2.463070115258318528e-10
2.464479569567025647e-10
2.465889023875733801e-10
2.467298478184441437e-10
2.468707932493149074e-10
2.470117386801856710e-10
2.471526841110564347e-10
2.472936295419272500e-10
2.474345749727980137e-10
2.475755204036687773e-10
2.477164658345395410e-10
2.478574112654103046e-10
2.479983566962810683e-10
2.481393021271518836e-10
2.482802475580226473e-10
2.484211929888934109e-10
2.485621384197641745e-10
2.487030838506349899e-10
2.488440292815057018e-10
2.489849747123765172e-10
2.491259201432472808e-10
2.492668655741180445e-10
2.494078110049888081e-10
2.495487564358595718e-10
2.496896436596309144e-10
2.498264695693472286e-10
2.499632954790635429e-10
2.501001213887799089e-10
2.502369472984962232e-10
2.503737732082125375e-10
2.505105991179288518e-10
2.506474250276452178e-10
2.507842509373615320e-10
2.509210768470778980e-10
2.510579027567942123e-10
2.511947286665105783e-10
2.513315545762268926e-10
2.514683804859432069e-10
2.516052063956595728e-10
2.517420323053758871e-10
2.518788582150922014e-10
2.520156841248085157e-10
2.521525100345248817e-10
2.522893359442411960e-10
2.524261618539575619e-10
2.525629877636738762e-10
2.526998136733902422e-10
2.528366395831065565e-10
2.529734654928228708e-10
2.531102914025391851e-10
2.532471173122555510e-10
2.533839432219718653e-10
2.535207691316881796e-10
2.536575950414045456e-10
2.537944209511208599e-10
2.539312468608372259e-10
2.540680727705535402e-10
2.542048986802698544e-10
2.543417245899861687e-10
2.544785504997025347e-10
2.546153764094188490e-10
2.547522023191352150e-10
2.548750072348321003e-10
2.549928923336709124e-10
2.551107774325096728e-10
2.552286625313484332e-10
2.553465476301871936e-10
2.554644327290260057e-10
2.555823178278647661e-10
2.557002029267035782e-10
2.558180880255423387e-10
2.559359731243811508e-10
2.560538582232199112e-10
2.561717433220586716e-10
2.562896284208974320e-10
2.564075135197362441e-10
2.565253986185750045e-10
2.566432837174138166e-10
2.567611688162525770e-10
2.568790539150913375e-10
2.569969390139301496e-10
2.571148241127689100e-10
2.572327092116076704e-10
2.573505943104464825e-10
2.574684794092852946e-10
2.575863645081240550e-10
2.577042496069628154e-10
2.578221347058015758e-10
2.579400198046403880e-10
2.580579049034791484e-10
2.581757900023179605e-10
2.582936751011567209e-10
2.584115601999955330e-10
2.585294452988342934e-10
2.586473303976730538e-10
2.587652154965118142e-10
2.588831005953506263e-10
2.589887868290103482e-10
2.590875729389519465e-10
2.591863590488936481e-10
2.592851451588352463e-10
2.593839312687768962e-10
2.594827173787184944e-10
2.595815034886601444e-10
2.596802895986017943e-10
2.597790757085433925e-10
2.598778618184850424e-10
2.599766479284266407e-10
2.600754340383682906e-10
2.601742201483099405e-10
2.602730062582515387e-10
2.603717923681931887e-10
2.604705784781348386e-10
2.605703464467975665e-10
2.606820672023292656e-10
2.607937879578609648e-10
2.609055087133927156e-10
2.610172294689243631e-10
2.611289502244560622e-10
2.612406709799878130e-10
2.613523917355194605e-10
2.614641124910512113e-10
2.615758332465828071e-10
2.616875540021145062e-10
2.617992747576462571e-10
2.619109955131779045e-10
2.620227162687096553e-10
2.621344370242413545e-10
2.622461577797730019e-10
2.623578785353047528e-10
2.624695992908364519e-10
2.625813200463680993e-10
2.626930408018997985e-10
2.628047615574314459e-10
2.629164823129631968e-10
2.630282030684948959e-10
2.631399238240265950e-10
2.632516445795582942e-10
2.633633653350899933e-10
2.634750860906216925e-10
2.635868068461533399e-10
2.636985276016850390e-10
nan
nan
nan
nan
nan
nan
nan
nan
nan
nan
nan
nan
nan
nan
nan
nan
nan
nan
nan
nan
nan
nan
nan
nan
nan
nan
nan
nan
nan
nan
nan
nan
nan
nan
nan
nan
nan
nan
nan
nan
nan
nan
nan
nan
nan
nan
nan
nan
nan
nan
nan
nan
nan
nan
nan
nan
nan
nan
nan
nan
nan
nan
nan
nan
nan
nan
nan
nan
nan
nan
nan
nan
nan
nan
nan
nan
nan
nan
nan
nan
nan
nan
nan
nan
nan
nan
nan
nan
nan
nan
nan
nan
nan
nan
nan
nan
nan
nan
nan
nan
nan
nan
nan
nan
nan
nan
nan
nan
nan
nan
nan
nan
nan
nan
nan
nan
nan
nan
nan
nan
nan
nan
nan
nan
nan
nan
nan
nan
nan
nan
nan
nan
nan
nan
nan
nan
nan
nan
nan
nan
nan
nan
nan
nan
nan
nan
nan
nan
nan
nan
nan
nan
nan
nan
nan
nan
nan
nan
nan
nan
nan
nan
nan
nan
nan
nan
nan
nan
nan
nan
nan
nan
nan
nan
nan
nan
nan
nan
nan
nan
nan
nan
nan
nan
nan
nan
nan
nan
nan
nan
nan
nan
nan
nan
nan
nan
nan
nan
nan
nan
nan
nan
nan
nan
nan
nan
nan
nan
nan
nan
nan
nan
nan
nan
nan
nan
nan
nan
nan
nan
nan
