1.035827936241046077e-02
1.031713308495798773e-02
1.019918800154509704e-02
1.001562026689406006e-02
9.784525184630878808e-03
9.515423208531745974e-03
9.216001480369816548e-03
8.895869542977177802e-03
8.564212557753542870e-03
8.227928339670001132e-03
7.890145341546302843e-03
7.553915195260012608e-03
7.221695022667210320e-03
6.897926273941832297e-03
6.585876041314970598e-03
6.278768821196522784e-03
5.980604758742101741e-03
5.699171165042117397e-03
5.421388065518765835e-03
5.157863239155766749e-03
4.902906008027145199e-03
4.658879280702068679e-03
4.419639280350892187e-03
4.190351796455285549e-03
3.969200767345666160e-03
3.760858686531312004e-03
3.558309552318322973e-03
3.361756792396745474e-03
3.179757354324254034e-03
3.006087007438835307e-03
2.840438086534368897e-03
2.685356630943742419e-03
2.538816838422541626e-03
2.399923181159517929e-03
2.267084043278986237e-03
2.143257991494848438e-03
2.025741824769012375e-03
1.916054985576643886e-03
1.811965339703892853e-03
1.712390629817522403e-03
1.618067331231404877e-03
1.526813866507309176e-03
1.444484878139100500e-03
1.368608888227953319e-03
1.293746499376945093e-03
1.223275795209251976e-03
1.158542102583652979e-03
1.095376892675630365e-03
1.036924397664422707e-03
9.804568237519815498e-04
9.280305284863221314e-04
8.797580058305091598e-04
8.315951115630266892e-04
7.870756763973936433e-04
7.456198457456235905e-04
7.065760421105405243e-04
6.689170016971115193e-04
6.329321473165643334e-04
6.004016473468385415e-04
5.680188824989355770e-04
5.379883753759079693e-04
5.104945850758458529e-04
4.842673807061561924e-04
4.582177275109716795e-04
4.334972400645783239e-04
4.113473468344028359e-04
3.900258061610735049e-04
3.693057342752646710e-04
3.507956099590131939e-04
3.320558598415688134e-04
3.149391673858974888e-04
2.991073751199303517e-04
2.837001348523414900e-04
2.692850423413028485e-04
2.553395669160367278e-04
2.428884777553987149e-04
2.300577994187238007e-04
2.185329936587251129e-04
2.074652915550749435e-04
1.969464363824601774e-04
1.868025513123376246e-04
1.776871802713304372e-04
1.688068207193917222e-04
1.603578084487607049e-04
1.525185407582821254e-04
1.445416094364294739e-04
1.375723543500714514e-04
1.305689811923114421e-04
1.241150010932581338e-04
1.180752350225400276e-04
1.122378281644346835e-04
1.069316823386149144e-04
1.016443775388926500e-04
9.663845664413604330e-05
9.182671861551946482e-05
8.732852272273109535e-05
8.284225541108754742e-05
7.905434913598961540e-05
7.522181501821204833e-05
7.176794469371694952e-05
6.831668155748745060e-05
6.502113531224755819e-05
6.170268199932374116e-05
5.871842676217019474e-05
5.589415411146877533e-05
5.301855317092736493e-05
5.062078311943000748e-05
4.851622536178593537e-05
4.633655424270915308e-05
4.411881273952149605e-05
4.188530792627055802e-05
4.004869586116267105e-05
3.800047119534609642e-05
3.621432676209473402e-05
3.444106068707984372e-05
3.271611153480453451e-05
3.132483471746907495e-05
3.003611366737407516e-05
2.868115267751178928e-05
2.738281843127205370e-05
2.622672762209148084e-05
2.492366490897673581e-05
2.374279234474884075e-05
2.262472209667850483e-05
2.144588375395112883e-05
2.039632042898291721e-05
1.949441417454707574e-05
1.871505509874881538e-05
1.792995473163703788e-05
1.711485976681108930e-05
1.638817736850335115e-05
1.569649689936302928e-05
1.493088897705107841e-05
1.425791204207695692e-05
1.360302890568030061e-05
1.291526321016927613e-05
1.228979551684840841e-05
1.174014987951803840e-05
1.126947301767001249e-05
1.082684524765912775e-05
1.035224553813638118e-05
9.901251346802372158e-06
9.503454018681674757e-06
9.068904594781690331e-06
8.651360060703885483e-06
8.279005262535759862e-06
7.906650464367634241e-06
7.513343752015935253e-06
7.148767484978773948e-06
6.850334476157485867e-06
6.585992278595565243e-06
6.326491954060447389e-06
6.058389539220738213e-06
5.807477279810584421e-06
5.588054644574336750e-06
5.342699115373164570e-06
5.094563789285720452e-06
4.879375838519259200e-06
4.664187887752797947e-06
4.436783463751631061e-06
4.230509342367192797e-06
4.042703667989194851e-06
3.887823763368211343e-06
3.747558757276314554e-06
3.593890448309483485e-06
3.440222139342651993e-06
3.311035887751325414e-06
3.187435268930584489e-06
3.047229286581865849e-06
2.915605460765186260e-06
2.794118018842514019e-06
2.672630576919841777e-06
2.542584492255434310e-06
2.427223298318161508e-06
2.323489183723555988e-06
2.240781048625166717e-06
2.157880164317447788e-06
2.073861990419617299e-06
1.989843816521786809e-06
1.914047927171248159e-06
1.844714202005568767e-06
1.766996565643758500e-06
1.688311288279848537e-06
1.620133159204919995e-06
1.551955030129991876e-06
1.488268338169607050e-06
1.413155627946825659e-06
1.347966180187039889e-06
1.299706739676177732e-06
1.254057284641209912e-06
1.222166710113456749e-06
1.170238219935116830e-06
1.126780202509690350e-06
1.083322185084263870e-06
1.039864167658837390e-06
1.047797540679768420e-06
9.919080291274712486e-07
9.360185175751740769e-07
8.832875237670859855e-07
8.430370704981820271e-07
8.378274680447246687e-07
8.375969489156529682e-07
8.373664297865812678e-07
7.621690975516884486e-07
6.978450780435614798e-07
6.677602168608931405e-07
6.438884239232409523e-07
6.200166309855888699e-07
5.961448380479366817e-07
5.910080537079780109e-07
5.729370001057499629e-07
5.426233506081175638e-07
5.123097011104850588e-07
4.871124941599993024e-07
4.807297314386297328e-07
4.867829559198455348e-07
4.629442608206335603e-07
4.330679428559761843e-07
4.031916248913189142e-07
3.972579221683814986e-07
3.783768358010388309e-07
3.837426452855710501e-07
3.661955045671643474e-07
3.376743996118386338e-07
3.336866881845168320e-07
3.204582090183026486e-07
3.038518618504916330e-07
2.872455146826805644e-07
2.820640276775037720e-07
2.705494505271537215e-07
2.738856397345927470e-07
2.617523561804676167e-07
2.456682868994857058e-07
2.295842176185037949e-07
2.241663808302417887e-07
2.121886937367084872e-07
2.152060088220287505e-07
2.098381487138742430e-07
1.942409221785310735e-07
1.868272966756124023e-07
1.927978724178801733e-07
1.859330359629334143e-07
1.700908125083156589e-07
1.609907020967673928e-07
1.513467155950938600e-07
1.532513985022837232e-07
1.513669243409243262e-07
1.428790888794917991e-07
1.343912534180592191e-07
1.259034179566266920e-07
1.248633480954658173e-07
1.201206806011667563e-07
1.218517728446494147e-07
1.152452593130648038e-07
1.070168657110290074e-07
1.048531243375133464e-07
1.052437560258051905e-07
1.048891170406094938e-07
9.483863135134085368e-08
9.079700299723449035e-08
8.556127122054977509e-08
8.654806125307487418e-08
8.922422840629151467e-08
9.369267529148009396e-08
8.944824401777933374e-08
8.180754980347552754e-08
7.163616456240750310e-08
6.782722238248332612e-08
6.871480355779326192e-08
7.195762283780280952e-08
7.580912676381581936e-08
7.612008706329381630e-08
6.768322037392599200e-08
5.944835699197977126e-08
5.553091012916993093e-08
5.251525542160208914e-08
4.832201901210669845e-08
4.844015162056906122e-08
4.855828422903143062e-08
4.867641683749379340e-08
4.879454944595616279e-08
4.792779671758303795e-08
4.393543814546068017e-08
3.877206392082738565e-08
4.049761813001477338e-08
4.176555503006958228e-08
4.303349193012439117e-08
4.430142883017920007e-08
4.170170141396111392e-08
3.893827047034625948e-08
3.397878910657245289e-08
2.974605800297799490e-08
3.164263837819103050e-08
3.491631186094497007e-08
3.818998534369890964e-08
3.579716373967890812e-08
3.224931507970256866e-08
2.870146641972622257e-08
2.621023118409548273e-08
2.379023693092220600e-08
2.265799034401752494e-08
2.251782149252175576e-08
2.511645609347411028e-08
2.771509069442647471e-08
2.820240075922376979e-08
2.475296525365291201e-08
2.146817050325952885e-08
1.904598541227312617e-08
1.686932400579384541e-08
1.821871916514614506e-08
1.742845357324637631e-08
1.663818798134660755e-08
1.624311480512304598e-08
1.648406590175830812e-08
1.672501699839356695e-08
1.543693308827152657e-08
1.338610488531336711e-08
1.313961538873363994e-08
1.307004739585579945e-08
1.438004587458983724e-08
1.541334662776912326e-08
1.607111438164460629e-08
1.447859719802743807e-08
1.288608001441026819e-08
1.129356283079309831e-08
9.744707806404758639e-09
1.040866728718005105e-08
1.055694652143221922e-08
9.821430921953981378e-09
9.713306560941907061e-09
1.076097561688855488e-08
1.093435958406916082e-08
9.088613964154209780e-09
7.895649365180559145e-09
7.329332895197817900e-09
7.551526984697268015e-09
8.269629462604932973e-09
8.556271174864447253e-09
8.139262785108319067e-09
7.354390855237050585e-09
6.569518925365782931e-09
6.893100717030306220e-09
5.661609004051775430e-09
6.046363873192934398e-09
6.431118742334094194e-09
5.908586066987846855e-09
5.609111248938386336e-09
5.839801698563215566e-09
5.429366151181999996e-09
5.018930603800786080e-09
4.608495056419570510e-09
4.318464097402114443e-09
4.301287089870038970e-09
4.562206355327541295e-09
4.879559332963801540e-09
4.828619618828208275e-09
4.405168302728831074e-09
3.981716986629454702e-09
3.864950390754357552e-09
3.576344748955424682e-09
3.320848002922157321e-09
3.289041945078651152e-09
3.257235887235144156e-09
3.225429829391637574e-09
3.539339270681410457e-09
3.661467518428242156e-09
3.783595766175073854e-09
3.518661579699440547e-09
3.083529218288187194e-09
2.648396856876934254e-09
2.571480461742305287e-09
2.458193630560588993e-09
2.344906799378873113e-09
2.265515265828089839e-09
2.235366589619541394e-09
2.205920128449382246e-09
2.312985016900305715e-09
2.396394845646960092e-09
2.479804674393614055e-09
2.563214503140268018e-09
2.147712390406372656e-09
1.953016087292992403e-09
2.018910006727197716e-09
2.162410385696577624e-09
2.339579844151116166e-09
2.267984387693353688e-09
1.895035774995601468e-09
1.558215267675282966e-09
1.561822524638570533e-09
1.468125800369041544e-09
1.378396658951993107e-09
1.455552484114617729e-09
1.532708309277242144e-09
1.353368923267980288e-09
1.393025997012080384e-09
1.497385986581873877e-09
2.273422430490193499e-09
1.465860596794077827e-09
1.169360527092843820e-09
1.194793529898864943e-09
1.385948677710533501e-09
1.320122689498269646e-09
1.234691166062499975e-09
1.149259642626730097e-09
1.063828119190960220e-09
9.784570607465969707e-10
9.365887303419559456e-10
8.712397289146763971e-10
8.618273582723631218e-10
9.141785350852392346e-10
8.148373636018922958e-10
8.371014804084570411e-10
8.593655972150218898e-10
9.304758592559465309e-10
8.948450344469903409e-10
8.340559669865964864e-10
7.732668995262025285e-10
7.533031718546802070e-10
8.111496792002817396e-10
8.169151255853591217e-10
7.701016208249846936e-10
7.126859760280173830e-10
6.552703312310500725e-10
5.978546864340827619e-10
5.608780428763881139e-10
5.221977625704077796e-10
5.431210941111851257e-10
6.036740250305603798e-10
6.355472132039051445e-10
5.791585091938490839e-10
5.434429181046315529e-10
5.955994752511972044e-10
6.402226478871243979e-10
6.848458205230517982e-10
6.472170528556841641e-10
5.943603393019205343e-10
5.415036257481569044e-10
4.956193242198966997e-10
4.736697977276662193e-10
4.352653175329183387e-10
3.968608373381705615e-10
3.620753893574285675e-10
3.359007223398238786e-10
3.431768541121015370e-10
3.541336268270846681e-10
4.003882886517558126e-10
5.060322900580635553e-10
5.912238133592784534e-10
5.451221597976494758e-10
4.990205062360204982e-10
4.529188526743915723e-10
4.205133638696714717e-10
4.066980151557907827e-10
3.770421539968302572e-10
3.429101764980236362e-10
3.087781989992171185e-10
2.912368540796672903e-10
2.695811007667337718e-10
2.440217868994877638e-10
2.230813196848396432e-10
2.252277579500864149e-10
2.348638509656093300e-10
2.387957736038264940e-10
2.633840634292955182e-10
2.858960059499996181e-10
3.084079484707037696e-10
3.309198909914078177e-10
3.611536148877291157e-10
3.813262147143829185e-10
3.007713547789602014e-10
2.483149838412847471e-10
2.387050222967325666e-10
2.212781576966411719e-10
1.987015623097471957e-10
1.796240182788175900e-10
1.695386148901244606e-10
1.508983089021797049e-10
1.352190214764928130e-10
1.592806994680126266e-10
2.057833794733047120e-10
2.522860594785968232e-10
2.987887394838888569e-10
3.414596240347066039e-10
3.289181699974759652e-10
3.163767159602454298e-10
3.038352619230148427e-10
2.299637313471259710e-10
1.901411075323304043e-10
1.811132707136019639e-10
1.720854338948735493e-10
1.506138971794005126e-10
1.304437480002856967e-10
1.140496230884842906e-10
1.035263933322254951e-10
9.250057387457677407e-11
9.089619126539230060e-11
1.184504919735054195e-10
1.548851545774466190e-10
1.913198171813877667e-10
2.277544797853289144e-10
2.682660832490604009e-10
3.479771194612629683e-10
2.665729409285332509e-10
1.851687623958035335e-10
1.226572458908569751e-10
1.168624293175537041e-10
1.110676127442504460e-10
1.037551237940268981e-10
9.582186035276768938e-11
8.496962418174531415e-11
7.287639285282974758e-11
6.395889764052745709e-11
6.044999393412966112e-11
7.217025048962059630e-11
9.702758890687477635e-11
1.218849273241289693e-10
1.205543492901602084e-10
1.158239782281854648e-10
1.110936071662107601e-10
1.063632361042360295e-10
1.136832191415771888e-10
1.215430752053677487e-10
1.259683927627235793e-10
1.156350004934173292e-10
1.053016082241111050e-10
9.180453290692698983e-11
5.777213205257833419e-11
5.129002530242410754e-11
4.455917052390203825e-11
3.846524850770674912e-11
4.086546400592019195e-11
4.653986651684032339e-11
4.855267865057309066e-11
5.379300777031892468e-11
7.242407861929498553e-11
8.729891582638437257e-11
7.640637460819699023e-11
6.551383339000960790e-11
6.153693051343278982e-11
5.765472609367656653e-11
5.377252167392032384e-11
4.950805873705357436e-11
4.487643897937521795e-11
4.024481922169686155e-11
3.561319946401849868e-11
3.399058976189129315e-11
2.562514523963232520e-11
2.697050654901593455e-11
3.032761258672507448e-11
3.267655759672094022e-11
3.567717105013689853e-11
4.257929352290386135e-11
4.933505683088439465e-11
5.376335318754324214e-11
5.052972036796798565e-11
4.729608754839273563e-11
4.406245472881749207e-11
4.069222251355490276e-11
3.696944583988458054e-11
3.324666916621425185e-11
2.952389249254392316e-11
2.563513002575959460e-11
2.074307014110607092e-11
1.745195849610544125e-11
1.832670743644044233e-11
1.796318072294313969e-11
1.938903754479658375e-11
2.057659806718973146e-11
2.120667557222307525e-11
2.324924181166846723e-11
2.495637491797235170e-11
2.112660265370956333e-11
2.809972576346964131e-11
3.396186680960475269e-11
3.090101674963024227e-11
2.784016668965571892e-11
2.477931662968120204e-11
2.171846656970668516e-11
1.751564879542560408e-11
1.445589881859296226e-11
1.199665704648257904e-11
1.216345042120695409e-11
1.233885333043544659e-11
1.280983728894717583e-11
1.353126854882947110e-11
1.425269980871176638e-11
1.395406009436513790e-11
1.270447123598435813e-11
1.475847901719559230e-11
1.519107701465818916e-11
1.429513479925648685e-11
1.339919258385478615e-11
1.250325036845308384e-11
1.160730815305137990e-11
1.435371450400538746e-11
1.313150478348423106e-11
1.032187164116006384e-11
8.349407677425014397e-12
8.455450712379628551e-12
8.584626076371472020e-12
8.476839757408296526e-12
8.219587360757583429e-12
8.366899255146175937e-12
8.514211149534770061e-12
8.861639794089494507e-12
9.575460841537116123e-12
9.892984752653089761e-12
1.021050866376906663e-11
1.052803257488504027e-11
9.788725127348573409e-12
7.277123488398250683e-12
1.162214210226789659e-11
9.299606776056057156e-12
6.977071449844215299e-12
5.869628987874459294e-12
5.939831389178935253e-12
5.924006407420225967e-12
5.775084453799983127e-12
5.782594106062670701e-12
5.877860912579616820e-12
5.973127719096562131e-12
6.111411570752471385e-12
6.288079189223316843e-12
6.464746807694162301e-12
6.839054270643549976e-12
7.236858479920330243e-12
6.396335783045008156e-12
5.310719836877912237e-12
5.006370304602229338e-12
4.613556891414660727e-12
4.220743478227092925e-12
4.118911174132844246e-12
4.098619834569459907e-12
4.078328495006075567e-12
4.058037155442692036e-12
4.112199022427852431e-12
4.175657296069061688e-12
4.239115569710270946e-12
4.138541712609409209e-12
3.998441906602941332e-12
3.858342100596474262e-12
3.718242294590006384e-12
3.578142488583538910e-12
3.574936495838559060e-12
3.699421202304210439e-12
3.852869609330819949e-12
4.006318016357429460e-12
4.159766423384039778e-12
4.313214830410649288e-12
4.642137083267800859e-12
4.269654092790243729e-12
2.920694267219143937e-12
2.963314663516532764e-12
3.005935059813921994e-12
3.036807494306504568e-12
2.938209055485211665e-12
2.839610616663919165e-12
2.741012177842626262e-12
2.642413739021333763e-12
2.543815300200040860e-12
2.598635307697122430e-12
2.477915350252572965e-12
2.348947268501849291e-12
2.219979186751126021e-12
2.143464538231160242e-12
2.114884291317579914e-12
2.086304044403999585e-12
2.057723797490419257e-12
2.029143550576839332e-12
2.000563303663259004e-12
1.971983056749679080e-12
1.943402809836098751e-12
1.914872926399594414e-12
1.901258902554220327e-12
1.887644878708846241e-12
1.874030854863471751e-12
2.288311383094753484e-12
1.874941959042263071e-12
1.785029597641324462e-12
1.695117236240385652e-12
1.605204874839447043e-12
1.581700071993290217e-12
1.562193899153783995e-12
1.542687726314277571e-12
1.523181553474771551e-12
1.503675380635265329e-12
1.484169207795758905e-12
1.464663034956252684e-12
1.445156862116746462e-12
1.476035845843993446e-12
1.575344781522954015e-12
1.674653717201915191e-12
1.473474884660615887e-12
1.367841599911196497e-12
1.325613473553916865e-12
1.283385347196637435e-12
1.241157220839357803e-12
1.208680366747456994e-12
1.190159656688285417e-12
1.171638946629113638e-12
1.153118236569942061e-12
1.134597526510770483e-12
1.116076816451598906e-12
1.097556106392427329e-12
1.079035396333255550e-12
1.359997308213976504e-12
2.092867113566078791e-12
2.825736918918214601e-12
3.558606724270308406e-12
4.291476529622445024e-12
5.016764815575523426e-12
5.708482119254807303e-12
6.400199422934097642e-12
7.091916726613387981e-12
7.783634030292661356e-12
8.475351333971935539e-12
9.167068637651224263e-12
9.858785941330498446e-12
1.055050324500979686e-11
1.124222054868906620e-11
1.193393785236833554e-11
1.258090141758124756e-11
1.322698793652016174e-11
1.387307445545907591e-11
1.451916097439794808e-11
1.516524749333687033e-11
1.581133401227579259e-11
1.645742053121466314e-11
1.710350705015358539e-11
1.774959356909249149e-11
1.839568008803140728e-11
1.902063540444249404e-11
1.962751349355875128e-11
2.023439158267501175e-11
2.084126967179127868e-11
2.144814776090753915e-11
2.205502585002378347e-11
2.266190393914004071e-11
2.326878202825630118e-11
2.387566011737256165e-11
2.448253820648882536e-11
2.508941629560508583e-11
2.566788864360791459e-11
2.624289241888581338e-11
2.681789619416371540e-11
2.739289996944161742e-11
2.796790374471951944e-11
2.854290751999741823e-11
2.911791129527531702e-11
2.969291507055321904e-11
3.026791884583112107e-11
3.084292262110902309e-11
3.141792639638692511e-11
3.199293017166485944e-11
3.256793394694276146e-11
3.314293772222065702e-11
3.371794149749856551e-11
3.429294527277646107e-11
3.486794904805436309e-11
3.544295282333225865e-11
3.601795659861016713e-11
3.659296037388806269e-11
3.716796414916597117e-11
3.774296792444386673e-11
3.831797169972176876e-11
3.889297547499966432e-11
3.946797925027756634e-11
4.004298302555547482e-11
4.061798680083337684e-11
4.119299057611130471e-11
4.176799435138920027e-11
4.234299812666711522e-11
4.291800190194501078e-11
4.349300567722290634e-11
4.406800945250080190e-11
4.464301322777871684e-11
4.521801700305661240e-11
4.579302077833450796e-11
4.636802455361240998e-11
4.694302832889031847e-11
4.751803210416822049e-11
4.809303587944612897e-11
4.866803965472403100e-11
4.924304343000193948e-11
4.981804720527983504e-11
5.039305098055773706e-11
5.096805475583563262e-11
5.154305853111354757e-11
5.211806230639144313e-11
5.269306608166935807e-11
5.326806985694725363e-11
5.384307363222514919e-11
5.441807740750304475e-11
5.499308118278097262e-11
5.556808495805887464e-11
5.614308873333677020e-11
5.671809250861466576e-11
5.729309628389256778e-11
5.786810005917046980e-11
5.844310383444837183e-11
5.901810760972627385e-11
5.959311138500420172e-11
6.016811516028209082e-11
6.074311893556000576e-11
6.131812271083789486e-11
6.189312648611579688e-11
6.246813026139368598e-11
6.304313403667160092e-11
6.361813781194949002e-11
6.419314158722741789e-11
6.476814536250531991e-11
6.534314913778322194e-11
6.591815291306112396e-11
6.649315668833901305e-11
6.706816046361691508e-11
6.764316423889481710e-11
6.821816801417271912e-11
6.873999859551433436e-11
6.911007135064973598e-11
6.948014410578512468e-11
6.985021686092052631e-11
7.022028961605591500e-11
7.059036237119130370e-11
7.096043512632669240e-11
7.133050788146206817e-11
7.170058063659745687e-11
7.207065339173285850e-11
7.244072614686826012e-11
7.281079890200363589e-11
7.318087165713903751e-11
7.353009308090272200e-11
7.387705316190693648e-11
7.422401324291109926e-11
7.457097332391531375e-11
7.491793340491952823e-11
7.526489348592370394e-11
7.561185356692790550e-11
7.595881364793211998e-11
7.630577372893630862e-11
7.665273380994051017e-11
7.699969389094471173e-11
7.734665397194891329e-11
7.769361405295308900e-11
7.804057413395730348e-11
7.838753421496150504e-11
7.873449429596570660e-11
7.908145437696990816e-11
7.942841445797409679e-11
7.977537453897828543e-11
8.012233461998248699e-11
8.046929470098670147e-11
8.081625478199090303e-11
8.116321486299509166e-11
8.151017494399930615e-11
8.185570307984501417e-11
8.217812925656546672e-11
8.250055543328593220e-11
8.282298161000638476e-11
8.314540778672683732e-11
8.346783396344728987e-11
8.379026014016774243e-11
8.411268631688820791e-11
8.443511249360866046e-11
8.475753867032911302e-11
8.507996484704956558e-11
8.540239102377001813e-11
8.572481720049047069e-11
8.604319836653245884e-11
8.634502810457773403e-11
8.664685784262304799e-11
8.694868758066837487e-11
8.725051731871368883e-11
8.755234705675898987e-11
8.785417679480427798e-11
8.815600653284960486e-11
8.845783627089489297e-11
8.875966600894019400e-11
8.906149574698550796e-11
8.936332548503083485e-11
8.966515522307612296e-11
8.996632991808279338e-11
9.023912139761033348e-11
9.051191287713793820e-11
9.078470435666551707e-11
9.105749583619308302e-11
9.133028731572068774e-11
9.160307879524826662e-11
9.187587027477583257e-11
9.214866175430343729e-11
9.242145323383100324e-11
9.269424471335858211e-11
9.296703619288618684e-11
9.323982767241375279e-11
9.351261915194131873e-11
9.378541063146889761e-11
9.403622274795610589e-11
9.428614137982301666e-11
9.453606001168991450e-11
9.478597864355678648e-11
9.503589727542365847e-11
9.528581590729055631e-11
9.553573453915745415e-11
9.578565317102432614e-11
9.603557180289122397e-11
9.628549043475810889e-11
9.653540906662499380e-11
9.678532769849186579e-11
9.703524633035876363e-11
9.728516496222563561e-11
9.753560529724084815e-11
9.779060355258788643e-11
9.804560180793492471e-11
9.830060006328200176e-11
9.855559831862904004e-11
9.881059657397607833e-11
9.906559482932311661e-11
9.932059308467016781e-11
9.957559134001721902e-11
9.983058959536425730e-11
1.000855878507112956e-10
1.003405861060583597e-10
1.005955843614054109e-10
1.008505826167524492e-10
1.011055808720994875e-10
1.013604224445159244e-10
1.016152474407296853e-10
1.018700724369434590e-10
1.021248974331572328e-10
1.023797224293710066e-10
1.026345474255847675e-10
1.028893724217985413e-10
1.031441974180122892e-10
1.033990224142260759e-10
1.036538474104398497e-10
1.039086724066536235e-10
1.041634974028673843e-10
1.044183223990811710e-10
1.046700769758543763e-10
1.049078233592256632e-10
1.051455697425969631e-10
1.053833161259682370e-10
1.056210625093395369e-10
1.058588088927108238e-10
1.060965552760821236e-10
1.063343016594534105e-10
1.065720480428246845e-10
1.068097944261959844e-10
1.070475408095672842e-10
1.072852871929385582e-10
1.075230335763098580e-10
1.077607799596811579e-10
1.079985263430524189e-10
1.082209130726544196e-10
1.084397544687496460e-10
1.086585958648449112e-10
1.088774372609401763e-10
1.090962786570354414e-10
1.093151200531306807e-10
1.095339614492259459e-10
1.097528028453211981e-10
1.099716442414164633e-10
1.101904856375117155e-10
1.104093270336069677e-10
1.106281684297022070e-10
1.108470098257974721e-10
1.110658512218927244e-10
1.112846926179880024e-10
1.115107941817243467e-10
1.117401225408615814e-10
1.119694508999988418e-10
1.121987792591360764e-10
1.124281076182733110e-10
1.126574359774105715e-10
1.128867643365477931e-10
1.131081732407746305e-10
1.133290613908725456e-10
1.135499495409704477e-10
1.137708376910683370e-10
1.139917258411662650e-10
1.142126139912641414e-10
1.144335021413620694e-10
1.146581612933430861e-10
1.148856336925446340e-10
1.151131060917462079e-10
1.153405784909477946e-10
1.155680508901493555e-10
1.157955232893509293e-10
1.160229956885524902e-10
1.162413122908410577e-10
1.164562007622922304e-10
1.166710892337434030e-10
1.168859777051945757e-10
1.171008661766457742e-10
1.173157546480969210e-10
1.175306431195480937e-10
1.177551883034429392e-10
1.179894380340897123e-10
1.182236877647364595e-10
1.184579374953831809e-10
1.186921872260299281e-10
