1.048821853356894304e-02
1.044969585588228014e-02
1.032520512907733959e-02
1.013569095175811952e-02
9.899695838817760066e-03
9.623259467784082630e-03
9.317747809617962437e-03
8.990900642248059876e-03
8.652212672037664504e-03
8.307543726708256637e-03
7.963936906135143934e-03
7.621171631625968911e-03
7.284623566419615691e-03
6.955884558410647435e-03
6.635198785033877451e-03
6.321865451700544453e-03
6.018068953153214891e-03
5.732007544435590261e-03
5.450899768455191342e-03
5.182752433052865808e-03
4.923922280919344925e-03
4.676953185265959878e-03
4.433236267080820255e-03
4.203261353775061132e-03
3.980450364594454414e-03
3.768549435209277414e-03
3.562398079360439267e-03
3.365381901978815610e-03
3.180372811456114428e-03
3.005162201652133384e-03
2.839169319320816644e-03
2.681233570187028549e-03
2.533581947632353257e-03
2.392235627426927622e-03
2.258811479217134616e-03
2.136893578888496986e-03
2.017911154868771290e-03
1.908496520414602882e-03
1.801342467418082802e-03
1.702526314462619135e-03
1.606209401918305213e-03
1.516551337783468394e-03
1.435052707003700839e-03
1.358066262086421797e-03
1.282707184708183979e-03
1.212859144632683159e-03
1.146703442629313412e-03
1.084261396453864955e-03
1.026514163721795525e-03
9.696399211260188890e-04
9.177860095683884785e-04
8.685189327651011417e-04
8.208558114107694127e-04
7.772268186585203163e-04
7.355936863412883709e-04
6.972019022156313549e-04
6.585910697366971402e-04
6.239905463568303770e-04
5.906056816894862324e-04
5.590249608439725078e-04
5.292246550590682004e-04
5.022249847225771424e-04
4.752805148966954469e-04
4.504269704285832759e-04
4.254979006014917610e-04
4.034204761222327687e-04
3.826695937949198961e-04
3.619433394299064778e-04
3.436265917767401660e-04
3.250000429187819575e-04
3.083610236932768844e-04
2.924287395833939976e-04
2.772796819749518381e-04
2.630211917246705919e-04
2.494006478504039561e-04
2.372310275648489418e-04
2.244040996841410837e-04
2.132039738550706664e-04
2.020937994564342714e-04
1.916727224751903409e-04
1.819174841872286681e-04
1.730633281342931404e-04
1.642176462762741720e-04
1.559881724314325202e-04
1.481589477209343500e-04
1.403866769925828366e-04
1.334174219062248413e-04
1.266855553136041527e-04
1.206416868204380057e-04
1.146010701839954792e-04
1.088194302633093319e-04
1.036365075738057348e-04
9.838327296006027208e-05
9.351068700291766610e-05
8.872498713133435534e-05
8.422965738045667960e-05
8.030472902461593932e-05
7.651682274951800730e-05
7.268842181807420974e-05
6.930356479148717594e-05
6.592205766921378849e-05
6.266179443821009705e-05
5.940876304976517610e-05
5.646974284832062774e-05
5.364901551891418461e-05
5.117761945549877893e-05
4.883039768742155967e-05
4.677428412944846742e-05
4.463004389922583902e-05
4.242288879681471909e-05
4.023931306161528571e-05
3.840270099650739874e-05
3.641999270805858300e-05
3.463384827480722739e-05
3.286928555227801719e-05
3.147800873494255086e-05
3.008673191760708791e-05
2.884809223938057814e-05
2.749980628817156616e-05
2.619540321686229285e-05
2.503931240768171999e-05
2.379904224785182710e-05
2.260814618814585214e-05
2.149007594007551621e-05
2.037200569200518367e-05
1.947689975800789773e-05
1.866305611560926088e-05
1.789126256454114930e-05
1.714857837103321472e-05
1.633348340620726275e-05
1.560820971830188488e-05
1.493160144029050990e-05
1.418463345394467362e-05
1.351053588881811209e-05
1.285565275242145747e-05
1.220076961602480116e-05
1.167291844706428152e-05
1.119727011563029886e-05
1.073576486994607240e-05
1.031257280433157378e-05
9.837973094808825510e-06
9.393228879763266002e-06
8.995431551642571989e-06
8.576304245765161701e-06
8.163189154336360467e-06
7.790834356168234846e-06
7.418479558000109226e-06
7.051895258555234901e-06
6.777263204075198985e-06
6.502631149595163069e-06
6.246234403335928164e-06
5.993376298431298452e-06
5.725273883591590122e-06
5.482779668755389685e-06
5.263357033519141166e-06
5.028348684055953079e-06
4.785802199724612992e-06
4.570614248958151739e-06
4.355426298191691334e-06
4.139185967240313124e-06
3.976664385585306814e-06
3.821784480964323306e-06
3.670498763115675595e-06
3.537550440610724331e-06
3.383882131643892838e-06
3.232155989171910062e-06
3.109132370752370996e-06
2.986108752332831930e-06
2.848812465118484185e-06
2.721545937396055447e-06
2.600058495473383206e-06
2.478571053550710965e-06
2.358112195065413184e-06
2.275404059967024336e-06
2.192695924868635065e-06
2.109987789770246641e-06
2.027140384383093092e-06
1.943122210485262179e-06
1.859104036587431689e-06
1.788984311307199253e-06
1.719650586141520072e-06
1.643002455215651088e-06
1.568601175280373654e-06
1.500423046205445323e-06
1.432244917130516992e-06
1.364711592139541426e-06
1.311652387657751840e-06
1.266002932622783809e-06
1.220353477587815777e-06
1.174704022552847746e-06
1.157352506152780188e-06
1.101562830940543288e-06
1.050664381538430280e-06
1.007206364113003800e-06
9.637483466875775320e-07
9.774252280659889345e-07
9.323612941539680916e-07
8.764717826016709199e-07
8.205822710493736423e-07
7.714434256260495831e-07
7.712129064969778826e-07
7.709823873679061821e-07
7.707518682388344816e-07
6.978945375758836236e-07
6.568299431590661082e-07
6.264524007730566617e-07
5.975734347105510442e-07
5.737016417728988559e-07
5.498298488352465618e-07
5.496534876710581979e-07
5.348238767452230268e-07
5.045102272475905218e-07
4.741965777499580698e-07
4.438829282523256178e-07
4.395415559272674614e-07
4.455947804084832106e-07
4.278807595989478407e-07
3.980044416342904647e-07
3.685739225756857412e-07
3.800227168851880126e-07
3.511799964037087512e-07
3.430016532372053317e-07
3.336674426301303960e-07
3.058816313296925106e-07
3.112426267560664491e-07
2.965820013879444039e-07
2.799756542201333353e-07
2.633693070523223197e-07
2.471385505781854400e-07
2.478993631509736256e-07
2.512355523584126511e-07
2.397328296703655204e-07
2.236487603893836359e-07
2.075646911084017250e-07
2.138633129952038459e-07
1.993359247277189016e-07
1.927938427529316185e-07
1.892305721969632097e-07
1.736333456616200667e-07
1.748289975529656063e-07
1.819362903107233580e-07
1.755601279546082252e-07
1.597179044999904433e-07
1.438756810453726879e-07
1.390106773511826321e-07
1.409153602583724688e-07
1.375967784925534969e-07
1.291089430311209433e-07
1.206211075696883898e-07
1.171265201437324978e-07
1.168997826228405029e-07
1.078916947047415493e-07
1.096227869482241945e-07
1.022921305206623602e-07
9.722275672525663320e-08
9.761338841354847732e-08
9.800402010184030821e-08
9.800495150074080231e-08
8.795446581147216219e-08
7.876662957065186435e-08
7.886009584671810899e-08
7.984688587924322132e-08
8.368178193184801807e-08
8.815022881703659736e-08
8.314721268470839838e-08
7.621303186866826204e-08
6.604164662760025083e-08
6.116801968458279949e-08
6.218920589029076540e-08
6.604070981630377523e-08
6.989221374231677184e-08
7.064051877787317258e-08
6.220365208850534828e-08
5.476669381149748129e-08
5.101583092303237999e-08
4.485420749990501730e-08
4.435338713645461341e-08
4.447151974491697618e-08
4.458965235337934558e-08
4.470778496184171498e-08
4.482591757030407114e-08
4.373636823899633505e-08
3.974400966687399050e-08
3.514487206789718194e-08
3.748841037146295349e-08
3.875634727151775577e-08
4.002428417157257128e-08
4.073854002428740317e-08
3.797510908067254873e-08
3.521167813705768106e-08
3.043549719826423814e-08
2.647777498409359641e-08
2.783914422969994469e-08
3.111281771245388426e-08
3.438649119520782383e-08
3.258046960079046906e-08
2.903262094081412629e-08
2.551081355720437775e-08
2.338992512051407649e-08
2.092219240827722792e-08
2.111535665269705168e-08
2.009366610865615948e-08
2.113939739328020558e-08
2.373803199423257333e-08
2.547324116876523323e-08
2.202380566319437876e-08
1.889846902917783873e-08
1.647628393819143935e-08
1.516421316705393995e-08
1.674233585742194487e-08
1.595207026552217942e-08
1.516180467362241066e-08
1.437153908172264356e-08
1.415670206936923058e-08
1.439765316600449106e-08
1.327894992081525225e-08
1.157835063038369595e-08
1.237487660156037399e-08
1.135634560154785368e-08
1.255892819604505802e-08
1.363271512023750860e-08
1.409226871646156521e-08
1.249975153284439534e-08
1.090723434922722711e-08
9.314717165610057234e-09
8.887986345479140013e-09
9.551945826254432424e-09
9.786011032724371085e-09
9.050495433246131590e-09
8.314979833767892095e-09
8.928616263093805225e-09
9.166334801288391712e-09
7.554710464144781858e-09
6.684116326285033291e-09
6.631526430246753943e-09
6.686627834144297031e-09
7.404730312051961990e-09
7.691372024311475442e-09
7.521195643955543420e-09
6.736323714084274939e-09
5.951451784213007284e-09
5.166579854341740457e-09
5.278092129917105021e-09
5.662846999058264817e-09
5.990661831430244656e-09
5.412344064408994506e-09
4.834026297387743529e-09
5.042638666658301520e-09
4.632203119277086777e-09
4.221767571895872034e-09
3.938649698885885062e-09
3.905936385983404613e-09
3.900755945432438144e-09
4.118099161629557447e-09
4.435452139265818519e-09
4.349378522944678765e-09
3.925927206845303219e-09
3.502475890745926847e-09
3.079024574646550474e-09
2.955182574523018416e-09
2.923376516679511420e-09
2.891570458836005251e-09
2.859764400992498255e-09
2.827958343148991673e-09
3.076042957168663759e-09
3.198171204915495044e-09
3.320299452662326743e-09
3.119301895239826167e-09
2.684169533828572814e-09
2.320559350334349193e-09
2.374166844221430506e-09
2.260880013039714626e-09
2.147593181857998332e-09
2.034306350676282452e-09
1.921019519494566571e-09
1.822229401456606989e-09
1.889684891501071940e-09
1.973094720247725903e-09
2.056504548994379866e-09
2.139914377741034243e-09
1.796483430463450853e-09
1.730331650470053933e-09
1.783388571479929327e-09
1.926888950449309442e-09
2.121553481840867884e-09
1.999972417038913124e-09
1.627023804341160905e-09
1.464417961728227013e-09
1.483093172212208885e-09
1.389396447942679482e-09
1.295699723673150080e-09
1.202002999403620677e-09
1.114034739815610429e-09
1.131886625514376542e-09
1.171543699258476845e-09
1.211200773002576735e-09
1.823592234684750545e-09
1.138404038192139617e-09
1.045365422667308558e-09
1.070798425473330095e-09
1.299435572766273458e-09
1.248131682726279505e-09
1.162700159290509835e-09
1.077268635854740164e-09
9.918371124189700792e-10
9.201802234510164049e-10
8.874274248840819192e-10
8.220784234568023706e-10
7.567294220295229255e-10
6.913804206022433769e-10
6.911002901761491157e-10
7.133644069827138610e-10
7.356285237892786063e-10
8.097640468303031935e-10
7.882215963115627575e-10
7.274325288511689030e-10
6.666434613907748417e-10
7.046052445668273547e-10
7.624517519124287840e-10
7.652707628635662695e-10
7.256802608156452073e-10
6.682646160186778967e-10
6.108489712217105862e-10
5.534333264247432756e-10
5.232090935269029949e-10
4.804112070453924446e-10
4.376133205638819977e-10
4.741570624999397593e-10
5.403201006957617574e-10
4.839313966857056968e-10
4.894106472506614054e-10
5.387302010093982873e-10
5.833533736453254808e-10
6.279765462812528811e-10
6.067805726326167639e-10
5.539238590788531340e-10
5.010671455250895042e-10
4.588948695262971715e-10
4.402014214092709262e-10
4.017969412145230973e-10
3.633924610197752684e-10
3.314014973985397992e-10
3.075792198565272560e-10
2.783580611800608769e-10
2.924647691291126030e-10
3.387194309537837993e-10
4.496477982671060046e-10
5.534226169442595995e-10
5.073209633826306219e-10
4.612193098210016960e-10
4.151176562593727701e-10
3.879899413358517245e-10
3.741745926219711389e-10
3.465301825419343636e-10
3.123982050431278460e-10
2.782662275443212767e-10
2.645462023705912852e-10
2.442683511934253407e-10
2.187090373261793068e-10
2.002373584144827935e-10
1.805431301511343651e-10
1.836558761794655836e-10
2.101709868887373227e-10
2.330775631509192126e-10
2.555895056716233125e-10
2.781014481923274123e-10
3.006133907130315121e-10
3.301390393562660479e-10
3.410750889499613909e-10
2.605202290145386738e-10
2.250038787247654692e-10
2.153939171802132112e-10
1.985820172191566649e-10
1.760054218322627146e-10
1.599774363163117913e-10
1.506592919434615636e-10
1.320189859555168338e-10
1.179443157263951932e-10
1.345901686775069246e-10
1.810928486827990617e-10
2.275955286880911212e-10
2.740982086933832325e-10
3.100819319333503689e-10
2.975404778961197301e-10
2.849990238588891947e-10
2.724575698216586077e-10
2.075505673373192593e-10
1.695264215193558460e-10
1.604985847006274056e-10
1.514707478818989652e-10
1.335302110953668699e-10
1.133600619162520668e-10
9.708008077488136553e-11
8.840592982994805247e-11
7.738011037229933140e-11
7.702959471811444745e-11
8.655898221363893850e-11
1.229936448175800345e-10
1.594283074215211823e-10
1.958629700254623300e-10
2.324755947490462798e-10
3.049615638548122225e-10
2.235573853220825568e-10
1.421532067893528394e-10
1.076822047547949960e-10
1.018873881814917250e-10
9.609257160818846695e-11
8.860689291062370473e-11
8.067362946936449597e-11
7.099377175007326983e-11
5.946852988634325818e-11
5.055103467404096769e-11
5.549811234949381700e-11
5.934027602402413265e-11
8.419761444127832563e-11
1.090549528585325445e-10
1.069757896052924319e-10
1.022454185433176884e-10
9.751504748134295779e-11
9.278467641936824013e-11
9.603442281748000399e-11
1.038942788812705509e-10
1.058816895996801977e-10
9.554829733037394765e-11
8.521490506106768469e-11
7.347395818428139363e-11
4.607498494966919810e-11
3.959287819951498437e-11
3.307506044184216434e-11
3.471815070405881961e-11
3.699993665735915009e-11
3.971258354704325384e-11
4.593768945972246201e-11
4.028720452594934971e-11
5.597730432192808775e-11
7.460837517090414860e-11
6.545690762332961888e-11
5.564330807291035317e-11
5.176110365315412987e-11
4.787889923339789366e-11
4.399669481364165097e-11
3.983797210124045157e-11
3.520635234356210809e-11
3.057473258588373230e-11
2.594311282820537589e-11
2.188503567766947273e-11
2.323039698705308531e-11
2.457575829643669465e-11
2.763868596781205830e-11
2.967837111959526360e-11
2.842205857410238357e-11
3.670710910996628255e-11
4.346287241794682232e-11
4.497544733418311101e-11
4.174181451460785452e-11
3.850818169503259804e-11
3.527454887545734802e-11
3.190151069651171862e-11
2.817873402284139639e-11
2.445595734917106770e-11
2.073318067550073578e-11
1.701040400183041033e-11
1.525411259094078397e-11
1.612886153127578828e-11
1.700361047161078936e-11
1.601873940126718831e-11
1.702468032152842263e-11
1.810700839049336296e-11
1.873708589552670675e-11
1.953132470443166043e-11
2.332676291605034837e-11
1.829542528416340406e-11
2.148879920811501645e-11
2.599290314290306766e-11
2.293205308292855724e-11
1.987120302295403713e-11
1.681035296297952025e-11
1.374950290300501144e-11
1.053219272950219679e-11
1.040414300627212754e-11
1.057093638099650420e-11
1.073772975572087925e-11
1.094824228353422827e-11
1.129933375750408944e-11
1.200446382098613648e-11
1.272589508086843176e-11
1.248842984973539131e-11
1.070761968764545191e-11
1.182864700214975555e-11
1.212573689704262637e-11
1.122979468164092405e-11
1.033385246623922174e-11
9.437910250837517808e-12
8.541968035435815493e-12
7.646025820034113179e-12
7.195680080824580099e-12
7.301723115779195062e-12
7.407766150733810832e-12
7.513809185688426602e-12
7.713488211537079635e-12
7.629015662537066881e-12
7.110665751109976219e-12
6.949685551559718820e-12
7.096997445948310521e-12
7.444426090503035774e-12
8.007392523612966460e-12
8.324916434728943329e-12
8.642440345844916967e-12
8.959964256960892221e-12
9.108048350478852763e-12
6.548706011110173389e-12
5.068552200088116852e-12
5.102362965554225243e-12
5.172565366858702010e-12
5.242767768163177969e-12
5.261200070594912132e-12
5.112278116974669292e-12
4.963356163354426453e-12
4.846536859785174925e-12
4.941803666302120236e-12
5.037070472819066355e-12
5.203985681870806778e-12
5.380653300341652236e-12
5.557320918812497694e-12
5.855147440660663060e-12
6.252951649937443327e-12
5.321756353831081401e-12
3.729589666463103772e-12
3.569055098979924887e-12
3.548763759416540952e-12
3.528472419853157016e-12
3.508181080289772677e-12
3.487889740726388741e-12
3.467598401163004806e-12
3.447307061599620467e-12
3.487823744319681788e-12
3.551282017960891046e-12
3.513823797804635026e-12
3.373723991798167552e-12
3.233624185791699675e-12
3.093524379785232605e-12
2.953424573778764727e-12
2.813324767772297253e-12
2.673224961765829779e-12
2.791887025573215193e-12
2.945335432599824703e-12
3.098783839626434618e-12
3.252232246653044128e-12
3.405680653679654042e-12
3.614358388582786124e-12
3.562771393306947818e-12
2.501173444273550098e-12
2.543793840570939328e-12
2.570691979278824922e-12
2.472093540457531615e-12
2.373495101636239116e-12
2.274896662814946617e-12
2.176298223993653714e-12
2.077699785172361215e-12
1.979101346351068312e-12
1.889574410083377015e-12
1.860994163169797091e-12
1.832413916256216762e-12
1.803833669342636636e-12
1.775253422429056510e-12
1.746673175515476383e-12
1.718092928601896257e-12
1.689512681688315929e-12
1.660932434774735802e-12
1.632352187861155676e-12
1.603771940947575549e-12
1.575191694033995423e-12
1.546611447120415297e-12
1.518031200206835170e-12
1.489450953293254842e-12
1.460870706379674716e-12
1.434874591456025355e-12
1.398482861830835675e-12
1.378976688991329655e-12
1.359470516151823231e-12
1.339964343312317009e-12
1.320458170472810787e-12
1.300951997633304565e-12
1.281445824793798142e-12
1.261939651954291920e-12
1.242433479114785698e-12
1.222927306275279476e-12
1.203421133435773254e-12
1.183914960596266830e-12
1.164408787756760608e-12
1.144902614917254588e-12
1.125396442077748165e-12
1.108162528095074016e-12
1.078084985195931861e-12
1.331709481614823496e-12
2.064579286966942343e-12
2.797449092319053111e-12
3.530318897671172362e-12
4.263188703023308576e-12
4.996058508375410458e-12
5.728928313727547076e-12
6.461798119079648959e-12
7.194667924431751650e-12
7.922536726586178615e-12
8.614254030265467338e-12
9.305971333944747983e-12
9.997688637624030245e-12
1.068940594130332058e-11
1.138112324498259315e-11
1.207284054866188349e-11
1.276455785234115767e-11
1.345627515602045609e-11
1.414799245969972543e-11
1.483886520245393935e-11
1.548495172139285514e-11
1.613103824033173861e-11
1.677712475927064471e-11
1.742321127820956696e-11
1.806929779714845367e-11
1.871538431608734361e-11
1.936147083502626586e-11
2.000755735396517842e-11
2.065364387290409421e-11
2.129973039184297123e-11
2.191917650039541809e-11
2.252605458951167856e-11
2.313293267862793580e-11
2.373981076774419627e-11
2.434668885686045675e-11
2.495356694597673337e-11
2.556044503509299385e-11
2.616732312420925432e-11
2.677420121332550510e-11
2.738107930244176557e-11
2.798360657141265520e-11
2.855861034669055722e-11
2.913361412196845924e-11
2.970861789724636127e-11
3.028362167252426329e-11
3.085862544780219762e-11
3.143362922308009318e-11
3.200863299835799520e-11
3.258363677363589722e-11
3.315864054891379924e-11
3.373364432419170127e-11
3.430864809946960329e-11
3.488365187474749885e-11
3.545865565002540087e-11
3.603365942530330935e-11
3.660866320058120491e-11
3.718366697585910693e-11
3.775867075113700249e-11
3.833367452641491098e-11
3.890867830169280654e-11
3.948368207697074733e-11
4.005868585224864289e-11
4.063368962752654491e-11
4.120869340280444694e-11
4.178369717808234896e-11
4.235870095336025744e-11
4.293370472863815300e-11
4.350870850391604856e-11
4.408371227919394412e-11
4.465871605447185907e-11
4.523371982974975462e-11
4.580872360502765018e-11
4.638372738030554574e-11
4.695873115558346069e-11
4.753373493086137564e-11
4.810873870613927120e-11
4.868374248141716675e-11
4.925874625669508170e-11
4.983375003197297726e-11
5.040875380725087282e-11
5.098375758252878777e-11
5.155876135780670271e-11
5.213376513308459827e-11
5.270876890836249383e-11
5.328377268364038939e-11
5.385877645891830434e-11
5.443378023419619990e-11
5.500878400947409546e-11
5.558378778475199748e-11
5.615879156002990596e-11
5.673379533530780798e-11
5.730879911058573585e-11
5.788380288586363141e-11
5.845880666114153343e-11
5.903381043641942253e-11
5.960881421169732455e-11
6.018381798697522658e-11
6.075882176225312860e-11
6.133382553753103062e-11
6.190882931280895849e-11
6.248383308808686051e-11
6.305883686336474961e-11
6.363384063864265163e-11
6.420884441392055365e-11
6.478384818919845567e-11
6.535885196447634477e-11
6.593385573975424679e-11
6.650885951503218759e-11
6.708386329031007668e-11
6.765886706558797871e-11
6.823387084086586780e-11
6.880887461614378275e-11
6.938387839142167185e-11
6.995888216669957387e-11
7.053388594197747589e-11
7.105781041648997551e-11
7.142788317162537714e-11
7.179795592676073998e-11
7.216802868189612868e-11
7.253810143703153031e-11
7.290817419216693193e-11
7.327824694730232063e-11
7.364831970243770933e-11
7.401839245757308510e-11
7.438846521270849965e-11
7.475853796784387542e-11
7.512861072297927704e-11
7.549836963681398346e-11
7.584532971781815917e-11
7.619228979882237365e-11
7.653924987982657521e-11
7.688620996083075092e-11
7.723317004183496540e-11
7.758013012283917989e-11
7.792709020384335560e-11
7.827405028484757008e-11
7.862101036585175871e-11
7.896797044685596027e-11
7.931493052786014891e-11
7.966189060886436339e-11
8.000885068986853910e-11
8.035581077087275358e-11
8.070277085187695514e-11
8.104973093288114377e-11
8.139669101388534533e-11
8.174365109488955982e-11
8.209061117589376137e-11
8.243757125689796293e-11
8.278453133790212572e-11
8.313149141890634020e-11
8.347845149991052884e-11
8.382541158091473039e-11
8.416220656153790851e-11
8.448463273825836106e-11
8.480705891497881362e-11
8.512948509169927910e-11
8.545191126841973165e-11
8.577433744514018421e-11
8.609676362186063677e-11
8.641918979858108932e-11
8.674161597530154188e-11
8.706404215202200736e-11
8.738646832874245991e-11
8.770889450546291247e-11
8.803132068218336502e-11
8.833976269684363140e-11
8.864159243488895829e-11
8.894342217293427225e-11
8.924525191097954743e-11
8.954708164902487432e-11
8.984891138707018828e-11
9.015074112511548931e-11
9.045257086316080327e-11
9.075440060120610430e-11
9.105623033925141826e-11
9.135806007729671930e-11
9.165988981534202033e-11
9.196171955338733429e-11
9.224511586373980709e-11
9.251790734326738597e-11
9.279069882279495191e-11
9.306349030232253079e-11
9.333628178185013551e-11
9.360907326137771439e-11
9.388186474090528033e-11
9.415465622043285921e-11
9.442744769996045101e-11
9.470023917948802988e-11
9.497303065901560875e-11
9.524582213854320055e-11
9.551861361807079235e-11
9.579140509759834538e-11
9.604792050630215220e-11
9.629783913816902419e-11
9.654775777003594788e-11
9.679767640190283279e-11
9.704759503376970478e-11
9.729751366563657677e-11
9.754743229750347461e-11
9.779735092937037244e-11
9.804726956123724443e-11
9.829718819310411642e-11
9.854710682497101426e-11
9.879702545683791210e-11
9.904694408870478408e-11
9.929686272057165607e-11
9.954678135243855391e-11
9.980177763113249241e-11
1.000567758864795307e-10
1.003117741418265819e-10
1.005667723971736202e-10
1.008217706525206585e-10
1.010767689078677097e-10
1.013317671632147479e-10
1.015867654185617991e-10
1.018417636739088374e-10
1.020967619292559016e-10
1.023517601846029528e-10
1.026067584399500040e-10
1.028617566952970422e-10
1.031167549506440935e-10
1.033715901706592909e-10
1.036264151668730517e-10
1.038812401630868514e-10
1.041360651593005993e-10
1.043908901555143860e-10
1.046457151517281469e-10
1.049005401479419336e-10
1.051553651441556944e-10
1.054101901403694553e-10
1.056650151365832162e-10
1.059198401327970029e-10
1.061746651290107637e-10
1.064294901252245504e-10
1.066783113053136834e-10
1.069160576886849833e-10
1.071538040720562573e-10
1.073915504554275571e-10
1.076292968387988569e-10
1.078670432221701309e-10
1.081047896055414308e-10
1.083425359889127048e-10
1.085802823722840046e-10
1.088180287556552915e-10
1.090557751390265913e-10
1.092935215223978912e-10
1.095312679057691522e-10
1.097690142891404521e-10
1.100043853465310579e-10
1.102232267426263101e-10
1.104420681387215623e-10
1.106609095348168274e-10
1.108797509309120797e-10
1.110985923270073448e-10
1.113174337231025970e-10
1.115362751191978492e-10
1.117551165152930885e-10
1.119739579113883795e-10
1.121927993074836188e-10
1.124116407035788840e-10
1.126304820996741491e-10
1.128493234957694013e-10
1.130681648918646536e-10
1.132886245901358242e-10
1.135179529492730588e-10
1.137472813084102934e-10
1.139766096675475409e-10
1.142059380266847884e-10
1.144352663858220101e-10
1.146645947449592705e-10
1.148899832673265114e-10
1.151108714174244007e-10
1.153317595675223287e-10
1.155526477176202180e-10
1.157735358677181202e-10
1.159944240178160353e-10
1.162153121679139245e-10
1.164373441662493499e-10
1.166648165654508979e-10
1.168922889646524717e-10
1.171197613638540455e-10
1.173472337630556193e-10
1.175747061622571932e-10
1.178021785614587928e-10
1.180246683361181758e-10
1.182395568075693485e-10
1.184544452790205212e-10
1.186693337504716680e-10
1.188842222219228665e-10
1.190991106933740133e-10
1.193139991648252118e-10
1.195335012818592844e-10
1.197677510125060316e-10
1.200020007431527530e-10
1.202362504737995002e-10
1.204705002044462216e-10
1.207047499350929688e-10
1.209389996657397160e-10
1.211732493963864891e-10
1.214074991270332105e-10
1.216417488576799318e-10
1.218759985883266791e-10
1.221102483189734263e-10
1.223444980496201735e-10
1.225787477802668949e-10
1.228129975109136679e-10
