1.058665922451578097e-02
1.054777244427794469e-02
1.042020750899829568e-02
1.022645125339074340e-02
9.984451947497859775e-03
9.703558698715825798e-03
9.393343053769879353e-03
9.060874717089013181e-03
8.717871897646800941e-03
8.367869239757366739e-03
8.018133408590210481e-03
7.671302302144005630e-03
7.329539235922753054e-03
6.995241566812768728e-03
6.668373399024049054e-03
6.355040065690716056e-03
6.046787724197623393e-03
5.754888548742230145e-03
5.472131938852099232e-03
5.200456675634622036e-03
4.939020039721358710e-03
4.688876275295262956e-03
4.444424081698150619e-03
4.213109337054173238e-03
3.988663900336173601e-03
3.773107701734559720e-03
3.565339566777061750e-03
3.365867863162599807e-03
3.180815601583265439e-03
3.004496850889773300e-03
2.835788792197843459e-03
2.678267237517851975e-03
2.529815709760349380e-03
2.385933178859787462e-03
2.254384560782246062e-03
2.130941889480435832e-03
2.012277385851713243e-03
1.900416708692704388e-03
1.793699850692006582e-03
1.694714399912476341e-03
1.598489754636931099e-03
1.509461975785964102e-03
1.428266739240639923e-03
1.350275452877549654e-03
1.274764958852320955e-03
1.205364893945652096e-03
1.138186128465401093e-03
1.076264361842371340e-03
1.018184953204049432e-03
9.618577094313583752e-04
9.104155988615414419e-04
8.603196170182997489e-04
8.131294307519687081e-04
7.695299650321984911e-04
7.283803742068450243e-04
6.899694512809350592e-04
6.511620864834199779e-04
6.175575189030366651e-04
5.835579822569181199e-04
5.527199094723581193e-04
5.229196036874538120e-04
4.962754275522173863e-04
4.688149216840073962e-04
4.448219166554910164e-04
4.197427824062170926e-04
3.980001980262841974e-04
3.773771728604018031e-04
3.566464705158113309e-04
3.382794938791770616e-04
3.199237412388442905e-04
3.036283836257775348e-04
2.876238007414689342e-04
2.727534656436181012e-04
2.585146695521069529e-04
2.451278974148699951e-04
2.329535757394337659e-04
2.203365500616673430e-04
2.093700149417734413e-04
1.982292838854531926e-04
1.881581649512113644e-04
1.784029266632496916e-04
1.697367015185681190e-04
1.609159684989086754e-04
1.528444413938763262e-04
1.450224420970622143e-04
1.373974142643209664e-04
1.304281591779629440e-04
1.241866822176870800e-04
1.181428137245209330e-04
1.121015851492677880e-04
1.063600667058257367e-04
1.012657968003631575e-04
9.603707395388755817e-05
9.126041570791023759e-05
8.649344896698164776e-05
8.219942518946411227e-05
7.847910775361444037e-05
7.469120147851652191e-05
7.086577416457998286e-05
6.753056869839230494e-05
6.419924748296802427e-05
6.096436858752752528e-05
5.775840494882317005e-05
5.485192905660240251e-05
5.218753612607522971e-05
4.988952812947685381e-05
4.754230636139963455e-05
4.547052526470821740e-05
4.340229643663523034e-05
4.120275771155286015e-05
3.905510341047851530e-05
3.721849134537062834e-05
3.528291876071556332e-05
3.349677432746420093e-05
3.197853351156427706e-05
3.058725669422881073e-05
2.919597987689334778e-05
2.795734019866683801e-05
2.664988760031146537e-05
2.534111831779902967e-05
2.418502750861845681e-05
2.298993339958689010e-05
2.179182594430601985e-05
2.067375569623568392e-05
1.967782655393691241e-05
1.887877988650350569e-05
1.806493624410486883e-05
1.729858570357934531e-05
1.658641779127285724e-05
1.577132282644690527e-05
1.504706263408149143e-05
1.437045435607011645e-05
1.364774053182622682e-05
1.297283673025849048e-05
1.231795359386183417e-05
1.174489205916222383e-05
1.128234404758864615e-05
1.080669571615466518e-05
1.035178898217354920e-05
9.942579918096337819e-06
9.467980208573591246e-06
9.027732533826598427e-06
8.629935205705904414e-06
8.221903329951315100e-06
7.811974997392025224e-06
7.439620199223898757e-06
7.071253969839272172e-06
6.801740386332288691e-06
6.527108331852253622e-06
6.252476277372218553e-06
6.001795879515593881e-06
5.753716514059244920e-06
5.485614099219535743e-06
5.249176239626134761e-06
5.029753604389885396e-06
4.802189524876065064e-06
4.563663928147944937e-06
4.348475977381483685e-06
4.133288026615022432e-06
3.972604162862130827e-06
3.817724258241147319e-06
3.662844353620163811e-06
3.517184993042832398e-06
3.386228500540036781e-06
3.232791821002818151e-06
3.086896669982786204e-06
2.963873051563247138e-06
2.840849433143708072e-06
2.706061646163755836e-06
2.581929972970275914e-06
2.460442531047603672e-06
2.346044355641986736e-06
2.268534566507920969e-06
2.181304957493782369e-06
2.098596822395393098e-06
2.015888687297004251e-06
1.933079757275252158e-06
1.849061583377421457e-06
1.768341120935364882e-06
1.699007395769685490e-06
1.629673670604006522e-06
1.553794994484091932e-06
1.482475832974192702e-06
1.414297703899264371e-06
1.346119574824336040e-06
1.303029332366931021e-06
1.254561748536040744e-06
1.208912293501072713e-06
1.163262838466104681e-06
1.117613383431136650e-06
1.110721980439046947e-06
1.054932305226809834e-06
9.991426300145731455e-07
9.524448993393924508e-07
9.089868819139661827e-07
9.232402428540841574e-07
8.895204446692557231e-07
8.336309331169585514e-07
7.777414215646614856e-07
7.328327288740316205e-07
7.232871149984682240e-07
7.230565958693965235e-07
7.228260767403248230e-07
6.516522582830753144e-07
6.273216381115481456e-07
5.969440957255386992e-07
5.665665533395292527e-07
5.403803608894072075e-07
5.165085679517551251e-07
5.199009791601947301e-07
5.074034215009989441e-07
4.770897720033664391e-07
4.467761225057340930e-07
4.164624730081015880e-07
4.099087569431189185e-07
4.159619814243346147e-07
4.026543524934418293e-07
3.727780345287844004e-07
3.528196578256715492e-07
3.650949461444145553e-07
3.392053065390813052e-07
3.136905800275902832e-07
3.102651552319387296e-07
2.897342698008070923e-07
2.950952652271810308e-07
2.794042834523921967e-07
2.627979362845811810e-07
2.461915891167701124e-07
2.337118733877822293e-07
2.316037764235015664e-07
2.349399656309405390e-07
2.238908994392004604e-07
2.078068301582185759e-07
1.998703505234130262e-07
2.053604214771207940e-07
1.913969844734359614e-07
1.766694283140909567e-07
1.744044682267199966e-07
1.630765538182217749e-07
1.661968311207575019e-07
1.741219340000774782e-07
1.680973478223109815e-07
1.522551243676932262e-07
1.364129009130754972e-07
1.301355247860550605e-07
1.320402076932449237e-07
1.276898583913070813e-07
1.192020229298745145e-07
1.113802014239749666e-07
1.118861443038247953e-07
1.111704019955701216e-07
1.017602706638860997e-07
1.008246531064183638e-07
9.297301266813302294e-08
9.201413467124047282e-08
9.240476635953230370e-08
9.279539804782414783e-08
9.305214426701772457e-08
8.300165857774908444e-08
7.340776509352193918e-08
7.403894073739551670e-08
7.522582649065944413e-08
7.969427337584802341e-08
8.404538589748738076e-08
7.861394087629328926e-08
7.218806054335125746e-08
6.201667530228323301e-08
5.637706178242591826e-08
5.793228768510337675e-08
6.178379161111637996e-08
6.563529553712937656e-08
6.669824788323272873e-08
5.826138119386491104e-08
5.139847508812987778e-08
4.764761219966478310e-08
4.189472274624084039e-08
4.149815819870182231e-08
4.161629080716418509e-08
4.173442341562654787e-08
4.185255602408891065e-08
4.197068863255127342e-08
4.072084846856776289e-08
3.672848989644541835e-08
3.253529187357244490e-08
3.532343832539338318e-08
3.659137522544819207e-08
3.785931212550300759e-08
3.805744623615042109e-08
3.529401529253556004e-08
3.253058434892070560e-08
2.788627875006926583e-08
2.412641145513149111e-08
2.510272349388634058e-08
2.837639697664028676e-08
3.165007045939422633e-08
3.026622164909678810e-08
2.671837298912043540e-08
2.348174668016273496e-08
2.136085824347244033e-08
1.885878013613903925e-08
2.000551011267577356e-08
1.920660916824151777e-08
1.827810578354396030e-08
2.087674038449632143e-08
2.347537498544867594e-08
2.006031404125037860e-08
1.704969941786727058e-08
1.462751432688087121e-08
1.393747257699954271e-08
1.568015310137162059e-08
1.488988750947185017e-08
1.409962191757208142e-08
1.330935632567231431e-08
1.251909073377254555e-08
1.272323317162678755e-08
1.172639070646580355e-08
1.103702329130849631e-08
1.182468591031609778e-08
1.080615491030357912e-08
1.122071140731512941e-08
1.235164124715541950e-08
1.266858983073751946e-08
1.107607264712035124e-08
9.483555463503181358e-09
7.970855834054383329e-09
8.271618795282323081e-09
8.935578276057615491e-09
9.231362129659364577e-09
8.495846530181125083e-09
7.760330930702887242e-09
7.610326833576703600e-09
7.894330825956139133e-09
6.451144853079485899e-09
6.182080039195066813e-09
6.129490143156788293e-09
6.076900247118510599e-09
6.782479329780926225e-09
7.069121042040438850e-09
7.076527747766863262e-09
6.291655817895596435e-09
5.506783888024328781e-09
4.721911958153061127e-09
5.002171230358769949e-09
5.386926099499928918e-09
5.633640930957149095e-09
5.055323163935898945e-09
4.477005396914648795e-09
4.469120379218834625e-09
4.058684831837619882e-09
3.674570289214645267e-09
3.641856976312164404e-09
3.609143663409683542e-09
3.612594143103121403e-09
3.798586606511978093e-09
4.115939584148239165e-09
4.004588910806068096e-09
3.581137594706691723e-09
3.157686278607315350e-09
2.786864665985851255e-09
2.716384391382248991e-09
2.637415982921226444e-09
2.605609925077719861e-09
2.573803867234213279e-09
2.541997809390706697e-09
2.742724805588168447e-09
2.864853053335000559e-09
2.986981301081831844e-09
2.831982898827854952e-09
2.396850537416602013e-09
2.165251263464087620e-09
2.232209724435479014e-09
2.118922893253763133e-09
2.005636062072046839e-09
1.892349230890330959e-09
1.779062399708615079e-09
1.689648277196539363e-09
1.621062503103295614e-09
1.668551793298702299e-09
1.751961622045356676e-09
1.835371450792010845e-09
1.543792044205543078e-09
1.570121515611031266e-09
1.616547109156883872e-09
1.757443247635520436e-09
1.964694594857577761e-09
1.807151425257967388e-09
1.434202812560214961e-09
1.396935567136190757e-09
1.426451404383503245e-09
1.332754680113973636e-09
1.239057955844444440e-09
1.145361231574915037e-09
1.051664507305385842e-09
9.844145203201881619e-10
1.012198442363829031e-09
1.051855516107929127e-09
1.481512178653654342e-09
9.307242439990965244e-10
9.561572468051179578e-10
9.905483085412502143e-10
1.237193790592634867e-09
1.196337812134649370e-09
1.110906288698879699e-09
1.025474765263109821e-09
9.400432418273399437e-10
8.782530008058792298e-10
8.491118899653632799e-10
7.867093626925151920e-10
7.213603612652356435e-10
6.560113598379560949e-10
6.042563553154546698e-10
6.243418713110287381e-10
6.466059881175935867e-10
7.229180326961116968e-10
7.115114514692811179e-10
6.507223840088871600e-10
6.117230535001164033e-10
6.695695608457180394e-10
7.274160681913196755e-10
7.281152685936835496e-10
6.937213499045239965e-10
6.363057051075566859e-10
5.788900603105894788e-10
5.217025812580043822e-10
4.961081989094796164e-10
4.533103124279691178e-10
4.105124259464586710e-10
3.809761903671444737e-10
4.660689306304316864e-10
4.154203289396659383e-10
4.505371744397312424e-10
4.978156484452343216e-10
5.424388210811616185e-10
5.870619937170888120e-10
5.776885802051760297e-10
5.248318666514123998e-10
4.719751530976487699e-10
4.324734908119694772e-10
4.148544120006177568e-10
3.777181454083030946e-10
3.393136652135553174e-10
3.093331910656095298e-10
2.872033381963872585e-10
2.579821795199208794e-10
2.480971601962539417e-10
2.974167748565086673e-10
4.090820220383459623e-10
5.207472692201831539e-10
4.801249237227151688e-10
4.340232701610861912e-10
3.879216165994571619e-10
3.645909917524855197e-10
3.507756430386048823e-10
3.245783697823819717e-10
2.904463922835754024e-10
2.578966066442538349e-10
2.453436349581846896e-10
2.260571143389300639e-10
2.004978004716840559e-10
1.838022892733546783e-10
1.654608080391654940e-10
1.630617969282891282e-10
1.887616339395585871e-10
2.112735764602627128e-10
2.337855189809668127e-10
2.562974615016709125e-10
2.788094040223750123e-10
3.078256285073440375e-10
3.121164496352933373e-10
2.315615896998705944e-10
2.082327233278575233e-10
1.986227617833053170e-10
1.822532976258412850e-10
1.596767022389473347e-10
1.458427190875787650e-10
1.366308200006073630e-10
1.184362725944709508e-10
1.055160428872221158e-10
1.168265866143697163e-10
1.633292666196617759e-10
2.098319466249538613e-10
2.563346266302459208e-10
2.875072771669721672e-10
2.749658231297416319e-10
2.624243690925110448e-10
2.498829150552804577e-10
1.914254349308563472e-10
1.546952026280190462e-10
1.456673658092906058e-10
1.366395289905621912e-10
1.212393671977824413e-10
1.010692180186676382e-10
8.620167574850339426e-11
7.752752480357006827e-11
6.650170534592136013e-11
6.705328324089402491e-11
7.456188726170129159e-11
1.000493243595293005e-10
1.364839869634704224e-10
1.729186495674115184e-10
2.093533121713526920e-10
2.740140577647261774e-10
1.926098792319965117e-10
1.112057006992668201e-10
9.690842373014471939e-11
9.111360715684144839e-11
8.531879058353817740e-11
7.770851066474037186e-11
6.977524722348115018e-11
6.093885621671555327e-11
4.982225390640090565e-11
4.382272376051619980e-11
5.193548521757967710e-11
5.109986648355926232e-11
7.496709986784455271e-11
9.982443828509874569e-11
9.720670601175107441e-11
9.247633494977635675e-11
8.774596388780163908e-11
8.301559282582689556e-11
8.333701082262535410e-11
9.119686688641583638e-11
9.143032753532933593e-11
8.109693526602308589e-11
7.076354299671683585e-11
6.028604128152302615e-11
3.765948209028903269e-11
3.117737534013481250e-11
2.958274678017374603e-11
3.202230427214263647e-11
3.421888618679293307e-11
3.522670594163318194e-11
4.289372162575234545e-11
3.840585270406975438e-11
4.414468608524291971e-11
6.277575693421900641e-11
5.757932260972204736e-11
4.861009748132771802e-11
4.472789306157148180e-11
4.084568864181525204e-11
3.696348422205900936e-11
3.288083622715197591e-11
2.824921646947363243e-11
2.361759671179526633e-11
1.965610271926253126e-11
2.016213601762637882e-11
2.150749732700998816e-11
2.285285863639359751e-11
2.570413992414486683e-11
2.752132832537999828e-11
2.377332744888770277e-11
3.248237086540803942e-11
3.923813417338857919e-11
3.865299569821768844e-11
3.541936287864243842e-11
3.218573005906718840e-11
2.895209723949193837e-11
2.557704031228313894e-11
2.185426363861281026e-11
1.813148696494248480e-11
1.440871029127215611e-11
1.360014033436693311e-11
1.430221156816985619e-11
1.517696050850486050e-11
1.605170944883986158e-11
1.463276231846465891e-11
1.532364546251901127e-11
1.633026412944484845e-11
1.696034163447819224e-11
1.759041913951153926e-11
2.089060156135329781e-11
1.712300227014110568e-11
1.673257353699367144e-11
2.025963878934579215e-11
1.719878872937127849e-11
1.413793866939676161e-11
1.107708860942225281e-11
9.366794645671015064e-12
9.303763824162744705e-12
9.378409446497413865e-12
9.545202821221790529e-12
9.711996195946165577e-12
9.947768309964013649e-12
1.029885978393387320e-11
1.090600541571523334e-11
1.162743667559752700e-11
1.143398337608129878e-11
9.653173213991360994e-12
9.720781769439318237e-12
9.920380471427455861e-12
9.024438256025751930e-12
8.128496040624049616e-12
7.232553825222348109e-12
6.488910787395969229e-12
6.461479436819740202e-12
6.518216859180553155e-12
6.624259894135168925e-12
6.730302929089783887e-12
6.844357101559727877e-12
7.086748791409167502e-12
7.019049315027788496e-12
6.500699403600697834e-12
5.982349492173605556e-12
6.077384212913187327e-12
6.424812857467913388e-12
6.879247062407969811e-12
7.196770973523945065e-12
7.514294884639919511e-12
7.831818795755894764e-12
8.149342706871871634e-12
6.058993664016906171e-12
4.581165775477466120e-12
4.651368176781942078e-12
4.721570578086418845e-12
4.791772979390894804e-12
4.677202819881920447e-12
4.528280866261677607e-12
4.379358912641435576e-12
4.230436959021192736e-12
4.268358050607276469e-12
4.374471254227146934e-12
4.551138872697993200e-12
4.727806491168839466e-12
4.904474109639684924e-12
5.147276481337139159e-12
5.545080690613920234e-12
4.548651067591512571e-12
3.228764973198040462e-12
3.160960496285142955e-12
3.109374495878285307e-12
3.089083156314901371e-12
3.068791816751517436e-12
3.048500477188133500e-12
3.028209137624749161e-12
3.007917798061365226e-12
3.038617464188452114e-12
3.102075737829661371e-12
2.963576317819460863e-12
2.823476511812993389e-12
2.683376705806525915e-12
2.543276899800058441e-12
2.403177093793590564e-12
2.341915439718531495e-12
2.311850923589499352e-12
2.281786407460467209e-12
2.292410715822904812e-12
2.445859122849514322e-12
2.599307529876124237e-12
2.752755936902734151e-12
2.906204343929343661e-12
3.054205216750225473e-12
2.199349533365383398e-12
2.241969929662772225e-12
2.164408989799622167e-12
2.065810550978329668e-12
1.967212112157037169e-12
1.868613673335744266e-12
1.770015234514451564e-12
1.718630652615039105e-12
1.690050405701458979e-12
1.661470158787878852e-12
1.632889911874298524e-12
1.604309664960718600e-12
1.575729418047138271e-12
1.547149171133558145e-12
1.518568924219978019e-12
1.489988677306397892e-12
1.461408430392817766e-12
1.432828183479237639e-12
1.404247936565657311e-12
1.376819144353788224e-12
1.357312971514282002e-12
1.337806798674775579e-12
1.318300625835269357e-12
1.298794452995763135e-12
1.279288280156256913e-12
1.259782107316750489e-12
1.240275934477244267e-12
1.220769761637737843e-12
1.201263588798231824e-12
1.181757415958725400e-12
1.162251243119219178e-12
1.142745070279713158e-12
1.123520831160600595e-12
1.104501185807597825e-12
1.087511096954422672e-12
1.453547184910570862e-12
2.085121361171489254e-12
2.716695537432372911e-12
3.446897164706446287e-12
4.179766970058557055e-12
4.912636775410675902e-12
5.645506580762795556e-12
6.378376386114931366e-12
7.111246191467034056e-12
7.844115996819169059e-12
8.576985802171272557e-12
9.309855607523369593e-12
1.003809353400731076e-11
1.072981083768659625e-11
1.142152814136588174e-11
1.211324544504516400e-11
1.280496274872445434e-11
1.349668005240372853e-11
1.418839735608300109e-11
1.488011465976230920e-11
1.557183196344157208e-11
1.626354926712083818e-11
1.695153411092232920e-11
1.759762062986124176e-11
1.824370714880015432e-11
1.888979366773904426e-11
1.953588018667794712e-11
2.018196670561686938e-11
2.082805322455577547e-11
2.147413974349466541e-11
2.212022626243356828e-11
2.276631278137248407e-11
2.341239930031139663e-11
2.402646465487522123e-11
2.463334274399145262e-11
2.524022083310774541e-11
2.584709892222397034e-11
2.645397701134024696e-11
2.706085510045650744e-11
2.766773318957276791e-11
2.827461127868902838e-11
2.888148936780528885e-11
2.948836745692154932e-11
3.008411699725182119e-11
3.065912077252972322e-11
3.123412454780761877e-11
3.180912832308552080e-11
3.238413209836341636e-11
3.295913587364132484e-11
3.353413964891922686e-11
3.410914342419712888e-11
3.468414719947502444e-11
3.525915097475295878e-11
3.583415475003086080e-11
3.640915852530876282e-11
3.698416230058665838e-11
3.755916607586456686e-11
3.813416985114246242e-11
3.870917362642036444e-11
3.928417740169826647e-11
3.985918117697616849e-11
4.043418495225406405e-11
4.100918872753197253e-11
4.158419250280986809e-11
4.215919627808777011e-11
4.273420005336566567e-11
4.330920382864357415e-11
4.388420760392146971e-11
4.445921137919939758e-11
4.503421515447731253e-11
4.560921892975520809e-11
4.618422270503311011e-11
4.675922648031100567e-11
4.733423025558892062e-11
4.790923403086681618e-11
4.848423780614471174e-11
4.905924158142260730e-11
4.963424535670052224e-11
5.020924913197841780e-11
5.078425290725631336e-11
5.135925668253422831e-11
5.193426045781214325e-11
5.250926423309003881e-11
5.308426800836793437e-11
5.365927178364582993e-11
5.423427555892374488e-11
5.480927933420164044e-11
5.538428310947953600e-11
5.595928688475745094e-11
5.653429066003536589e-11
5.710929443531326145e-11
5.768429821059115701e-11
5.825930198586906549e-11
5.883430576114696751e-11
5.940930953642486954e-11
5.998431331170275863e-11
6.055931708698067358e-11
6.113432086225856268e-11
6.170932463753646470e-11
6.228432841281439257e-11
6.285933218809229459e-11
6.343433596337019661e-11
6.400933973864809863e-11
6.458434351392598773e-11
6.515934728920388975e-11
6.573435106448179177e-11
6.630935483975969380e-11
6.688435861503762167e-11
6.745936239031552369e-11
6.803436616559341278e-11
6.860936994087131481e-11
6.918437371614921683e-11
6.975937749142711885e-11
7.033438126670500795e-11
7.090938504198290997e-11
7.148438881726085076e-11
7.205939259253873986e-11
7.263439636781664188e-11
7.300498276208165358e-11
7.337505551721704228e-11
7.374512827235244390e-11
7.411520102748780675e-11
7.448527378262322129e-11
7.485534653775859707e-11
7.522541929289398577e-11
7.559549204802938739e-11
7.596556480316478901e-11
7.633563755830016479e-11
7.670571031343556641e-11
7.707578306857094218e-11
7.742622548390607026e-11
7.777318556491023304e-11
7.812014564591444753e-11
7.846710572691866201e-11
7.881406580792283772e-11
7.916102588892705220e-11
7.950798596993126668e-11
7.985494605093544239e-11
8.020190613193964395e-11
8.054886621294384551e-11
8.089582629394804707e-11
8.124278637495224863e-11
8.158974645595643726e-11
8.193670653696063882e-11
8.228366661796484038e-11
8.263062669896904194e-11
8.297758677997325642e-11
8.332454686097743213e-11
8.367150694198164661e-11
8.401846702298586110e-11
8.436542710399004973e-11
8.471238718499421252e-11
8.505934726599842700e-11
8.540630734700261563e-11
8.574281551397489918e-11
8.606524169069535174e-11
8.638766786741580429e-11
8.671009404413626977e-11
8.703252022085672233e-11
8.735494639757717489e-11
8.767737257429762744e-11
8.799979875101808000e-11
8.832222492773853255e-11
8.864465110445899803e-11
8.896707728117945059e-11
8.928950345789990315e-11
8.961192963462035570e-11
8.991825484017414491e-11
9.022008457821945887e-11
9.052191431626478575e-11
9.082374405431006094e-11
9.112557379235537490e-11
9.142740353040070178e-11
9.172923326844598989e-11
9.203106300649131677e-11
9.233289274453660488e-11
9.263472248258193177e-11
9.293655222062724573e-11
9.323838195867254676e-11
9.354021169671783487e-11
9.381791450436918114e-11
9.409070598389676001e-11
9.436349746342432596e-11
9.463628894295190483e-11
9.490908042247949663e-11
9.518187190200707551e-11
9.545466338153465438e-11
9.572745486106224618e-11
9.600024634058981213e-11
9.627303782011740393e-11
9.654582929964496988e-11
9.681862077917257460e-11
9.709141225870012762e-11
9.736403816704363661e-11
9.761395679891050860e-11
9.786387543077739351e-11
9.811379406264431720e-11
9.836371269451118919e-11
9.861363132637807410e-11
9.886354995824495902e-11
9.911346859011184393e-11
9.936338722197872884e-11
9.961330585384562668e-11
9.986322448571249867e-11
1.001131431175793965e-10
1.003630617494462814e-10
1.006129803813131663e-10
1.008628990131800512e-10
1.011148519449125207e-10
1.013698502002595590e-10
1.016248484556065973e-10
1.018798467109536356e-10
1.021348449663006738e-10
1.023898432216477509e-10
1.026448414769947763e-10
1.028998397323418404e-10
1.031548379876888787e-10
1.034098362430359299e-10
1.036648344983829682e-10
1.039198327537300194e-10
1.041748310090770706e-10
1.044298292644241088e-10
1.046847508678744440e-10
1.049395758640882307e-10
1.051944008603019915e-10
1.054492258565157524e-10
1.057040508527295391e-10
1.059588758489433000e-10
1.062137008451570608e-10
1.064685258413708475e-10
1.067233508375846343e-10
1.069781758337983693e-10
1.072330008300121560e-10
1.074878258262259168e-10
1.077426508224396906e-10
1.079974758186534773e-10
1.082360735003434650e-10
1.084738198837147648e-10
1.087115662670860647e-10
1.089493126504573516e-10
1.091870590338286385e-10
1.094248054171999125e-10
1.096625518005712382e-10
1.099002981839425122e-10
1.101380445673137991e-10
1.103757909506850860e-10
1.106135373340563858e-10
1.108512837174276598e-10
1.110890301007989597e-10
1.113267764841702336e-10
1.115489072537448013e-10
1.117677486498400276e-10
1.119865900459353057e-10
1.122054314420305709e-10
1.124242728381258102e-10
1.126431142342210624e-10
1.128619556303163275e-10
1.130807970264115927e-10
1.132996384225068320e-10
1.135184798186020971e-10
1.137373212146973364e-10
1.139561626107926016e-10
1.141750040068878667e-10
1.143938454029831060e-10
1.146126867990783711e-10
1.148416140529547995e-10
1.150709424120920212e-10
1.153002707712292558e-10
1.155295991303664904e-10
1.157589274895037509e-10
1.159882558486409984e-10
1.162148659527886371e-10
1.164357541028865135e-10
1.166566422529844544e-10
1.168775304030823695e-10
1.170984185531802846e-10
1.173193067032781480e-10
1.175401948533760890e-10
1.177616173304615098e-10
1.179890897296630836e-10
1.182165621288646315e-10
1.184440345280662054e-10
1.186715069272677792e-10
1.188989793264693530e-10
1.191264517256709527e-10
1.193494964153456611e-10
1.195643848867968338e-10
1.197792733582480064e-10
1.199941618296992049e-10
1.202090503011503517e-10
1.204239387726014986e-10
1.206388272440526971e-10
1.208584667364020541e-10
1.210927164670488271e-10
1.213269661976955485e-10
1.215612159283422957e-10
1.217954656589890171e-10
1.220297153896357643e-10
1.222639651202825115e-10
1.224982148509292329e-10
1.227324645815760060e-10
1.229667143122227532e-10
1.232009640428694746e-10
1.234352137735162218e-10
1.236694635041629690e-10
1.239037132348096904e-10
1.241379629654564376e-10
1.243722126961031590e-10
1.246064624267499320e-10
1.248407121573966534e-10
1.250749618880434265e-10
1.253092116186901478e-10
1.255434613493368951e-10
1.257777110799836423e-10
