1.093120170093304921e-02
1.088632256553032085e-02
1.074839930505055996e-02
1.054492535714767615e-02
1.028314754137302917e-02
9.986804627001957466e-03
9.655454033494364346e-03
9.305847247083862822e-03
8.940690229615282786e-03
8.571602790265964861e-03
8.201567117315152269e-03
7.836587538534802583e-03
7.482413302489158979e-03
7.134062926645465263e-03
6.794315364955931351e-03
6.463793226825394200e-03
6.149053249464343091e-03
5.840309558091979873e-03
5.548311320960092052e-03
5.265818129871654464e-03
4.995921539626880896e-03
4.734628229138171385e-03
4.482896807023795116e-03
4.243045887004681486e-03
4.008175069642226120e-03
3.790245562722142133e-03
3.578660508494113570e-03
3.369701965164887368e-03
3.180347603197454260e-03
2.995574789535875894e-03
2.826739486489824975e-03
2.667934491756683395e-03
2.513485990538272697e-03
2.371886685290193648e-03
2.235814886172972273e-03
2.109548287756011012e-03
1.987673140615249610e-03
1.874790711757239612e-03
1.768923143954930811e-03
1.666730874832123791e-03
1.572247397599180066e-03
1.483456991279495738e-03
1.400097744891712218e-03
1.321281293071876117e-03
1.246746210163633640e-03
1.174797742595131214e-03
1.109232163194037420e-03
1.048732315061235701e-03
9.896263843651583684e-04
9.354026694028588816e-04
8.820524590396015005e-04
8.324466633132807450e-04
7.867759823855511366e-04
7.434887278909654319e-04
7.035007607686451529e-04
6.633218264048910528e-04
6.277661636165995235e-04
5.923393259222013317e-04
5.601910304193397127e-04
5.291593929947908644e-04
5.014860584483481470e-04
4.734624568924910323e-04
4.476505557011510139e-04
4.229558574979825378e-04
4.004338877007527012e-04
3.786779391639991262e-04
3.593859881993104557e-04
3.386401652845818892e-04
3.201024390178463337e-04
3.026672376369662107e-04
2.867365496742168424e-04
2.721000960341200554e-04
2.573669355772056347e-04
2.431950882888153913e-04
2.306030054896871970e-04
2.184127017949514930e-04
2.065092227795941541e-04
1.955980338593921305e-04
1.859138199832002434e-04
1.762051669535934987e-04
1.664554541930366469e-04
1.584138429511998251e-04
1.496921646256038282e-04
1.421347257571796191e-04
1.343601284663394351e-04
1.274069377212155027e-04
1.212561432349845480e-04
1.150966860547724237e-04
1.096480836436131449e-04
1.036047748286588409e-04
9.799964631241743864e-05
9.312307035359119415e-05
8.806134789317010536e-05
8.348444337535379479e-05
7.958981220613253640e-05
7.565464436137579816e-05
7.218788965303111333e-05
6.848514005328428336e-05
6.466982132714649896e-05
6.150340258501366271e-05
5.834268456398337185e-05
5.519409779728075857e-05
5.232053649733518498e-05
4.996844924264329582e-05
4.756630646028096497e-05
4.546165011853650319e-05
4.316353732667230556e-05
4.103849561716232355e-05
3.911763395961370557e-05
3.704899068230333814e-05
3.502947227216690276e-05
3.319822858991519485e-05
3.172249702058058151e-05
3.023624435602288328e-05
2.882476405162016350e-05
2.755921250613285010e-05
2.616793568879738715e-05
2.492929601057087738e-05
2.372881561712160168e-05
2.243704141945828217e-05
2.128095061027771270e-05
2.014695436012669920e-05
1.928921026907538995e-05
1.842234669464850195e-05
1.757959331966495327e-05
1.684551662365165015e-05
1.603167298125300990e-05
1.528382554337097429e-05
1.459341559288073271e-05
1.386030045600582171e-05
1.313948556507018789e-05
1.246287728705881290e-05
1.185499964309249057e-05
1.135944499756796153e-05
1.085229212449856536e-05
1.038340792170512763e-05
9.954615918665570419e-06
9.478967587231589454e-06
9.046491994689883015e-06
8.639907139256079895e-06
8.210217377175827531e-06
7.785255351066481237e-06
7.387458022945785530e-06
7.019682380947035278e-06
6.739548857286417525e-06
6.457749882833699293e-06
6.180502966527093688e-06
5.944064251560582920e-06
5.676725764834362258e-06
5.408439860371383214e-06
5.170845606521734343e-06
4.933251352672085473e-06
4.674481686730729124e-06
4.455059051494480605e-06
4.235636416258232087e-06
4.049085516350479671e-06
3.898685811059974939e-06
3.743243227470704050e-06
3.587800643881432738e-06
3.432358060292161849e-06
3.277419317178001683e-06
3.126962920462390674e-06
2.996006427959595481e-06
2.865049935456799864e-06
2.719171738080831422e-06
2.593098601459745032e-06
2.470074983040205543e-06
2.354831762392945476e-06
2.273758803261536985e-06
2.184540831965445184e-06
2.098170807697367906e-06
2.011800783429291051e-06
1.969690080292992908e-06
1.893551999066497391e-06
1.787881788105866274e-06
1.696005905865671563e-06
1.613297770767282927e-06
1.531805127365561164e-06
1.462471402199881984e-06
1.393137677034203015e-06
1.332091622443594350e-06
1.285360396381445747e-06
1.236969184354300961e-06
1.188577972327156598e-06
1.140186760300011811e-06
1.121444186173034597e-06
1.077446171910799424e-06
1.020603768383055963e-06
9.691875289684557998e-07
9.235380739334877683e-07
9.318915171429921441e-07
8.964153600821333232e-07
8.406256848698963167e-07
7.848360096576593101e-07
7.386200140591571817e-07
7.390424840462528594e-07
7.438862172232744582e-07
6.879967056709772865e-07
6.321071941186801148e-07
6.251800455026932968e-07
5.934017781258496117e-07
5.616235107490058206e-07
5.599059735310432753e-07
5.188980004189281677e-07
5.270103870386869393e-07
4.966328446526774928e-07
4.662553022666680993e-07
4.358777598806586529e-07
4.156696376368707017e-07
4.187595768846447268e-07
4.141896579145721301e-07
3.838760084169396780e-07
3.553811720256778696e-07
3.652945401120458511e-07
3.519567750220930916e-07
3.183619068601877713e-07
3.168990896021402800e-07
2.919273005654660604e-07
2.996355433038207990e-07
3.143491186113014372e-07
2.984982540805963484e-07
2.690645753916805032e-07
2.396308967027646580e-07
2.348425356303781069e-07
2.376162777789545541e-07
2.210099306111434855e-07
2.044035834433324169e-07
2.005970566333069446e-07
2.012617067428303302e-07
1.873309466774197490e-07
1.795443511093085288e-07
1.700374558632938477e-07
1.681111091187565477e-07
1.747377874524276745e-07
1.764554848993597406e-07
1.644091575610662999e-07
1.467358599706577393e-07
1.306118796453959233e-07
1.337321569479316768e-07
1.396274604190328482e-07
1.475576207808766845e-07
1.427281912290422723e-07
1.268859677744245169e-07
1.122799816550490196e-07
1.031204853602702559e-07
1.018697978429732405e-07
9.401203284237760650e-08
9.305999724559781504e-08
9.356594012544765697e-08
9.407188300529749889e-08
9.169380590953204859e-08
8.350968511184488414e-08
7.455995611705095340e-08
7.391718627778074843e-08
7.430781796607259256e-08
7.469844965436442344e-08
7.508908134265626757e-08
7.547971303094809846e-08
6.616496500495887760e-08
5.859472324752302904e-08
5.764978860365940618e-08
6.167059275995275808e-08
6.613903964514135060e-08
6.863487127039595944e-08
6.320342624920185470e-08
5.777198122800775658e-08
4.833408972087582681e-08
4.272630910860431867e-08
4.346121622947248555e-08
4.731272015548548216e-08
5.116422408149849199e-08
5.329679616065160253e-08
4.485992947128377161e-08
3.994847030188553916e-08
3.619760741342044448e-08
3.446976526779274670e-08
3.505366156078831908e-08
3.238031398415203699e-08
3.202828860428434229e-08
3.214642121274670506e-08
3.226455382120906784e-08
3.046981709555163489e-08
2.647745852342927711e-08
2.412499793623216879e-08
2.796377960798166493e-08
2.923171650803647052e-08
3.049965340809127611e-08
2.894327069476943103e-08
2.617983975115457990e-08
2.341640880753972215e-08
1.953285785145247833e-08
1.994480454347906457e-08
1.945019616658713944e-08
1.907414166142794577e-08
2.234781514418189196e-08
2.239911078138106092e-08
1.885126212140471153e-08
1.658408730532614765e-08
1.446319886863584639e-08
1.459521676893369581e-08
1.623267074595704948e-08
1.619112619412398328e-08
1.483562793011931880e-08
1.348012966611465433e-08
1.374863057926442758e-08
1.338557278616596611e-08
1.080642183453818672e-08
1.072634113089283091e-08
1.064626042724747675e-08
1.152855587854628756e-08
1.127907757119007635e-08
1.048881197929030760e-08
9.698546387390538838e-09
8.908280795490771735e-09
8.118015203591002977e-09
8.372021639056931457e-09
9.196821946801133641e-09
9.954354270512279836e-09
8.935823270499761175e-09
7.917292270487242514e-09
7.996727512914054132e-09
7.828901142314928880e-09
6.319491131066402827e-09
6.269735027273674213e-09
6.219978923480945598e-09
6.314732666187279166e-09
6.840283409700733882e-09
7.345875135979238961e-09
6.610359536501000293e-09
5.874843937022761625e-09
5.139328337544522957e-09
4.730738382575398675e-09
4.528035550070502090e-09
4.475445654032223570e-09
4.422855757993945049e-09
4.370265861955666529e-09
4.667184181096183072e-09
4.953825893355695698e-09
5.240467605615209150e-09
4.780040938396598495e-09
3.995169008525330841e-09
3.728595549057190245e-09
4.064199002293642569e-09
4.448953871434802365e-09
4.419975383988434924e-09
3.841657616967183947e-09
3.263339849945933797e-09
2.874596400523135561e-09
2.698359190404949667e-09
2.665645877502468805e-09
2.632932564599987529e-09
2.600219251697506667e-09
2.633009891940055259e-09
2.747232680581195069e-09
3.029780820175899738e-09
2.832502703385632796e-09
2.409051387286256423e-09
2.216547871297519630e-09
2.364250419992891405e-09
2.431239149663782214e-09
2.264640526629872037e-09
2.098041903595962273e-09
1.931443280562052096e-09
1.764844657528142332e-09
1.641979248243029004e-09
1.731763208408602165e-09
1.853891456155433450e-09
1.855263702633021565e-09
1.573002323579236196e-09
1.637293169273282020e-09
1.749637233013219036e-09
1.636350401831502949e-09
1.523063570649787069e-09
1.409776739468071189e-09
1.401887877809374349e-09
1.481354728749985995e-09
1.408129414906516344e-09
1.304512089596874025e-09
1.200894764287231913e-09
1.097277438977589801e-09
1.012276184359386466e-09
1.025499280061377342e-09
1.071924873607229948e-09
1.188263196046702203e-09
1.431464672981265900e-09
1.151671048207863508e-09
1.066755900224245439e-09
1.167534270924194626e-09
1.233901998894897523e-09
1.140205274625368327e-09
1.046508550355838718e-09
9.528118260863097289e-10
8.775333957167350383e-10
8.251720351574980036e-10
7.585206940093240137e-10
6.918693528611498169e-10
6.328413561314781255e-10
6.274677976442809436e-10
6.529008004503022736e-10
7.623643357420747067e-10
1.025607559909847679e-09
1.020268466620366294e-09
9.348369431845966234e-10
8.494054197488268491e-10
7.639738963130568681e-10
7.357245786965297739e-10
7.066407002869767351e-10
6.664749158537558064e-10
6.011259144264762579e-10
5.357769129991967093e-10
4.944178022555154141e-10
4.489992193334499421e-10
4.016845085546529774e-10
4.276915764674816696e-10
4.507411162460826492e-10
4.347753893582130110e-10
4.926218967038146988e-10
5.504684040494163349e-10
6.083149113950178676e-10
6.018079761741225871e-10
5.777491293103729547e-10
5.276638047592231390e-10
4.702481599622558285e-10
4.190315000379745301e-10
3.972722799326064286e-10
3.611828710215653191e-10
3.183849845400548722e-10
2.914849811328684296e-10
2.605879092711141616e-10
2.617148288854583709e-10
3.141065490443320791e-10
3.587297216802593243e-10
4.033528943161866212e-10
4.479760669521139698e-10
4.787925523953967093e-10
4.259358388416331312e-10
3.730791252878695013e-10
3.426560123212145310e-10
3.250369335098628622e-10
2.958641003264066215e-10
2.574596201316587926e-10
2.343136528796444440e-10
2.179370696747011179e-10
1.887159109982347388e-10
1.714497241514191162e-10
1.599023037877399202e-10
2.711817340449856685e-10
3.828469812268229635e-10
3.876740439408978925e-10
3.415723903792688632e-10
2.988633811971519811e-10
2.850480324832712921e-10
2.712326837693906030e-10
2.499548426878253821e-10
2.158228651890188386e-10
1.926189311611110920e-10
1.800659594750418950e-10
1.641493921055829695e-10
1.392757164605142638e-10
1.279325148366083600e-10
1.141895948095621763e-10
1.032349222838347355e-10
1.146406303850106276e-10
1.371525729057147145e-10
1.596645154264188402e-10
1.821764579471229401e-10
2.046884004678270399e-10
2.319728760583725145e-10
2.136737456458809050e-10
1.608304106298840967e-10
1.512204490853318904e-10
1.416104875407796582e-10
1.267450504328640288e-10
1.070047160709864048e-10
9.779281698401500285e-11
8.858091789704358799e-11
7.416104330905445823e-11
6.725458598755494955e-11
7.377182498257007124e-11
1.029433129900203648e-10
1.494459929953124373e-10
1.959486730006044968e-10
2.107664457804607496e-10
1.982249917432301884e-10
1.856835377059996013e-10
1.731420836687690401e-10
1.366092669807459534e-10
1.042775958041196073e-10
9.524975898539120569e-11
8.622192216666275235e-11
7.719408534793429902e-11
5.928742383826488602e-11
4.922136067733798419e-11
4.478763315315459551e-11
4.933155133576166068e-11
5.084924863803230735e-11
4.921335691905659307e-11
4.815677499954983709e-11
5.848650501872863741e-11
9.492116762266981098e-11
1.313558302266109199e-10
1.688103516053093549e-10
8.740617307257966337e-11
6.607858661265172536e-11
6.028377003934846729e-11
5.448895346604520922e-11
4.859354798815383975e-11
4.066028454689462453e-11
3.272702110563540285e-11
2.965370526471043194e-11
3.156028302397861594e-11
3.427108314338004288e-11
3.982460375105890862e-11
4.095966260897080511e-11
4.358866374905086914e-11
6.844600216630506212e-11
6.399744524514807093e-11
5.926707418317332741e-11
5.453670312119860328e-11
4.980633205922386623e-11
4.507596099724915502e-11
4.803297521116150952e-11
4.230401526332535763e-11
3.197062299401911406e-11
2.163723072471285433e-11
2.019219183737959601e-11
2.171112106783183406e-11
2.338692397917586799e-11
2.263656011819943102e-11
2.285797823408824398e-11
2.476491546397328346e-11
2.577273521881353555e-11
2.678055497365378442e-11
3.201033948645029690e-11
2.635985455267718137e-11
2.255166622897270333e-11
3.080006819726762878e-11
2.470123005012653943e-11
2.081902563037030967e-11
1.693682121061405730e-11
1.358726942314446727e-11
1.371111687621817497e-11
1.374287832555948342e-11
1.410352631297377545e-11
1.446417430038807232e-11
1.496495512261026480e-11
1.565063024861887906e-11
1.699599155800248517e-11
1.912779697303958358e-11
2.018862449989772468e-11
1.644062362340543241e-11
1.812069275192228250e-11
2.039393239613977294e-11
1.716029957656451969e-11
1.392666675698927128e-11
1.069303393741401964e-11
9.465825098555053870e-12
9.350820936851263885e-12
9.581364560714433397e-12
9.811908184577604526e-12
1.007146869720462244e-11
1.041592887371367052e-11
1.106629604073025656e-11
1.194104498106525925e-11
1.142101647295484008e-11
9.921238057401410502e-12
9.541106121441728820e-12
1.029035640261003406e-11
1.092043390764337785e-11
1.155051141267672325e-11
1.218058891771006866e-11
1.313743891318768313e-11
8.106101281300740438e-12
6.636542501539628832e-12
6.810333746033843311e-12
6.984124990528057789e-12
7.157916235022273076e-12
7.310818966103997605e-12
6.813736146683976917e-12
6.316653327263956229e-12
6.058299168750720824e-12
6.225092543475097487e-12
6.546732710221684347e-12
6.897824184191543091e-12
7.248915658161402643e-12
7.893310411591982530e-12
7.849472344652017047e-12
6.068662182562077644e-12
4.555575764849992493e-12
4.455232690153301900e-12
4.368432375380696906e-12
4.341001024804467880e-12
4.313569674228238853e-12
4.286138323652010634e-12
4.258706973075781608e-12
4.231275622499552581e-12
4.321274913820975765e-12
4.471412158025575558e-12
4.713803847875015182e-12
4.956195537724455615e-12
4.945514853035844502e-12
4.427164941608753033e-12
3.908815030181661563e-12
3.390465118754569689e-12
3.204155182480577166e-12
3.134684959520416032e-12
3.361725808326904567e-12
3.679249719442879821e-12
3.996773630558855074e-12
4.314297541674829520e-12
4.394253580720093912e-12
3.048043103191220170e-12
3.118245504495696532e-12
2.989792245450341046e-12
2.840870291830099014e-12
2.691948338209856579e-12
2.543026384589614143e-12
2.394104430969371707e-12
2.334393393261767803e-12
2.302488631357006025e-12
2.270583869452244247e-12
2.331835524654332339e-12
2.508503143125178201e-12
2.685170761596024466e-12
2.861838380066870732e-12
3.138726906025344861e-12
2.173239285869829900e-12
2.105434808956931989e-12
2.037630332044034078e-12
1.969825855131136166e-12
1.902021378218238255e-12
1.834216901305340344e-12
1.766412424392442433e-12
1.715320057434654547e-12
1.685255541305622405e-12
1.655191025176590060e-12
1.625126509047557917e-12
1.595061992918525572e-12
1.564997476789493227e-12
1.534932960660461084e-12
1.504868444531428739e-12
1.474803928402396596e-12
1.444739412273364453e-12
1.414674896144332108e-12
1.384610380015299763e-12
1.359394639573088066e-12
1.340374994220085498e-12
1.321355348867082727e-12
1.302335703514079957e-12
1.283316058161076985e-12
1.264296412808074416e-12
1.245433809984885913e-12
1.229173132819872573e-12
1.212912455654859233e-12
1.196651778489845893e-12
1.180645822068171648e-12
1.164807942872514029e-12
1.149819695285605137e-12
1.722383679344687689e-12
2.353957855605572557e-12
2.985532031866457022e-12
3.617106208127375413e-12
4.248680384388259878e-12
4.880254560649136264e-12
5.511828736910054656e-12
6.143402913170939120e-12
6.774977089431857512e-12
7.406551265692741976e-12
8.038125441953625633e-12
8.669699618214543216e-12
9.301273794475426873e-12
9.932847970736310529e-12
1.063520836881176061e-11
1.136807817416387057e-11
1.210094797951598215e-11
1.283381778486810018e-11
1.356668759022021984e-11
1.429955739557233949e-11
1.503242720092444299e-11
1.576529700627658526e-11
1.649816681162868876e-11
1.722777799297927384e-11
1.791949529665855933e-11
1.861121260033780928e-11
1.930292990401709154e-11
1.999464720769638026e-11
2.068636451137567222e-11
2.137808181505496094e-11
2.206979911873423351e-11
2.276151642241353193e-11
2.345323372609279803e-11
2.413153270980590730e-11
2.477761922874481986e-11
2.542370574768370010e-11
2.606979226662260620e-11
2.671587878556152845e-11
2.736196530450043455e-11
2.800805182343935680e-11
2.865413834237822735e-11
2.930022486131713991e-11
2.994631138025605247e-11
3.058140654766956592e-11
3.118828463678582962e-11
3.179516272590208040e-11
3.240204081501834410e-11
3.300891890413460134e-11
3.361579699325086505e-11
3.422267508236712229e-11
3.482955317148337953e-11
3.543643126059964323e-11
3.604330934971590047e-11
3.664798456828268731e-11
3.722298834356062164e-11
3.779799211883851720e-11
3.837299589411641922e-11
3.894799966939432124e-11
3.952300344467222327e-11
4.009800721995012529e-11
4.067301099522802085e-11
4.124801477050592287e-11
4.182301854578382489e-11
4.239802232106173337e-11
4.297302609633962893e-11
4.354802987161752449e-11
4.412303364689542651e-11
4.469803742217333500e-11
4.527304119745123056e-11
4.584804497272913904e-11
4.642304874800706691e-11
4.699805252328496893e-11
4.757305629856287096e-11
4.814806007384077298e-11
4.872306384911866854e-11
4.929806762439657702e-11
4.987307139967447258e-11
5.044807517495237460e-11
5.102307895023028309e-11
5.159808272550817865e-11
5.217308650078607421e-11
5.274809027606396976e-11
5.332309405134188471e-11
5.389809782661978027e-11
5.447310160189767583e-11
5.504810537717559078e-11
5.562310915245350572e-11
5.619811292773140128e-11
5.677311670300929684e-11
5.734812047828719240e-11
5.792312425356512673e-11
5.849812802884302229e-11
5.907313180412092431e-11
5.964813557939881341e-11
6.022313935467672836e-11
6.079814312995463038e-11
6.137314690523251948e-11
6.194815068051042150e-11
6.252315445578834937e-11
6.309815823106625139e-11
6.367316200634414049e-11
6.424816578162204251e-11
6.482316955689995746e-11
6.539817333217784655e-11
6.597317710745574857e-11
6.654818088273365060e-11
6.712318465801155262e-11
6.769818843328944171e-11
6.827319220856738251e-11
6.884819598384528453e-11
6.942319975912317363e-11
6.999820353440107565e-11
7.057320730967897767e-11
7.114821108495687969e-11
7.172321486023476879e-11
7.229821863551267081e-11
7.287322241079061161e-11
7.344822618606850071e-11
7.402322996134640273e-11
7.459823373662429182e-11
7.517323751190219385e-11
7.574824128718009587e-11
7.632324506245799789e-11
7.689824883773589991e-11
7.747325261301382778e-11
7.804825638829172980e-11
7.851296446726255424e-11
7.888303722239793001e-11
7.925310997753331871e-11
7.962318273266872033e-11
7.999325548780412196e-11
8.036332824293951065e-11
8.073340099807489935e-11
8.110347375321027513e-11
8.147354650834568967e-11
8.184361926348106545e-11
8.221369201861645415e-11
8.258376477375182992e-11
8.293794675850062392e-11
8.328490683950481255e-11
8.363186692050902704e-11
8.397882700151320274e-11
8.432578708251741723e-11
8.467274716352163171e-11
8.501970724452580742e-11
8.536666732553002190e-11
8.571362740653422346e-11
8.606058748753841210e-11
8.640754756854261366e-11
8.675450764954681521e-11
8.710146773055100385e-11
8.744842781155519248e-11
8.779538789255940697e-11
8.814234797356360852e-11
8.848930805456779716e-11
8.883626813557201164e-11
8.918322821657622612e-11
8.953018829758040183e-11
8.987714837858457754e-11
9.022410845958879203e-11
9.057106854059298066e-11
9.091802862159718222e-11
9.124383296136428936e-11
9.156625913808475484e-11
9.188868531480520740e-11
9.221111149152565995e-11
9.253353766824611251e-11
9.285596384496656507e-11
9.317839002168701762e-11
9.350081619840748310e-11
9.382324237512793566e-11
9.414566855184840114e-11
9.446809472856885369e-11
9.479052090528931918e-11
9.510207917810318315e-11
9.540390891614849711e-11
9.570573865419381107e-11
9.600756839223912503e-11
9.630939813028445192e-11
9.661122786832972710e-11
9.691305760637504106e-11
9.721488734442034209e-11
9.751671708246564313e-11
9.781854682051095709e-11
9.812037655855627105e-11
9.842220629660157208e-11
9.872403603464688604e-11
9.899990745869253462e-11
9.927269893822007472e-11
9.954549041774767944e-11
9.981828189727525831e-11
1.000910733768028243e-10
1.003638648563304290e-10
1.006366563358579949e-10
1.009094478153855738e-10
1.011822392949131656e-10
1.014550307744407316e-10
1.017278222539683234e-10
1.020006137334959022e-10
1.022734052130234940e-10
1.025368457381747217e-10
1.027867643700415937e-10
1.030366830019085174e-10
1.032866016337754023e-10
1.035365202656422743e-10
1.037864388975091592e-10
1.040363575293760441e-10
1.042862761612429290e-10
1.045361947931098269e-10
1.047861134249767247e-10
1.050360320568436096e-10
1.052859506887104945e-10
1.055358693205773665e-10
1.057857879524442643e-10
1.060365181104824265e-10
1.062915163658294518e-10
1.065465146211764901e-10
1.068015128765235284e-10
1.070565111318705925e-10
1.073115093872176308e-10
1.075665076425646820e-10
1.078215058979117461e-10
1.080765041532587844e-10
1.083315024086058356e-10
1.085865006639528868e-10
1.088414989192999122e-10
1.090964971746469634e-10
1.093514954299940017e-10
1.096063995190995899e-10
1.098612245153133508e-10
1.101160495115271504e-10
1.103708745077408983e-10
1.106256995039546721e-10
1.108805245001684588e-10
1.111353494963822197e-10
1.113901744925959935e-10
1.116449994888097673e-10
1.118998244850235281e-10
1.121546494812373019e-10
1.124094744774510628e-10
1.126642994736648624e-10
1.129126065257640425e-10
1.131503529091353424e-10
1.133880992925066164e-10
1.136258456758778903e-10
1.138635920592491902e-10
1.141013384426204642e-10
1.143390848259917640e-10
1.145768312093630509e-10
1.148145775927343378e-10
1.150523239761056377e-10
1.152900703594769375e-10
1.155278167428481986e-10
1.157655631262194984e-10
1.160033095095907853e-10
1.162296491836397762e-10
1.164484905797350285e-10
1.166673319758302807e-10
1.168861733719255588e-10
1.171050147680207851e-10
1.173238561641160632e-10
1.175426975602113154e-10
1.177615389563065676e-10
1.179803803524018199e-10
1.181992217484970979e-10
1.184180631445923502e-10
1.186369045406876024e-10
1.188557459367828546e-10
1.190745873328781068e-10
1.192945101144792780e-10
1.195238384736164997e-10
1.197531668327537731e-10
1.199824951918910206e-10
1.202118235510282681e-10
1.204411519101654898e-10
1.206704802693027373e-10
1.208945248905933216e-10
1.211154130406912108e-10
1.213363011907891001e-10
1.215571893408870152e-10
1.217780774909849303e-10
1.219989656410828454e-10
1.222198537911807605e-10
1.224444451151749157e-10
1.226719175143764895e-10
1.228993899135780633e-10
1.231268623127796371e-10
1.233543347119812109e-10
1.235818071111827848e-10
1.238092795103843327e-10
1.240241941559511586e-10
1.242390826274023054e-10
1.244539710988534781e-10
1.246688595703046507e-10
1.248837480417558234e-10
1.250986365132069702e-10
1.253147927352349171e-10
1.255490424658816644e-10
1.257832921965284116e-10
1.260175419271751846e-10
1.262517916578219060e-10
1.264860413884686532e-10
1.267202911191153746e-10
1.269545408497621218e-10
1.271887905804088690e-10
1.274230403110555904e-10
1.276572900417023376e-10
1.278915397723491107e-10
1.281257895029958321e-10
1.283600392336425793e-10
1.285942889642893265e-10
1.288285386949360479e-10
1.290627884255827951e-10
1.292970381562295423e-10
1.295312878868762895e-10
1.297655376175230109e-10
1.299997873481697840e-10
1.302340370788165053e-10
1.304682868094632526e-10
1.307025365401099739e-10
1.309367862707567470e-10
1.311710360014034684e-10
1.314052857320502156e-10
1.316395354626969370e-10
1.318737851933437100e-10
1.321080349239904314e-10
1.323422846546371786e-10
1.325765343852839258e-10
1.328107841159306472e-10
1.330450338465774203e-10
1.332792835772241416e-10
1.335135333078708889e-10
1.337477830385176361e-10
1.339820327691643833e-10
1.342162824998111047e-10
1.344505322304578519e-10
1.346847819611045991e-10
1.349190316917513463e-10
1.351532814223980677e-10
1.353875311530448149e-10
1.356217808836915880e-10
1.358560306143383094e-10
