1.028204851614239294e-02
1.023939917512883130e-02
1.012440210471961255e-02
9.945178922397487215e-03
9.716708762855668507e-03
9.451831684435247141e-03
9.156310405583787879e-03
8.840124842246261869e-03
8.513649182266927115e-03
8.181220728133186890e-03
7.846854366500823075e-03
7.514922001401778268e-03
7.187224580546299271e-03
6.865435540164100542e-03
6.556940082585717595e-03
6.254244555522125645e-03
5.958459344422992882e-03
5.678769944715523869e-03
5.403101619826036414e-03
5.143261604430916442e-03
4.888849964836389402e-03
4.647303228324028285e-03
4.410736931007006902e-03
4.183164866826491295e-03
3.965483787179565137e-03
3.755103122921862446e-03
3.555682676317489539e-03
3.359570843815981589e-03
3.178349994929882856e-03
3.006629559212294339e-03
2.841158297249219908e-03
2.687432426576928744e-03
2.541468934153489657e-03
2.402894717636416908e-03
2.271937272321616994e-03
2.147578334969456066e-03
2.030335809693028636e-03
1.920489277335264613e-03
1.818197413811532479e-03
1.718177684642138974e-03
1.624793725062463438e-03
1.533604996811044775e-03
1.450251887046377381e-03
1.373871548767156749e-03
1.300222885919327664e-03
1.229386886127033143e-03
1.164496460339275053e-03
1.101897972317128190e-03
1.043031724163582434e-03
9.872700959241409707e-04
9.340406356754068660e-04
8.854239698447881205e-04
8.378954898987855601e-04
7.930215342056275239e-04
7.515018489121575969e-04
7.120755278380014449e-04
6.749748711204034109e-04
6.381813840593224653e-04
6.061486037527871696e-04
5.734126833251483417e-04
5.435262292721778623e-04
5.153460754125011901e-04
4.895396660366297011e-04
4.627917787533343823e-04
4.381901776246684773e-04
4.160500916036267592e-04
3.943414431549063098e-04
3.736249983171816068e-04
3.548756559492268403e-04
3.361952651520779900e-04
3.187983382278432678e-04
3.030255010732289226e-04
2.876304794626460544e-04
2.729400879394011485e-04
2.588237266367306969e-04
2.461858561646824463e-04
2.333746307596527934e-04
2.216593464420316378e-04
2.106165613742597717e-04
2.000942346531741148e-04
1.896684523158862303e-04
1.803998354182133996e-04
1.714991316549751763e-04
1.629213237345253059e-04
1.550761641728262436e-04
1.469791655140711072e-04
1.400099104277131119e-04
1.330006971436747455e-04
1.261526752142443336e-04
1.201134081412064532e-04
1.142432847373871349e-04
1.088648481321400464e-04
1.035575555251509570e-04
9.847341160464474026e-05
9.364639788411627014e-05
8.914606845157398867e-05
8.462773541668970514e-05
8.054302866306118692e-05
7.670806974690143549e-05
7.321371169221399663e-05
6.972152509981069813e-05
6.640527952264392141e-05
6.304844541489860532e-05
6.003765233682826038e-05
5.720884128558352685e-05
5.433324034504211645e-05
5.167114072454017553e-05
4.951737633488456110e-05
4.733770521580778559e-05
4.511375303509359793e-05
4.285095654759757774e-05
4.101434448248969755e-05
3.892768360958764027e-05
3.714153917633627788e-05
3.537081422524626938e-05
3.362377385773865189e-05
3.205118708187833156e-05
3.072916899620400390e-05
2.937420800634172479e-05
2.807943413121085898e-05
2.689958857044242877e-05
2.558344237581338521e-05
2.440845025191803910e-05
2.329038000384770656e-05
2.207855090351733144e-05
2.103305064791166968e-05
1.998755039230600792e-05
1.919834586836110667e-05
1.838836138985746967e-05
1.757326642503151770e-05
1.684575758474203560e-05
1.613429936917589781e-05
1.536869144686394355e-05
1.469637194708902020e-05
1.404148881069236559e-05
1.333275130136044292e-05
1.270951939102378274e-05
1.209221715353752615e-05
1.158299044911372463e-05
1.112855121682673943e-05
1.065395150730399286e-05
1.019929066966636404e-05
9.801493341545666643e-06
9.357896290993721796e-06
8.937753155134644153e-06
8.565398356966518533e-06
8.193043558798392912e-06
7.788037242618223947e-06
7.423460975581062642e-06
7.058884708543902184e-06
6.785316547993075888e-06
6.521919461465278958e-06
6.253817046625570628e-06
5.997966209755875824e-06
5.778543574519627305e-06
5.527117710554257770e-06
5.275703603072968281e-06
5.060515652306507876e-06
4.845327701540047471e-06
4.613115827858559221e-06
4.404471969494354893e-06
4.199267617486131187e-06
4.017429458353129506e-06
3.870763419581144045e-06
3.717095110614312129e-06
3.563426801647480637e-06
3.429485742618855929e-06
3.303839599350127207e-06
3.163633617001408568e-06
3.029453514134433553e-06
2.907966072211760888e-06
2.786478630289088647e-06
2.656136573967691807e-06
2.535847703064436620e-06
2.420486509127163819e-06
2.317512958793412414e-06
2.234580700240838612e-06
2.150562526343007699e-06
2.066544352445176786e-06
1.987418452699943387e-06
1.918084727534263995e-06
1.839739649087490118e-06
1.759111993626884436e-06
1.690362968579844739e-06
1.622184839504916408e-06
1.560754834951341463e-06
1.480656259210773462e-06
1.415466811450987692e-06
1.350277363691201710e-06
1.300611116478028307e-06
1.260190976191676678e-06
1.214892756325462656e-06
1.171434738900036388e-06
1.127976721474610120e-06
1.084518704049183640e-06
1.082731563723474200e-06
1.026842052171177028e-06
9.709525406188798564e-07
9.259253526623975070e-07
8.859286022268101748e-07
8.769079420487293102e-07
8.766774229196576098e-07
8.764469037905859093e-07
7.998767730492276293e-07
7.219072481664614095e-07
6.949316293849392807e-07
6.710598364472870924e-07
6.471880435096349042e-07
6.233162505719827159e-07
6.152693564232161703e-07
5.952966597971959579e-07
5.649830102995635588e-07
5.362828997036538434e-07
5.131208499267479997e-07
5.048934185506501643e-07
5.109466430318659664e-07
4.835148120056217098e-07
4.536384940409644397e-07
4.237621760763071166e-07
4.070225299365212005e-07
4.022781757430919166e-07
4.076439852276242417e-07
3.852786006559940066e-07
3.567574957006683458e-07
3.468538477186999295e-07
3.344655595124378737e-07
3.178592123446268581e-07
3.043941699335548979e-07
3.025536048531948109e-07
2.838374784046438807e-07
2.871736676120829062e-07
2.746704556674954930e-07
2.585863863865135821e-07
2.425023171055316711e-07
2.301950565946313918e-07
2.253371413596654195e-07
2.283544564449857092e-07
2.219279056625472654e-07
2.063306791272040960e-07
1.938662864409173913e-07
1.991699893742734878e-07
1.920184646191698430e-07
1.761762411645520876e-07
1.745443710891412182e-07
1.612591623718255538e-07
1.604885282033931615e-07
1.594453956894580974e-07
1.509575602280255438e-07
1.424697247665929903e-07
1.339818893051604368e-07
1.291895326803413139e-07
1.272950063689349919e-07
1.290260986124176503e-07
1.228444148322252010e-07
1.146160212301893781e-07
1.091004286055084589e-07
1.094910602938003030e-07
1.089278203836806365e-07
9.887733469441200956e-08
9.785480965440273313e-08
9.040587143538653289e-08
9.047941055431730387e-08
9.247579128279299718e-08
9.694423816798157646e-08
9.314484256153763417e-08
8.508966121630023004e-08
7.491827597523220560e-08
7.173394775717735489e-08
7.262152893248730393e-08
7.542887236865664330e-08
7.928037629466965313e-08
7.933476146714859188e-08
7.089789477778076758e-08
6.246102808841293004e-08
5.811248769898345073e-08
5.700972895998484200e-08
5.304849131290655110e-08
5.076841155720047129e-08
5.088654416566283407e-08
5.100467677412520347e-08
5.112280938258756624e-08
5.038676376459489031e-08
4.639440519247253915e-08
4.090001272995335947e-08
4.226301690842513208e-08
4.353095380847994097e-08
4.479889070853474987e-08
4.606682760858956538e-08
4.388796506894621981e-08
4.112453412533136537e-08
3.605751670146905372e-08
3.166344733332271523e-08
3.387401768537071874e-08
3.714769116812465830e-08
4.042136465087860449e-08
3.768428764701799903e-08
3.413643898704165957e-08
3.058859032706531349e-08
2.786480782980572951e-08
2.547282008999947218e-08
2.340547040166962887e-08
2.485102515751811478e-08
2.744965975847047591e-08
3.004829435942284035e-08
2.980350490146521089e-08
2.635406939589435312e-08
2.297572604851251048e-08
2.055354095752610780e-08
1.786965393755447070e-08
1.908486251484163786e-08
1.829459692294187241e-08
1.750433133104210365e-08
1.760849918409774544e-08
1.784945028073300427e-08
1.809040137736826641e-08
1.670294765201531780e-08
1.465211944905715833e-08
1.358826135438422143e-08
1.416127916873760694e-08
1.542468118740988932e-08
1.645798194058917038e-08
1.723203512899040869e-08
1.563951794537323881e-08
1.404700076175607059e-08
1.245448357813890071e-08
1.051036421321217189e-08
1.091127632647213670e-08
1.100922787891915257e-08
1.027371227944091307e-08
1.078828882350087764e-08
1.183595787944752215e-08
1.197159896471681527e-08
9.988502433941756184e-09
8.795537834968105549e-09
7.738711967576758198e-09
8.058933593461691380e-09
8.777036071369356339e-09
9.063677783628868964e-09
8.501861536512507771e-09
7.716989606641240116e-09
7.021229326508793517e-09
7.988726152585874947e-09
6.444412419483646675e-09
6.271360043421786786e-09
6.656114912562945754e-09
6.199714196196918001e-09
6.148745358328573935e-09
6.307469854315976032e-09
5.897034306934761289e-09
5.486598759553546546e-09
5.076163212172332630e-09
4.665727664791117887e-09
4.536264947778304683e-09
4.822748783815425233e-09
5.140101761451685479e-09
5.109773900327197731e-09
4.686322584227820531e-09
4.262871268128444158e-09
4.379535310648642724e-09
4.236004927266391510e-09
3.554030864514740290e-09
3.522224806671233708e-09
3.490418748827726712e-09
3.458612690984220543e-09
3.811139296317074191e-09
3.933267544063905889e-09
4.055395791810738415e-09
3.752952182296664224e-09
3.317819820885411698e-09
2.882687459474158344e-09
2.687237580321155655e-09
2.573950749139439775e-09
2.520350140331852962e-09
2.490201464123304930e-09
2.460052787914756898e-09
2.447722784702703636e-09
2.561320653466786121e-09
2.644730482213440498e-09
2.728140310960094461e-09
2.811550139706748424e-09
2.353766350975707824e-09
2.083657393670391017e-09
2.157082338927710305e-09
2.300582717897090212e-09
2.467488418289911740e-09
2.425217800457251534e-09
2.052269187759498900e-09
1.679320575061746680e-09
1.608010330117786109e-09
1.546862228982092610e-09
1.624018054144717232e-09
1.701173879307341646e-09
1.710518877981245840e-09
1.483304975965751118e-09
1.522962049709851215e-09
1.745374075013681359e-09
2.521410518922000981e-09
1.702922592735055435e-09
1.307405910270259671e-09
1.267537196486728074e-09
1.436702943297893703e-09
1.362357339150032400e-09
1.276925815714262522e-09
1.191494292278492851e-09
1.106062768842722974e-09
1.020631245406953096e-09
9.654299787914001603e-10
9.536222371639375595e-10
9.911129216707822938e-10
1.082761866839211098e-09
9.424793285380727799e-10
9.096937690761581952e-10
9.319578858827230439e-10
1.001293331260101829e-09
9.573973414119248885e-10
8.966082739515309306e-10
8.358192064911369727e-10
7.818725722560885733e-10
8.397190796016902093e-10
8.472130983995431051e-10
7.961621061713187025e-10
7.387464613743513920e-10
6.813308165773840814e-10
6.239151717804167709e-10
5.829771209399068003e-10
5.943900401268465176e-10
6.153133716676237603e-10
6.796571760061562725e-10
6.914136875660232101e-10
6.350249835559671494e-10
5.786362795459110887e-10
6.289627240964252332e-10
6.735858967323525301e-10
7.182090693682798270e-10
6.709397461745969481e-10
6.180830326208333183e-10
5.652263190670696884e-10
5.171642997270275301e-10
4.933045439494782684e-10
4.549000637547304912e-10
4.164955835599827140e-10
3.800707076399302252e-10
3.674740481027753131e-10
3.915089225082700311e-10
3.903126263450028402e-10
4.365672881696739847e-10
5.391111336992715174e-10
6.134004762313828509e-10
5.672988226697538733e-10
5.211971691081248957e-10
4.750955155464959181e-10
4.395937381800717427e-10
4.257783894661910020e-10
3.949424790841507621e-10
3.608105015853441928e-10
3.266785240865376752e-10
3.068953421944445266e-10
2.844312210510280167e-10
2.588719071837820087e-10
2.364830867134311080e-10
2.724886167341106282e-10
2.963386731656686483e-10
2.555889522587276285e-10
2.811638456385129720e-10
3.036757881592170718e-10
3.261877306799211717e-10
3.486996732006252715e-10
3.793488005144305176e-10
4.049401669422440256e-10
3.243853070068212568e-10
2.619908081106943881e-10
2.523808465661421560e-10
2.345932033460195071e-10
2.120166079591255568e-10
1.911499927476719109e-10
1.806144648617771336e-10
1.619741588738324038e-10
1.484676472991481601e-10
1.773355411496929719e-10
2.202684653807128415e-10
2.667711453860049010e-10
3.132738253912969864e-10
3.597765053965890718e-10
3.473263836369786155e-10
3.347849295997479768e-10
3.222434755625173897e-10
2.431127644276021453e-10
2.022350353780210497e-10
1.932071985592926351e-10
1.824247540057447367e-10
1.606363087120668904e-10
1.404661595329520744e-10
1.240720346211506942e-10
1.123970496436944302e-10
1.013278318534013161e-10
1.007254821716111940e-10
1.371601447755523676e-10
1.735948073794934895e-10
2.100294699834346630e-10
2.464641325873758108e-10
2.892631328868168870e-10
3.732128676758749357e-10
2.918086891431452700e-10
2.104045106104155784e-10
1.314425878976087485e-10
1.256477713243055034e-10
1.198529547510022324e-10
1.126420702737568237e-10
1.047088068324976020e-10
9.316877651345105653e-11
8.074232528466686827e-11
7.169490148239967970e-11
6.335509268495699914e-11
7.969715559752858420e-11
1.045544940147827643e-10
1.294118324320369702e-10
1.285204236205593785e-10
1.237900525585846479e-10
1.190596814966099173e-10
1.161773053678892186e-10
1.240371614316797397e-10
1.318970174954702866e-10
1.377525712148600675e-10
1.274191789455538175e-10
1.170857866762475933e-10
1.025584511536657528e-10
6.463444627720331449e-11
5.815233952704909431e-11
5.129650324956117023e-11
4.337270378938864087e-11
4.313323605976655000e-11
5.054519881085980552e-11
5.008680294291030877e-11
6.344176504566755002e-11
8.207283589464362379e-11
9.372259182030511656e-11
8.283005060211772130e-11
7.193750938393036482e-11
6.727207217922214530e-11
6.338986775946590909e-11
5.950766333970968579e-11
5.518116624698584097e-11
5.054954648930748457e-11
4.591792673162912170e-11
4.572422558621299422e-11
4.953370695389187028e-11
3.094396652239211913e-11
2.837542305160340805e-11
3.190511342719500969e-11
3.443549056807261909e-11
3.926853900826409698e-11
4.602430231624464321e-11
5.278006562422518298e-11
5.891891554917072981e-11
5.568528272959548625e-11
5.245164991002023623e-11
4.921801709044498621e-11
4.584943103764633690e-11
4.212665436397600175e-11
3.840387769030567952e-11
3.468110101663535083e-11
3.021489996057440997e-11
2.513949507352159242e-11
2.167229333321919881e-11
1.910292295655222974e-11
1.935026785304281708e-11
2.077612467489626113e-11
2.202542146132877375e-11
2.265549896636212400e-11
2.543041600965922138e-11
2.591241227674232505e-11
2.500500607461536390e-11
3.197812918437541925e-11
3.863698393384149917e-11
3.557613387386696936e-11
3.251528381389245894e-11
2.945443375391794852e-11
2.639358369394341872e-11
2.191887518561847031e-11
1.839847021383189264e-11
1.560187232611785116e-11
1.299987173975851914e-11
1.316666511448289580e-11
1.370556115305915329e-11
1.442699241294144856e-11
1.514842367282374222e-11
1.481389499147966291e-11
1.420332408438773784e-11
1.647731077469400157e-11
1.698940671910341729e-11
1.609346450370171336e-11
1.519752228830001266e-11
1.430158007289831034e-11
1.340563785749660480e-11
1.872346963320689161e-11
1.736518866614624594e-11
1.455555552382208034e-11
1.174592238149791312e-11
9.007879435918853005e-12
9.113922470873468775e-12
8.974229017800488199e-12
9.051017937110348212e-12
9.198329831498940721e-12
9.345641725887533229e-12
9.693070370442259290e-12
1.049539263589733522e-11
1.081291654701331209e-11
1.113044045812928734e-11
1.144796436924526260e-11
1.018805480040392176e-11
8.840130449654110543e-12
1.546690807917024931e-11
1.314437275295840988e-11
1.082183742674656883e-11
8.499302100534727781e-12
6.307589324258733685e-12
6.377791725563209644e-12
6.251297546193230436e-12
6.331746724190880928e-12
6.427013530707826239e-12
6.522280337224772358e-12
6.643767155433194534e-12
6.820434773904039184e-12
7.018474385870477407e-12
7.416278595147258482e-12
7.814082804424039557e-12
7.026754605490196799e-12
6.187561895790261200e-12
5.985863757746796293e-12
5.593050344559227683e-12
5.200236931371659072e-12
4.807423518184091269e-12
4.456914192459815578e-12
4.436622852896431239e-12
4.416331513333047707e-12
4.478498541000229216e-12
4.541956814641438474e-12
4.605415088282646924e-12
4.587233985912780469e-12
4.447134179906313399e-12
4.307034373899845521e-12
4.166934567893378451e-12
4.028266068613333963e-12
4.115226968338932122e-12
4.231840315744747672e-12
4.385288722771356375e-12
4.538737129797966693e-12
4.692185536824577011e-12
4.875635503158717851e-12
5.245099523104894143e-12
4.684357880058088710e-12
3.166812716914449131e-12
3.209433113211838765e-12
3.252053509509227188e-12
3.294673905806616822e-12
3.269507325417906287e-12
3.170908886596613384e-12
3.072310447775320481e-12
2.973712008954027578e-12
2.901420743343923583e-12
2.959718665750410124e-12
2.899597116185897658e-12
2.770629034435174388e-12
2.641660952684450714e-12
2.512692870933727443e-12
2.383724789183004173e-12
2.302320852212237512e-12
2.273740605298657588e-12
2.245160358385077260e-12
2.216580111471497335e-12
2.187999864557917007e-12
2.171599844488949629e-12
2.157985820643575543e-12
2.144371796798201053e-12
2.130757772952826967e-12
2.117143749107452477e-12
2.674069674449018093e-12
2.275724903210630383e-12
2.095950491513564392e-12
2.006038130112625986e-12
1.916125768711687175e-12
1.826213407310748769e-12
1.736301045909809756e-12
1.695949372175447305e-12
1.676443199335941083e-12
1.656937026496434862e-12
1.637430853656928438e-12
1.623148866122883219e-12
1.722457801801844192e-12
1.821766737480805165e-12
1.921075673159765936e-12
2.020384608838726707e-12
1.714079384884851886e-12
1.544960177827237915e-12
1.502732051469958485e-12
1.460503925112678853e-12
1.418275798755399221e-12
1.376047672398119790e-12
1.333819546040840360e-12
1.291716625441827885e-12
1.273195915382656308e-12
1.254675205323484529e-12
1.236154495264312951e-12
1.217633785205141374e-12
1.199113075145969595e-12
1.180592365086798018e-12
1.162071655027626440e-12
1.143550944968454863e-12
1.125030234909283286e-12
1.106509524850111709e-12
1.087988814790939929e-12
1.069468104731768150e-12
1.777236620037636956e-12
2.510106425389739445e-12
3.238270113955810977e-12
3.929987417635096873e-12
4.621704721314383173e-12
5.313422024993673512e-12
6.005139328672963851e-12
6.696856632352220262e-12
7.388573936031493638e-12
8.080291239710800132e-12
8.772008543390066238e-12
9.463725847069372733e-12
1.015544315074864045e-11
1.080828367769261483e-11
1.145437019663152900e-11
1.210045671557044318e-11
1.274654323450936543e-11
1.339262975344823598e-11
1.403871627238714208e-11
1.468480279132606272e-11
1.533088931026496881e-11
1.597697582920388137e-11
1.662306234814276485e-11
1.725543167664873643e-11
1.786230976576499690e-11
1.846918785488125737e-11
1.907606594399752431e-11
1.968294403311378478e-11
2.028982212223004525e-11
2.089670021134628634e-11
2.150357830046254681e-11
2.211045638957880728e-11
2.271733447869506775e-11
2.332421256781132822e-11
2.391067198135974489e-11
2.448567575663764368e-11
2.506067953191554247e-11
2.563568330719344772e-11
2.621068708247137882e-11
2.678569085774928084e-11
2.736069463302718287e-11
2.793569840830508489e-11
2.851070218358298368e-11
2.908570595886088570e-11
2.966070973413878772e-11
3.023571350941668974e-11
3.081071728469458530e-11
3.138572105997248732e-11
3.196072483525038288e-11
3.253572861052829137e-11
3.311073238580618693e-11
3.368573616108409541e-11
3.426073993636199097e-11
3.483574371163989299e-11
3.541074748691778855e-11
3.598575126219572935e-11
3.656075503747362491e-11
3.713575881275153339e-11
3.771076258802943541e-11
3.828576636330733097e-11
3.886077013858523299e-11
3.943577391386312855e-11
4.001077768914103704e-11
4.058578146441893906e-11
4.116078523969683462e-11
4.173578901497473018e-11
4.231079279025264512e-11
4.288579656553054068e-11
4.346080034080843624e-11
4.403580411608635119e-11
4.461080789136426613e-11
4.518581166664216169e-11
4.576081544192005725e-11
4.633581921719795281e-11
4.691082299247588714e-11
4.748582676775378270e-11
4.806083054303167826e-11
4.863583431830957382e-11
4.921083809358748877e-11
4.978584186886538433e-11
5.036084564414327989e-11
5.093584941942117545e-11
5.151085319469909039e-11
5.208585696997700534e-11
5.266086074525490090e-11
5.323586452053279646e-11
5.381086829581069202e-11
5.438587207108859404e-11
5.496087584636652191e-11
5.553587962164442393e-11
5.611088339692232595e-11
5.668588717220022151e-11
5.726089094747812353e-11
5.783589472275601909e-11
5.841089849803391465e-11
5.898590227331181668e-11
5.956090604858974455e-11
6.013590982386764657e-11
6.071091359914554859e-11
6.128591737442343769e-11
6.186092114970135263e-11
6.243592492497924173e-11
6.301092870025714375e-11
6.358593247553503285e-11
6.416093625081297364e-11
6.473594002609087567e-11
6.531094380136876476e-11
6.588594757664666678e-11
6.646095135192456881e-11
6.703595512720247083e-11
6.749371008802299064e-11
6.786378284315839226e-11
6.823385559829378096e-11
6.860392835342916966e-11
6.897400110856457128e-11
6.934407386369994705e-11
6.971414661883533575e-11
7.008421937397075030e-11
7.045429212910611315e-11
7.082436488424152769e-11
7.119443763937689054e-11
7.156451039451230509e-11
7.193126718677762001e-11
7.227822726778182157e-11
7.262518734878603605e-11
7.297214742979019883e-11
7.331910751079441332e-11
7.366606759179862780e-11
7.401302767280280351e-11
7.435998775380701799e-11
7.470694783481121955e-11
7.505390791581540819e-11
7.540086799681960974e-11
7.574782807782382423e-11
7.609478815882801286e-11
7.644174823983221442e-11
7.678870832083640305e-11
7.713566840184060461e-11
7.748262848284480617e-11
7.782958856384899481e-11
7.817654864485320929e-11
7.852350872585739792e-11
7.887046880686159948e-11
7.921742888786580104e-11
7.956438896887000260e-11
7.991134904987419123e-11
8.025830913087840572e-11
8.060143677550122427e-11
8.092386295222167682e-11
8.124628912894212938e-11
8.156871530566259486e-11
8.189114148238304742e-11
8.221356765910349997e-11
8.253599383582395253e-11
8.285842001254440508e-11
8.318084618926487056e-11
8.350327236598532312e-11
8.382569854270577568e-11
8.414812471942622823e-11
8.447055089614668079e-11
8.478844660944003104e-11
8.509027634748534500e-11
8.539210608553065896e-11
8.569393582357597292e-11
8.599576556162127396e-11
8.629759529966657499e-11
8.659942503771188895e-11
8.690125477575718998e-11
8.720308451380250394e-11
8.750491425184780498e-11
8.780674398989311894e-11
8.810857372793843290e-11
8.841040346598373393e-11
8.871223320402903496e-11
8.898589430205737212e-11
8.925868578158492514e-11
8.953147726111252987e-11
8.980426874064012167e-11
9.007706022016768761e-11
9.034985169969527941e-11
9.062264317922285829e-11
9.089543465875042424e-11
9.116822613827800311e-11
9.144101761780559491e-11
9.171380909733318671e-11
9.198660057686073973e-11
9.225939205638831860e-11
9.253218353591592333e-11
9.278605391168375517e-11
9.303597254355062716e-11
9.328589117541749914e-11
9.353580980728438406e-11
9.378572843915126897e-11
9.403564707101816681e-11
9.428556570288506465e-11
9.453548433475194956e-11
9.478540296661883447e-11
9.503532159848571939e-11
9.528524023035260430e-11
9.553515886221948921e-11
9.578507749408637412e-11
9.603499612595325904e-11
9.628491475782014395e-11
9.653931969388024811e-11
9.679431794922731224e-11
9.704931620457435052e-11
9.730431445992138880e-11
9.755931271526845293e-11
9.781431097061547829e-11
9.806930922596254242e-11
9.832430748130958070e-11
9.857930573665663190e-11
9.883430399200367019e-11
9.908930224735070847e-11
9.934430050269774675e-11
9.959929875804479795e-11
9.985429701339183623e-11
1.001091908234912851e-10
1.003640158197050460e-10
1.006188408159187939e-10
1.008736658121325806e-10
1.011284908083463544e-10
1.013833158045601411e-10
1.016381408007739020e-10
1.018929657969876628e-10
1.021477907932014366e-10
1.024026157894152104e-10
1.026574407856289842e-10
1.029122657818427580e-10
1.031670907780565188e-10
1.034219157742702926e-10
1.036630945141406850e-10
1.039008408975119589e-10
1.041385872808832588e-10
1.043763336642545457e-10
1.046140800476258326e-10
1.048518264309971324e-10
1.050895728143684064e-10
1.053273191977396933e-10
1.055650655811109803e-10
1.058028119644822672e-10
1.060405583478535799e-10
1.062783047312248798e-10
1.065160511145961408e-10
1.067537974979674407e-10
1.069849508958083658e-10
1.072037922919036439e-10
1.074226336879989090e-10
1.076414750840941354e-10
1.078603164801894264e-10
1.080791578762846786e-10
1.082979992723799308e-10
1.085168406684751701e-10
1.087356820645704353e-10
1.089545234606657004e-10
1.091733648567609656e-10
1.093922062528562049e-10
1.096110476489514700e-10
1.098298890450467222e-10
1.100487304411419874e-10
1.102690533004209869e-10
1.104983816595582474e-10
1.107277100186954561e-10
1.109570383778327166e-10
1.111863667369699512e-10
1.114156950961071987e-10
1.116450234552444462e-10
1.118714124149708301e-10
1.120923005650687193e-10
1.123131887151666215e-10
1.125340768652645366e-10
1.127549650153624517e-10
1.129758531654603668e-10
1.131967413155582690e-10
1.134176294656561841e-10
1.136447078462511754e-10
1.138721802454527363e-10
1.140996526446543101e-10
1.143271250438558968e-10
1.145545974430574448e-10
1.147820698422590186e-10
1.150088441285363099e-10
1.152237325999874825e-10
1.154386210714386681e-10
1.156535095428898408e-10
1.158683980143410005e-10
1.160832864857921732e-10
1.162981749572433587e-10
