3.235730348421848174e-02
3.138674423654145423e-02
2.979452700877663340e-02
2.782378186379101323e-02
2.569058097638283328e-02
2.350682996198412075e-02
2.137362786768574885e-02
1.933870149222154805e-02
1.744036357257245165e-02
1.568902477016723834e-02
1.409789088115067333e-02
1.264759358293380750e-02
1.134288529064668080e-02
1.014696281290274928e-02
9.077919753774700909e-03
8.096272116431685317e-03
7.217152527066159930e-03
6.423134578489721885e-03
5.707020550222900376e-03
5.061471700208655493e-03
4.486000314787490749e-03
3.954058877621812775e-03
3.484361743924054358e-03
3.063865204567654734e-03
2.693154498696725095e-03
2.356242910594145371e-03
2.067717006088729947e-03
1.806959148989930111e-03
1.577805767107706182e-03
1.377910951706185850e-03
1.205063433424480692e-03
1.051655077061132079e-03
9.170407363955194752e-04
8.018143443920102212e-04
6.991780975953136188e-04
6.104242453565900074e-04
5.338138779570640981e-04
4.662433604387981943e-04
4.070475059984945770e-04
3.559858517046211781e-04
3.123883335293337949e-04
2.729747414333222278e-04
2.389458268339645600e-04
2.090645307817694373e-04
1.831164440555544933e-04
1.599200466586015975e-04
1.396727494415119961e-04
1.224276528372863582e-04
1.075418994067080383e-04
9.387308562834047838e-05
8.255348803365478280e-05
7.250874125530900975e-05
6.348937380676282082e-05
5.580576859031577983e-05
4.892794950882044036e-05
4.311731188924819327e-05
3.796303588985472296e-05
3.335575645609697559e-05
2.931711953432928066e-05
2.581316914142060798e-05
2.285612172631494023e-05
2.014884439961263767e-05
1.775580224906803147e-05
1.584911238924708243e-05
1.388697235674160305e-05
1.236712683924491131e-05
1.080301628634090762e-05
9.622260598777139789e-06
8.520026227557458759e-06
7.514482597982824277e-06
6.650240390060780182e-06
5.879530142507711191e-06
5.215022985551918929e-06
4.621204937212875814e-06
4.074141046775857312e-06
3.624956884107357087e-06
3.168992604245501408e-06
2.865836836736957577e-06
2.530773859070570251e-06
2.282964350848093068e-06
1.987475097238076618e-06
1.773989746700196554e-06
1.595096656583866933e-06
1.397811319161178791e-06
1.223697138587292226e-06
1.098566092753120056e-06
9.787854130932913373e-07
8.741133068117385783e-07
7.636898990472157164e-07
7.101861204933427358e-07
6.060922030167136479e-07
5.455100899211635479e-07
4.885073350604732744e-07
4.206191428515101797e-07
3.915040906762120694e-07
3.431940686096489770e-07
3.078717721763184171e-07
2.737959028060881031e-07
2.436977573584032061e-07
2.259783044891394029e-07
2.018020650142699842e-07
1.726863107606994597e-07
1.522357424248019036e-07
1.482351410302440646e-07
1.319542666864171341e-07
1.138564663070939194e-07
1.030970567930491598e-07
9.283455025847891250e-08
8.248293884355991190e-08
7.279639224556214852e-08
7.072222433042982402e-08
5.975297504473877918e-08
5.429365797577590309e-08
5.057259134243103953e-08
4.369173024616225183e-08
3.932010900895283621e-08
3.659052180692176430e-08
3.271897975665206343e-08
3.015923905334674947e-08
3.068457909549450898e-08
2.821125959839344352e-08
2.208290107371369553e-08
2.033072506974053404e-08
1.888662011699320342e-08
1.712186474144654396e-08
1.492744399975162530e-08
1.440461652590151558e-08
1.335418823797370342e-08
1.104357041563877083e-08
1.036817487775180954e-08
9.579160002333238937e-09
8.866625831737223475e-09
8.080734002186667774e-09
6.921965291912707661e-09
6.495663906186216091e-09
6.419316342789878735e-09
5.583521072711709577e-09
6.506794245772574920e-09
4.766609926346865022e-09
4.176850303165869390e-09
3.411175464813406421e-09
1.465698452537095223e-09
2.273659738103261067e-09
2.561236121858414090e-09
2.888172132494207774e-09
2.422621526705093169e-09
2.735462877725625950e-09
1.723019438243337108e-09
2.174890032482555602e-09
2.055364107002545749e-09
1.686264168446563383e-09
1.425232333929494500e-09
9.536513494308787760e-10
1.017692287871689817e-09
1.254903468088184836e-09
1.132581609682269967e-09
1.005985456610893790e-09
9.338910511095253678e-10
8.570895718885955432e-10
6.431402517062602853e-10
6.273693457669894233e-10
7.131831421218303957e-10
6.268307982921080320e-10
5.781087709368477870e-10
5.405067212071371312e-10
6.010332792160663264e-10
5.139598254538867175e-10
4.777464868283656833e-10
3.323250028648407771e-10
2.879442114145754500e-10
3.043211173224808410e-10
2.735822674606416808e-10
3.080106454640078778e-10
3.488056391105327637e-10
3.085154125793394124e-10
2.216682327745472742e-10
8.324307496973251738e-11
1.815081020045256392e-10
2.473610000964074560e-10
2.128079009579878939e-10
1.577163750886888646e-10
1.237950218796641270e-10
1.246759990501216135e-10
1.504318648480318529e-10
1.634322711329946907e-10
1.423924346119139231e-10
1.219228293074777182e-10
1.509204964628663951e-10
1.087863333763372866e-10
6.206094452606685467e-11
5.982960978902622400e-11
9.519039505691723643e-11
-3.571192510921808952e-11
8.222747330295873003e-11
5.671922145678770875e-11
5.799766934691026112e-11
6.750077431154716733e-11
5.886176151359165330e-11
4.855931230679831182e-11
5.090770916643774535e-11
