1.368154421957455680e-02
1.355751506609163132e-02
1.330533186694554150e-02
1.293618910677942803e-02
1.249613975281040415e-02
1.199298113799923682e-02
1.145575882991761371e-02
1.089400517544166641e-02
1.032762248817421097e-02
9.768183215896154847e-03
9.220804898863781129e-03
8.690893456295541164e-03
8.184728349634566580e-03
7.694263528499529527e-03
7.225016446848759287e-03
6.781080157517849552e-03
6.353899890013808838e-03
5.951196529111510425e-03
5.578996709230574572e-03
5.231360176330471061e-03
4.899722798005362763e-03
4.588159546661365121e-03
4.299382215065837565e-03
4.021722037520995136e-03
3.770071629892114001e-03
3.531384821779118104e-03
3.305869649985338464e-03
3.100490725877030375e-03
2.901607931820666692e-03
2.721239082359053034e-03
2.550111656431849720e-03
2.391746733765250099e-03
2.243467598939064001e-03
2.103719470690453616e-03
1.977017565889976555e-03
1.854480208489346594e-03
1.742274214168703424e-03
1.636342697773315088e-03
1.537622226008029773e-03
1.446330321835114559e-03
1.359450099270362224e-03
1.279666585254944384e-03
1.204060209528360443e-03
1.131465709082451077e-03
1.065780076818985097e-03
1.002382161820808935e-03
9.441771340608815736e-04
8.889900712428389778e-04
8.376848085751569147e-04
7.890448154389793911e-04
7.444928481389730341e-04
7.013969872090534009e-04
6.625165106089239957e-04
6.245826442367965504e-04
5.902862203339576553e-04
5.569911775168371205e-04
5.267631669897095744e-04
4.969375581861093429e-04
4.707249299072724423e-04
4.447350371213330562e-04
4.214322314349361158e-04
3.986969150733179882e-04
3.772740527136216960e-04
3.572058603816381469e-04
3.379062060251176612e-04
3.207700232807934784e-04
3.036565696058229251e-04
2.880619786450663443e-04
2.729638687503148863e-04
2.582689200523694971e-04
2.455630974385321981e-04
2.329260032164450942e-04
2.205410124505933871e-04
2.090300302050477959e-04
1.985569484670773259e-04
1.883445670383035843e-04
1.786183120488673399e-04
1.701980359050998424e-04
1.614693076743815728e-04
1.533738783010431652e-04
1.454292228264407634e-04
1.382789543730039716e-04
1.312794286032038869e-04
1.249059968488938741e-04
1.188297656092485621e-04
1.128743836116624048e-04
1.075895705695850441e-04
1.024127192491565522e-04
9.737420454949491594e-05
9.249879101224918552e-05
8.803498180655130599e-05
8.395023610931357254e-05
7.979860550540137699e-05
7.624111145068511062e-05
7.275494549225912659e-05
6.914925981475320601e-05
6.605746302655147539e-05
6.300568679548320707e-05
5.995433049863907861e-05
5.736141508330636502e-05
5.457836590579282561e-05
5.221481290192825104e-05
4.988726547626401062e-05
4.750597087441642480e-05
4.535712899221577989e-05
4.336370460476930385e-05
4.138220100579644402e-05
3.960815035533338550e-05
3.794488851134456475e-05
3.614749602541006835e-05
3.472647306156731461e-05
3.328757179676295494e-05
3.174493905595488971e-05
3.037162062137935899e-05
2.914674195260733925e-05
2.790850455289405779e-05
2.673896283896717293e-05
2.567527564656097003e-05
2.461576268206899996e-05
2.353010235506385061e-05
2.271111154728775041e-05
2.187892830246719313e-05
2.080404952892756236e-05
2.005431702328488346e-05
1.936795731176136292e-05
1.856468001760703732e-05
1.775823919534725350e-05
1.712453722459748734e-05
1.644248543282638504e-05
1.576593838269041211e-05
1.515285996379585939e-05
1.467875046190300631e-05
1.420464096001015323e-05
1.353936174246288555e-05
1.308432804821725836e-05
1.267220704397332198e-05
1.226008603972938220e-05
1.164909599183448622e-05
1.127773909077822905e-05
1.087943282828972470e-05
1.047975893040642664e-05
1.008260033287199561e-05
9.714210371775316917e-06
9.398912560782223652e-06
9.083614749789130387e-06
8.764334712160493914e-06
8.494843362505020450e-06
8.258227011862530919e-06
8.021610661220039695e-06
7.738619850019623760e-06
7.403979377750297350e-06
7.209604840371972990e-06
6.968120966085814886e-06
6.722025707127428853e-06
6.556839915280559869e-06
6.336022177089583332e-06
6.112091901517543537e-06
5.899947223100896797e-06
5.690580579368443399e-06
5.515091400522091703e-06
5.389289107212210330e-06
5.329529067504359895e-06
5.124748326084931573e-06
4.840613028397446611e-06
4.677968629398060125e-06
4.578843756044265953e-06
4.429351840957359940e-06
4.329448426751204418e-06
4.149507358808373142e-06
4.085336420197648425e-06
3.949125950832069606e-06
3.812915481466490364e-06
3.676705012100911545e-06
3.546258545770015744e-06
3.463694025301663377e-06
3.382736799671192299e-06
3.263760178639997933e-06
3.144783557608803990e-06
3.056495893728256598e-06
2.965027150075768374e-06
2.894812361131230028e-06
2.820358697194666934e-06
2.739574393370523301e-06
2.687023156739520745e-06
2.580104738931095154e-06
2.540456703629609572e-06
2.457339797937541394e-06
2.374222892245474062e-06
2.291634790809047753e-06
2.253811731030590822e-06
2.268805719794617152e-06
2.164949676651420862e-06
2.068161557765119933e-06
1.990188364996012653e-06
1.936995605021199421e-06
1.876376140787690029e-06
1.822010890781290479e-06
1.785578081805220548e-06
1.744305127887097009e-06
1.696492928797325401e-06
