1.357006320776225558e-02
1.347582886995846510e-02
1.324870115130005223e-02
1.292699971389522744e-02
1.252546825328977251e-02
1.207293663644878889e-02
1.159157740457199097e-02
1.107055125227217676e-02
1.055717086972122846e-02
1.003298516239861660e-02
9.521951699259269264e-03
9.018660399911389985e-03
8.531723399481343575e-03
8.063095906430391840e-03
7.610706031489875879e-03
7.176261495523642703e-03
6.765991350092570231e-03
6.370254243299652668e-03
5.994614138508205445e-03
5.637901448367398614e-03
5.299297197615577236e-03
4.974109955261092446e-03
4.662449851604563711e-03
4.366404775255450059e-03
4.083180148604174595e-03
3.814580444276871509e-03
3.557947435023738059e-03
3.323346875498209979e-03
3.100519204175329786e-03
2.890533260157865120e-03
2.698475339462345045e-03
2.516449612951760992e-03
2.346375945474846354e-03
2.191421589389977182e-03
2.044008747000807934e-03
1.909035521797749655e-03
1.779370453876429016e-03
1.658950837996072021e-03
1.547992653594800665e-03
1.440659813733987261e-03
1.345132893060656211e-03
1.258405522112299993e-03
1.174473266295431549e-03
1.094862475839940849e-03
1.023482625394298668e-03
9.567110505930418634e-04
8.935108112691318716e-04
8.351919677150557598e-04
7.800921450017321091e-04
7.278997291419706016e-04
6.810663784049093231e-04
6.361640145455556674e-04
5.953072274675399187e-04
5.569469000429158514e-04
5.196550572491224866e-04
4.871880204805117075e-04
4.547068631524920604e-04
4.262210819629309194e-04
3.980572671984997091e-04
3.731086200769875654e-04
3.491319813054805338e-04
3.260232858480503000e-04
3.051178538285698985e-04
2.864116915586759180e-04
2.684108953219050070e-04
2.510823995423084915e-04
2.354153200823585080e-04
2.197797403276278397e-04
2.058332915461050672e-04
1.935297072424475590e-04
1.813172417728547330e-04
1.703042408967523626e-04
1.594345364783087088e-04
1.492576581562220109e-04
1.394381198691823991e-04
1.312599494036597182e-04
1.231316740070902496e-04
1.158646319851925726e-04
1.084533432585942510e-04
1.018691008096527634e-04
9.517977220233415816e-05
8.914872601114304392e-05
8.410434618927035868e-05
7.897902979377106479e-05
7.438643877323310833e-05
6.977306388764488714e-05
6.552061389255787788e-05
6.143759645212625671e-05
5.738939976083656423e-05
5.398842899810925880e-05
5.098322293882344479e-05
4.788246788168404609e-05
4.527186045769294515e-05
4.235936269193332272e-05
3.988911584520252093e-05
3.729536915920515902e-05
3.494048990632431017e-05
3.305636400941008781e-05
3.112387649136114586e-05
2.926847116083233248e-05
2.767784484630949121e-05
2.594437684803340785e-05
2.449071991429355115e-05
2.296564384649214054e-05
2.149211870394609027e-05
2.030625558487531422e-05
1.926670780007191822e-05
1.824053594051337526e-05
1.718675923906733190e-05
1.621093909927298743e-05
1.526884278678381572e-05
1.428110219017077545e-05
1.333621745740166007e-05
1.255373499202728596e-05
1.191054781367859478e-05
1.133361194050504838e-05
1.069425426516990448e-05
1.005489658983475889e-05
9.517519746575851312e-06
8.985177893518806966e-06
8.424385291284302668e-06
7.896863763588119213e-06
7.413844916354407848e-06
7.037720597951038898e-06
6.706197403338621174e-06
6.335766721874937023e-06
5.971402685315181397e-06
5.855719053083330340e-06
5.434658733080905144e-06
5.030565144625287703e-06
4.888015957504552760e-06
4.717651515435108270e-06
4.302428830372691384e-06
3.972084520891951331e-06
3.778225115848548540e-06
3.574429131532298305e-06
3.425914086666241973e-06
3.289298062609349531e-06
3.047122164183936115e-06
2.834708733450088281e-06
2.845764190148289044e-06
2.669498477416460162e-06
2.439166316842935928e-06
2.302668321540639699e-06
2.262486842521504062e-06
2.124303486687192195e-06
1.967263237116988529e-06
1.972378199805647515e-06
1.809112001841653213e-06
1.650578530034488603e-06
1.634689944739424125e-06
1.542025893784333692e-06
1.412297666713036164e-06
1.322658435139508815e-06
1.293520893126525826e-06
1.237218161456937333e-06
1.124658194403660513e-06
1.127870348727639887e-06
1.084617505734180666e-06
9.770323658985309729e-07
9.216039733259542722e-07
9.245172111188477922e-07
9.274304489117413122e-07
8.581952456221212465e-07
7.310155329716828277e-07
7.445265195999089500e-07
7.401781217546265904e-07
7.358297239093443368e-07
7.088554296026940097e-07
5.762879829423061736e-07
5.305423622786192887e-07
5.252386256799224510e-07
5.267699023897161135e-07
5.283011790995097759e-07
4.734006924214892718e-07
4.140352548655731316e-07
4.129752614684624747e-07
4.142217375711655003e-07
4.154682136738685790e-07
3.911560212534113820e-07
3.263176984924895597e-07
3.106923982654215342e-07
3.066721194946643193e-07
3.055259845226059352e-07
3.066683525322737934e-07
2.652730865964005205e-07
2.352738515819979611e-07
2.526335019091320038e-07
2.799954678636347799e-07
2.803003641075328300e-07
2.376922211911147364e-07
1.898961563899531954e-07
1.770342530640136813e-07
1.747133514531883953e-07
1.737315774570304548e-07
1.742688658935567318e-07
1.585344379516246606e-07
1.342880422489801315e-07
1.473653109037185453e-07
1.433552992433491527e-07
1.310887653707738079e-07
1.188222314981984630e-07
1.147796698489541667e-07
1.013462640569976720e-07
1.000266776825922664e-07
1.038086313037152287e-07
1.015198171198629803e-07
8.979679771214409999e-08
7.807377830442520649e-08
7.677868561789753605e-08
8.654116454277703822e-08
8.553340964869595114e-08
7.403329935816713855e-08
6.945225243596983630e-08
5.840296776709152915e-08
5.761165719844514189e-08
5.682034662979875463e-08
6.452111300273046246e-08
6.853232654656746370e-08
5.917530958502059778e-08
4.761874977090401535e-08
4.325392472480501464e-08
4.057089060539200792e-08
3.861788713684621529e-08
3.789990533472566398e-08
3.611278636731930358e-08
3.346064459328106353e-08
3.298479188639216960e-08
3.301107222649032357e-08
3.593365133113938527e-08
3.743202033994463661e-08
3.123607805567048041e-08
2.545858317413896843e-08
2.545829651450418086e-08
2.315831373449320032e-08
2.222489212760368458e-08
2.197905387186067225e-08
2.340866318222138712e-08
2.711849975602417908e-08
2.138728147861063164e-08
1.940030488205394397e-08
2.180333169267975427e-08
2.016265506047529618e-08
1.805721572050680837e-08
1.595177638053832387e-08
1.488411441937888419e-08
1.325572231412396391e-08
1.515474927275222415e-08
1.309491758904804862e-08
1.387019102656055684e-08
1.452651693663040617e-08
1.297046424734906937e-08
1.151550661809194570e-08
1.298696018939519016e-08
1.244946104297191955e-08
1.101357695977888969e-08
9.577692876585854878e-09
8.491492403248337797e-09
7.977494678847289165e-09
8.512471542780487709e-09
7.799589063937211693e-09
8.590941539339105381e-09
1.107768729352866787e-08
1.036091206181713220e-08
9.155035801974354144e-09
7.949159542131574436e-09
7.517263476663173618e-09
6.561706334092403772e-09
5.657235339758079989e-09
4.947497923199056463e-09
4.820384113861188277e-09
6.044346495021175739e-09
5.308351096267755819e-09
5.049197974618759148e-09
5.675202043968858482e-09
6.301206113318959471e-09
5.854542636153470465e-09
5.082559851015687037e-09
4.310577065877904437e-09
3.952733328083858036e-09
3.373660122961487981e-09
2.900661421771784795e-09
3.410885380551262206e-09
3.706789753439005568e-09
4.315684318604592156e-09
4.924578883770180398e-09
4.667917954608423695e-09
3.997935492750978468e-09
3.491940068538865210e-09
3.211814233347893919e-09
2.710519560121987187e-09
2.349128390849313688e-09
2.025594986362913244e-09
1.707549679104997178e-09
2.321053709252149469e-09
2.858431144971145516e-09
3.395808580690141977e-09
3.881588406468080008e-09
3.247652293346204190e-09
2.701423374669655708e-09
2.495234453243572513e-09
2.170564018871472236e-09
1.756937017111753613e-09
1.553663475196006092e-09
1.235439915491278034e-09
1.057181484702752400e-09
1.341732691686045621e-09
1.694982787850881467e-09
2.048232884015717521e-09
2.269958035053218237e-09
2.110730796393404493e-09
1.943692959217034143e-09
1.554633519434240103e-09
1.327770865890588849e-09
1.174931425533403318e-09
9.135729001701317931e-10
7.697374385390144136e-10
6.801263129070384885e-10
6.950704953352795587e-10
9.674257852024265833e-10
1.239781075069573505e-09
1.512136364936720219e-09
1.440138153776368784e-09
1.146199368286705380e-09
1.029598611027484107e-09
9.129978537682627305e-10
6.921221553415371559e-10
5.829343342218061076e-10
4.534113655851814482e-10
4.304006381361388858e-10
4.542677532091065678e-10
5.848682893757714600e-10
7.641737250175490578e-10
9.434791606593269658e-10
9.035001418522531600e-10
8.126126440842658198e-10
7.204437536040009088e-10
6.167423287132436506e-10
5.130409038224864959e-10
3.899342489875432624e-10
2.680970863467355738e-10
2.651210445904892066e-10
3.039620811867529892e-10
3.074261850134795348e-10
2.903188841042240213e-10
3.220053769618476594e-10
4.895831630931520411e-10
5.810376048489757141e-10
4.993874929054987388e-10
4.177373809620215567e-10
3.360872690185442712e-10
2.228408326064830786e-10
1.658424427817452555e-10
1.715495972925171320e-10
1.870347172391742868e-10
2.102679518014838860e-10
1.872216127836125710e-10
2.048114810806125088e-10
1.893851575701342056e-10
1.739588340596559541e-10
1.585325105491776509e-10
1.793854714635340661e-10
1.883671269067660114e-10
1.289699748422408762e-10
1.085672448967929066e-10
1.125824546297623872e-10
1.056088030126236661e-10
1.106643895028938264e-10
1.204960304180991578e-10
1.380865342127079314e-10
1.474915906501221884e-10
1.444048051796454198e-10
1.089728700729277215e-10
1.430320203662278046e-10
1.150907995842238268e-10
6.967287255341305951e-11
7.214453479957016628e-11
7.642113444120848542e-11
7.030088722269074090e-11
7.335502504855149191e-11
7.743536173042749059e-11
8.253146216863215670e-11
9.519373452042693150e-11
8.294075309499890332e-11
6.303494326577288980e-11
5.919490958468707258e-11
5.009038644288554249e-11
4.579819227070521087e-11
4.553021087915752913e-11
4.553636128612956568e-11
4.821861314457894105e-11
5.034121876211616510e-11
5.246382437965338915e-11
5.744515268618591190e-11
4.652285234787354964e-11
3.933862394717963612e-11
4.297793420079070027e-11
4.718893434403475575e-11
5.139993448727881122e-11
6.180543335339202842e-11
4.014661109696578211e-11
3.127963915102471613e-11
3.263266168701079232e-11
3.398568422299686204e-11
3.533870675898293823e-11
3.428735551355438230e-11
2.690372335540570397e-11
2.729468426727391398e-11
2.996340170369088142e-11
3.263211914010785531e-11
3.175703396263036042e-11
2.542577963308239360e-11
2.046919762936217846e-11
2.020487940845414562e-11
1.903887773946206440e-11
1.787287607046997994e-11
1.758638131713357860e-11
1.739829635361029421e-11
1.814148398212289692e-11
2.012742425025679465e-11
2.144144045885927422e-11
2.265896246047317568e-11
2.612104583911520189e-11
1.921003130330638897e-11
1.396331195008749547e-11
1.318196727324485589e-11
1.240062259640221792e-11
1.338122556239641763e-11
1.572691538444395413e-11
1.185256270812180459e-11
1.311061205682130613e-11
1.412060963591651513e-11
1.487662954202349971e-11
1.694614880042464108e-11
1.510636573513557808e-11
1.023945578919137237e-11
9.211439626905015896e-12
8.678062648922334514e-12
8.607891298030016796e-12
1.011018120917625293e-11
8.952408390413331831e-12
8.648498959502444035e-12
9.280451548972962967e-12
8.546922178175433422e-12
7.813392807377905492e-12
7.079863436580375139e-12
6.442502703343747982e-12
6.367939596547631858e-12
6.293376489751514926e-12
5.774307202333563607e-12
6.748550695820286613e-12
7.936394672088231494e-12
1.121805264990391271e-11
6.958485061361558902e-12
6.003292386991754589e-12
5.516004202917644062e-12
5.028716018843533536e-12
4.541427834769423009e-12
4.347451949374279805e-12
4.191374236981080849e-12
4.035296524587881892e-12
4.442637011107900702e-12
4.435520376508066863e-12
3.832220949166049013e-12
3.615878996539739885e-12
3.399537043913430757e-12
3.195650201217601919e-12
3.125558458098335462e-12
3.055466714979069813e-12
2.985374971859803357e-12
2.915283228740536900e-12
2.845191485621270847e-12
3.928999107353943622e-12
3.204857959372479554e-12
2.747693247523403713e-12
2.680478421763702508e-12
2.632771999745354228e-12
2.585065577727005544e-12
2.537359155708656861e-12
2.489652733690308581e-12
2.441946311671960301e-12
2.394239889653611617e-12
2.346533467635263338e-12
2.388973595563127722e-12
2.341106364102820187e-12
2.029793126842607988e-12
1.873454432471252397e-12
1.771021522410471240e-12
1.668588612349690083e-12
1.607260597815906235e-12
1.562777839195216692e-12
1.518295080574526948e-12
1.473812321953837406e-12
1.429329563333147864e-12
1.546976715132504580e-12
2.638007433111237477e-12
3.729038151089987540e-12
4.820068869068704079e-12
5.908362384481676756e-12
6.947277413107173167e-12
7.986192441732630804e-12
9.025107470358087634e-12
1.006402249898355416e-11
1.110293752760903683e-11
1.214185255623449366e-11
1.318076758485998604e-11
1.421255974333701941e-11
1.515579874908247150e-11
1.609903775482792683e-11
1.704227676057337893e-11
1.798551576631883103e-11
1.892875477206426697e-11
1.987199377780971906e-11
2.081523278355516793e-11
2.175847178930062649e-11
2.244959280162939219e-11
2.308116697789030655e-11
2.371274115415118536e-11
2.434431533041206740e-11
2.497588950667297852e-11
2.560746368293386056e-11
2.623903785919477491e-11
2.687061203545565372e-11
2.750218621171656807e-11
2.813376038797744365e-11
2.876533456423836124e-11
2.939690874049924005e-11
3.002848291676015763e-11
3.066005709302103644e-11
3.129163126928194110e-11
3.192320544554282637e-11
3.255477962180374396e-11
3.318635379806461630e-11
3.381792797432553389e-11
3.444950215058641916e-11
3.508107632684730443e-11
3.571265050310820263e-11
3.634422467936908790e-11
3.697579885563000548e-11
3.760737303189087137e-11
3.823894720815179541e-11
3.887052138441269361e-11
3.950209556067357888e-11
4.013366973693446416e-11
4.076524391319536235e-11
4.139681808945626701e-11
4.202839226571715228e-11
4.265996644197806987e-11
4.329154061823895514e-11
4.392311479449984041e-11
4.455468897076075800e-11
4.518626314702164327e-11
4.581783732328252854e-11
4.644941149954344612e-11
4.708098567580432493e-11
4.771255985206520374e-11
4.834413402832612779e-11
4.897570820458700660e-11
4.960728238084793065e-11
5.023885655710880946e-11
5.087043073336969473e-11
5.150200490963060585e-11
5.213357908589149112e-11
5.276515326215237639e-11
5.339672743841329398e-11
5.402830161467417925e-11
5.465987579093506452e-11
5.529144996719598211e-11
5.593793055985086043e-11
5.667080036520297363e-11
5.740367017055508682e-11
5.813653997590720647e-11
5.886940978125933259e-11
5.960227958661146517e-11
6.033514939196357190e-11
6.106801919731566570e-11
6.180001890757666787e-11
6.249173621125595982e-11
6.318345351493523885e-11
6.387517081861453081e-11
6.456688812229382276e-11
6.525860542597308887e-11
6.595032272965238082e-11
6.664204003333163400e-11
6.733375733701095181e-11
6.799100843215406439e-11
6.863709495109297695e-11
6.928318147003188951e-11
6.992926798897078914e-11
7.057535450790968877e-11
7.122144102684861426e-11
7.186752754578748804e-11
7.251361406472640060e-11
7.314807928013541295e-11
7.375495736925167019e-11
7.436183545836792743e-11
7.496871354748418467e-11
7.557559163660044191e-11
7.618246972571671207e-11
7.678934781483295639e-11
7.739622590394922655e-11
7.800310399306548380e-11
7.858860579643531675e-11
7.916360957171325754e-11
7.973861334699117249e-11
8.031361712226906159e-11
8.088862089754696361e-11
8.146362467282485270e-11
8.203862844810276765e-11
8.261363222338066967e-11
8.318863599865855877e-11
8.376363977393647372e-11
8.433864354921437574e-11
8.491364732449226483e-11
8.548865109977016686e-11
8.606365487504806888e-11
8.663865865032595797e-11
8.721366242560387292e-11
8.778866620088177494e-11
8.836366997615971574e-11
8.893867375143761776e-11
8.951367752671550686e-11
9.008868130199339595e-11
9.066368507727129798e-11
9.123868885254920000e-11
9.181369262782711494e-11
9.238869640310500404e-11
9.296370017838290606e-11
9.353870395366082101e-11
9.411370772893872303e-11
9.468871150421661213e-11
9.526371527949452707e-11
9.583871905477244202e-11
9.641372283005033112e-11
9.698872660532823314e-11
9.756373038060613516e-11
9.813873415588405011e-11
9.871373793116193920e-11
9.928874170643984123e-11
9.986374548171775617e-11
1.004387492569956582e-10
1.010137530322735602e-10
1.015887568075514622e-10
1.021637605828293513e-10
1.027387643581072663e-10
1.033137681333851683e-10
1.038887719086630574e-10
1.044637756839409594e-10
1.050387794592188873e-10
1.056137832344967893e-10
1.061887870097747043e-10
1.067637907850525934e-10
1.073387945603304954e-10
1.079137983356083845e-10
1.084888021108862994e-10
1.090638058861642014e-10
1.096388096614420905e-10
1.102138134367199926e-10
1.107888172119979204e-10
1.113638209872758225e-10
1.119388247625537116e-10
1.125138285378316136e-10
1.130888323131095027e-10
1.135815781317164700e-10
1.139516508868518587e-10
1.143217236419872732e-10
1.146917963971226490e-10
1.150618691522580636e-10
1.154319419073934523e-10
1.158020146625288410e-10
1.161720874176642167e-10
1.165421601727996054e-10
1.169122329279350200e-10
1.172732746939367720e-10
1.176202347749409736e-10
1.179671948559451493e-10
1.183141549369493767e-10
1.186611150179535524e-10
1.190080750989577540e-10
1.193550351799619555e-10
1.197019952609661571e-10
1.200489553419703586e-10
1.203959154229745344e-10
1.207428755039787618e-10
1.210898355849829633e-10
1.214367956659871390e-10
1.217837557469913664e-10
1.221307158279955422e-10
1.224776759089997437e-10
1.228246359900039453e-10
1.231715960710081210e-10
1.235185561520123225e-10
1.238655162330165241e-10
1.242059802330062153e-10
1.245284064097266807e-10
1.248508325864471204e-10
1.251732587631675859e-10
1.254956849398880255e-10
1.258181111166084910e-10
1.261405372933289306e-10
1.264629634700493961e-10
1.267853896467698616e-10
1.271078158234903270e-10
1.274302420002107667e-10
1.277352580915970494e-10
1.280370878296423634e-10
1.283389175676876773e-10
1.286407473057329913e-10
1.289425770437783053e-10
1.292444067818235934e-10
1.295462365198689073e-10
1.298480662579141954e-10
1.301498959959595352e-10
1.304517257340047975e-10
1.307485268745631237e-10
1.310213183540906638e-10
1.312941098336182814e-10
1.315669013131458474e-10
1.318396927926734133e-10
1.321124842722010051e-10
1.323852757517285969e-10
1.326580672312561629e-10
1.329308587107837547e-10
1.332036501903113206e-10
1.334764416698389124e-10
1.337492331493665042e-10
1.340041414440086409e-10
1.342540600758755129e-10
1.345039787077424108e-10
1.347538973396092828e-10
1.350038159714761806e-10
1.352537346033430526e-10
1.355036532352099763e-10
1.357535718670768483e-10
1.360034904989437202e-10
1.362534091308106181e-10
1.365033277626775159e-10
1.367532463945443879e-10
1.370069503539056166e-10
1.372619486092526808e-10
1.375169468645997190e-10
1.377719451199467573e-10
1.380269433752938214e-10
1.382819416306408597e-10
1.385369398859878980e-10
1.387919381413349363e-10
1.390469363966819746e-10
1.393019346520290387e-10
1.395569329073761028e-10
1.398118890447562660e-10
1.400667140409700656e-10
1.403215390371838136e-10
1.405763640333975874e-10
1.408311890296113611e-10
1.410860140258251349e-10
1.413408390220389087e-10
1.415956640182526566e-10
1.418504890144664563e-10
1.421053140106802042e-10
1.423601390068940039e-10
1.426128319454631735e-10
1.428505783288344733e-10
1.430883247122057473e-10
1.433260710955770471e-10
1.435638174789483470e-10
1.438015638623196209e-10
1.440393102456908949e-10
1.442770566290621948e-10
1.445148030124334946e-10
1.447525493958047944e-10
1.449902957791760684e-10
1.452280421625473683e-10
1.454566030815669018e-10
1.456754444776621540e-10
1.458942858737574321e-10
1.461131272698526585e-10
1.463319686659479366e-10
1.465508100620431888e-10
1.467696514581384410e-10
1.469884928542337191e-10
1.472073342503289713e-10
1.474261756464241977e-10
1.476450170425194757e-10
1.478638584386147280e-10
1.480851855823498678e-10
1.483145139414870895e-10
1.485438423006243370e-10
1.487731706597615845e-10
1.490024990188988062e-10
1.492318273780360796e-10
1.494546937946369488e-10
1.496755819447348381e-10
1.498964700948327532e-10
1.501173582449306424e-10
1.503382463950285834e-10
1.505591345451264726e-10
1.507852819674256863e-10
1.510127543666272601e-10
1.512402267658288339e-10
1.514676991650304077e-10
1.516951715642319815e-10
1.519194538383517818e-10
1.521343423098029545e-10
1.523492307812541272e-10
1.525641192527052998e-10
1.527790077241564725e-10
1.529938961956076451e-10
1.532164797157010727e-10
1.534507294463478458e-10
1.536849791769945930e-10
1.539192289076413144e-10
1.541534786382880358e-10
1.543877283689347830e-10
1.546219780995815561e-10
1.548562278302282774e-10
1.550904775608750246e-10
1.553247272915217977e-10
1.555589770221685191e-10
1.557932267528152404e-10
1.560274764834619877e-10
1.562617262141087607e-10
1.564959759447554821e-10
1.567302256754022035e-10
1.569644754060489507e-10
1.571987251366957238e-10
1.574329748673424451e-10
1.576672245979891924e-10
1.579014743286359396e-10
1.581357240592826609e-10
1.583699737899293823e-10
1.586042235205761554e-10
1.588384732512229026e-10
1.590727229818696240e-10
1.593069727125163970e-10
1.595412224431631443e-10
1.597754721738098656e-10
1.600097219044565870e-10
1.602439716351033601e-10
1.604782213657501073e-10
1.607124710963968287e-10
1.609467208270435500e-10
1.611809705576903231e-10
1.614152202883370703e-10
1.616494700189837917e-10
1.618837197496305389e-10
1.621179694802772603e-10
1.623522192109240333e-10
1.625864689415707547e-10
1.628207186722175019e-10
1.630549684028642233e-10
1.632892181335109964e-10
1.635234678641577436e-10
1.637577175948044649e-10
1.639919673254512380e-10
1.642262170560979594e-10
1.644604667867447066e-10
1.646947165173914280e-10
1.649289662480381752e-10
1.651632159786849224e-10
1.653974657093316696e-10
1.656317154399784169e-10
1.658659651706251382e-10
1.661002149012718596e-10
1.663344646319186327e-10
1.665687143625653799e-10
1.668029640932121529e-10
1.670372138238588226e-10
1.672714635545055957e-10
1.675057132851523429e-10
1.677399630157991160e-10
1.679742127464458373e-10
1.682084624770925846e-10
1.684427122077393059e-10
1.686769619383860531e-10
1.689112116690328004e-10
1.691454613996795476e-10
1.693797111303262690e-10
1.696139608609730162e-10
1.698482105916197375e-10
1.700824603222665106e-10
1.703167100529132320e-10
1.705509597835599792e-10
1.707852095142067523e-10
1.710194592448534736e-10
1.712537089755001950e-10
1.714879587061469422e-10
1.717222084367937153e-10
1.719488431439971220e-10
1.721101484066759251e-10
1.722714536693547281e-10
1.724327589320335570e-10
1.725940641947123600e-10
1.727553694573911630e-10
1.729166747200699919e-10
1.730779799827487949e-10
1.732392852454275979e-10
1.734005905081064268e-10
1.735618957707852298e-10
1.737232010334640845e-10
1.738845062961428876e-10
1.740458115588216906e-10
1.742071168215005195e-10
1.743684220841793225e-10
1.745297273468581255e-10
1.746910326095369544e-10
1.748523378722157574e-10
1.750136431348945604e-10
1.751749483975733893e-10
1.753362536602521923e-10
1.754975589229310471e-10
1.756588641856098242e-10
1.758201694482886531e-10
1.759814747109674820e-10
1.761427799736462850e-10
1.763040852363250880e-10
1.764653904990039169e-10
1.766266957616827199e-10
1.767880010243615229e-10
1.769493062870403518e-10
1.771093495896940620e-10
1.772685063035963287e-10
1.774276630174986212e-10
1.775868197314008878e-10
1.777459764453031803e-10
1.779051331592054469e-10
1.780897167283057428e-10
1.782820839892539592e-10
1.784744512502021498e-10
1.786668185111503145e-10
1.788591857720985309e-10
1.790515530330467214e-10
1.792439202939949119e-10
1.794362875549431283e-10
1.796286548158913189e-10
1.798210220768395094e-10
1.800133893377877258e-10
1.802057565987359164e-10
1.803981238596840810e-10
1.805904911206322716e-10
1.807828583815804880e-10
1.809752256425286785e-10
1.811675929034768949e-10
1.813599601644250855e-10
1.815523274253732760e-10
1.817446946863214407e-10
1.819370619472696829e-10
1.821294292082178476e-10
1.823217964691660382e-10
1.825141637301142546e-10
1.827065309910624451e-10
1.828988982520106357e-10
1.830912655129588262e-10
1.832836327739070426e-10
1.834760000348552331e-10
1.836683672958034495e-10
1.838607345567516142e-10
1.840531018176998048e-10
1.842454690786479953e-10
1.844378363395962117e-10
1.846302036005444022e-10
1.848225708614925928e-10
1.850149381224408092e-10
1.852073053833889997e-10
1.853996726443371644e-10
1.855920399052853550e-10
1.857844071662335714e-10
1.859767744271817619e-10
1.861691416881299783e-10
1.863615089490781688e-10
1.865538762100263594e-10
1.867462434709745758e-10
1.869386107319227663e-10
1.871309779928709310e-10
1.873233452538191474e-10
1.875157125147673379e-10
1.877080797757155285e-10
1.879004470366637190e-10
1.880928142976119096e-10
1.882851815585601260e-10
1.884775488195083424e-10
1.886699160804565329e-10
1.888622833414046976e-10
1.890546506023528881e-10
1.892470178633011045e-10
1.894393851242492951e-10
1.896317523851974856e-10
1.898241196461456762e-10
1.900164869070938926e-10
1.902088541680420831e-10
1.904011920213953622e-10
1.905450363882699533e-10
1.906888807551444927e-10
1.908327251220190839e-10
1.909765694888936233e-10
1.911204138557682144e-10
1.912642582226427539e-10
1.914081025895173450e-10
1.915519469563919361e-10
1.916957913232664756e-10
1.918396356901410409e-10
