
##### time= 5.75e-09 
0.5		2.05259E+10
1.5		1.63854E+10
2.5		1.30776E+10
3.5		1.08366E+10
4.5		9.35942E+09
5.5		8.19514E+09
6.5		7.29632E+09
7.5		6.50905E+09
8.5		5.91127E+09
9.5		5.40944E+09
10.5		4.93263E+09
11.5		4.54293E+09
12.5		4.19818E+09
13.5		3.86977E+09
14.5		3.63027E+09
15.5		3.35856E+09
16.5		3.13986E+09
17.5		2.94983E+09
18.5		2.77973E+09
19.5		2.57989E+09
20.5		2.39789E+09
21.5		2.24942E+09
22.5		2.10504E+09
23.5		1.9621E+09
24.5		1.8443E+09
25.5		1.72431E+09
26.5		1.62418E+09
27.5		1.52369E+09
28.5		1.41604E+09
29.5		1.31845E+09
30.5		1.25928E+09
31.5		1.17996E+09
32.5		1.12266E+09
33.5		1.04346E+09
34.5		9.81685E+08
35.5		9.24102E+08
36.5		8.67767E+08
37.5		8.23217E+08
38.5		7.7505E+08
39.5		7.35698E+08
40.5		6.91409E+08
41.5		6.5653E+08
42.5		6.22464E+08
43.5		5.90461E+08
44.5		5.60122E+08
45.5		5.28156E+08
46.5		4.98176E+08
47.5		4.63862E+08
48.5		4.44572E+08
49.5		4.26701E+08
50.5		4.079E+08
51.5		3.84242E+08
52.5		3.68852E+08
53.5		3.49889E+08
54.5		3.34419E+08
55.5		3.15717E+08
56.5		2.94599E+08
57.5		2.8076E+08
58.5		2.69429E+08
59.5		2.58775E+08
60.5		2.49115E+08
61.5		2.31922E+08
62.5		2.2225E+08
63.5		2.08248E+08
64.5		2.01276E+08
65.5		1.93931E+08
66.5		1.83554E+08
67.5		1.74991E+08
68.5		1.66563E+08
69.5		1.59274E+08
70.5		1.51777E+08
71.5		1.4428E+08
72.5		1.39734E+08
73.5		1.32761E+08
74.5		1.27064E+08
75.5		1.19727E+08
76.5		1.15511E+08
77.5		1.10741E+08
78.5		1.07015E+08
79.5		1.01846E+08
80.5		9.81822E+07
81.5		9.38595E+07
82.5		8.90895E+07
83.5		8.54273E+07
84.5		8.10905E+07
85.5		7.84615E+07
86.5		7.39218E+07
87.5		7.18441E+07
88.5		7.07787E+07
89.5		6.73332E+07
90.5		6.28951E+07
91.5		6.1529E+07
92.5		5.78424E+07
93.5		5.64468E+07
94.5		5.43096E+07
95.5		5.09069E+07
96.5		4.96606E+07
97.5		4.78987E+07
98.5		4.5747E+07
99.5		4.27512E+07
100.5		4.21548E+07
101.5		4.04115E+07
102.5		3.93828E+07
103.5		3.67356E+07
104.5		3.56314E+07
105.5		3.3431E+07
106.5		3.26156E+07
107.5		3.24599E+07
108.5		3.12232E+07
109.5		2.98733E+07
110.5		2.88161E+07
111.5		2.81081E+07
112.5		2.70995E+07
113.5		2.58213E+07
114.5		2.41908E+07
115.5		2.35884E+07
116.5		2.23475E+07
117.5		2.1944E+07
118.5		2.14687E+07
119.5		2.02101E+07
120.5		2.06922E+07
121.5		1.93594E+07
122.5		1.87389E+07
123.5		1.7991E+07
124.5		1.703E+07
125.5		1.64233E+07
126.5		1.55383E+07
127.5		1.50928E+07
128.5		1.41536E+07
129.5		1.35085E+07
130.5		1.3614E+07
131.5		1.26009E+07
132.5		1.27321E+07
133.5		1.26145E+07
134.5		1.19854E+07
135.5		1.16821E+07
136.5		1.10175E+07
137.5		1.04775E+07
138.5		1.01493E+07
139.5		9.9934E+06
140.5		9.67993E+06
141.5		9.32789E+06
142.5		8.71952E+06
143.5		8.55909E+06
144.5		8.31084E+06
145.5		7.96813E+06
146.5		8.19383E+06
147.5		7.34021E+06
148.5		7.15951E+06
149.5		7.0523E+06
150.5		6.61768E+06
151.5		6.32133E+06
152.5		6.02392E+06
153.5		5.93634E+06
154.5		5.58019E+06
155.5		5.66545E+06
156.5		5.4769E+06
157.5		5.17792E+06
158.5		4.92559E+06
159.5		4.80425E+06
160.5		4.79643E+06
161.5		4.51734E+06
162.5		4.68953E+06
163.5		4.51875E+06
164.5		4.43275E+06
165.5		4.25429E+06
166.5		4.044E+06
167.5		3.84679E+06
168.5		3.70546E+06
169.5		3.53414E+06
170.5		3.38923E+06
171.5		3.34843E+06
172.5		3.49277E+06
173.5		3.55327E+06
174.5		3.55306E+06
175.5		3.17701E+06
176.5		2.9508E+06
177.5		2.81371E+06
178.5		2.7404E+06
179.5		2.70124E+06
180.5		2.67716E+06
181.5		2.63538E+06
182.5		2.43191E+06
183.5		2.39584E+06
184.5		2.25008E+06
185.5		2.17554E+06
186.5		2.1115E+06
187.5		2.11122E+06
188.5		2.02829E+06
189.5		2.1041E+06
190.5		1.99531E+06
191.5		2.07507E+06
192.5		2.18106E+06
193.5		2.04661E+06
194.5		1.98414E+06
195.5		1.74206E+06
196.5		1.62486E+06
197.5		1.58193E+06
198.5		1.4951E+06
199.5		1.48886E+06
