
##### time= 7.5e-09 
0.5		1.33273E+09
1.5		1.00049E+09
2.5		7.59749E+08
3.5		6.09266E+08
4.5		5.08234E+08
5.5		4.3518E+08
6.5		3.79013E+08
7.5		3.35421E+08
8.5		2.99715E+08
9.5		2.70506E+08
10.5		2.45554E+08
11.5		2.23747E+08
12.5		2.06053E+08
13.5		1.90357E+08
14.5		1.75894E+08
15.5		1.63788E+08
16.5		1.52857E+08
17.5		1.42456E+08
18.5		1.33053E+08
19.5		1.2484E+08
20.5		1.1722E+08
21.5		1.0989E+08
22.5		1.02825E+08
23.5		9.59808E+07
24.5		8.99228E+07
25.5		8.47498E+07
26.5		7.91371E+07
27.5		7.418E+07
28.5		6.95517E+07
29.5		6.55469E+07
30.5		6.14406E+07
31.5		5.77695E+07
32.5		5.44152E+07
33.5		5.10782E+07
34.5		4.8207E+07
35.5		4.54517E+07
36.5		4.28706E+07
37.5		4.06326E+07
38.5		3.83828E+07
39.5		3.61817E+07
40.5		3.42067E+07
41.5		3.22998E+07
42.5		3.062E+07
43.5		2.89658E+07
44.5		2.75463E+07
45.5		2.61276E+07
46.5		2.47067E+07
47.5		2.34831E+07
48.5		2.23259E+07
49.5		2.10986E+07
50.5		2.00827E+07
51.5		1.91636E+07
52.5		1.82154E+07
53.5		1.73021E+07
54.5		1.63949E+07
55.5		1.55139E+07
56.5		1.47543E+07
57.5		1.40706E+07
58.5		1.34505E+07
59.5		1.28098E+07
60.5		1.22093E+07
61.5		1.16903E+07
62.5		1.11157E+07
63.5		1.05554E+07
64.5		1.00717E+07
65.5		9.6184E+06
66.5		9.22618E+06
67.5		8.8017E+06
68.5		8.39116E+06
69.5		8.02584E+06
70.5		7.72829E+06
71.5		7.32548E+06
72.5		6.99687E+06
73.5		6.72774E+06
74.5		6.42138E+06
75.5		6.14459E+06
76.5		5.86614E+06
77.5		5.61336E+06
78.5		5.40505E+06
79.5		5.18803E+06
80.5		4.94768E+06
81.5		4.75912E+06
82.5		4.54672E+06
83.5		4.38321E+06
84.5		4.19032E+06
85.5		3.99959E+06
86.5		3.82073E+06
87.5		3.68888E+06
88.5		3.548E+06
89.5		3.41565E+06
90.5		3.27104E+06
91.5		3.15698E+06
92.5		3.01462E+06
93.5		2.91383E+06
94.5		2.81157E+06
95.5		2.69679E+06
96.5		2.57871E+06
97.5		2.48896E+06
98.5		2.38013E+06
99.5		2.28712E+06
100.5		2.19399E+06
101.5		2.09957E+06
102.5		2.04213E+06
103.5		1.96013E+06
104.5		1.87595E+06
105.5		1.79801E+06
106.5		1.73872E+06
107.5		1.68491E+06
108.5		1.60817E+06
109.5		1.55081E+06
110.5		1.48205E+06
111.5		1.42351E+06
112.5		1.38186E+06
113.5		1.31768E+06
114.5		1.27124E+06
115.5		1.22722E+06
116.5		1.17664E+06
117.5		1.12643E+06
118.5		1.08377E+06
119.5		1.05128E+06
120.5		1.00683E+06
121.5		975654
122.5		949440
123.5		905286
124.5		883890
125.5		848112
126.5		821535
127.5		805116
128.5		772494
129.5		748534
130.5		714899
131.5		692366
132.5		668619
133.5		640070
134.5		601584
135.5		585886
136.5		578731
137.5		556569
138.5		542494
139.5		528595
140.5		509915
141.5		487850
142.5		468799
143.5		455004
144.5		435435
145.5		426888
146.5		405518
147.5		386816
148.5		381347
149.5		373639
150.5		360669
151.5		353008
152.5		349633
153.5		331252
154.5		321333
155.5		312527
156.5		301474
157.5		295809
158.5		284883
159.5		284303
160.5		269893
161.5		256623
162.5		250038
163.5		242811
164.5		233216
165.5		220998
166.5		214939
167.5		205277
168.5		203964
169.5		194988
170.5		187753
171.5		183589
172.5		179282
173.5		169273
174.5		167451
175.5		162306
176.5		158945
177.5		153191
178.5		146994
179.5		141092
180.5		136294
181.5		136144
182.5		130025
183.5		126030
184.5		122022
185.5		117858
186.5		113340
187.5		113212
188.5		113510
189.5		106959
190.5		107355
191.5		99007.9
192.5		95310.2
193.5		94995.7
194.5		90759.6
195.5		88531.7
196.5		88660.6
197.5		86797.6
198.5		86481.4
199.5		83645.9
200.5		79097.6
201.5		76933.9
202.5		74821
203.5		72498.2
204.5		70335.1
205.5		68542
206.5		66672.1
207.5		65471.7
208.5		64162.3
209.5		63942.2
210.5		61101.6
211.5		55863
212.5		53575.3
213.5		54195.9
214.5		51685.4
215.5		51274.4
216.5		49004.4
217.5		48137
218.5		46343
219.5		45102.2
220.5		45782.6
221.5		44657.9
222.5		42432.2
223.5		41304
224.5		40427.2
225.5		40322.5
226.5		38295.8
227.5		38775
228.5		39720.7
229.5		37546
230.5		35610.4
231.5		33383.4
232.5		32692.3
233.5		33747.8
234.5		31996.1
235.5		30477.7
236.5		29122.3
237.5		30757.6
238.5		29377
239.5		27284.6
240.5		26211.5
241.5		25108.3
242.5		24679.7
243.5		25127.5
244.5		24012
245.5		23707.7
246.5		23841.4
247.5		23364.4
248.5		21966.7
249.5		19846
250.5		20454.1
251.5		19578.4
252.5		18921.3
253.5		18362.8
254.5		17097.8
255.5		16408.9
256.5		16726.4
257.5		15734.1
258.5		16946.8
259.5		16675.5
260.5		15960.9
261.5		16273.7
262.5		15460.1
263.5		15713.2
264.5		15028.2
265.5		15561.5
266.5		14740.4
267.5		14481.9
268.5		13958.2
269.5		13154.4
270.5		12763.7
271.5		11819.1
272.5		11613.5
273.5		11410.1
274.5		11264.5
275.5		11531.2
276.5		12003.8
277.5		10776.9
278.5		10092
279.5		9881.66
280.5		9756.64
281.5		9417.69
282.5		9269.91
283.5		9229.51
284.5		8996.01
285.5		10008.8
286.5		8783.91
287.5		8564.42
288.5		8695.17
289.5		8347.15
290.5		8067.63
291.5		8134.11
292.5		8995.71
293.5		7817.63
294.5		8025.76
295.5		7622.41
296.5		7186.51
297.5		7042.76
298.5		7416.14
299.5		7094.56
300.5		6837.62
301.5		6212.53
302.5		6022.57
303.5		5831.96
304.5		5600.77
305.5		5473.25
306.5		5674.93
307.5		5473.38
308.5		5542.58
309.5		6143.21
310.5		5760.74
311.5		5217.74
312.5		4990.63
313.5		4877.27
314.5		4761.75
315.5		4590.92
316.5		4840.2
317.5		4642.05
318.5		4370.2
319.5		4324.36
320.5		5101.26
321.5		4344.75
322.5		3780.89
323.5		3607.54
324.5		3499.63
325.5		3434.44
326.5		3378.16
327.5		3559.35
328.5		3354.21
329.5		3168.29
330.5		3167.2
331.5		3126.61
332.5		3280.96
333.5		3155.39
334.5		3277.28
335.5		3218.39
336.5		2914.55
337.5		2784.17
338.5		3586.58
339.5		3455.61
340.5		2960.73
341.5		2696.04
342.5		2594.91
343.5		3152.79
344.5		2783.6
345.5		2611.44
346.5		2591.97
347.5		2472.45
348.5		2359.31
349.5		2300.61
350.5		2299.73
351.5		1978.67
352.5		1769.89
353.5		1658.57
354.5		1588.16
355.5		1529.88
356.5		1577.75
357.5		1552.95
358.5		1553.16
359.5		1503.56
360.5		1520.42
361.5		1513.59
362.5		2478.62
363.5		2010.59
364.5		1913.62
365.5		1746.36
366.5		1588.96
367.5		1695.87
368.5		1741.58
369.5		1663.2
370.5		1600.21
371.5		1518.74
372.5		1480.59
373.5		1371.58
374.5		1326.76
375.5		1316.87
376.5		1309.33
377.5		1370.08
378.5		1446.85
379.5		1285.67
380.5		1303.58
381.5		1338.7
382.5		1373.74
383.5		1210.07
384.5		1180.98
385.5		1172.57
386.5		1173.34
387.5		1199.24
388.5		1301.49
389.5		1229.19
390.5		1529.12
391.5		1323.77
392.5		1063.34
393.5		976.982
394.5		953.104
395.5		896.503
396.5		871.661
397.5		1016.03
398.5		1002.37
399.5		896.503
400.5		921.222
401.5		915.586
402.5		898.759
403.5		859.59
404.5		769.097
405.5		745.818
406.5		714.792
407.5		700.549
408.5		737.512
409.5		863.268
410.5		834.474
411.5		822.376
412.5		778.207
413.5		670.018
414.5		628.35
415.5		627.593
416.5		646.669
417.5		622.787
418.5		570.389
419.5		548.853
420.5		537.236
421.5		1154.23
422.5		797.381
423.5		613.99
424.5		564.161
425.5		559.138
426.5		571.546
427.5		899.268
428.5		842.826
429.5		740.953
430.5		703.25
431.5		674.294
432.5		645.406
433.5		613.346
434.5		498.309
435.5		494.505
436.5		470.263
437.5		431.03
438.5		380.076
439.5		376.426
440.5		434.915
441.5		584.223
442.5		366.597
443.5		332.021
444.5		320.983
445.5		347.253
446.5		339.415
447.5		328.408
448.5		301.501
449.5		306.468
450.5		302.95
451.5		323.776
452.5		317.076
453.5		301.946
454.5		296.341
455.5		269.679
456.5		250.443
457.5		336.361
458.5		230.996
459.5		296.821
460.5		300.69
461.5		288.852
462.5		285.403
463.5		285.095
464.5		278.529
465.5		242.799
466.5		212.352
467.5		210.045
468.5		210.859
469.5		532.294
470.5		515.144
471.5		199.833
472.5		187.21
473.5		171.514
474.5		153.787
475.5		153.625
476.5		153.464
477.5		151.245
478.5		151.087
479.5		151.956
480.5		145.644
481.5		140.37
482.5		142.271
483.5		139.057
484.5		139.935
485.5		136.729
486.5		138.627
487.5		134.412
488.5		126.137
489.5		382.088
490.5		301.501
491.5		251.502
492.5		127.649
493.5		129.544
494.5		126.38
495.5		116.152
496.5		114.017
497.5		117.935
498.5		105.732
499.5		105.627
500.5		107.531
501.5		103.408
502.5		104.308
503.5		105.206
504.5		102.099
505.5		104.998
506.5		102.896
507.5		105.789
508.5		100.7
509.5		87.6521
510.5		76.6204
511.5		79.5278
512.5		83.4227
513.5		75.4041
514.5		65.4189
515.5		65.3554
516.5		68.2599
517.5		66.2173
518.5		67.1408
519.5		61.1576
520.5		54.2006
521.5		55.1331
522.5		54.0968
523.5		54.0451
524.5		62.8288
525.5		63.7498
526.5		64.669
527.5		63.6288
528.5		63.5686
529.5		54.715
530.5		49.7828
531.5		49.7359
532.5		49.6892
533.5		49.6426
534.5		49.5962
535.5		48.5783
536.5		48.533
537.5		49.4576
538.5		61.0379
539.5		60.0133
540.5		61.8919
541.5		59.9024
542.5		60.8124
543.5		61.7208
544.5		59.7371
545.5		59.6824
546.5		52.8956
547.5		51.8864
548.5		129.598
549.5		134.275
550.5		106.364
551.5		53.6126
552.5		54.5206
553.5		56.3826
554.5		53.4674
555.5		54.3732
556.5		54.3243
557.5		45.7057
558.5		42.8107
559.5		41.822
560.5		43.6839
561.5		42.6962
562.5		41.7103
563.5		42.6204
564.5		40.69
565.5		41.5995
566.5		43.452
567.5		41.5261
568.5		42.4325
569.5		41.4531
570.5		40.4755
571.5		41.3805
572.5		43.2237
573.5		40.3695
574.5		41.2724
575.5		40.2993
576.5		40.2643
577.5		42.1006
578.5		40.1947
579.5		41.0939
580.5		40.1254
581.5		32.6321
582.5		69.8659
583.5		30.7146
584.5		31.6183
585.5		31.5913
586.5		31.5643
587.5		30.6099
588.5		30.5839
589.5		31.4839
590.5		30.532
591.5		31.4306
592.5		31.4041
593.5		30.4548
594.5		30.4291
595.5		30.4036
596.5		30.3781
597.5		30.3527
598.5		30.3273
599.5		31.2202
600.5		29.3593
601.5		31.1683
602.5		30.2264
603.5		30.2014
604.5		30.1764
605.5		29.2378
606.5		31.0395
607.5		28.2774
608.5		30.9885
609.5		29.1417
610.5		30.0277
611.5		28.1848
612.5		30.8871
613.5		30.8619
614.5		31.7438
615.5		30.8118
616.5		31.6923
617.5		31.6666
618.5		30.7369
619.5		30.7121
620.5		30.6874
621.5		30.6627
622.5		31.5392
623.5		29.7131
624.5		30.5889
625.5		30.5645
626.5		30.5401
627.5		29.6182
628.5		30.4914
629.5		30.4672
630.5		30.443
631.5		29.5243
632.5		30.3949
633.5		25.9046
634.5		16.9586
635.5		17.8371
636.5		17.8231
637.5		17.8091
638.5		42.7083
639.5		42.6749
640.5		41.7532
641.5		41.7207
642.5		41.6882
643.5		40.7695
644.5		41.6234
645.5		39.8214
646.5		40.6748
647.5		40.6434
648.5		39.7291
649.5		27.3479
650.5		16.7487
651.5		16.7359
652.5		16.723
653.5		17.5897
654.5		17.5763
655.5		24.588
656.5		26.3242
657.5		26.3042
658.5		25.4081
659.5		26.2643
660.5		26.2444
661.5		25.3504
662.5		26.2047
663.5		26.185
664.5		25.2931
665.5		25.2741
666.5		26.126
667.5		25.2362
668.5		25.2173
669.5		26.0674
670.5		24.3114
671.5		26.8962
672.5		24.2752
673.5		25.9899
674.5		25.1049
675.5		25.0863
676.5		25.0678
677.5		25.0493
678.5		25.8939
679.5		25.0124
680.5		24.1321
681.5		24.9756
682.5		25.8179
683.5		24.0791
684.5		24.9209
685.5		24.9027
686.5		24.8845
687.5		24.8664
688.5		24.8484
689.5		23.9741
690.5		24.8123
691.5		23.9394
692.5		24.7765
693.5		25.6124
694.5		23.8877
695.5		23.8705
696.5		24.7052
697.5		24.6875
698.5		23.8192
699.5		23.8021
700.5		23.7851
701.5		20.3727
702.5		16.9652
703.5		16.9531
704.5		16.9411
705.5		16.9291
706.5		16.9171
707.5		16.9051
708.5		16.8932
709.5		17.7253
710.5		16.8694
711.5		16.0147
712.5		16.8457
713.5		16.8339
714.5		16.8221
715.5		16.8104
716.5		16.7986
717.5		16.7869
718.5		16.7752
719.5		15.9254
720.5		16.7519
721.5		16.7403
722.5		16.7287
723.5		16.7172
724.5		16.7056
725.5		15.8594
726.5		15.8485
727.5		16.6711
728.5		16.6597
729.5		15.8159
730.5		16.6369
731.5		16.6255
732.5		273.303
733.5		33.2056
734.5		8.29575
735.5		8.29011
736.5		8.28448
737.5		8.27886
738.5		7.44593
739.5		8.26766
740.5		8.26208
741.5		8.2565
742.5		7.42585
743.5		8.24539
744.5		8.23985
745.5		8.23432
746.5		7.40592
747.5		8.2233
748.5		8.2178
749.5		7.39109
750.5		8.20685
751.5		8.20138
752.5		7.37634
753.5		8.19049
754.5		8.18506
755.5		7.36168
756.5		8.17424
757.5		8.16884
758.5		7.34711
759.5		8.15808
760.5		7.33744
761.5		8.14736
762.5		7.32781
763.5		8.13668
764.5		8.13136
765.5		7.31344
766.5		8.12074
767.5		7.3039
768.5		8.11017
769.5		7.2944
770.5		8.09963
771.5		7.28494
772.5		8.08914
773.5		7.27552
774.5		7.27082
775.5		8.07348
776.5		7.26145
777.5		8.06309
778.5		7.25212
779.5		8.05274
780.5		7.24282
781.5		7.23819
782.5		8.03729
783.5		7.22894
784.5		7.22433
785.5		8.02192
786.5		7.21514
787.5		7.21056
788.5		8.00665
789.5		7.20142
790.5		7.19686
791.5		7.99146
792.5		7.18778
793.5		7.18325
794.5		7.97636
795.5		9.56561
796.5		7.96634
797.5		8.75748
798.5		8.75199
799.5		7.95138
800.5		8.74105
801.5		8.7356
802.5		7.9365
803.5		8.72472
804.5		8.71929
805.5		7.92171
806.5		8.70848
807.5		7.91189
808.5		8.6977
809.5		7.90211
810.5		8.68696
811.5		7.89237
812.5		8.67626
813.5		7.88266
814.5		8.6656
815.5		7.87299
816.5		8.65498
817.5		7.86335
818.5		8.6444
819.5		7.85375
820.5		8.63386
821.5		7.84419
822.5		7.83942
823.5		8.61812
824.5		7.8299
825.5		7.82516
826.5		8.60247
827.5		7.8157
828.5		7.81098
829.5		8.5869
830.5		7.80157
831.5		7.79687
832.5		7.79219
833.5		8.56627
834.5		7.78285
835.5		7.77819
836.5		7.77354
837.5		8.54578
838.5		7.76426
839.5		7.75964
840.5		7.75502
841.5		7.75041
842.5		14.717
843.5		28.6425
844.5		27.8519
845.5		27.8354
846.5		27.0462
847.5		27.8025
848.5		27.0143
849.5		26.9984
850.5		26.9825
851.5		26.1962
852.5		26.9509
853.5		26.1655
854.5		26.1502
855.5		26.1349
856.5		26.1196
857.5		26.1044
858.5		26.0892
859.5		25.3071
860.5		26.0588
861.5		25.2777
862.5		25.2631
863.5		25.2484
864.5		25.2338
865.5		24.455
866.5		25.2047
867.5		25.1902
868.5		23.6499
869.5		24.3987
870.5		24.3847
871.5		24.3707
872.5		24.3567
873.5		24.3428
874.5		24.3289
875.5		22.7953
876.5		24.3011
877.5		23.5283
878.5		12.1367
879.5		0
880.5		0
881.5		0
882.5		0
883.5		0
884.5		0
885.5		0
886.5		0
887.5		0
888.5		0
889.5		0
890.5		0
891.5		0
892.5		0
893.5		0
894.5		0
895.5		0
896.5		0
897.5		0
898.5		0
899.5		0
900.5		0
901.5		0
902.5		0
903.5		0
904.5		0
905.5		0
906.5		0
907.5		0
908.5		0
909.5		0
910.5		0
911.5		0
912.5		0
913.5		0
914.5		0
915.5		0
916.5		0
917.5		0
918.5		0
919.5		0
920.5		0
921.5		0
922.5		0
923.5		0
924.5		0
925.5		0
926.5		0
927.5		0
928.5		0
929.5		0
930.5		0
931.5		0
932.5		0
933.5		0
934.5		0
935.5		0
936.5		0
937.5		0
938.5		0
939.5		0
940.5		0
941.5		0
942.5		0
943.5		0
944.5		0
945.5		0
946.5		0
947.5		0
948.5		0
949.5		0
950.5		0
951.5		0
952.5		0
953.5		0
954.5		0
955.5		0
956.5		0
957.5		0
958.5		0
959.5		0
960.5		0
961.5		0
962.5		0
963.5		0
964.5		0
965.5		0
966.5		0
967.5		0
968.5		0
969.5		0
970.5		0
971.5		0
972.5		0
973.5		0
974.5		0
975.5		0
976.5		0
977.5		0
978.5		0
979.5		0
980.5		0
981.5		0
982.5		0
983.5		0
984.5		0
985.5		0
986.5		0
987.5		0
988.5		0
989.5		0
990.5		0
991.5		0
992.5		0
993.5		0
994.5		0
995.5		0
996.5		0
997.5		0
998.5		0
999.5		0
