
##### time= 2.075e-08 
0.5		8.77498E+08
1.5		7.1263E+08
2.5		5.86115E+08
3.5		5.00511E+08
4.5		4.38597E+08
5.5		3.90743E+08
6.5		3.51333E+08
7.5		3.18708E+08
8.5		2.9103E+08
9.5		2.67014E+08
10.5		2.45868E+08
11.5		2.272E+08
12.5		2.10657E+08
13.5		1.9615E+08
14.5		1.83142E+08
15.5		1.71527E+08
16.5		1.61033E+08
17.5		1.50856E+08
18.5		1.41622E+08
19.5		1.33162E+08
20.5		1.2518E+08
21.5		1.17734E+08
22.5		1.10627E+08
23.5		1.03635E+08
24.5		9.73949E+07
25.5		9.1645E+07
26.5		8.58883E+07
27.5		8.07946E+07
28.5		7.59837E+07
29.5		7.159E+07
30.5		6.741E+07
31.5		6.35268E+07
32.5		6.01237E+07
33.5		5.66515E+07
34.5		5.36981E+07
35.5		5.07217E+07
36.5		4.79633E+07
37.5		4.54476E+07
38.5		4.30534E+07
39.5		4.07061E+07
40.5		3.85663E+07
41.5		3.65725E+07
42.5		3.47922E+07
43.5		3.30296E+07
44.5		3.13533E+07
45.5		2.97734E+07
46.5		2.82398E+07
47.5		2.68375E+07
48.5		2.55942E+07
49.5		2.42958E+07
50.5		2.31494E+07
51.5		2.20578E+07
52.5		2.10343E+07
53.5		1.9971E+07
54.5		1.90398E+07
55.5		1.81419E+07
56.5		1.72914E+07
57.5		1.65176E+07
58.5		1.58058E+07
59.5		1.50743E+07
60.5		1.4413E+07
61.5		1.37581E+07
62.5		1.31288E+07
63.5		1.2536E+07
64.5		1.19647E+07
65.5		1.14623E+07
66.5		1.09758E+07
67.5		1.0475E+07
68.5		1.00381E+07
69.5		9.61345E+06
70.5		9.25545E+06
71.5		8.84174E+06
72.5		8.44267E+06
73.5		8.13707E+06
74.5		7.78264E+06
75.5		7.45535E+06
76.5		7.1194E+06
77.5		6.82888E+06
78.5		6.56191E+06
79.5		6.29683E+06
80.5		6.04214E+06
81.5		5.8095E+06
82.5		5.57984E+06
83.5		5.3518E+06
84.5		5.13577E+06
85.5		4.93189E+06
86.5		4.73777E+06
87.5		4.56418E+06
88.5		4.38023E+06
89.5		4.21877E+06
90.5		4.07784E+06
91.5		3.92556E+06
92.5		3.75583E+06
93.5		3.62363E+06
94.5		3.49217E+06
95.5		3.36852E+06
96.5		3.23904E+06
97.5		3.11391E+06
98.5		2.98914E+06
99.5		2.87344E+06
100.5		2.77202E+06
101.5		2.66277E+06
102.5		2.56818E+06
103.5		2.4722E+06
104.5		2.38797E+06
105.5		2.30085E+06
106.5		2.21697E+06
107.5		2.13633E+06
108.5		2.06619E+06
109.5		1.99415E+06
110.5		1.91728E+06
111.5		1.84659E+06
112.5		1.79038E+06
113.5		1.72661E+06
114.5		1.66765E+06
115.5		1.59807E+06
116.5		1.54495E+06
117.5		1.48272E+06
118.5		1.43484E+06
119.5		1.39242E+06
120.5		1.33545E+06
121.5		1.2937E+06
122.5		1.24786E+06
123.5		1.20358E+06
124.5		1.16256E+06
125.5		1.1296E+06
126.5		1.09381E+06
127.5		1.06121E+06
128.5		1.02062E+06
129.5		995060
130.5		955264
131.5		924064
132.5		898123
133.5		872309
134.5		827204
135.5		805874
136.5		783723
137.5		757784
138.5		736833
139.5		711931
140.5		690753
141.5		662780
142.5		637239
143.5		616781
144.5		595844
145.5		579814
146.5		563999
147.5		541055
148.5		529702
149.5		513344
150.5		497774
151.5		484851
152.5		470329
153.5		455190
154.5		444394
155.5		433822
156.5		420101
157.5		407824
158.5		394013
159.5		385173
160.5		370446
161.5		363005
162.5		351041
163.5		339726
164.5		327430
165.5		317201
166.5		307360
167.5		295299
168.5		290304
169.5		280569
170.5		271658
171.5		264027
172.5		258540
173.5		250488
174.5		245702
175.5		238454
176.5		232678
177.5		227769
178.5		217402
179.5		212129
180.5		207293
181.5		201833
182.5		194409
183.5		189241
184.5		182726
185.5		178878
186.5		176085
187.5		170758
188.5		164960
189.5		159546
190.5		156358
191.5		150549
192.5		148062
193.5		144838
194.5		140379
195.5		135951
196.5		130760
197.5		128094
198.5		124664
199.5		121045
200.5		117799
201.5		113970
202.5		110365
203.5		107707
204.5		105622
205.5		103475
206.5		100039
207.5		98486.7
208.5		96381.3
209.5		94157.3
210.5		90406.4
211.5		87071.1
212.5		83226.9
213.5		82512.8
214.5		79401.7
215.5		78193.7
216.5		75928.1
217.5		75593.5
218.5		72921.1
219.5		70773.1
220.5		70687.4
221.5		67892.6
222.5		66312.5
223.5		65960.1
224.5		63669.7
225.5		62633.8
226.5		60497.5
227.5		59067.6
228.5		58122.2
229.5		56863
230.5		54249.5
231.5		53499.3
232.5		51910.6
233.5		51489.2
234.5		49740.1
235.5		48692.9
236.5		47135.1
237.5		46222.6
238.5		45957.8
239.5		44956.4
240.5		44092.6
241.5		41983.8
242.5		40965.1
243.5		40025.8
244.5		39559.3
245.5		38236.5
246.5		37541.9
247.5		36197.3
248.5		35821.3
249.5		34574.4
250.5		34263
251.5		32904
252.5		31530.6
253.5		31497.5
254.5		30726.4
255.5		29420.7
256.5		28556
257.5		27783.9
258.5		28085.5
259.5		27717.5
260.5		26806.8
261.5		27463.1
262.5		26137.7
263.5		25833.3
264.5		24703.1
265.5		24824.1
266.5		23674.4
267.5		23920.3
268.5		22760.8
269.5		21714.7
270.5		21112.7
271.5		20789.7
272.5		20808.2
273.5		20714.6
274.5		20100
275.5		20329.3
276.5		19955.8
277.5		19250
278.5		18522.5
279.5		18477.7
280.5		17765.4
281.5		17751.3
282.5		18053.4
283.5		17618.1
284.5		16827.8
285.5		16491.9
286.5		15888.9
287.5		15338.9
288.5		15050.1
289.5		15354.1
290.5		15001.1
291.5		14899.6
292.5		14576.7
293.5		13812.3
294.5		13528.9
295.5		13035.6
296.5		12502
297.5		12147.4
298.5		12280.9
299.5		11932.1
300.5		12612.6
301.5		12329.6
302.5		11628.5
303.5		11555.6
304.5		10996
305.5		10918.9
306.5		10852.4
307.5		10782.8
308.5		9817.3
309.5		10098
310.5		10007.9
311.5		9660.79
312.5		9705.54
313.5		9015.84
314.5		8774.67
315.5		9017.41
316.5		9080.81
317.5		8739.95
318.5		8301.39
319.5		8099.71
320.5		8308.13
321.5		7728.68
322.5		7278.65
323.5		7131.85
324.5		6919.21
325.5		7010.36
326.5		6912.82
327.5		6596.46
328.5		6376.13
329.5		6137.68
330.5		6130.18
331.5		5974.98
332.5		5951.73
333.5		5918.77
334.5		5771.28
335.5		5531.97
336.5		5444.9
337.5		5800.43
338.5		5891.23
339.5		6031.62
340.5		6077.81
341.5		5605.85
342.5		5271.41
343.5		5389.57
344.5		5122.55
345.5		5099.39
346.5		4948.84
347.5		5180.16
348.5		4657.33
349.5		4649.35
350.5		4759.48
351.5		4486.14
352.5		4258.16
353.5		4753.07
354.5		4251.74
355.5		3883.72
356.5		3808.12
357.5		3754.65
358.5		3778.17
359.5		3501.18
360.5		3518.58
361.5		3551.32
362.5		3691.96
363.5		3423.89
364.5		3346.41
365.5		3320.15
366.5		3322.83
367.5		3247.09
368.5		3227.87
369.5		3323.69
370.5		3126.27
371.5		3248.96
372.5		3098.91
373.5		3014.87
374.5		2978.51
375.5		2918.35
376.5		2837.41
377.5		3042.35
378.5		3085.95
379.5		2862.04
380.5		2760.8
381.5		2658.99
382.5		2640.14
383.5		2613.04
384.5		2614.61
385.5		3043.32
386.5		2893.88
387.5		2835.65
388.5		2773.86
389.5		2751.36
390.5		2929.19
391.5		2662.18
392.5		2401.2
393.5		2357.18
394.5		2271.13
395.5		2225.76
396.5		2157.66
397.5		2158.61
398.5		2251.56
399.5		2065.79
400.5		1973.87
401.5		1918.69
402.5		1896.86
403.5		1949.53
404.5		1892.57
405.5		1908.4
406.5		1941.11
407.5		1915.38
408.5		2072.26
409.5		1790.23
410.5		1680.95
411.5		1620.42
412.5		1572.84
413.5		1589.32
414.5		1903.53
415.5		1734.2
416.5		1724.55
417.5		1681.52
418.5		1603.24
419.5		1553.72
420.5		1598.63
421.5		2039.65
422.5		1808.33
423.5		1637.58
424.5		1529.55
425.5		1464.33
426.5		1629.84
427.5		1669.99
428.5		1590.31
429.5		1460.63
430.5		1382.17
431.5		1313.67
432.5		1252.36
433.5		1190.42
434.5		1160.2
435.5		1114.09
436.5		1061.47
437.5		1019.85
438.5		1045.46
439.5		1091.95
440.5		1046.18
441.5		1053.89
442.5		972.734
443.5		939.609
444.5		919.664
445.5		885.906
446.5		864.146
447.5		845.125
448.5		873.729
449.5		868.54
450.5		875.999
451.5		860.113
452.5		840.061
453.5		838.753
454.5		847.74
455.5		1167.79
456.5		1107.56
457.5		1033.4
458.5		961.303
459.5		886.332
460.5		824.401
461.5		798.919
462.5		760.268
463.5		744.349
464.5		726.58
465.5		714.877
466.5		686.268
467.5		679.144
468.5		714.461
469.5		815.711
470.5		745.91
471.5		624.986
472.5		626.194
473.5		634.495
474.5		596.893
475.5		583.967
476.5		564.368
477.5		554.852
478.5		552.414
479.5		559.631
480.5		729.951
481.5		673.642
482.5		499.436
483.5		499.659
484.5		492.128
485.5		494.203
486.5		585.802
487.5		497.604
488.5		439.738
489.5		505.402
490.5		728.343
491.5		594.544
492.5		427.695
493.5		389.95
494.5		378.227
495.5		384.051
496.5		375.641
497.5		365.061
498.5		355.96
499.5		343.241
500.5		461.677
501.5		350.902
502.5		318.651
503.5		316.886
504.5		320.552
505.5		348.065
506.5		371.914
507.5		361.086
508.5		344.154
509.5		399.259
510.5		395.63
511.5		399.915
512.5		437.933
513.5		429.258
514.5		406.27
515.5		376.169
516.5		348.987
517.5		314.714
518.5		316.908
519.5		305.55
520.5		283.885
521.5		297.491
522.5		288.319
523.5		278.453
524.5		279.607
525.5		277.214
526.5		246.493
527.5		344.975
528.5		321.672
529.5		246.5
530.5		239.211
531.5		237.929
532.5		455.338
533.5		398.619
534.5		347.279
535.5		263.025
536.5		271.551
537.5		260.783
538.5		236.727
539.5		200.472
540.5		198.539
541.5		200.101
542.5		198.172
543.5		185.79
544.5		188.057
545.5		181.622
546.5		175.894
547.5		172.607
548.5		194.31
549.5		191.706
550.5		180.795
551.5		163.329
552.5		162.49
553.5		148.181
554.5		144.597
555.5		135.847
556.5		134.002
557.5		126.999
558.5		120.008
559.5		127.115
560.5		154.804
561.5		153.981
562.5		151.445
563.5		150.284
564.5		145.02
565.5		124.047
566.5		114.377
567.5		112.912
568.5		113.494
569.5		112.032
570.5		111.934
571.5		111.156
572.5		114.116
573.5		119.106
574.5		119.003
575.5		113.141
576.5		110.673
577.5		108.549
578.5		103.049
579.5		100.597
580.5		98.4865
581.5		94.3578
582.5		105.051
583.5		88.1405
584.5		88.7374
585.5		96.3858
586.5		97.3103
587.5		84.152
588.5		83.4105
589.5		80.9969
590.5		72.9023
591.5		74.5113
592.5		73.7807
593.5		78.3885
594.5		77.3227
595.5		128.208
596.5		92.4984
597.5		91.7561
598.5		91.3472
599.5		99.5684
600.5		138.948
601.5		134.525
602.5		129.447
603.5		123.717
604.5		121.301
605.5		116.907
606.5		113.511
607.5		111.11
608.5		110.03
609.5		108.952
610.5		108.205
611.5		104.502
612.5		98.1777
613.5		97.1134
614.5		98.0178
615.5		96.628
616.5		90.0038
617.5		90.2579
618.5		89.2047
619.5		87.8267
620.5		89.387
621.5		89.6411
622.5		95.7574
623.5		92.7516
624.5		93.6529
625.5		91.3035
626.5		133.437
627.5		126.194
628.5		122.852
629.5		120.487
630.5		103.562
631.5		86.6648
632.5		80.1339
633.5		77.8106
634.5		73.8779
635.5		73.175
636.5		74.728
637.5		70.4853
638.5		80.0781
639.5		77.4447
640.5		79.3108
641.5		77.9656
642.5		77.9049
643.5		76.5629
644.5		75.8633
645.5		68.1281
646.5		67.4362
647.5		68.0228
648.5		67.3321
649.5		58.0332
650.5		52.2535
651.5		52.2133
652.5		52.4914
653.5		52.1334
654.5		53.6818
655.5		64.7498
656.5		69.4579
657.5		69.405
658.5		90.5697
659.5		72.1477
660.5		73.0416
661.5		72.0385
662.5		71.037
663.5		72.5608
664.5		71.2452
665.5		75.2868
666.5		313.827
667.5		136.194
668.5		121.32
669.5		115.262
670.5		110.155
671.5		107.564
672.5		104.35
673.5		103.333
674.5		100.441
675.5		141.013
676.5		156.843
677.5		125.507
678.5		91.4087
679.5		87.9122
680.5		87.8476
681.5		87.4718
682.5		79.6312
683.5		75.2213
684.5		67.4012
685.5		57.1096
686.5		55.5172
687.5		53.3073
688.5		52.0298
689.5		51.9921
690.5		51.0266
691.5		51.9168
692.5		51.5705
693.5		49.6818
694.5		46.5624
695.5		51.4592
696.5		54.8093
697.5		55.0777
698.5		55.0383
699.5		54.9989
700.5		53.7315
701.5		53.3864
702.5		53.0417
703.5		59.438
704.5		67.3561
705.5		75.5689
706.5		74.5982
707.5		71.4904
708.5		71.7452
709.5		69.559
710.5		53.9618
711.5		50.8773
712.5		50.8416
713.5		53.544
714.5		58.6747
715.5		58.3299
716.5		55.2533
717.5		48.2371
718.5		42.1402
719.5		33.6281
720.5		33.9075
721.5		34.4891
722.5		34.4652
723.5		36.5562
724.5		35.9271
725.5		35.9024
726.5		35.8776
727.5		36.1543
728.5		36.1294
729.5		37.3082
730.5		39.0866
731.5		39.3604
732.5		130.911
733.5		45.3077
734.5		35.082
735.5		35.6575
736.5		35.0344
737.5		35.6091
738.5		50.2376
739.5		74.4089
740.5		67.7888
741.5		76.3975
742.5		70.6797
743.5		61.3934
744.5		53.013
745.5		51.4893
746.5		51.4548
747.5		51.4204
748.5		30.891
749.5		28.1989
750.5		29.07
751.5		29.0507
752.5		28.7351
753.5		28.7161
754.5		28.697
755.5		28.0867
756.5		28.9545
757.5		28.3449
758.5		28.0311
759.5		25.6537
760.5		24.7528
761.5		25.031
762.5		25.6032
763.5		24.7041
764.5		24.688
765.5		25.2593
766.5		24.9493
767.5		24.3463
768.5		24.9168
769.5		24.9006
770.5		25.1772
771.5		23.9906
772.5		25.7293
773.5		229.369
774.5		150.672
775.5		116.433
776.5		99.444
777.5		88.8883
778.5		84.4624
779.5		60.8321
780.5		59.0479
781.5		54.6498
782.5		51.7098
783.5		49.9349
784.5		49.903
785.5		48.7114
786.5		47.5214
787.5		46.6225
788.5		46.3035
789.5		45.6958
790.5		44.5107
791.5		44.7714
792.5		38.6812
793.5		42.4071
794.5		42.957
795.5		42.3538
796.5		42.0392
797.5		40.8618
798.5		39.3983
799.5		37.9367
800.5		37.0513
801.5		37.6023
802.5		35.8577
803.5		36.9821
804.5		35.8131
805.5		35.5045
806.5		25.7534
807.5		25.4515
808.5		25.7216
809.5		24.5632
810.5		25.4044
811.5		24.5329
812.5		23.6625
813.5		22.2234
814.5		19.9318
815.5		15.082
816.5		15.9259
817.5		15.3477
818.5		15.3384
819.5		15.0451
820.5		15.3197
821.5		15.0268
822.5		14.451
823.5		15.0086
824.5		14.4334
825.5		14.4247
826.5		14.6986
827.5		14.1248
828.5		14.1162
829.5		14.672
830.5		13.8172
831.5		13.8089
832.5		13.8006
833.5		14.3553
834.5		13.5028
835.5		13.4947
836.5		13.7676
837.5		13.4786
838.5		13.4705
839.5		13.182
840.5		15.4166
841.5		18.2088
842.5		17.3581
843.5		18.1872
844.5		17.3375
845.5		17.8862
846.5		17.0377
847.5		17.5859
848.5		17.0176
849.5		17.2864
850.5		20.62
851.5		23.6713
852.5		23.6574
853.5		23.0872
854.5		23.6297
855.5		23.0602
856.5		21.6584
857.5		16.6506
858.5		16.6409
859.5		16.6312
860.5		16.3445
861.5		16.335
862.5		16.6022
863.5		16.0395
864.5		16.3066
865.5		16.021
866.5		16.2878
867.5		16.0025
868.5		15.4418
869.5		16.2597
870.5		15.6995
871.5		15.6905
872.5		15.6815
873.5		15.9475
874.5		15.9383
875.5		15.1053
876.5		15.6457
877.5		15.3624
878.5		11.2411
879.5		6.85042
880.5		6.84652
881.5		11.7693
882.5		13.6775
883.5		13.6698
884.5		13.6621
885.5		13.6543
886.5		13.6466
887.5		13.3662
888.5		13.3586
889.5		13.6236
890.5		13.0713
891.5		10.8866
892.5		6.52833
893.5		6.79654
894.5		6.52103
895.5		6.78894
896.5		6.51375
897.5		6.51012
898.5		6.7776
899.5		6.50288
900.5		6.49926
901.5		6.76631
902.5		6.49206
903.5		6.21811
904.5		6.48488
905.5		6.4813
906.5		6.47772
907.5		6.47415
908.5		6.47059
909.5		6.46703
910.5		8.34866
911.5		6.72909
912.5		4.84229
913.5		4.83964
914.5		5.10572
915.5		4.56578
916.5		4.83171
917.5		5.09736
918.5		4.82645
919.5		4.55583
920.5		4.8212
921.5		5.08629
922.5		4.81597
923.5		4.54596
924.5		4.81076
925.5		5.07528
926.5		4.53859
927.5		4.80298
928.5		4.80039
929.5		4.53126
930.5		5.06163
931.5		4.52639
932.5		4.79008
933.5		4.78752
934.5		5.58245
935.5		6.9079
936.5		6.63867
937.5		6.90053
938.5		6.63159
939.5		6.62806
940.5		6.88952
941.5		6.62102
942.5		6.8822
943.5		6.614
944.5		6.87491
945.5		6.34272
946.5		6.86765
947.5		6.60002
948.5		6.59654
949.5		6.59307
950.5		6.5896
951.5		6.58613
952.5		6.58267
953.5		6.57922
954.5		6.8388
955.5		6.83523
956.5		6.30614
957.5		6.56546
958.5		6.82452
959.5		6.29627
960.5		6.81741
961.5		6.28972
962.5		4.97678
963.5		4.18879
964.5		3.92496
965.5		4.18445
966.5		3.92089
967.5		4.18013
968.5		3.91684
969.5		4.17581
970.5		3.91281
971.5		3.91079
972.5		4.16937
973.5		3.90677
974.5		4.16509
975.5		3.90277
976.5		4.16082
977.5		3.89877
978.5		4.15656
979.5		3.89479
980.5		4.15232
981.5		3.89082
982.5		4.14809
983.5		3.62774
984.5		4.14388
985.5		3.88291
986.5		4.13968
987.5		3.87898
988.5		4.13549
989.5		3.87506
990.5		3.8731
991.5		3.87115
992.5		3.8692
993.5		4.12507
994.5		3.8653
995.5		4.12092
996.5		3.86142
997.5		3.85949
998.5		3.85755
999.5		3.85562
