
##### time= 1.95e-08 
0.5		8.89521E+08
1.5		7.19555E+08
2.5		5.89293E+08
3.5		5.01544E+08
4.5		4.3842E+08
5.5		3.89707E+08
6.5		3.50098E+08
7.5		3.1733E+08
8.5		2.89554E+08
9.5		2.65434E+08
10.5		2.44299E+08
11.5		2.25671E+08
12.5		2.09255E+08
13.5		1.94742E+08
14.5		1.81826E+08
15.5		1.70239E+08
16.5		1.59776E+08
17.5		1.49663E+08
18.5		1.40455E+08
19.5		1.32056E+08
20.5		1.24083E+08
21.5		1.16666E+08
22.5		1.09552E+08
23.5		1.02671E+08
24.5		9.64994E+07
25.5		9.08092E+07
26.5		8.50889E+07
27.5		8.00688E+07
28.5		7.52913E+07
29.5		7.09335E+07
30.5		6.68312E+07
31.5		6.29486E+07
32.5		5.95783E+07
33.5		5.60835E+07
34.5		5.316E+07
35.5		5.0195E+07
36.5		4.74752E+07
37.5		4.49987E+07
38.5		4.26283E+07
39.5		4.02898E+07
40.5		3.81514E+07
41.5		3.61925E+07
42.5		3.43907E+07
43.5		3.26636E+07
44.5		3.10255E+07
45.5		2.94632E+07
46.5		2.79529E+07
47.5		2.65649E+07
48.5		2.53244E+07
49.5		2.40476E+07
50.5		2.29048E+07
51.5		2.18367E+07
52.5		2.08192E+07
53.5		1.97785E+07
54.5		1.88505E+07
55.5		1.79485E+07
56.5		1.71147E+07
57.5		1.63481E+07
58.5		1.56429E+07
59.5		1.49121E+07
60.5		1.42568E+07
61.5		1.36167E+07
62.5		1.29959E+07
63.5		1.24087E+07
64.5		1.18389E+07
65.5		1.13365E+07
66.5		1.08606E+07
67.5		1.03542E+07
68.5		9.91898E+06
69.5		9.49968E+06
70.5		9.14289E+06
71.5		8.7348E+06
72.5		8.34071E+06
73.5		8.03486E+06
74.5		7.68231E+06
75.5		7.35395E+06
76.5		7.02411E+06
77.5		6.74284E+06
78.5		6.48431E+06
79.5		6.22044E+06
80.5		5.96609E+06
81.5		5.73887E+06
82.5		5.50908E+06
83.5		5.28761E+06
84.5		5.06809E+06
85.5		4.86263E+06
86.5		4.67213E+06
87.5		4.49547E+06
88.5		4.31639E+06
89.5		4.16003E+06
90.5		4.02337E+06
91.5		3.87125E+06
92.5		3.7006E+06
93.5		3.57298E+06
94.5		3.44644E+06
95.5		3.32535E+06
96.5		3.19732E+06
97.5		3.07121E+06
98.5		2.95065E+06
99.5		2.83615E+06
100.5		2.73E+06
101.5		2.62207E+06
102.5		2.5307E+06
103.5		2.43611E+06
104.5		2.35291E+06
105.5		2.26396E+06
106.5		2.18387E+06
107.5		2.10545E+06
108.5		2.03605E+06
109.5		1.96399E+06
110.5		1.88988E+06
111.5		1.81927E+06
112.5		1.76206E+06
113.5		1.69756E+06
114.5		1.63899E+06
115.5		1.57006E+06
116.5		1.51527E+06
117.5		1.45723E+06
118.5		1.41202E+06
119.5		1.36884E+06
120.5		1.31342E+06
121.5		1.27169E+06
122.5		1.22842E+06
123.5		1.18579E+06
124.5		1.14576E+06
125.5		1.11001E+06
126.5		1.07679E+06
127.5		1.04548E+06
128.5		1.00349E+06
129.5		980362
130.5		940943
131.5		910420
132.5		883970
133.5		856894
134.5		811531
135.5		790909
136.5		770412
137.5		744271
138.5		723729
139.5		699145
140.5		678822
141.5		653020
142.5		627020
143.5		605851
144.5		585697
145.5		570481
146.5		554208
147.5		530755
148.5		520188
149.5		503399
150.5		488163
151.5		474877
152.5		460961
153.5		446431
154.5		435316
155.5		424805
156.5		411971
157.5		399772
158.5		387252
159.5		379132
160.5		363852
161.5		356107
162.5		343994
163.5		334021
164.5		322002
165.5		312345
166.5		302769
167.5		289521
168.5		283847
169.5		274404
170.5		265991
171.5		258271
172.5		252401
173.5		244801
174.5		240069
175.5		233061
176.5		227304
177.5		222248
178.5		212378
179.5		207494
180.5		203113
181.5		197937
182.5		190616
183.5		185547
184.5		178720
185.5		173545
186.5		170904
187.5		166564
188.5		161479
189.5		155019
190.5		152168
191.5		147140
192.5		144714
193.5		141945
194.5		137066
195.5		132632
196.5		127309
197.5		125036
198.5		121437
199.5		117618
200.5		114845
201.5		111208
202.5		107466
203.5		105027
204.5		102793
205.5		100562
206.5		97872.7
207.5		96622.7
208.5		94350.4
209.5		92063.2
210.5		88544.2
211.5		85438.9
212.5		81617.4
213.5		80757.9
214.5		77834.5
215.5		76986.9
216.5		74454
217.5		73807.2
218.5		71490
219.5		69259
220.5		69482.1
221.5		66531.5
222.5		65060.7
223.5		64674.9
224.5		62418.4
225.5		61581.4
226.5		59530.2
227.5		58040.5
228.5		57185.7
229.5		55941.1
230.5		53302.7
231.5		52404.8
232.5		51102.8
233.5		50517.9
234.5		48737.5
235.5		48019.7
236.5		46580.9
237.5		45707.9
238.5		45492.1
239.5		44448.8
240.5		43592.4
241.5		41327.5
242.5		39942.2
243.5		39280
244.5		39076.8
245.5		37543.4
246.5		36831.1
247.5		35659.5
248.5		35135.1
249.5		33824.6
250.5		33483.3
251.5		32261.8
252.5		30908.7
253.5		30840.1
254.5		29963.1
255.5		28291.2
256.5		27821.9
257.5		26991.3
258.5		27390.3
259.5		26942.9
260.5		26003.4
261.5		26610.3
262.5		25181.5
263.5		25249.8
264.5		24237.5
265.5		24511.8
266.5		23154.8
267.5		23205.6
268.5		22236.1
269.5		21258.8
270.5		20710.6
271.5		20357.5
272.5		20247.8
273.5		20277.7
274.5		19672.4
275.5		20009.6
276.5		19581.8
277.5		18597.6
278.5		18016
279.5		18188.5
280.5		17449.3
281.5		17431.1
282.5		17696.1
283.5		17169.2
284.5		16465.4
285.5		16156.6
286.5		15519.4
287.5		14996.7
288.5		14724.3
289.5		15071.3
290.5		14683.1
291.5		14462.4
292.5		14228.9
293.5		13453
294.5		13230.1
295.5		12828.4
296.5		12309.1
297.5		11999.1
298.5		12122.7
299.5		11713.7
300.5		12331.2
301.5		12083.6
302.5		11325.3
303.5		11281.8
304.5		10770.7
305.5		10786.2
306.5		10657.5
307.5		10649.5
308.5		9710.59
309.5		10049.8
310.5		9986.47
311.5		9586.8
312.5		9677.11
313.5		8930.06
314.5		8629.63
315.5		8927.52
316.5		9026.65
317.5		8758.13
318.5		8315.56
319.5		8095
320.5		8355.26
321.5		7732.67
322.5		7279.12
323.5		7127
324.5		6911.03
325.5		7026.46
326.5		6926.2
327.5		6595.48
328.5		6364.05
329.5		6110.96
330.5		6123.11
331.5		5975.19
332.5		5946.75
333.5		5920.31
334.5		5773.4
335.5		5512.69
336.5		5415.87
337.5		5381.48
338.5		5686.07
339.5		5911.41
340.5		6021.75
341.5		5532.83
342.5		5208.42
343.5		5357.6
344.5		5081.47
345.5		5043.4
346.5		4970.62
347.5		5215.35
348.5		4554.73
349.5		4632.86
350.5		4779.59
351.5		4508.96
352.5		4302.22
353.5		4697.18
354.5		4080.17
355.5		3791
356.5		3747.67
357.5		3701.72
358.5		3751.36
359.5		3491.19
360.5		3514.13
361.5		3555.2
362.5		3709.26
363.5		3427.94
364.5		3349.41
365.5		3327.63
366.5		3323.99
367.5		3217.52
368.5		3215.41
369.5		3325.77
370.5		3120.01
371.5		3252.2
372.5		3108.49
373.5		3038.55
374.5		3026.45
375.5		2959.05
376.5		2886.49
377.5		3109.64
378.5		3089.53
379.5		2851.97
380.5		2769.76
381.5		2707.24
382.5		2694.86
383.5		2658.23
384.5		2652.56
385.5		3095.27
386.5		2906.52
387.5		2853.57
388.5		2775.75
389.5		2709.09
390.5		2916.1
391.5		2658.46
392.5		2399.73
393.5		2357.01
394.5		2300.48
395.5		2246.69
396.5		2171.77
397.5		2172.94
398.5		2275.91
399.5		2080.53
400.5		1980.71
401.5		1941.56
402.5		1920.19
403.5		1975.92
404.5		1917.15
405.5		1941.41
406.5		1984.05
407.5		1962.34
408.5		1888.49
409.5		1804.99
410.5		1707.62
411.5		1638.19
412.5		1583.83
413.5		1601.48
414.5		1935.51
415.5		1757.13
416.5		1748.24
417.5		1694.51
418.5		1613.02
419.5		1561.27
420.5		1608.75
421.5		2079.84
422.5		1851.47
423.5		1673.64
424.5		1565.48
425.5		1495.31
426.5		1672.35
427.5		1716.4
428.5		1638.78
429.5		1500.02
430.5		1418.25
431.5		1344.18
432.5		1280.67
433.5		1213.57
434.5		1181.06
435.5		1133.71
436.5		1078.19
437.5		1032.72
438.5		1061.68
439.5		1116.57
440.5		1067.1
441.5		1072.48
442.5		961.506
443.5		930.447
444.5		909.712
445.5		875.506
446.5		852.836
447.5		832.67
448.5		852.565
449.5		845.091
450.5		838.448
451.5		813.509
452.5		790.658
453.5		794.252
454.5		829.883
455.5		1171.74
456.5		1108.13
457.5		1034.15
458.5		956.292
459.5		874.167
460.5		800.281
461.5		772.847
462.5		731.802
463.5		722.176
464.5		708.559
465.5		694.572
466.5		665.401
467.5		663.089
468.5		708.324
469.5		817.716
470.5		743.095
471.5		612.084
472.5		610.243
473.5		618.341
474.5		578.786
475.5		565.487
476.5		543.502
477.5		519.189
478.5		506.787
479.5		515.736
480.5		699.029
481.5		654.166
482.5		471.22
483.5		471.126
484.5		463.961
485.5		459.558
486.5		470.847
487.5		452.74
488.5		417.065
489.5		485.036
490.5		721.15
491.5		579.609
492.5		402.119
493.5		362.786
494.5		350.364
495.5		356.615
496.5		348.494
497.5		337.676
498.5		327.267
499.5		314.558
500.5		441.024
501.5		328.99
502.5		295.487
503.5		294.038
504.5		300.291
505.5		331.532
506.5		356.947
507.5		346.232
508.5		330.552
509.5		391.14
510.5		380.04
511.5		363.61
512.5		407.182
513.5		400.298
514.5		383.135
515.5		355.341
516.5		328.363
517.5		292.314
518.5		295.45
519.5		287.577
520.5		282.374
521.5		297.249
522.5		287.886
523.5		277.406
524.5		278.652
525.5		276.501
526.5		248.727
527.5		353.912
528.5		328.751
529.5		249.149
530.5		241.03
531.5		240.053
532.5		471.41
533.5		411.068
534.5		356.823
535.5		266.807
536.5		276.265
537.5		264.818
538.5		239.233
539.5		200.665
540.5		198.619
541.5		201.037
542.5		206.792
543.5		193.99
544.5		196.406
545.5		189.192
546.5		183.47
547.5		179.976
548.5		202.704
549.5		200.306
550.5		188.699
551.5		170.117
552.5		168.859
553.5		154.005
554.5		150.193
555.5		140.886
556.5		138.926
557.5		131.111
558.5		124.041
559.5		131.608
560.5		161.075
561.5		160.202
562.5		157.507
563.5		156.275
564.5		150.313
565.5		128.362
566.5		118.076
567.5		116.52
568.5		117.143
569.5		115.59
570.5		115.489
571.5		114.665
572.5		117.817
573.5		123.131
574.5		123.023
575.5		116.789
576.5		114.166
577.5		111.908
578.5		106.059
579.5		103.453
580.5		101.211
581.5		96.8205
582.5		108.203
583.5		90.5688
584.5		90.8489
585.5		98.9908
586.5		99.9775
587.5		85.9788
588.5		85.1928
589.5		82.6275
590.5		74.3729
591.5		75.7322
592.5		74.9578
593.5		79.8639
594.5		78.7327
595.5		85.045
596.5		88.5142
597.5		87.7326
598.5		87.3058
599.5		86.8798
600.5		86.4546
601.5		90.6137
602.5		90.5384
603.5		89.0554
604.5		88.63
605.5		86.4483
606.5		84.9725
607.5		83.4992
608.5		83.7811
609.5		84.0626
610.5		83.6437
611.5		81.1275
612.5		74.772
613.5		74.711
614.5		77.0921
615.5		80.8635
616.5		74.8773
617.5		75.5126
618.5		74.4084
619.5		74.0009
620.5		75.677
621.5		76.6567
622.5		82.8336
623.5		80.6893
624.5		81.3167
625.5		79.8687
626.5		80.1504
627.5		75.2537
628.5		75.8837
629.5		76.5127
630.5		75.4188
631.5		74.6709
632.5		76.6748
633.5		73.8658
634.5		70.3747
635.5		69.2902
636.5		70.9495
637.5		66.4416
638.5		76.656
639.5		74.2024
640.5		75.8528
641.5		74.428
642.5		78.1227
643.5		78.4029
644.5		77.3202
645.5		69.4321
646.5		68.6982
647.5		68.985
648.5		68.5922
649.5		58.6996
650.5		52.5517
651.5		52.1725
652.5		52.8096
653.5		52.4309
654.5		54.0808
655.5		65.523
656.5		70.8729
657.5		70.819
658.5		74.135
659.5		73.4053
660.5		74.6956
661.5		73.6305
662.5		72.567
663.5		74.1908
664.5		72.7932
665.5		76.7609
666.5		330.929
667.5		141.912
668.5		126.087
669.5		119.643
670.5		114.21
671.5		111.456
672.5		108.038
673.5		106.625
674.5		103.882
675.5		147.058
676.5		163.905
677.5		130.562
678.5		95.6084
679.5		93.5476
680.5		93.4789
681.5		93.079
682.5		84.7358
683.5		80.0432
684.5		71.7218
685.5		60.7704
686.5		59.076
687.5		56.7245
688.5		55.365
689.5		55.3249
690.5		54.2976
691.5		55.2448
692.5		54.8763
693.5		52.8665
694.5		49.5472
695.5		54.7578
696.5		58.3227
697.5		58.6083
698.5		58.5663
699.5		58.5245
700.5		57.1758
701.5		56.8086
702.5		56.4419
703.5		63.2482
704.5		71.6738
705.5		80.4131
706.5		79.3802
707.5		76.0731
708.5		76.3442
709.5		74.0179
710.5		57.4208
711.5		54.1386
712.5		54.1006
713.5		56.9763
714.5		62.4359
715.5		62.069
716.5		58.7952
717.5		51.3292
718.5		44.8415
719.5		35.7838
720.5		36.0811
721.5		36.6999
722.5		36.6745
723.5		38.8995
724.5		38.2302
725.5		38.2038
726.5		38.1775
727.5		38.4718
728.5		38.4454
729.5		39.6997
730.5		41.5922
731.5		41.8835
732.5		139.303
733.5		48.212
734.5		37.3309
735.5		37.9432
736.5		37.2802
737.5		37.8917
738.5		53.458
739.5		79.1787
740.5		72.1343
741.5		81.2948
742.5		75.2105
743.5		65.3289
744.5		56.4113
745.5		54.7899
746.5		54.7532
747.5		54.7166
748.5		32.8712
749.5		30.0066
750.5		30.9335
751.5		30.9129
752.5		30.5771
753.5		30.5568
754.5		30.5366
755.5		29.8872
756.5		30.8106
757.5		30.1619
758.5		29.828
759.5		27.2982
760.5		26.3395
761.5		26.6356
762.5		27.2444
763.5		26.2877
764.5		26.2705
765.5		26.8784
766.5		26.5486
767.5		25.907
768.5		26.514
769.5		26.4968
770.5		26.7911
771.5		25.5284
772.5		27.3786
773.5		244.072
774.5		160.331
775.5		123.897
776.5		105.819
777.5		94.5862
778.5		89.8767
779.5		64.7316
780.5		62.833
781.5		58.1529
782.5		55.0245
783.5		53.1358
784.5		53.1019
785.5		51.834
786.5		50.5677
787.5		49.6111
788.5		49.2717
789.5		48.625
790.5		47.364
791.5		47.6414
792.5		41.1608
793.5		45.1255
794.5		45.7107
795.5		45.0688
796.5		44.7341
797.5		43.4812
798.5		41.9239
799.5		40.3685
800.5		39.4264
801.5		40.0127
802.5		38.1563
803.5		39.3528
804.5		38.1088
805.5		37.7805
806.5		27.4043
807.5		27.083
808.5		27.3704
809.5		26.1378
810.5		27.0328
811.5		26.1055
812.5		25.1794
813.5		23.648
814.5		21.2095
815.5		16.0488
816.5		16.9468
817.5		16.3316
818.5		16.3216
819.5		16.0096
820.5		16.3017
821.5		15.9901
822.5		15.3773
823.5		15.9706
824.5		15.3587
825.5		15.3493
826.5		15.6408
827.5		15.0302
828.5		15.0211
829.5		15.6125
830.5		14.703
831.5		14.6941
832.5		14.6853
833.5		15.2755
834.5		14.3683
835.5		14.3597
836.5		14.6501
837.5		14.3426
838.5		14.334
839.5		14.027
840.5		14.0187
841.5		14.3084
842.5		13.7041
843.5		14.2915
844.5		13.6879
845.5		13.9772
846.5		13.3745
847.5		13.9607
848.5		13.3587
849.5		13.6475
850.5		13.343
851.5		13.3352
852.5		13.3273
853.5		13.0235
854.5		13.3117
855.5		13.0083
856.5		13.2962
857.5		12.9931
858.5		12.9856
859.5		12.978
860.5		12.9705
861.5		12.6683
862.5		12.9554
863.5		12.6536
864.5		12.6463
865.5		12.639
866.5		12.6317
867.5		12.6244
868.5		12.0303
869.5		12.6099
870.5		12.3096
871.5		12.3025
872.5		12.2955
873.5		12.2884
874.5		12.5738
875.5		11.6899
876.5		12.2674
877.5		11.9685
878.5		7.58544
879.5		2.91582
880.5		2.91416
881.5		3.20376
882.5		2.91086
883.5		2.90921
884.5		2.90756
885.5		2.90592
886.5		2.90428
887.5		2.90265
888.5		2.90101
889.5		2.89938
890.5		2.89775
891.5		2.89613
892.5		2.8945
893.5		2.89288
894.5		2.89127
895.5		2.88965
896.5		2.88804
897.5		2.88643
898.5		2.88482
899.5		2.88322
900.5		2.88162
901.5		2.88002
902.5		2.87842
903.5		2.58915
904.5		2.87524
905.5		2.87365
906.5		2.87207
907.5		2.87048
908.5		2.8689
909.5		2.86733
910.5		2.57918
911.5		2.86418
912.5		2.86261
913.5		2.86104
914.5		2.85948
915.5		2.57212
916.5		2.85635
917.5		2.8548
918.5		2.85324
919.5		2.56652
920.5		2.85014
921.5		2.84859
922.5		2.84705
923.5		2.56096
924.5		2.84397
925.5		2.84243
926.5		2.55681
927.5		2.83937
928.5		2.83784
929.5		2.55268
930.5		2.83479
931.5		2.54994
932.5		2.83174
933.5		2.83023
934.5		3.67733
935.5		4.80624
936.5		4.80367
937.5		5.08353
938.5		4.79855
939.5		4.796
940.5		5.07541
941.5		4.7909
942.5		4.78836
943.5		4.78582
944.5		5.06465
945.5		4.49953
946.5		5.0593
947.5		4.77571
948.5		4.77319
949.5		4.77067
950.5		4.76816
951.5		4.76566
952.5		4.76316
953.5		4.76066
954.5		4.75816
955.5		5.03542
956.5		4.47359
957.5		4.7507
958.5		5.02753
959.5		4.46659
960.5		5.02229
961.5		4.46194
962.5		3.06599
963.5		2.22865
964.5		1.94906
965.5		2.22634
966.5		1.94704
967.5		2.22404
968.5		1.94503
969.5		2.22175
970.5		1.94303
971.5		2.21946
972.5		2.21832
973.5		1.94003
974.5		2.21604
975.5		1.93804
976.5		2.21377
977.5		1.93606
978.5		2.2115
979.5		1.93408
980.5		2.20925
981.5		1.93211
982.5		2.207
983.5		1.93014
984.5		2.20476
985.5		1.92818
986.5		2.20252
987.5		1.92623
988.5		2.20029
989.5		1.92428
990.5		1.92331
991.5		2.19696
992.5		1.92137
993.5		2.19475
994.5		1.91944
995.5		2.19254
996.5		1.91751
997.5		2.19034
998.5		1.91559
999.5		1.91463
