
##### time= 1.825e-08 
0.5		9.11423E+08
1.5		7.34033E+08
2.5		5.98657E+08
3.5		5.07803E+08
4.5		4.42988E+08
5.5		3.93013E+08
6.5		3.52867E+08
7.5		3.19472E+08
8.5		2.91294E+08
9.5		2.66945E+08
10.5		2.45486E+08
11.5		2.2656E+08
12.5		2.10086E+08
13.5		1.95452E+08
14.5		1.8237E+08
15.5		1.70665E+08
16.5		1.60144E+08
17.5		1.49969E+08
18.5		1.40762E+08
19.5		1.3237E+08
20.5		1.24277E+08
21.5		1.16836E+08
22.5		1.09696E+08
23.5		1.02787E+08
24.5		9.65902E+07
25.5		9.09605E+07
26.5		8.52066E+07
27.5		8.01682E+07
28.5		7.53854E+07
29.5		7.09892E+07
30.5		6.68712E+07
31.5		6.29682E+07
32.5		5.95748E+07
33.5		5.60946E+07
34.5		5.31861E+07
35.5		5.01822E+07
36.5		4.7464E+07
37.5		4.49744E+07
38.5		4.26328E+07
39.5		4.02998E+07
40.5		3.81596E+07
41.5		3.61684E+07
42.5		3.43682E+07
43.5		3.26279E+07
44.5		3.10154E+07
45.5		2.9441E+07
46.5		2.79335E+07
47.5		2.65548E+07
48.5		2.53197E+07
49.5		2.40161E+07
50.5		2.28801E+07
51.5		2.18218E+07
52.5		2.08089E+07
53.5		1.97623E+07
54.5		1.88304E+07
55.5		1.79409E+07
56.5		1.70949E+07
57.5		1.63186E+07
58.5		1.5616E+07
59.5		1.48911E+07
60.5		1.42428E+07
61.5		1.35959E+07
62.5		1.2979E+07
63.5		1.23841E+07
64.5		1.18272E+07
65.5		1.13245E+07
66.5		1.08502E+07
67.5		1.03431E+07
68.5		9.90321E+06
69.5		9.48562E+06
70.5		9.12885E+06
71.5		8.72193E+06
72.5		8.33017E+06
73.5		8.01749E+06
74.5		7.65939E+06
75.5		7.33928E+06
76.5		7.01429E+06
77.5		6.7324E+06
78.5		6.47203E+06
79.5		6.21108E+06
80.5		5.95184E+06
81.5		5.72653E+06
82.5		5.48912E+06
83.5		5.27667E+06
84.5		5.05711E+06
85.5		4.84862E+06
86.5		4.65505E+06
87.5		4.47764E+06
88.5		4.30362E+06
89.5		4.14947E+06
90.5		4.00697E+06
91.5		3.85292E+06
92.5		3.68715E+06
93.5		3.56292E+06
94.5		3.43231E+06
95.5		3.31102E+06
96.5		3.18518E+06
97.5		3.0602E+06
98.5		2.94095E+06
99.5		2.82239E+06
100.5		2.7194E+06
101.5		2.61079E+06
102.5		2.51586E+06
103.5		2.42414E+06
104.5		2.34038E+06
105.5		2.25197E+06
106.5		2.17445E+06
107.5		2.0967E+06
108.5		2.02513E+06
109.5		1.95561E+06
110.5		1.87957E+06
111.5		1.80865E+06
112.5		1.75259E+06
113.5		1.68754E+06
114.5		1.62902E+06
115.5		1.56155E+06
116.5		1.50587E+06
117.5		1.44682E+06
118.5		1.40264E+06
119.5		1.3612E+06
120.5		1.30782E+06
121.5		1.26502E+06
122.5		1.22198E+06
123.5		1.1782E+06
124.5		1.14057E+06
125.5		1.10217E+06
126.5		1.07004E+06
127.5		1.03932E+06
128.5		996342
129.5		975106
130.5		935468
131.5		905672
132.5		877048
133.5		849140
134.5		804416
135.5		783359
136.5		761364
137.5		737250
138.5		715623
139.5		692548
140.5		669911
141.5		645954
142.5		621339
143.5		601533
144.5		580548
145.5		564514
146.5		544956
147.5		524765
148.5		515514
149.5		498144
150.5		484655
151.5		470745
152.5		457165
153.5		442454
154.5		432505
155.5		420946
156.5		406585
157.5		393955
158.5		383177
159.5		375882
160.5		360449
161.5		352804
162.5		339687
163.5		331565
164.5		319254
165.5		308620
166.5		298488
167.5		286554
168.5		280772
169.5		270921
170.5		263146
171.5		255945
172.5		249617
173.5		240615
174.5		236838
175.5		230043
176.5		223341
177.5		217768
178.5		209153
179.5		204077
180.5		198959
181.5		194580
182.5		187419
183.5		182657
184.5		176544
185.5		171576
186.5		168387
187.5		164228
188.5		159688
189.5		152776
190.5		150689
191.5		145889
192.5		143593
193.5		141155
194.5		135840
195.5		131173
196.5		126225
197.5		124410
198.5		120871
199.5		117034
200.5		113947
201.5		110673
202.5		106685
203.5		104679
204.5		102561
205.5		100020
206.5		97594.3
207.5		96256.3
208.5		94026.8
209.5		91795.8
210.5		87890.3
211.5		85128.9
212.5		81298.4
213.5		79968.3
214.5		77349.7
215.5		76647
216.5		74214.2
217.5		73423.2
218.5		70977.2
219.5		69075.4
220.5		69500.4
221.5		66487.6
222.5		64669.3
223.5		63675.3
224.5		62145.2
225.5		61040
226.5		59423.7
227.5		57961.9
228.5		57271.3
229.5		56079.1
230.5		53301.5
231.5		52467.3
232.5		51089.1
233.5		50400.3
234.5		48515.8
235.5		47715.5
236.5		45667.3
237.5		44931.9
238.5		45065.6
239.5		44133.8
240.5		43417.5
241.5		41014.7
242.5		39747.6
243.5		39035.3
244.5		38860.8
245.5		37477.2
246.5		36752
247.5		35400.3
248.5		34340.2
249.5		32836.5
250.5		33051.1
251.5		32121.9
252.5		30855.7
253.5		30820.3
254.5		29859.7
255.5		28233
256.5		27737.7
257.5		26532.2
258.5		27027.4
259.5		26729.8
260.5		25722.4
261.5		26082.3
262.5		24930.2
263.5		25075.2
264.5		24109.7
265.5		24617.7
266.5		23198.4
267.5		23317.7
268.5		22237.9
269.5		21253.3
270.5		20573
271.5		20291.7
272.5		20258.9
273.5		20287.2
274.5		19771.1
275.5		20080.9
276.5		19646.7
277.5		18554.1
278.5		17937.2
279.5		18005.7
280.5		17286.2
281.5		17193.8
282.5		17489.9
283.5		17012.9
284.5		16295.5
285.5		16027.4
286.5		15407.7
287.5		14906.8
288.5		14660.1
289.5		15055.6
290.5		14745.6
291.5		14524.4
292.5		14284.5
293.5		13459.3
294.5		13164.5
295.5		12686.9
296.5		12235.7
297.5		11972.5
298.5		12030.5
299.5		11707.7
300.5		12450.9
301.5		12223.8
302.5		11424.8
303.5		11421.8
304.5		10816.4
305.5		10863.2
306.5		10742.5
307.5		10701.8
308.5		9655.02
309.5		9977.11
310.5		9765.97
311.5		9385.4
312.5		9518.29
313.5		8828.37
314.5		8613.21
315.5		8952.75
316.5		9056.49
317.5		8795.91
318.5		8281.46
319.5		8026.06
320.5		8341.77
321.5		7701.15
322.5		7161.32
323.5		7029.53
324.5		6803.78
325.5		6898.3
326.5		6814.61
327.5		6484.59
328.5		6264.68
329.5		6058.18
330.5		6090.68
331.5		5981.01
332.5		5964.41
333.5		5960.02
334.5		5829.86
335.5		5564.4
336.5		5455.39
337.5		5409.08
338.5		5733.04
339.5		5961.77
340.5		5939.49
341.5		5490.31
342.5		5243.64
343.5		5324.24
344.5		5085.53
345.5		5084.13
346.5		4938.8
347.5		5225.11
348.5		4565.29
349.5		4677.86
350.5		4837
351.5		4544.78
352.5		4313.43
353.5		4734.86
354.5		4070.11
355.5		3760.56
356.5		3713.68
357.5		3663.53
358.5		3724.78
359.5		3471.56
360.5		3473.55
361.5		3513.94
362.5		3677.48
363.5		3379.71
364.5		3287.96
365.5		3185.84
366.5		3155.91
367.5		3093.78
368.5		3111.23
369.5		3256.03
370.5		3063.94
371.5		3206.98
372.5		3061.45
373.5		2994.24
374.5		2902.39
375.5		2809.84
376.5		2761.35
377.5		3033.03
378.5		3026.64
379.5		2774.6
380.5		2713.16
381.5		2674.6
382.5		2664.49
383.5		2627.04
384.5		2617.5
385.5		3080.45
386.5		2872.96
387.5		2816.21
388.5		2720.71
389.5		2654.01
390.5		2882.52
391.5		2612.67
392.5		2329.98
393.5		2271.59
394.5		2222.66
395.5		2175.25
396.5		2100.58
397.5		2100.25
398.5		2208.7
399.5		2005.77
400.5		1898
401.5		1851.37
402.5		1821.43
403.5		1887.71
404.5		1827.49
405.5		1852.31
406.5		1878.44
407.5		1897.65
408.5		1834.98
409.5		1745.53
410.5		1653.57
411.5		1588.7
412.5		1542.64
413.5		1562.59
414.5		1918.77
415.5		1728.35
416.5		1720.84
417.5		1674.92
418.5		1590.71
419.5		1533.33
420.5		1586.47
421.5		2019.78
422.5		1813.76
423.5		1635.62
424.5		1540.42
425.5		1472.31
426.5		1650.89
427.5		1699
428.5		1623.37
429.5		1499.77
430.5		1408.52
431.5		1330.83
432.5		1280.42
433.5		1210.6
434.5		1180.84
435.5		1138.75
436.5		1083.05
437.5		1040.73
438.5		1072.19
439.5		1070.97
440.5		1009.44
441.5		1021.05
442.5		917.554
443.5		892.828
444.5		876.923
445.5		871.56
446.5		848.284
447.5		821.566
448.5		839.846
449.5		831.938
450.5		831.014
451.5		815.744
452.5		793.994
453.5		797.89
454.5		836.451
455.5		1201.35
456.5		1133.87
457.5		1055.74
458.5		970.874
459.5		889.646
460.5		815.053
461.5		786.213
462.5		744.118
463.5		733.015
464.5		708.218
465.5		687.33
466.5		669.482
467.5		671.329
468.5		707.323
469.5		825.113
470.5		745.858
471.5		618.265
472.5		614.635
473.5		623.327
474.5		581.951
475.5		566.932
476.5		544.327
477.5		517.964
478.5		505.173
479.5		514.351
480.5		711.08
481.5		662.339
482.5		467.742
483.5		466.838
484.5		460.059
485.5		455.392
486.5		467.491
487.5		449.854
488.5		417.204
489.5		494.036
490.5		746.347
491.5		595.97
492.5		405.514
493.5		363.511
494.5		354.418
495.5		361.532
496.5		352.874
497.5		345.477
498.5		334.785
499.5		317.5
500.5		452.646
501.5		332.957
502.5		297.178
503.5		296.06
504.5		301.936
505.5		304.925
506.5		300.929
507.5		301.043
508.5		288.045
509.5		354.893
510.5		354.954
511.5		366.863
512.5		410.583
513.5		400.397
514.5		381.271
515.5		352.414
516.5		324.021
517.5		285.123
518.5		288.5
519.5		280.925
520.5		274.58
521.5		290.905
522.5		281.734
523.5		270.158
524.5		271.918
525.5		269.24
526.5		250.462
527.5		363.67
528.5		336.8
529.5		251.357
530.5		243.498
531.5		241.666
532.5		489.685
533.5		424.822
534.5		366.476
535.5		275.099
536.5		286.012
537.5		273.79
538.5		247.655
539.5		209.238
540.5		206.66
541.5		209.645
542.5		215.402
543.5		202.125
544.5		204.315
545.5		197.007
546.5		190.898
547.5		186.775
548.5		211.459
549.5		208.508
550.5		196.504
551.5		176.654
552.5		175.315
553.5		159.055
554.5		155.38
555.5		145.439
556.5		143.35
557.5		135.004
558.5		127.455
559.5		135.153
560.5		167.034
561.5		166.106
562.5		163.231
563.5		161.918
564.5		155.553
565.5		132.103
566.5		121.117
567.5		119.847
568.5		120.129
569.5		118.474
570.5		118.371
571.5		117.494
572.5		120.867
573.5		126.934
574.5		126.438
575.5		119.781
576.5		116.983
577.5		114.96
578.5		108.33
579.5		105.549
580.5		103.541
581.5		98.471
582.5		111.785
583.5		96.7721
584.5		97.0715
585.5		105.771
586.5		106.825
587.5		91.8678
588.5		91.0279
589.5		88.2869
590.5		79.4669
591.5		80.9193
592.5		80.0919
593.5		85.334
594.5		84.1254
595.5		90.87
596.5		94.5769
597.5		93.7417
598.5		93.2857
599.5		92.8305
600.5		92.3761
601.5		96.8201
602.5		96.7397
603.5		95.1551
604.5		94.7005
605.5		92.3694
606.5		90.7925
607.5		89.2183
608.5		89.5195
609.5		89.8203
610.5		89.3728
611.5		86.6842
612.5		79.8934
613.5		79.8282
614.5		82.3723
615.5		86.402
616.5		80.0059
617.5		80.6847
618.5		79.5049
619.5		79.0695
620.5		75.2966
621.5		74.1241
622.5		80.36
623.5		78.0754
624.5		79.1221
625.5		77.5811
626.5		78.9957
627.5		77.0885
628.5		77.7642
629.5		78.439
630.5		77.2728
631.5		76.4763
632.5		78.2527
633.5		75.6213
634.5		71.8936
635.5		70.7375
636.5		72.513
637.5		67.6989
638.5		78.6155
639.5		75.9964
640.5		77.7625
641.5		76.2427
642.5		76.5478
643.5		75.0314
644.5		73.5174
645.5		65.4598
646.5		64.6824
647.5		64.9955
648.5		64.5825
649.5		54.019
650.5		47.4567
651.5		47.0583
652.5		47.7456
653.5		47.3477
654.5		48.0338
655.5		54.8539
656.5		60.9424
657.5		60.1754
658.5		59.4095
659.5		59.0047
660.5		59.679
661.5		58.9154
662.5		58.8709
663.5		59.544
664.5		58.7823
665.5		61.9615
666.5		334.627
667.5		131.963
668.5		115.783
669.5		108.912
670.5		102.765
671.5		100.192
672.5		96.1984
673.5		95.0588
674.5		92.1423
675.5		138.644
676.5		156.304
677.5		120.691
678.5		83.0025
679.5		82.2325
680.5		81.1095
681.5		80.696
682.5		72.1488
683.5		67.1482
684.5		58.6235
685.5		47.9938
686.5		49.722
687.5		47.5716
688.5		45.7764
689.5		45.7432
690.5		45.0068
691.5		45.677
692.5		45.644
693.5		44.5585
694.5		45.5782
695.5		50.8007
696.5		55.3155
697.5		54.926
698.5		55.2362
699.5		55.1967
700.5		53.7609
701.5		53.7226
702.5		52.6385
703.5		60.2649
704.5		69.6209
705.5		78.268
706.5		77.8649
707.5		73.9889
708.5		74.2838
709.5		71.8033
710.5		54.0745
711.5		50.919
712.5		50.5371
713.5		52.923
714.5		52.886
715.5		52.849
716.5		49.7055
717.5		41.7373
718.5		36.5378
719.5		34.1012
720.5		34.4218
721.5		35.0859
722.5		35.0616
723.5		37.4418
724.5		36.7295
725.5		36.7041
726.5		37.0217
727.5		36.9962
728.5		36.9708
729.5		38.3138
730.5		40.3387
731.5		40.6527
732.5		145.089
733.5		47.4204
734.5		35.7967
735.5		36.4538
736.5		36.0886
737.5		36.4043
738.5		53.0395
739.5		80.8645
740.5		73.0005
741.5		66.8437
742.5		59.678
743.5		57.6048
744.5		56.2116
745.5		54.8203
746.5		52.4164
747.5		49.6777
748.5		26.0043
749.5		23.287
750.5		23.946
751.5		23.9301
752.5		23.5773
753.5		23.8983
754.5		23.5461
755.5		23.1943
756.5		23.8509
757.5		23.4994
758.5		23.4839
759.5		20.1158
760.5		19.4325
761.5		19.7545
762.5		20.0762
763.5		20.7318
764.5		24.3941
765.5		24.7121
766.5		24.6959
767.5		24.0128
768.5		24.6638
769.5		24.3147
770.5		24.9646
771.5		23.6179
772.5		25.5971
773.5		257.135
774.5		167.66
775.5		128.402
776.5		109.419
777.5		97.4198
778.5		92.39
779.5		64.5322
780.5		63.168
781.5		58.5004
782.5		54.8297
783.5		53.1443
784.5		53.1104
785.5		51.4282
786.5		50.4071
787.5		49.3874
788.5		48.698
789.5		48.3383
790.5		46.9932
791.5		46.9635
792.5		40.3697
793.5		44.6083
794.5		45.2358
795.5		44.5522
796.5		43.8694
797.5		42.8604
798.5		41.1987
799.5		39.539
800.5		38.5346
801.5		39.1633
802.5		37.182
803.5		38.1367
804.5		37.1357
805.5		36.7871
806.5		25.7025
807.5		25.3614
808.5		25.6707
809.5		24.3558
810.5		25.3144
811.5		24.3258
812.5		23.3384
813.5		21.7043
814.5		19.101
815.5		13.9125
816.5		14.5507
817.5		13.8955
818.5		13.887
819.5		13.5558
820.5		13.8701
821.5		13.5393
822.5		13.2089
823.5		13.5228
824.5		12.8711
825.5		12.8633
826.5		13.1769
827.5		12.8477
828.5		12.519
829.5		13.153
830.5		12.1833
831.5		12.4964
832.5		12.1686
833.5		12.8014
834.5		12.154
835.5		11.8271
836.5		12.1395
837.5		12.1322
838.5		11.8059
839.5		11.7989
840.5		11.4732
841.5		11.7849
842.5		11.4596
843.5		11.7709
844.5		11.446
845.5		11.4392
846.5		11.1149
847.5		11.4257
848.5		11.1018
849.5		11.0952
850.5		11.0887
851.5		10.7656
852.5		11.0757
853.5		10.7529
854.5		10.7466
855.5		10.7404
856.5		10.7341
857.5		10.7278
858.5		10.7216
859.5		10.4002
860.5		10.7091
861.5		10.3881
862.5		10.3821
863.5		10.3761
864.5		10.3701
865.5		10.05
866.5		10.3581
867.5		10.3521
868.5		9.71912
869.5		10.0269
870.5		10.0211
871.5		10.0154
872.5		10.0096
873.5		10.0039
874.5		9.99816
875.5		9.36792
876.5		9.98675
877.5		9.66915
878.5		4.98769
879.5		0
880.5		0
881.5		0
882.5		0
883.5		0
884.5		0
885.5		0
886.5		0
887.5		0
888.5		0
889.5		0
890.5		0
891.5		0
892.5		0
893.5		0
894.5		0
895.5		0
896.5		0
897.5		0
898.5		0
899.5		0
900.5		0
901.5		0
902.5		0
903.5		0
904.5		0
905.5		0
906.5		0
907.5		0
908.5		0
909.5		0
910.5		0
911.5		0
912.5		0
913.5		0
914.5		0
915.5		0
916.5		0
917.5		0
918.5		0
919.5		0
920.5		0
921.5		0
922.5		0
923.5		0
924.5		0
925.5		0
926.5		0
927.5		0
928.5		0
929.5		0
930.5		0
931.5		0
932.5		0
933.5		0
934.5		0
935.5		0
936.5		0
937.5		0
938.5		0
939.5		0
940.5		0
941.5		0
942.5		0
943.5		0
944.5		0
945.5		0
946.5		0
947.5		0
948.5		0
949.5		0
950.5		0
951.5		0
952.5		0
953.5		0
954.5		0
955.5		0
956.5		0
957.5		0
958.5		0
959.5		0
960.5		0
961.5		0
962.5		0
963.5		0
964.5		0
965.5		0
966.5		0
967.5		0
968.5		0
969.5		0
970.5		0
971.5		0
972.5		0
973.5		0
974.5		0
975.5		0
976.5		0
977.5		0
978.5		0
979.5		0
980.5		0
981.5		0
982.5		0
983.5		0
984.5		0
985.5		0
986.5		0
987.5		0
988.5		0
989.5		0
990.5		0
991.5		0
992.5		0
993.5		0
994.5		0
995.5		0
996.5		0
997.5		0
998.5		0
999.5		0
