
##### time= 1.25e-08 
0.5		1.05307E+09
1.5		8.25131E+08
2.5		6.54931E+08
3.5		5.44138E+08
4.5		4.67412E+08
5.5		4.09578E+08
6.5		3.63909E+08
7.5		3.27143E+08
8.5		2.96657E+08
9.5		2.70487E+08
10.5		2.47566E+08
11.5		2.27348E+08
12.5		2.10509E+08
13.5		1.95543E+08
14.5		1.82093E+08
15.5		1.69964E+08
16.5		1.59134E+08
17.5		1.48678E+08
18.5		1.39443E+08
19.5		1.31085E+08
20.5		1.23004E+08
21.5		1.15512E+08
22.5		1.08314E+08
23.5		1.0151E+08
24.5		9.52396E+07
25.5		8.96046E+07
26.5		8.39286E+07
27.5		7.89122E+07
28.5		7.4074E+07
29.5		6.97847E+07
30.5		6.55734E+07
31.5		6.17969E+07
32.5		5.83351E+07
33.5		5.48892E+07
34.5		5.20062E+07
35.5		4.89892E+07
36.5		4.63324E+07
37.5		4.38631E+07
38.5		4.1514E+07
39.5		3.92226E+07
40.5		3.71219E+07
41.5		3.51127E+07
42.5		3.33243E+07
43.5		3.16253E+07
44.5		3.00848E+07
45.5		2.85431E+07
46.5		2.70364E+07
47.5		2.5674E+07
48.5		2.44536E+07
49.5		2.32047E+07
50.5		2.21094E+07
51.5		2.11011E+07
52.5		2.01175E+07
53.5		1.91218E+07
54.5		1.81628E+07
55.5		1.73162E+07
56.5		1.6478E+07
57.5		1.57418E+07
58.5		1.50513E+07
59.5		1.43586E+07
60.5		1.37466E+07
61.5		1.3137E+07
62.5		1.25014E+07
63.5		1.19426E+07
64.5		1.14084E+07
65.5		1.09151E+07
66.5		1.04439E+07
67.5		9.9397E+06
68.5		9.49518E+06
69.5		9.07748E+06
70.5		8.72507E+06
71.5		8.33341E+06
72.5		7.97091E+06
73.5		7.66978E+06
74.5		7.33334E+06
75.5		7.02214E+06
76.5		6.70455E+06
77.5		6.43309E+06
78.5		6.17855E+06
79.5		5.928E+06
80.5		5.67564E+06
81.5		5.48358E+06
82.5		5.24553E+06
83.5		5.0392E+06
84.5		4.8404E+06
85.5		4.6292E+06
86.5		4.43694E+06
87.5		4.28088E+06
88.5		4.10318E+06
89.5		3.95268E+06
90.5		3.80617E+06
91.5		3.68083E+06
92.5		3.51276E+06
93.5		3.40041E+06
94.5		3.27269E+06
95.5		3.15646E+06
96.5		3.02513E+06
97.5		2.90891E+06
98.5		2.78535E+06
99.5		2.66609E+06
100.5		2.56265E+06
101.5		2.45881E+06
102.5		2.3738E+06
103.5		2.29059E+06
104.5		2.20522E+06
105.5		2.11623E+06
106.5		2.039E+06
107.5		1.97163E+06
108.5		1.89847E+06
109.5		1.83256E+06
110.5		1.75918E+06
111.5		1.69129E+06
112.5		1.63979E+06
113.5		1.57621E+06
114.5		1.51983E+06
115.5		1.46002E+06
116.5		1.4077E+06
117.5		1.34987E+06
118.5		1.30444E+06
119.5		1.26149E+06
120.5		1.2088E+06
121.5		1.17177E+06
122.5		1.13245E+06
123.5		1.09554E+06
124.5		1.06813E+06
125.5		1.02821E+06
126.5		994891
127.5		962554
128.5		928038
129.5		904943
130.5		867666
131.5		840492
132.5		815318
133.5		782495
134.5		746059
135.5		725633
136.5		709624
137.5		686960
138.5		670490
139.5		649731
140.5		623927
141.5		599974
142.5		574713
143.5		560856
144.5		535767
145.5		522780
146.5		504151
147.5		483794
148.5		474660
149.5		459890
150.5		445987
151.5		436334
152.5		426550
153.5		407452
154.5		400698
155.5		390828
156.5		377288
157.5		367392
158.5		356555
159.5		349549
160.5		334889
161.5		325215
162.5		312995
163.5		306524
164.5		294235
165.5		282257
166.5		274894
167.5		263387
168.5		260450
169.5		249856
170.5		243570
171.5		237492
172.5		232137
173.5		220454
174.5		217199
175.5		211916
176.5		207423
177.5		203216
178.5		194593
179.5		188928
180.5		182944
181.5		179087
182.5		171567
183.5		168440
184.5		163281
185.5		157629
186.5		152762
187.5		150986
188.5		148375
189.5		140779
190.5		139868
191.5		134056
192.5		131211
193.5		129521
194.5		125615
195.5		119270
196.5		115508
197.5		115505
198.5		112272
199.5		107691
200.5		104250
201.5		101568
202.5		97905.4
203.5		96277.3
204.5		94555.9
205.5		92178.2
206.5		90900.5
207.5		90045.3
208.5		86953.6
209.5		84673.1
210.5		80991.6
211.5		77258.4
212.5		73733
213.5		73150.2
214.5		71228.6
215.5		70722.2
216.5		67254.5
217.5		67834.2
218.5		66144.8
219.5		63386.2
220.5		63092.4
221.5		60103.8
222.5		59091.3
223.5		57654.2
224.5		56110.4
225.5		55328.2
226.5		54546.3
227.5		52367.4
228.5		52929.2
229.5		50343.6
230.5		48462.6
231.5		47507.5
232.5		46822.3
233.5		46746.6
234.5		44899.1
235.5		43458.7
236.5		41826.4
237.5		41439.8
238.5		41240.2
239.5		40654.5
240.5		39951.4
241.5		37186.4
242.5		35423.9
243.5		35103.8
244.5		34696.4
245.5		33872.3
246.5		33017.4
247.5		31595.8
248.5		30621.7
249.5		29029
250.5		29494.3
251.5		27921.5
252.5		27117.4
253.5		27003.7
254.5		25607.8
255.5		24422.5
256.5		24107
257.5		23158.2
258.5		23691.4
259.5		23903.7
260.5		23127.2
261.5		23601
262.5		22247.2
263.5		22468.3
264.5		21763.1
265.5		22174.9
266.5		20664.1
267.5		20229.5
268.5		19692.1
269.5		18777.9
270.5		18113.3
271.5		18025
272.5		17509
273.5		17176.8
274.5		17340.9
275.5		17454
276.5		17358.3
277.5		16026.5
278.5		15376.1
279.5		15036.3
280.5		14853.2
281.5		15105.8
282.5		14813.4
283.5		14736
284.5		14164.6
285.5		14224.4
286.5		13513.4
287.5		13314.8
288.5		13137.7
289.5		13319.5
290.5		13576.7
291.5		13672.7
292.5		13469.5
293.5		12152
294.5		12045.7
295.5		11487.8
296.5		10863.6
297.5		10606.8
298.5		10893.5
299.5		10523
300.5		11062.6
301.5		10547.1
302.5		9948.68
303.5		9617.12
304.5		9136.71
305.5		9042.25
306.5		8844.88
307.5		8916.64
308.5		8414.48
309.5		8633.98
310.5		8319.97
311.5		7977.95
312.5		8363.51
313.5		7534.19
314.5		7450.7
315.5		7720.64
316.5		7427.12
317.5		7208.74
318.5		6861.81
319.5		6721.25
320.5		7469.54
321.5		6688.28
322.5		6127.29
323.5		6027.06
324.5		5773.64
325.5		6054.88
326.5		6038.88
327.5		5696.45
328.5		5393.78
329.5		5076.44
330.5		4938.9
331.5		4848.47
332.5		4743.52
333.5		4597.53
334.5		4806.02
335.5		4449.03
336.5		4335.79
337.5		4331.56
338.5		4749.68
339.5		4708.27
340.5		4854.87
341.5		4379.85
342.5		4071.68
343.5		4354.7
344.5		4057.66
345.5		3901.56
346.5		3624.89
347.5		3480.73
348.5		3332.66
349.5		3569.61
350.5		3541.46
351.5		3433.53
352.5		3448.77
353.5		4119.04
354.5		3252.75
355.5		2769.53
356.5		2704.2
357.5		2662.6
358.5		2789.98
359.5		2586.89
360.5		2518.64
361.5		2538.57
362.5		3102.59
363.5		2761.53
364.5		2677.89
365.5		2594.5
366.5		2571.93
367.5		2540.98
368.5		2544.56
369.5		2479.36
370.5		2426.25
371.5		2495.07
372.5		2459.57
373.5		2422.77
374.5		2318.46
375.5		2160.83
376.5		2111.37
377.5		2489.05
378.5		2415.04
379.5		2228.35
380.5		2156.95
381.5		2118.9
382.5		2105.78
383.5		2026.58
384.5		2035.63
385.5		2743.41
386.5		2538.12
387.5		2408.07
388.5		2276.99
389.5		2175.63
390.5		2548.3
391.5		2282.56
392.5		1885.41
393.5		1827.25
394.5		1797.09
395.5		1739.19
396.5		1692.96
397.5		1770
398.5		1713.04
399.5		1640.7
400.5		1617.08
401.5		1605.64
402.5		1572.04
403.5		1640.61
404.5		1474.25
405.5		1572.25
406.5		1698.1
407.5		1743.46
408.5		1747.34
409.5		1657.87
410.5		1551.99
411.5		1496.9
412.5		1436.64
413.5		1447.5
414.5		1490.15
415.5		1404.31
416.5		1421.13
417.5		1379.16
418.5		1348.49
419.5		1342.27
420.5		1428.83
421.5		1769.46
422.5		1467.44
423.5		1299.21
424.5		1219.11
425.5		1171.25
426.5		1399.8
427.5		1524.73
428.5		1442.8
429.5		1261.46
430.5		1158.57
431.5		1090.34
432.5		1032
433.5		953.062
434.5		951.317
435.5		908.854
436.5		856.159
437.5		813.259
438.5		869.665
439.5		841.006
440.5		822.054
441.5		876.335
442.5		729.133
443.5		690.518
444.5		679.503
445.5		684.492
446.5		672.873
447.5		631.308
448.5		638.885
449.5		622.903
450.5		624.754
451.5		629.775
452.5		629.079
453.5		673.36
454.5		699.195
455.5		1095.36
456.5		985.565
457.5		968.721
458.5		967.664
459.5		853.336
460.5		743.029
461.5		709.57
462.5		647.332
463.5		634.101
464.5		630.915
465.5		625.86
466.5		595.834
467.5		573.984
468.5		594.561
469.5		768.246
470.5		689.691
471.5		506.314
472.5		500.813
473.5		485.405
474.5		435.352
475.5		421.902
476.5		414.662
477.5		412.375
478.5		405.777
479.5		433.076
480.5		726.17
481.5		659.636
482.5		386.282
483.5		388.337
484.5		389.161
485.5		392.434
486.5		400.592
487.5		395.294
488.5		385.734
489.5		510.941
490.5		879.53
491.5		667.495
492.5		376.262
493.5		321.229
494.5		312.411
495.5		323.61
496.5		323.284
497.5		318.726
498.5		309.343
499.5		308.43
500.5		505.898
501.5		334.921
502.5		273.808
503.5		270.53
504.5		276.268
505.5		277.194
506.5		268.529
507.5		272.456
508.5		260.822
509.5		363.358
510.5		367.181
511.5		371.594
512.5		409.963
513.5		395.872
514.5		374.672
515.5		357.672
516.5		317.557
517.5		262.695
518.5		261.257
519.5		255.086
520.5		246.563
521.5		247.508
522.5		239.009
523.5		228.758
524.5		232.074
525.5		230.676
526.5		216.347
527.5		264.304
528.5		257.599
529.5		246.218
530.5		236.615
531.5		232.296
532.5		595.101
533.5		494.09
534.5		411.356
535.5		278.645
536.5		292.363
537.5		277.544
538.5		236.013
539.5		177.717
540.5		172.33
541.5		158.258
542.5		163.904
543.5		158.545
544.5		161.868
545.5		155.367
546.5		152.339
547.5		145.282
548.5		184.893
549.5		184.149
550.5		167.308
551.5		140.159
552.5		143.475
553.5		126.717
554.5		126.03
555.5		124.772
556.5		124.66
557.5		119.406
558.5		115.874
559.5		119.763
560.5		123.645
561.5		124.104
562.5		123.425
563.5		122.178
564.5		115.825
565.5		106.079
566.5		100.317
567.5		97.9639
568.5		98.4435
569.5		97.7917
570.5		96.5764
571.5		97.0562
572.5		96.9714
573.5		95.7602
574.5		96.2396
575.5		93.9067
576.5		88.7688
577.5		88.1306
578.5		86.9327
579.5		87.418
580.5		85.663
581.5		77.1982
582.5		98.3711
583.5		75.9489
584.5		75.3259
585.5		74.7041
586.5		74.6404
587.5		70.1245
588.5		68.9527
589.5		66.6718
590.5		55.5128
591.5		55.4658
592.5		56.5274
593.5		55.3723
594.5		54.2192
595.5		54.7264
596.5		55.2329
597.5		55.7385
598.5		54.5891
599.5		55.6455
600.5		53.3972
601.5		61.6032
602.5		60.4529
603.5		59.8537
604.5		59.2555
605.5		55.9173
606.5		53.6801
607.5		52.5413
608.5		53.5918
609.5		53.0015
610.5		52.958
611.5		52.3692
612.5		52.8715
613.5		53.373
614.5		54.4179
615.5		52.7425
616.5		53.7863
617.5		53.7427
618.5		52.6144
619.5		52.5719
620.5		54.1542
621.5		51.9462
622.5		54.0671
623.5		51.3226
624.5		53.4407
625.5		51.2404
626.5		53.3553
627.5		51.6972
628.5		51.6561
629.5		52.1527
630.5		51.5741
631.5		51.5332
632.5		54.1744
633.5		49.844
634.5		43.9138
635.5		43.3441
636.5		45.4488
637.5		42.7418
638.5		59.7916
639.5		57.6111
640.5		58.6322
641.5		58.0539
642.5		58.5409
643.5		55.8365
644.5		53.1363
645.5		52.5642
646.5		51.993
647.5		52.4829
648.5		51.383
649.5		44.4624
650.5		38.0813
651.5		36.9951
652.5		38.0229
653.5		37.9938
654.5		38.492
655.5		41.624
656.5		43.6982
657.5		43.665
658.5		42.5804
659.5		42.0229
660.5		43.0408
661.5		42.4838
662.5		42.4517
663.5		42.9434
664.5		42.3878
665.5		41.833
666.5		42.3241
667.5		42.2924
668.5		43.826
669.5		46.9213
670.5		45.3234
671.5		47.372
672.5		46.2964
673.5		46.7818
674.5		46.2277
675.5		45.6744
676.5		45.6406
677.5		46.1252
678.5		46.0912
679.5		46.0573
680.5		44.9892
681.5		45.9896
682.5		45.9559
683.5		45.4063
684.5		45.3731
685.5		45.34
686.5		45.307
687.5		43.7306
688.5		41.1283
689.5		40.5848
690.5		40.042
691.5		40.526
692.5		41.0094
693.5		39.9553
694.5		40.4384
695.5		40.4093
696.5		40.3803
697.5		39.3298
698.5		40.3224
699.5		40.2936
700.5		39.2455
701.5		37.6895
702.5		37.1537
703.5		48.3164
704.5		52.3479
705.5		55.3581
706.5		55.3189
707.5		51.2225
708.5		49.666
709.5		50.6439
710.5		49.09
711.5		48.5497
712.5		49.021
713.5		52.5218
714.5		52.485
715.5		49.4224
716.5		43.3404
717.5		32.2309
718.5		31.7052
719.5		32.186
720.5		32.1637
721.5		32.6436
722.5		33.1229
723.5		36.6106
724.5		36.0841
725.5		35.5584
726.5		35.5339
727.5		36.5098
728.5		36.4847
729.5		37.958
730.5		40.4276
731.5		41.3975
732.5		194.385
733.5		51.3027
734.5		34.8422
735.5		35.8133
736.5		34.7948
737.5		35.7647
738.5		58.5746
739.5		100.7
740.5		89.7261
741.5		85.2071
742.5		78.714
743.5		75.6927
744.5		73.1699
745.5		71.6386
746.5		68.1345
747.5		64.1417
748.5		29.5841
749.5		25.6224
750.5		26.5902
751.5		26.5725
752.5		26.0631
753.5		26.5372
754.5		26.0285
755.5		25.5205
756.5		26.4845
757.5		25.9769
758.5		25.9598
759.5		21.0478
760.5		20.0557
761.5		20.5313
762.5		21.0064
763.5		20.5044
764.5		20.491
765.5		20.4776
766.5		20.9515
767.5		19.964
768.5		20.4376
769.5		20.4243
770.5		20.8971
771.5		19.4265
772.5		20.87
773.5		354.56
774.5		223.941
775.5		167.121
776.5		139.42
777.5		121.914
778.5		107.815
779.5		58.946
780.5		53.5969
781.5		50.6673
782.5		49.6704
783.5		46.7472
784.5		45.7541
785.5		44.281
786.5		42.8098
787.5		41.8212
788.5		40.8339
789.5		40.3279
790.5		38.8631
791.5		38.359
792.5		28.2719
793.5		27.2963
794.5		27.7577
795.5		27.7403
796.5		26.7669
797.5		26.2724
798.5		26.256
799.5		25.2854
800.5		24.7928
801.5		25.2538
802.5		23.8095
803.5		24.2706
804.5		23.7799
805.5		23.2898
806.5		23.2754
807.5		22.3115
808.5		22.7722
809.5		21.8098
810.5		22.2702
811.5		21.3094
812.5		21.7695
813.5		21.2832
814.5		21.2701
815.5		20.3123
816.5		21.2441
817.5		20.2875
818.5		20.2751
819.5		19.7915
820.5		20.2503
821.5		19.7673
822.5		19.285
823.5		19.7433
824.5		18.7918
825.5		18.7804
826.5		19.2382
827.5		18.7577
828.5		18.2777
829.5		19.2034
830.5		17.7876
831.5		18.2447
832.5		17.7662
833.5		18.69
834.5		17.7449
835.5		17.2676
836.5		17.7237
837.5		17.7131
838.5		17.2367
839.5		17.2264
840.5		16.7508
841.5		17.2059
842.5		16.7309
843.5		17.1855
844.5		16.7111
845.5		16.7012
846.5		16.2277
847.5		16.6815
848.5		16.2086
849.5		16.199
850.5		16.1895
851.5		15.7177
852.5		16.1705
853.5		15.6993
854.5		15.6901
855.5		15.6809
856.5		15.6718
857.5		15.6626
858.5		15.6535
859.5		15.1843
860.5		15.6353
861.5		15.1666
862.5		15.1578
863.5		15.1491
864.5		15.1403
865.5		14.673
866.5		15.1228
867.5		15.1141
868.5		14.1899
869.5		14.6392
870.5		14.6308
871.5		14.6224
872.5		14.614
873.5		14.6057
874.5		14.5973
875.5		13.6772
876.5		14.5807
877.5		14.117
878.5		7.28202
879.5		0
880.5		0
881.5		0
882.5		0
883.5		0
884.5		0
885.5		0
886.5		0
887.5		0
888.5		0
889.5		0
890.5		0
891.5		0
892.5		0
893.5		0
894.5		0
895.5		0
896.5		0
897.5		0
898.5		0
899.5		0
900.5		0
901.5		0
902.5		0
903.5		0
904.5		0
905.5		0
906.5		0
907.5		0
908.5		0
909.5		0
910.5		0
911.5		0
912.5		0
913.5		0
914.5		0
915.5		0
916.5		0
917.5		0
918.5		0
919.5		0
920.5		0
921.5		0
922.5		0
923.5		0
924.5		0
925.5		0
926.5		0
927.5		0
928.5		0
929.5		0
930.5		0
931.5		0
932.5		0
933.5		0
934.5		0
935.5		0
936.5		0
937.5		0
938.5		0
939.5		0
940.5		0
941.5		0
942.5		0
943.5		0
944.5		0
945.5		0
946.5		0
947.5		0
948.5		0
949.5		0
950.5		0
951.5		0
952.5		0
953.5		0
954.5		0
955.5		0
956.5		0
957.5		0
958.5		0
959.5		0
960.5		0
961.5		0
962.5		0
963.5		0
964.5		0
965.5		0
966.5		0
967.5		0
968.5		0
969.5		0
970.5		0
971.5		0
972.5		0
973.5		0
974.5		0
975.5		0
976.5		0
977.5		0
978.5		0
979.5		0
980.5		0
981.5		0
982.5		0
983.5		0
984.5		0
985.5		0
986.5		0
987.5		0
988.5		0
989.5		0
990.5		0
991.5		0
992.5		0
993.5		0
994.5		0
995.5		0
996.5		0
997.5		0
998.5		0
999.5		0
