
##### time= 2.5e-09 
0.5		2.73866E+09
1.5		1.88949E+09
2.5		1.29351E+09
3.5		9.34221E+08
4.5		7.09233E+08
5.5		5.60693E+08
6.5		4.53568E+08
7.5		3.76131E+08
8.5		3.17809E+08
9.5		2.7106E+08
10.5		2.33658E+08
11.5		2.04862E+08
12.5		1.82019E+08
13.5		1.62941E+08
14.5		1.46605E+08
15.5		1.32088E+08
16.5		1.20112E+08
17.5		1.09692E+08
18.5		1.00519E+08
19.5		9.24681E+07
20.5		8.49791E+07
21.5		7.8369E+07
22.5		7.19418E+07
23.5		6.58253E+07
24.5		6.08025E+07
25.5		5.63757E+07
26.5		5.19044E+07
27.5		4.81477E+07
28.5		4.44298E+07
29.5		4.11547E+07
30.5		3.80509E+07
31.5		3.49901E+07
32.5		3.25139E+07
33.5		3.00421E+07
34.5		2.7916E+07
35.5		2.59792E+07
36.5		2.42507E+07
37.5		2.26318E+07
38.5		2.10289E+07
39.5		1.95934E+07
40.5		1.83877E+07
41.5		1.71021E+07
42.5		1.60949E+07
43.5		1.49541E+07
44.5		1.40614E+07
45.5		1.31339E+07
46.5		1.22654E+07
47.5		1.13853E+07
48.5		1.07298E+07
49.5		9.98352E+06
50.5		9.39949E+06
51.5		8.93439E+06
52.5		8.30609E+06
53.5		7.76219E+06
54.5		7.27694E+06
55.5		6.85051E+06
56.5		6.44903E+06
57.5		5.9919E+06
58.5		5.63984E+06
59.5		5.25743E+06
60.5		4.90177E+06
61.5		4.5774E+06
62.5		4.32851E+06
63.5		4.05844E+06
64.5		3.83224E+06
65.5		3.64433E+06
66.5		3.3662E+06
67.5		3.19886E+06
68.5		3.00713E+06
69.5		2.82789E+06
70.5		2.65418E+06
71.5		2.49078E+06
72.5		2.32189E+06
73.5		2.19012E+06
74.5		2.08971E+06
75.5		1.98306E+06
76.5		1.8874E+06
77.5		1.78654E+06
78.5		1.6582E+06
79.5		1.5769E+06
80.5		1.45458E+06
81.5		1.39456E+06
82.5		1.31864E+06
83.5		1.24841E+06
84.5		1.17814E+06
85.5		1.10652E+06
86.5		1.04555E+06
87.5		981162
88.5		949075
89.5		913807
90.5		856810
91.5		814448
92.5		767710
93.5		732330
94.5		679405
95.5		626199
96.5		591170
97.5		571224
98.5		547046
99.5		514734
100.5		486506
101.5		458563
102.5		445248
103.5		425324
104.5		393236
105.5		351935
106.5		334312
107.5		328486
108.5		311525
109.5		296119
110.5		277606
111.5		257215
112.5		240127
113.5		226461
114.5		218158
115.5		201202
116.5		194287
117.5		177940
118.5		175620
119.5		172305
120.5		162827
121.5		147751
122.5		140376
123.5		128955
124.5		120614
125.5		115454
126.5		111579
127.5		101750
128.5		95962.6
129.5		88976.8
130.5		87601.9
131.5		83603.9
132.5		76221.2
133.5		73425
134.5		67097.2
135.5		66408.8
136.5		64248.5
137.5		61063.6
138.5		65267.3
139.5		59624.9
140.5		55867.3
141.5		50351
142.5		47704.8
143.5		43658.9
144.5		40578.6
145.5		39382.1
146.5		35764.6
147.5		34738
148.5		32910.5
149.5		30091.7
150.5		29436.3
151.5		29070.5
152.5		30591.7
153.5		28700.8
154.5		27354.3
155.5		23782.9
156.5		21458.5
157.5		20396
158.5		19570.8
159.5		18040.7
160.5		17074
161.5		16155.9
162.5		15084.9
163.5		14991.3
164.5		13867.6
165.5		13332.8
166.5		13005.2
167.5		12705.7
168.5		12475.7
169.5		10941.6
170.5		9804.08
171.5		9224.36
172.5		10517.4
173.5		7993.3
174.5		7352.55
175.5		6618.78
176.5		6503.54
177.5		6110.56
178.5		5775.37
179.5		5779.4
180.5		5155.9
181.5		4605.98
182.5		4368.67
183.5		4406.54
184.5		4449.21
185.5		4432.25
186.5		4301.81
187.5		3477.58
188.5		3144.11
189.5		2881.02
190.5		2707.29
191.5		2339.54
192.5		2250.81
193.5		2249.83
194.5		1852.3
195.5		1572.6
196.5		1424.24
197.5		1430.23
198.5		1464.92
199.5		1418.27
200.5		1209.9
201.5		1088.11
202.5		1014.32
203.5		983.454
204.5		929.164
205.5		912.786
206.5		863.636
207.5		842.823
208.5		845.471
209.5		698.992
210.5		632.246
211.5		616.836
212.5		615.382
213.5		618.556
214.5		598.691
215.5		454.867
216.5		430.895
217.5		384.169
218.5		374.163
219.5		382.415
220.5		322.498
221.5		271.918
222.5		275.828
223.5		261.675
224.5		153.054
225.5		139.239
226.5		138.931
227.5		89.436
228.5		62.468
229.5		66.7841
230.5		66.639
231.5		62.062
232.5		66.3518
233.5		26.4838
234.5		0
235.5		0
236.5		0
237.5		0
238.5		0
239.5		0
240.5		0
241.5		0
242.5		0
243.5		0
244.5		0
245.5		0
246.5		0
247.5		0
248.5		0
249.5		0
250.5		0
251.5		0
252.5		0
253.5		0
254.5		0
255.5		0
256.5		0
257.5		0
258.5		0
259.5		0
260.5		0
261.5		0
262.5		0
263.5		0
264.5		0
265.5		0
266.5		0
267.5		0
268.5		0
269.5		0
270.5		0
271.5		0
272.5		0
273.5		0
274.5		0
275.5		0
276.5		0
277.5		0
278.5		0
279.5		0
280.5		0
281.5		0
282.5		0
283.5		0
284.5		0
285.5		0
286.5		0
287.5		0
288.5		0
289.5		0
290.5		0
291.5		0
292.5		0
293.5		0
294.5		0
295.5		0
296.5		0
297.5		0
298.5		0
299.5		0
300.5		0
301.5		0
302.5		0
303.5		0
304.5		0
305.5		0
306.5		0
307.5		0
308.5		0
309.5		0
310.5		0
311.5		0
312.5		0
313.5		0
314.5		0
315.5		0
316.5		0
317.5		0
318.5		0
319.5		0
320.5		0
321.5		0
322.5		0
323.5		0
324.5		0
325.5		0
326.5		0
327.5		0
328.5		0
329.5		0
330.5		0
331.5		0
332.5		0
333.5		0
334.5		0
335.5		0
336.5		0
337.5		0
338.5		0
339.5		0
340.5		0
341.5		0
342.5		0
343.5		0
344.5		0
345.5		0
346.5		0
347.5		0
348.5		0
349.5		0
350.5		0
351.5		0
352.5		0
353.5		0
354.5		0
355.5		0
356.5		0
357.5		0
358.5		0
359.5		0
360.5		0
361.5		0
362.5		0
363.5		0
364.5		0
365.5		0
366.5		0
367.5		0
368.5		0
369.5		0
370.5		0
371.5		0
372.5		0
373.5		0
374.5		0
375.5		0
376.5		0
377.5		0
378.5		0
379.5		0
380.5		0
381.5		0
382.5		0
383.5		0
384.5		0
385.5		0
386.5		0
387.5		0
388.5		0
389.5		0
390.5		0
391.5		0
392.5		0
393.5		0
394.5		0
395.5		0
396.5		0
397.5		0
398.5		0
399.5		0
400.5		0
401.5		0
402.5		0
403.5		0
404.5		0
405.5		0
406.5		0
407.5		0
408.5		0
409.5		0
410.5		0
411.5		0
412.5		0
413.5		0
414.5		0
415.5		0
416.5		0
417.5		0
418.5		0
419.5		0
420.5		0
421.5		0
422.5		0
423.5		0
424.5		0
425.5		0
426.5		0
427.5		0
428.5		0
429.5		0
430.5		0
431.5		0
432.5		0
433.5		0
434.5		0
435.5		0
436.5		0
437.5		0
438.5		0
439.5		0
440.5		0
441.5		0
442.5		0
443.5		0
444.5		0
445.5		0
446.5		0
447.5		0
448.5		0
449.5		0
450.5		0
451.5		0
452.5		0
453.5		0
454.5		0
455.5		0
456.5		0
457.5		0
458.5		0
459.5		0
460.5		0
461.5		0
462.5		0
463.5		0
464.5		0
465.5		0
466.5		0
467.5		0
468.5		0
469.5		0
470.5		0
471.5		0
472.5		0
473.5		0
474.5		0
475.5		0
476.5		0
477.5		0
478.5		0
479.5		0
480.5		0
481.5		0
482.5		0
483.5		0
484.5		0
485.5		0
486.5		0
487.5		0
488.5		0
489.5		0
490.5		0
491.5		0
492.5		0
493.5		0
494.5		0
495.5		0
496.5		0
497.5		0
498.5		0
499.5		0
500.5		0
501.5		0
502.5		0
503.5		0
504.5		0
505.5		0
506.5		0
507.5		0
508.5		0
509.5		0
510.5		0
511.5		0
512.5		0
513.5		0
514.5		0
515.5		0
516.5		0
517.5		0
518.5		0
519.5		0
520.5		0
521.5		0
522.5		0
523.5		0
524.5		0
525.5		0
526.5		0
527.5		0
528.5		0
529.5		0
530.5		0
531.5		0
532.5		0
533.5		0
534.5		0
535.5		0
536.5		0
537.5		0
538.5		0
539.5		0
540.5		0
541.5		0
542.5		0
543.5		0
544.5		0
545.5		0
546.5		0
547.5		0
548.5		0
549.5		0
550.5		0
551.5		0
552.5		0
553.5		0
554.5		0
555.5		0
556.5		0
557.5		0
558.5		0
559.5		0
560.5		0
561.5		0
562.5		0
563.5		0
564.5		0
565.5		0
566.5		0
567.5		0
568.5		0
569.5		0
570.5		0
571.5		0
572.5		0
573.5		0
574.5		0
575.5		0
576.5		0
577.5		0
578.5		0
579.5		0
580.5		0
581.5		0
582.5		0
583.5		0
584.5		0
585.5		0
586.5		0
587.5		0
588.5		0
589.5		0
590.5		0
591.5		0
592.5		0
593.5		0
594.5		0
595.5		0
596.5		0
597.5		0
598.5		0
599.5		0
600.5		0
601.5		0
602.5		0
603.5		0
604.5		0
605.5		0
606.5		0
607.5		0
608.5		0
609.5		0
610.5		0
611.5		0
612.5		0
613.5		0
614.5		0
615.5		0
616.5		0
617.5		0
618.5		0
619.5		0
620.5		0
621.5		0
622.5		0
623.5		0
624.5		0
625.5		0
626.5		0
627.5		0
628.5		0
629.5		0
630.5		0
631.5		0
632.5		0
633.5		0
634.5		0
635.5		0
636.5		0
637.5		0
638.5		0
639.5		0
640.5		0
641.5		0
642.5		0
643.5		0
644.5		0
645.5		0
646.5		0
647.5		0
648.5		0
649.5		0
650.5		0
651.5		0
652.5		0
653.5		0
654.5		0
655.5		0
656.5		0
657.5		0
658.5		0
659.5		0
660.5		0
661.5		0
662.5		0
663.5		0
664.5		0
665.5		0
666.5		0
667.5		0
668.5		0
669.5		0
670.5		0
671.5		0
672.5		0
673.5		0
674.5		0
675.5		0
676.5		0
677.5		0
678.5		0
679.5		0
680.5		0
681.5		0
682.5		0
683.5		0
684.5		0
685.5		0
686.5		0
687.5		0
688.5		0
689.5		0
690.5		0
691.5		0
692.5		0
693.5		0
694.5		0
695.5		0
696.5		0
697.5		0
698.5		0
699.5		0
700.5		0
701.5		0
702.5		0
703.5		0
704.5		0
705.5		0
706.5		0
707.5		0
708.5		0
709.5		0
710.5		0
711.5		0
712.5		0
713.5		0
714.5		0
715.5		0
716.5		0
717.5		0
718.5		0
719.5		0
720.5		0
721.5		0
722.5		0
723.5		0
724.5		0
725.5		0
726.5		0
727.5		0
728.5		0
729.5		0
730.5		0
731.5		0
732.5		0
733.5		0
734.5		0
735.5		0
736.5		0
737.5		0
738.5		0
739.5		0
740.5		0
741.5		0
742.5		0
743.5		0
744.5		0
745.5		0
746.5		0
747.5		0
748.5		0
749.5		0
750.5		0
751.5		0
752.5		0
753.5		0
754.5		0
755.5		0
756.5		0
757.5		0
758.5		0
759.5		0
760.5		0
761.5		0
762.5		0
763.5		0
764.5		0
765.5		0
766.5		0
767.5		0
768.5		0
769.5		0
770.5		0
771.5		0
772.5		0
773.5		0
774.5		0
775.5		0
776.5		0
777.5		0
778.5		0
779.5		0
780.5		0
781.5		0
782.5		0
783.5		0
784.5		0
785.5		0
786.5		0
787.5		0
788.5		0
789.5		0
790.5		0
791.5		0
792.5		0
793.5		0
794.5		0
795.5		0
796.5		0
797.5		0
798.5		0
799.5		0
800.5		0
801.5		0
802.5		0
803.5		0
804.5		0
805.5		0
806.5		0
807.5		0
808.5		0
809.5		0
810.5		0
811.5		0
812.5		0
813.5		0
814.5		0
815.5		0
816.5		0
817.5		0
818.5		0
819.5		0
820.5		0
821.5		0
822.5		0
823.5		0
824.5		0
825.5		0
826.5		0
827.5		0
828.5		0
829.5		0
830.5		0
831.5		0
832.5		0
833.5		0
834.5		0
835.5		0
836.5		0
837.5		0
838.5		0
839.5		0
840.5		0
841.5		0
842.5		0
843.5		0
844.5		0
845.5		0
846.5		0
847.5		0
848.5		0
849.5		0
850.5		0
851.5		0
852.5		0
853.5		0
854.5		0
855.5		0
856.5		0
857.5		0
858.5		0
859.5		0
860.5		0
861.5		0
862.5		0
863.5		0
864.5		0
865.5		0
866.5		0
867.5		0
868.5		0
869.5		0
870.5		0
871.5		0
872.5		0
873.5		0
874.5		0
875.5		0
876.5		0
877.5		0
878.5		0
879.5		0
880.5		0
881.5		0
882.5		0
883.5		0
884.5		0
885.5		0
886.5		0
887.5		0
888.5		0
889.5		0
890.5		0
891.5		0
892.5		0
893.5		0
894.5		0
895.5		0
896.5		0
897.5		0
898.5		0
899.5		0
900.5		0
901.5		0
902.5		0
903.5		0
904.5		0
905.5		0
906.5		0
907.5		0
908.5		0
909.5		0
910.5		0
911.5		0
912.5		0
913.5		0
914.5		0
915.5		0
916.5		0
917.5		0
918.5		0
919.5		0
920.5		0
921.5		0
922.5		0
923.5		0
924.5		0
925.5		0
926.5		0
927.5		0
928.5		0
929.5		0
930.5		0
931.5		0
932.5		0
933.5		0
934.5		0
935.5		0
936.5		0
937.5		0
938.5		0
939.5		0
940.5		0
941.5		0
942.5		0
943.5		0
944.5		0
945.5		0
946.5		0
947.5		0
948.5		0
949.5		0
950.5		0
951.5		0
952.5		0
953.5		0
954.5		0
955.5		0
956.5		0
957.5		0
958.5		0
959.5		0
960.5		0
961.5		0
962.5		0
963.5		0
964.5		0
965.5		0
966.5		0
967.5		0
968.5		0
969.5		0
970.5		0
971.5		0
972.5		0
973.5		0
974.5		0
975.5		0
976.5		0
977.5		0
978.5		0
979.5		0
980.5		0
981.5		0
982.5		0
983.5		0
984.5		0
985.5		0
986.5		0
987.5		0
988.5		0
989.5		0
990.5		0
991.5		0
992.5		0
993.5		0
994.5		0
995.5		0
996.5		0
997.5		0
998.5		0
999.5		0
