
##### time= 2.525e-08 
0.5		8.3117E+08
1.5		6.82564E+08
2.5		5.6764E+08
3.5		4.8856E+08
4.5		4.30641E+08
5.5		3.85521E+08
6.5		3.47899E+08
7.5		3.16401E+08
8.5		2.8938E+08
9.5		2.65941E+08
10.5		2.45025E+08
11.5		2.27004E+08
12.5		2.10673E+08
13.5		1.96173E+08
14.5		1.83389E+08
15.5		1.71743E+08
16.5		1.61287E+08
17.5		1.5127E+08
18.5		1.42093E+08
19.5		1.33655E+08
20.5		1.25678E+08
21.5		1.18216E+08
22.5		1.11222E+08
23.5		1.04189E+08
24.5		9.78994E+07
25.5		9.21579E+07
26.5		8.64079E+07
27.5		8.1353E+07
28.5		7.65467E+07
29.5		7.21285E+07
30.5		6.78407E+07
31.5		6.40429E+07
32.5		6.06125E+07
33.5		5.71408E+07
34.5		5.41095E+07
35.5		5.1111E+07
36.5		4.83618E+07
37.5		4.5825E+07
38.5		4.34558E+07
39.5		4.10844E+07
40.5		3.89609E+07
41.5		3.69203E+07
42.5		3.50904E+07
43.5		3.33237E+07
44.5		3.16647E+07
45.5		3.00397E+07
46.5		2.85118E+07
47.5		2.70795E+07
48.5		2.58462E+07
49.5		2.45539E+07
50.5		2.34183E+07
51.5		2.22841E+07
52.5		2.12428E+07
53.5		2.01929E+07
54.5		1.92625E+07
55.5		1.83607E+07
56.5		1.75076E+07
57.5		1.67276E+07
58.5		1.60026E+07
59.5		1.52951E+07
60.5		1.46116E+07
61.5		1.39658E+07
62.5		1.33416E+07
63.5		1.27195E+07
64.5		1.21294E+07
65.5		1.16223E+07
66.5		1.11248E+07
67.5		1.0628E+07
68.5		1.01859E+07
69.5		9.73745E+06
70.5		9.36506E+06
71.5		8.9474E+06
72.5		8.55467E+06
73.5		8.25495E+06
74.5		7.8954E+06
75.5		7.56081E+06
76.5		7.22973E+06
77.5		6.93783E+06
78.5		6.65397E+06
79.5		6.38955E+06
80.5		6.11952E+06
81.5		5.88815E+06
82.5		5.65517E+06
83.5		5.42214E+06
84.5		5.20203E+06
85.5		5.00322E+06
86.5		4.8059E+06
87.5		4.63336E+06
88.5		4.4502E+06
89.5		4.27627E+06
90.5		4.14178E+06
91.5		3.99289E+06
92.5		3.81873E+06
93.5		3.68659E+06
94.5		3.5483E+06
95.5		3.42195E+06
96.5		3.29434E+06
97.5		3.1727E+06
98.5		3.04287E+06
99.5		2.92955E+06
100.5		2.82269E+06
101.5		2.71511E+06
102.5		2.62012E+06
103.5		2.51917E+06
104.5		2.43737E+06
105.5		2.34864E+06
106.5		2.26284E+06
107.5		2.17884E+06
108.5		2.10869E+06
109.5		2.0335E+06
110.5		1.95463E+06
111.5		1.88147E+06
112.5		1.82395E+06
113.5		1.75914E+06
114.5		1.69772E+06
115.5		1.62983E+06
116.5		1.57346E+06
117.5		1.51351E+06
118.5		1.46612E+06
119.5		1.4224E+06
120.5		1.36486E+06
121.5		1.31901E+06
122.5		1.27405E+06
123.5		1.22745E+06
124.5		1.18698E+06
125.5		1.15293E+06
126.5		1.11451E+06
127.5		1.08015E+06
128.5		1.04105E+06
129.5		1.01561E+06
130.5		974362
131.5		944805
132.5		919023
133.5		891320
134.5		847215
135.5		824249
136.5		801176
137.5		775933
138.5		753363
139.5		728069
140.5		706168
141.5		680043
142.5		653583
143.5		632592
144.5		610162
145.5		593573
146.5		578665
147.5		557390
148.5		543759
149.5		530102
150.5		512346
151.5		496438
152.5		480942
153.5		465208
154.5		453522
155.5		443610
156.5		428944
157.5		416837
158.5		403230
159.5		393469
160.5		381977
161.5		372368
162.5		360131
163.5		349251
164.5		336708
165.5		326569
166.5		316611
167.5		305553
168.5		300585
169.5		289795
170.5		280542
171.5		273076
172.5		266993
173.5		259065
174.5		253443
175.5		247648
176.5		240397
177.5		234767
178.5		224691
179.5		218784
180.5		213232
181.5		206723
182.5		200006
183.5		195464
184.5		189460
185.5		185682
186.5		183238
187.5		177393
188.5		172018
189.5		166927
190.5		162127
191.5		157341
192.5		153449
193.5		149318
194.5		145391
195.5		140424
196.5		134879
197.5		132023
198.5		129771
199.5		124950
200.5		121375
201.5		118451
202.5		114618
203.5		112159
204.5		109607
205.5		107285
206.5		104269
207.5		103185
208.5		100487
209.5		98945.4
210.5		94854.3
211.5		91385.6
212.5		87631.4
213.5		86451.1
214.5		83773.4
215.5		81949.8
216.5		79864.5
217.5		78782.3
218.5		75748.4
219.5		74013.4
220.5		73585.8
221.5		70917.5
222.5		68946.6
223.5		68277.2
224.5		66156.7
225.5		65125.8
226.5		63180.7
227.5		61639.5
228.5		60493.3
229.5		59006.3
230.5		57238.8
231.5		56793.3
232.5		55275.2
233.5		54565.9
234.5		52429.8
235.5		51029.9
236.5		49803.3
237.5		48815.6
238.5		48138.9
239.5		46905.6
240.5		46236.1
241.5		44227.5
242.5		42955.7
243.5		41994.8
244.5		41334.4
245.5		39619.4
246.5		39313.1
247.5		37862.1
248.5		37231.7
249.5		35908.1
250.5		35755.8
251.5		34261.7
252.5		33004.5
253.5		32766.1
254.5		32122.3
255.5		31414.3
256.5		30171.3
257.5		29344.9
258.5		29527.7
259.5		29361.7
260.5		28405
261.5		28712.4
262.5		27423.2
263.5		27769.3
264.5		26331.7
265.5		26122.7
266.5		24928.2
267.5		25243.3
268.5		23799.2
269.5		22717.3
270.5		22294
271.5		22143.5
272.5		21813.1
273.5		21442.9
274.5		20745.2
275.5		21127.6
276.5		20900.6
277.5		20152.1
278.5		19492.8
279.5		19251
280.5		18993
281.5		18412.3
282.5		18432.2
283.5		18021.2
284.5		17318.8
285.5		17072.7
286.5		16399.8
287.5		16000.6
288.5		16039.3
289.5		15999.4
290.5		15633.7
291.5		15476.6
292.5		15078.4
293.5		14466.4
294.5		14044.9
295.5		13542.5
296.5		13114.4
297.5		12775.2
298.5		12810.7
299.5		12900
300.5		13330.4
301.5		13014.8
302.5		12653.1
303.5		12669
304.5		12122.4
305.5		11778.2
306.5		11562.5
307.5		11410.8
308.5		10465.3
309.5		10738
310.5		10610.8
311.5		10459.8
312.5		10399.6
313.5		9601.52
314.5		9370.09
315.5		9633.07
316.5		9998.85
317.5		9405.55
318.5		8899.83
319.5		8641.18
320.5		8872.76
321.5		8250.01
322.5		7889.88
323.5		7678.67
324.5		7420.3
325.5		7521.42
326.5		7397.54
327.5		7086.96
328.5		7070.27
329.5		6700.1
330.5		6836.89
331.5		6640.25
332.5		6503.91
333.5		6593.98
334.5		6328.16
335.5		6038.35
336.5		5897.58
337.5		6040.06
338.5		6214.07
339.5		6224.12
340.5		6284.46
341.5		5874.85
342.5		5608.26
343.5		5679
344.5		5391.55
345.5		5394.88
346.5		5170.4
347.5		5343.87
348.5		4900.84
349.5		4874.18
350.5		4977.44
351.5		4684.33
352.5		4474.94
353.5		4861.8
354.5		4514.79
355.5		4204.19
356.5		4119.77
357.5		4034.89
358.5		3991.87
359.5		3705.61
360.5		3712.07
361.5		3810.19
362.5		3855.79
363.5		3582.88
364.5		3513.6
365.5		3420.07
366.5		3402.14
367.5		3575.87
368.5		3398.81
369.5		3493.22
370.5		3287.97
371.5		3289.78
372.5		3145.58
373.5		3020.77
374.5		3039.16
375.5		3037.52
376.5		2898.92
377.5		3070.02
378.5		3112.99
379.5		2883.67
380.5		3014.76
381.5		2858.66
382.5		2779.8
383.5		2712.06
384.5		2693.55
385.5		3003.65
386.5		2893.1
387.5		2813.03
388.5		2750.12
389.5		2710.04
390.5		2912.04
391.5		2717.96
392.5		2478.2
393.5		2396.95
394.5		2316.24
395.5		2281.41
396.5		2382.16
397.5		2276
398.5		2318.31
399.5		2146.34
400.5		2049.22
401.5		1998.68
402.5		2139.66
403.5		1996.05
404.5		1944.77
405.5		1977.19
406.5		2058.55
407.5		2122.85
408.5		2194.26
409.5		1900.85
410.5		1781.85
411.5		1715.16
412.5		1692.04
413.5		1705.75
414.5		1970.37
415.5		1825.15
416.5		2018.64
417.5		1908.04
418.5		1784.65
419.5		1706.23
420.5		1734.81
421.5		2038.18
422.5		1799.57
423.5		1641.36
424.5		1541.86
425.5		1527.75
426.5		1627.49
427.5		1666.28
428.5		1580.14
429.5		1461.65
430.5		1394.93
431.5		1341.56
432.5		1373.08
433.5		1352.89
434.5		1333.07
435.5		1233.62
436.5		1175.63
437.5		1123.84
438.5		1134.36
439.5		1150.27
440.5		1112.05
441.5		1091.09
442.5		1003.5
443.5		963.369
444.5		950.565
445.5		914.694
446.5		893.759
447.5		873.818
448.5		894.286
449.5		892.661
450.5		890.411
451.5		874.025
452.5		853.908
453.5		850.144
454.5		851.088
455.5		1116.12
456.5		1059.26
457.5		997.22
458.5		935.628
459.5		885.075
460.5		834.944
461.5		815.077
462.5		773.206
463.5		761.204
464.5		741.793
465.5		726.448
466.5		693.204
467.5		687.521
468.5		717.331
469.5		792.384
470.5		721.655
471.5		623.089
472.5		620.586
473.5		625.761
474.5		596.284
475.5		597.188
476.5		590.136
477.5		582.183
478.5		588.596
479.5		584.018
480.5		727.51
481.5		686.582
482.5		538.42
483.5		539.078
484.5		532.454
485.5		530.693
486.5		607.353
487.5		532.325
488.5		481.321
489.5		528.822
490.5		693.521
491.5		572.326
492.5		434.526
493.5		400.116
494.5		385.897
495.5		393.308
496.5		385.119
497.5		384.432
498.5		375.672
499.5		363.941
500.5		462.084
501.5		368.284
502.5		342.595
503.5		353.862
504.5		368.079
505.5		358.507
506.5		380.111
507.5		369.361
508.5		351.822
509.5		396.742
510.5		394.284
511.5		399.214
512.5		435.698
513.5		428.79
514.5		409.53
515.5		383.838
516.5		363.191
517.5		336.126
518.5		337.854
519.5		321.414
520.5		302.079
521.5		507.077
522.5		319.614
523.5		293.624
524.5		295.676
525.5		293.647
526.5		267.175
527.5		344.846
528.5		324.766
529.5		257.71
530.5		251.378
531.5		250.273
532.5		428.305
533.5		381.644
534.5		339.403
535.5		267.517
536.5		272.169
537.5		271.052
538.5		250.655
539.5		221.384
540.5		223.764
541.5		224.132
542.5		223.352
543.5		211.688
544.5		213.783
545.5		205.867
546.5		203.679
547.5		206.061
548.5		227.259
549.5		228.192
550.5		212.046
551.5		197.919
552.5		206.547
553.5		208.348
554.5		204.757
555.5		194.655
556.5		190.234
557.5		166.023
558.5		159.657
559.5		166.008
560.5		181.092
561.5		181.776
562.5		178.799
563.5		177.515
564.5		173.141
565.5		159.789
566.5		149.828
567.5		146.612
568.5		144.803
569.5		143.276
570.5		143.71
571.5		141.908
572.5		145.692
573.5		148.911
574.5		149.617
575.5		140.579
576.5		134.338
577.5		132.276
578.5		125.776
579.5		119.564
580.5		116.69
581.5		114.651
582.5		122.3
583.5		108.925
584.5		107.727
585.5		110.671
586.5		108.095
587.5		96.4308
588.5		95.2477
589.5		89.1158
590.5		82.4447
591.5		84.0225
592.5		83.1285
593.5		87.1703
594.5		85.7275
595.5		124.241
596.5		92.9662
597.5		92.342
598.5		91.9919
599.5		98.461
600.5		131.081
601.5		126.888
602.5		123.518
603.5		118.25
604.5		116.251
605.5		112.627
606.5		109.822
607.5		107.564
608.5		107.476
609.5		105.494
610.5		105.678
611.5		102.351
612.5		97.1407
613.5		96.2526
614.5		225.215
615.5		187.347
616.5		138.514
617.5		127.114
618.5		120.835
619.5		116.982
620.5		115.547
621.5		112.239
622.5		115.896
623.5		112.327
624.5		111.435
625.5		108.943
626.5		143.007
627.5		135.961
628.5		132.656
629.5		130.422
630.5		115.691
631.5		100.983
632.5		95.5925
633.5		93.3944
634.5		89.3441
635.5		88.7439
636.5		89.733
637.5		85.6952
638.5		93.8209
639.5		88.9941
640.5		89.4523
641.5		88.5916
642.5		87.7322
643.5		86.611
644.5		86.2808
645.5		79.3799
646.5		89.5616
647.5		89.2299
648.5		88.3744
649.5		79.6591
650.5		74.8848
651.5		72.9959
652.5		80.2601
653.5		77.3251
654.5		70.7402
655.5		79.5546
656.5		82.8822
657.5		82.8192
658.5		97.3297
659.5		74.6322
660.5		74.5756
661.5		74
662.5		72.9063
663.5		74.1476
664.5		72.7965
665.5		76.107
666.5		272.124
667.5		126.138
668.5		113.646
669.5		108.915
670.5		104.45
671.5		102.31
672.5		99.659
673.5		104.731
674.5		102.34
675.5		135.923
676.5		148.917
677.5		122.894
678.5		96.3972
679.5		94.0206
680.5		91.1355
681.5		90.8128
682.5		84.3556
683.5		80.4624
684.5		73.7671
685.5		65.8063
686.5		63.9742
687.5		62.3995
688.5		61.0817
689.5		60.783
690.5		58.4518
691.5		54.8541
692.5		54.5607
693.5		53.507
694.5		49.9208
695.5		50.3914
696.5		51.8734
697.5		51.8362
698.5		51.2937
699.5		51.7621
700.5		50.9681
701.5		50.1754
702.5		68.5326
703.5		82.3317
704.5		85.7957
705.5		90.2604
706.5		88.1866
707.5		84.6093
708.5		82.7934
709.5		80.98
710.5		67.1436
711.5		63.341
712.5		63.5467
713.5		64.7522
714.5		68.4543
715.5		67.9072
716.5		64.6165
717.5		58.8373
718.5		53.5644
719.5		45.5604
720.5		46.2751
721.5		45.9944
722.5		63.8507
723.5		58.0963
724.5		35.7269
725.5		35.9502
726.5		35.6776
727.5		35.4055
728.5		33.8967
729.5		34.8625
730.5		36.3211
731.5		36.5432
732.5		111.775
733.5		41.4248
734.5		33.0187
735.5		33.4888
736.5		32.9739
737.5		33.4433
738.5		45.4619
739.5		65.3227
740.5		59.8796
741.5		66.706
742.5		62.4947
743.5		54.3706
744.5		47.9706
745.5		46.2263
746.5		46.4398
747.5		46.4087
748.5		29.2912
749.5		27.5641
750.5		27.7895
751.5		27.771
752.5		26.2919
753.5		25.5446
754.5		25.7708
755.5		25.0249
756.5		25.7367
757.5		25.4771
758.5		24.9753
759.5		23.0203
760.5		22.5209
761.5		22.5061
762.5		22.975
763.5		22.4766
764.5		22.2203
765.5		22.6886
766.5		22.6737
767.5		21.9358
768.5		22.4033
769.5		22.6295
770.5		22.6148
771.5		21.6384
772.5		23.0661
773.5		190.652
774.5		125.74
775.5		97.6012
776.5		83.6385
777.5		75.2023
778.5		71.3245
779.5		51.9043
780.5		50.4368
781.5		47.0601
782.5		44.404
783.5		42.9442
784.5		42.9168
785.5		41.9364
786.5		41.1954
787.5		40.2173
788.5		39.954
789.5		39.4533
790.5		38.4783
791.5		38.6913
792.5		33.9225
793.5		36.746
794.5		37.1967
795.5		36.6998
796.5		36.4401
797.5		35.4713
798.5		34.2675
799.5		33.0651
800.5		32.5724
801.5		32.788
802.5		31.3531
803.5		32.276
804.5		31.3141
805.5		31.0594
806.5		23.0449
807.5		22.7957
808.5		23.0164
809.5		22.0633
810.5		22.7534
811.5		22.0361
812.5		21.3197
813.5		20.37
814.5		18.2516
815.5		14.2649
816.5		14.9573
817.5		14.0139
818.5		12.6048
819.5		12.3638
820.5		12.5894
821.5		12.3488
822.5		11.8756
823.5		12.3338
824.5		11.8611
825.5		11.854
826.5		12.0791
827.5		11.6075
828.5		11.6005
829.5		12.0572
830.5		11.3548
831.5		11.3479
832.5		11.3411
833.5		11.7969
834.5		11.0963
835.5		11.0897
836.5		11.314
837.5		11.0764
838.5		11.0698
839.5		10.8328
840.5		12.6691
841.5		14.9637
842.5		14.2646
843.5		14.9459
844.5		14.2477
845.5		14.6986
846.5		19.51
847.5		20.1867
848.5		19.7162
849.5		19.7046
850.5		22.6699
851.5		24.9451
852.5		32.707
853.5		34.9737
854.5		34.9532
855.5		34.4761
856.5		34.2278
857.5		33.9798
858.5		33.7321
859.5		33.4847
860.5		33.0099
861.5		32.7632
862.5		32.9716
863.5		31.8162
864.5		32.2521
865.5		30.6444
866.5		24.7283
867.5		18.3655
868.5		17.6751
869.5		18.3443
870.5		17.6548
871.5		17.8708
872.5		13.3389
873.5		13.1053
874.5		13.0978
875.5		12.4133
876.5		12.8573
877.5		12.6246
878.5		9.23771
879.5		5.62955
880.5		5.62635
881.5		9.67183
882.5		11.2399
883.5		11.2336
884.5		11.2272
885.5		11.2209
886.5		11.2146
887.5		10.9841
888.5		10.9779
889.5		11.1956
890.5		10.7418
891.5		8.94645
892.5		5.36486
893.5		5.58527
894.5		5.35886
895.5		5.57903
896.5		5.35288
897.5		5.3499
898.5		5.56971
899.5		5.34395
900.5		5.34098
901.5		5.56043
902.5		5.33506
903.5		5.10993
904.5		5.32916
905.5		5.32621
906.5		5.32327
907.5		5.32034
908.5		5.31741
909.5		5.31449
910.5		6.86078
911.5		5.52985
912.5		3.97931
913.5		3.97713
914.5		4.19579
915.5		3.75207
916.5		3.97062
917.5		4.18892
918.5		3.96629
919.5		3.7439
920.5		3.96198
921.5		4.17982
922.5		3.95768
923.5		3.73579
924.5		3.9534
925.5		4.17078
926.5		3.72973
927.5		3.947
928.5		3.94487
929.5		3.72371
930.5		4.15956
931.5		3.71971
932.5		3.9364
933.5		3.93429
934.5		4.58755
935.5		5.67679
936.5		5.45554
937.5		5.67073
938.5		5.44972
939.5		5.44682
940.5		5.66168
941.5		5.44103
942.5		5.65567
943.5		5.43526
944.5		5.64968
945.5		5.21233
946.5		5.64371
947.5		5.42378
948.5		5.42092
949.5		5.41806
950.5		5.41521
951.5		5.41237
952.5		5.40952
953.5		5.40669
954.5		5.62001
955.5		5.61707
956.5		5.18227
957.5		5.39538
958.5		5.60827
959.5		5.17417
960.5		5.60243
961.5		5.16878
962.5		4.08983
963.5		3.44228
964.5		3.22546
965.5		3.43871
966.5		3.22212
967.5		3.43515
968.5		3.21879
969.5		3.43161
970.5		3.21547
971.5		3.21382
972.5		3.42631
973.5		3.21052
974.5		3.42279
975.5		3.20722
976.5		3.41929
977.5		3.20394
978.5		3.41579
979.5		3.20067
980.5		3.4123
981.5		3.19741
982.5		3.40883
983.5		2.98121
984.5		3.40537
985.5		3.19091
986.5		3.40191
987.5		3.18768
988.5		3.39847
989.5		3.18445
990.5		3.18285
991.5		3.18124
992.5		3.17964
993.5		3.38991
994.5		3.17644
995.5		3.3865
996.5		3.17325
997.5		3.17166
998.5		3.17007
999.5		3.16848
