1.365894146219434613e-02
1.294517038324706493e-02
1.226869861878558676e-02
1.162757703007041322e-02
1.101995833390223556e-02
1.044409177998848783e-02
9.898318106453085630e-03
9.381064758954560379e-03
8.890841359637231475e-03
8.426235412860015941e-03
7.985908235329623739e-03
7.568591098911537328e-03
7.173081575004918234e-03
6.798240069948376617e-03
6.442986541473985813e-03
6.106297386748530016e-03
5.787202493035422356e-03
5.484782442479273386e-03
5.198165862959164447e-03
4.926526917377562452e-03
4.669082924150690615e-03
4.425092102044189332e-03
4.193851432856217192e-03
3.974694635789639656e-03
3.766990247676846055e-03
3.570139803525646579e-03
3.383576112143829497e-03
3.206761621873867318e-03
3.039186871728922264e-03
2.880369023467358510e-03
2.729850470376177923e-03
2.587197518754836677e-03
2.451999138300345413e-03
2.323865777793119886e-03
2.202428242671157239e-03
2.087336631258481651e-03
1.978259326582764745e-03
1.874882040877225891e-03
1.776906910013693278e-03
1.684051635257607579e-03
1.596048669872056347e-03
1.512644448227202154e-03
1.433598655193889064e-03
1.358683533716333568e-03
1.287683228568762194e-03
1.220393164405167603e-03
1.156619456310116652e-03
1.096178351152231594e-03
1.038895698130678450e-03
9.846064469891562584e-04
9.331541724515510358e-04
8.843906235090187020e-04
8.381752962598248632e-04
7.943750290711681580e-04
7.528636188965019639e-04
7.135214576428448993e-04
6.762351875403335971e-04
6.408973745210193133e-04
6.074061986658111289e-04
5.756651608276334899e-04
5.455828045854911905e-04
5.170724527282902260e-04
4.900519575091464349e-04
4.644434639505732568e-04
4.401731855185610459e-04
4.171711915191833055e-04
3.953712056051553983e-04
3.747104148117710279e-04
3.551292885719919664e-04
3.365714071892065336e-04
3.189832992734377426e-04
3.023142876725937330e-04
2.865163434548447571e-04
2.715439475213944198e-04
2.573539594509124235e-04
2.439054931977213680e-04
2.311597992855857567e-04
2.190801531576638751e-04
2.076317493609204342e-04
1.967816012601138664e-04
1.864984459923966077e-04
1.767526543886746950e-04
1.675161456021780873e-04
1.587623061982607661e-04
1.504659134722986335e-04
1.426030627747413139e-04
1.351510986339152654e-04
1.280885494781227219e-04
1.213950657689462777e-04
1.150513613675031751e-04
1.090391579647042349e-04
1.033411324154046896e-04
9.794086682469707779e-05
9.282280124252974892e-05
8.797218883034756197e-05
8.337505337057645241e-05
7.901814899652087208e-05
7.488892202664395063e-05
7.097547479326154129e-05
6.726653136142964496e-05
6.375140503924863486e-05
6.041996758597187426e-05
5.726262002919636269e-05
5.427026500705091778e-05
5.143428055568959040e-05
4.874649526656415983e-05
4.619916474189519743e-05
4.378494928050261314e-05
4.149689272970049042e-05
3.932840244232216348e-05
3.727323028112457996e-05
3.532545461583998670e-05
3.347946326100181418e-05
3.172993730538344861e-05
3.007183578645690293e-05
2.850038116571380068e-05
2.701104556299775073e-05
2.559953771018515809e-05
2.426179058662328400e-05
2.299394970069967850e-05
2.179236198377777507e-05
2.065356526449879326e-05
1.957427829312164989e-05
1.855139128715806249e-05
1.758195697106130343e-05
1.666318208415122650e-05
1.579241933230699356e-05
1.496715976023779536e-05
1.418502552235337428e-05
1.344376303140495817e-05
1.274123646515551664e-05
1.207542161237002855e-05
1.144440004039383242e-05
1.084635356751409548e-05
1.027955902417731557e-05
9.742383287968356159e-06
9.233278578044954766e-06
8.750777995469567158e-06
8.293491296588655778e-06
7.860100887281272399e-06
7.449358026534877783e-06
7.060079228409761505e-06
6.691142852024869095e-06
6.341485869739732996e-06
6.010100804220467657e-06
5.696032825564591646e-06
5.398377000120470379e-06
5.116275683074401285e-06
4.848916047292413289e-06
4.595527741296651295e-06
4.355380669628151076e-06
4.127782889200505165e-06
3.912078615583133295e-06
3.707646333469616370e-06
3.513897005886625783e-06
3.330272376983768065e-06
3.156243363513926462e-06
2.991308530369568393e-06
2.834992645782487200e-06
2.686845312023965834e-06
2.546439667660096468e-06
2.413371157622871109e-06
2.287256367553332225e-06
2.167731919058091077e-06
2.054453422696048268e-06
1.947094485678601045e-06
1.845345771424148839e-06
1.748914108257138273e-06
1.657521644683591339e-06
1.570905048809096842e-06
1.488814749592594491e-06
1.411014217749726574e-06
1.337279284233775711e-06
1.267397494330558362e-06
1.201167495506179445e-06
1.138398457243815460e-06
1.078909521197940668e-06
1.022529280081640920e-06
9.690952837855750995e-07
9.184535713055204485e-07
8.704582271298233116e-07
8.249709608085875476e-07
7.818607084931847899e-07
7.410032552979778594e-07
7.022808773961906789e-07
6.655820028186443910e-07
6.308008899780419510e-07
5.978373229925081942e-07
5.665963229305050831e-07
5.369878741451402173e-07
5.089266649093402281e-07
4.823318416045604617e-07
4.571267757547941484e-07
4.332388432345995047e-07
4.105992150149937490e-07
3.891426588442733232e-07
3.688073512923318267e-07
3.495346996169265800e-07
3.312691729386239849e-07
3.139581422379774769e-07
2.975517287139326078e-07
2.820026600665112222e-07
2.672661342896927743e-07
2.532996905820283786e-07
2.400630870030348346e-07
2.275181845228651718e-07
2.156288371311588125e-07
2.043607876884363057e-07
1.936815692199609552e-07
1.835604113676508317e-07
1.739681517305084560e-07
1.648771518381054249e-07
1.562612175150124615e-07
1.480955234067232199e-07
1.403565414496033878e-07
1.330219730787612986e-07
1.260706849785142548e-07
1.194826481903194414e-07
1.132388804027252034e-07
1.073213912570583141e-07
1.017131305112533117e-07
9.639793891247029307e-08
9.136050163694709400e-08
8.658630416292895415e-08
8.206159044953539898e-08
7.777332330105870829e-08
7.370914680249458047e-08
6.985735071806745669e-08
6.620683675017009010e-08
6.274708656150030490e-08
5.946813146825511834e-08
5.636052371705702633e-08
5.341530926285478609e-08
5.062400196935936187e-08
4.797855915768085170e-08
4.547135843271253064e-08
4.309517572049076711e-08
4.084316445325041696e-08
3.870883584220049499e-08
3.668604018117842299e-08
3.476894912731457636e-08
3.295203890764963762e-08
3.123007440331916440e-08
2.959809406544607504e-08
2.805139561927802773e-08
2.658552251537991037e-08
2.519625108884205656e-08
2.387957838950533527e-08
2.263171064813901734e-08
2.144905234533745255e-08
2.032819585164039065e-08
1.926591160902633733e-08
1.825913882548822673e-08
1.730497665588014088e-08
1.640067584362374359e-08
1.554363079919117769e-08
1.473137209254068792e-08
1.396155933787226882e-08
1.323197445020273693e-08
1.254051525432983366e-08
1.188518942777050229e-08
1.126410876022149720e-08
1.067548371300125095e-08
1.011761826279753947e-08
9.588905014863797217e-09
9.087820571583469790e-09
8.612921143058026943e-09
8.162838387071117205e-09
7.736275466442264308e-09
7.332003312410447291e-09
6.948857083280665466e-09
6.585732808130065654e-09
6.241584205902857180e-09
5.915419670728707871e-09
5.606299414778523989e-09
5.313332760425130494e-09
5.035675573906564798e-09
4.772527833097792543e-09
4.523131322382471615e-09
4.286767447983189001e-09
4.062755167455306986e-09
3.850449027378525772e-09
3.649237303592280866e-09
3.458540238616263491e-09
3.277808371177453814e-09
3.106520953030640493e-09
2.944184448510562700e-09
2.790331112492558231e-09
2.644517642664275668e-09
2.506323902225158538e-09
2.375351709333481064e-09
2.251223689812865798e-09
2.133582189812521193e-09
2.022088245288322832e-09
1.916420605335338599e-09
1.816274806557804408e-09
1.721362295809460880e-09
1.631409598776547070e-09
1.546157532007926470e-09
1.465360456121894368e-09
1.388785568037939408e-09
1.316212230194117943e-09
1.247431334817299123e-09
1.182244701414583995e-09
1.120464505749784409e-09
1.061912738659727847e-09
1.006420693151007746e-09
9.538284782993984014e-10
9.039845585512425406e-10
8.567453170994268696e-10
8.119746420759130721e-10
7.695435343684478523e-10
7.293297359314758471e-10
6.912173775203194529e-10
6.550966448335782792e-10
6.208634621018252715e-10
5.884191922109300426e-10
5.576703524959240336e-10
5.285283453865394360e-10
5.009092031283388984e-10
4.747333458438532492e-10
4.499253522366554648e-10
4.264137422776721555e-10
4.041307712476028586e-10
3.830122345419887330e-10
3.629972826765218729e-10
3.440282459595775273e-10
3.260504683267676325e-10
3.090121498587507563e-10
2.928641975285509081e-10
2.775600837483171598e-10
2.630557123079617465e-10
2.493092913194103918e-10
2.362812128003563721e-10
2.239339385505704667e-10
2.122318919919435260e-10
2.011413556606033199e-10
1.906303740557581654e-10
1.806686615653346807e-10
1.712275152031233822e-10
1.622797319059867434e-10
1.537995301528411101e-10
1.457624756795770660e-10
1.381454110758666306e-10
1.309263890610085349e-10
1.240846092465618782e-10
1.176003582035504075e-10
1.114549526615567097e-10
1.056306856760476602e-10
1.001107756088133888e-10
9.487931777451985153e-11
8.992123861405593991e-11
8.522225226262597863e-11
8.076881938745229656e-11
7.654810817648123573e-11
7.254795736569333144e-11
6.875684119848113076e-11
6.516383621613432160e-11
6.175858978374623253e-11
5.853129026085016408e-11
5.547263873083968254e-11
5.257382220771769396e-11
4.982648824297025511e-11
4.722272085940127423e-11
4.475501774258692083e-11
4.241626862422738199e-11
4.019973479511414416e-11
3.809902968868094623e-11
3.610810047919548094e-11
3.422121064156742207e-11
3.243292342252328055e-11
3.073808617552402513e-11
2.913181551428695205e-11
2.760948324213549254e-11
2.616670301663547300e-11
2.479931771109250300e-11
2.350338743649569027e-11
2.227517818939575273e-11
2.111115109300661847e-11
2.000795220053154214e-11
1.896240283133430202e-11
1.797149041210936964e-11
1.703235979666263988e-11
1.614230503929131946e-11
1.529876159806038167e-11
1.449929894550941339e-11
1.374161356549951814e-11
1.302352231602229453e-11
1.234295613884597022e-11
1.169795409787464241e-11
1.108665772904354584e-11
1.050730568546966612e-11
9.958228662429121066e-12
9.437844587538737260e-12
8.944654062282488437e-12
8.477236041748707062e-12
8.034243740130204572e-12
7.614400750189092334e-12
7.216497365505716548e-12
6.839387094914526656e-12
6.481983359084248673e-12
6.143256359723611631e-12
5.822230112392047261e-12
5.517979634366067592e-12
5.229628279458241389e-12
4.956345212109732757e-12
4.697343013478559085e-12
4.451875412625596134e-12
4.219235136261294734e-12
3.998751870857670104e-12
3.789790331253423974e-12
3.591748430187379088e-12
3.404055543486169360e-12
3.226170865907332505e-12
3.057581852900689199e-12
2.897802743798043724e-12
2.746373162176213667e-12
2.602856789360354079e-12
2.466840107245621201e-12
2.337931206814892066e-12
2.215758658919322816e-12
2.099970444068186292e-12
1.990232938144416280e-12
1.886229951123233423e-12
1.787661816024157677e-12
1.694244525471434834e-12
1.605708913374892343e-12
1.521799879373456740e-12
1.442275653806730115e-12
1.366907101096668040e-12
1.295477059532255060e-12
1.227779715554820897e-12
1.163620010741181828e-12
1.102813079775836502e-12
1.045183717792881674e-12
9.905658755529075654e-13
9.388021810002450171e-13
8.897434858220487765e-13
8.432484357027324929e-13
7.991830630354552397e-13
7.574204009171581595e-13
7.178401173149704466e-13
6.803281683498408200e-13
6.447764696984220322e-13
6.110825851664258869e-13
5.791494315360807843e-13
5.488849988372980261e-13
5.202020852365288396e-13
4.930180457794727242e-13
4.672545542636416350e-13
4.428373775546774564e-13
4.196961616961673226e-13
3.977642291966361930e-13
3.769783869096518933e-13
3.572787439534922873e-13
3.386085391457155337e-13
3.209139774554293707e-13
3.041440750020345131e-13
2.882505121538092643e-13
2.731874943030774108e-13
2.589116199168137119e-13
2.453817554824780368e-13
2.325589169887723333e-13
2.204061575998157494e-13
2.088884611991039988e-13
1.979726414965014922e-13
1.876272464075688694e-13
1.778224674297164003e-13
1.685300537540537106e-13
1.597232308654700898e-13
1.513766233964108500e-13
1.434661820120541347e-13
1.359691141162274798e-13
1.288638181784076968e-13
1.221298214925698295e-13
1.157477211885553629e-13
1.096991283259885978e-13
1.039666149096641754e-13
9.853366367373126389e-14
9.338462048999026384e-14
8.850464926317779747e-14
8.387968918327146356e-14
7.949641421164792646e-14
7.534219468436303190e-14
7.140506092191464247e-14
6.767366874063909967e-14
6.413726676637017013e-14
6.078566545617573482e-14
5.760920773891616901e-14
5.459874119003185418e-14
5.174559166038211364e-14
4.904153828315494433e-14
4.647878978683193431e-14
4.404996204596087244e-14
4.174805680504920361e-14
3.956644151427645972e-14
3.749883021892699489e-14
3.553926544747629885e-14
3.368210104614616854e-14
3.192198591047025755e-14
3.025384856699306753e-14
2.867288256067843708e-14
2.717453260592457313e-14
2.575448146128031345e-14
2.440863749004530686e-14
2.313312287091287237e-14
2.192426242468476306e-14
2.077857302486535542e-14
1.969275356162265741e-14
1.866367543020027800e-14
1.768837351637282158e-14
1.676403765297159463e-14
1.588800452286457975e-14
1.505774998505927953e-14
1.427088180181810760e-14
1.352513274583111233e-14
1.281835406758456843e-14
1.214850930410328287e-14
1.151366841122797114e-14
1.091200220251996746e-14
1.034177707877039336e-14
9.801350032928111065e-15
9.289163916053188220e-15
8.803742950656213167e-15
8.343688478495453694e-15
7.907674930580368189e-15
7.494446007769121139e-15
7.102811060955442835e-15
6.731641660415199940e-15
6.379868344427292084e-15
6.046477537800906693e-15
5.730508631430515195e-15
5.431051214463477106e-15
5.147242451105410226e-15
4.878264594505195352e-15
4.623342630555965720e-15
4.381742044823255427e-15
4.152766706166245289e-15
3.935756860953797180e-15
3.730087232096209652e-15
3.535165217415204046e-15
3.350429182161266719e-15
3.175346840758259406e-15
3.009413723112714029e-15
2.852151721068825763e-15
2.703107710820794267e-15
2.561852247313350378e-15
2.427978326868665908e-15
2.301100214474210224e-15
2.180852332352659224e-15
2.066888206611541336e-15
1.958879468937409970e-15
1.856514910458180837e-15
1.759499585047554675e-15
1.667553959487713655e-15
1.580413108041741559e-15
1.497825949114992791e-15
1.419554521806063454e-15
1.345373300262766812e-15
1.275068543867598350e-15
1.208437681380402251e-15
1.145288727263658211e-15
1.085439728508682511e-15
1.028718240368895421e-15
9.749608294894977555e-16
9.240126030019473873e-16
8.757267622264322323e-16
8.299641796963418169e-16
7.865929982860443570e-16
7.454882512869441608e-16
7.065315023370786186e-16
6.696105041668191696e-16
6.346188751773784818e-16
6.014557929202775626e-16
5.700257035945407590e-16
5.402380467246061682e-16
5.120069942256775646e-16
4.852512031046363709e-16
4.598935810839893605e-16
4.358610644735462813e-16
4.130844076497750980e-16
3.914979835362686588e-16
3.710395945104561288e-16
3.516502931916884286e-16
3.332742125943545887e-16
3.158584051566260748e-16
2.993526901810383829e-16
2.837095092473120835e-16
2.688837891808224808e-16
2.548328121818918674e-16
2.415160927416864625e-16
2.288952609900820140e-16
2.169339521393911551e-16
2.055977017053880252e-16
1.948538462037360429e-16
1.846714290356982439e-16
1.750211112919420622e-16
1.658750872174423423e-16
1.572070040939173387e-16
1.489918863089295236e-16
1.412060633928951910e-16
1.338271018166407620e-16
1.268337403529844640e-16
1.202058288161168942e-16
1.139242700022580952e-16
1.079709646642962911e-16
1.023287593618775624e-16
9.698139703667677882e-17
9.191347017043486783e-17
8.711037639080854648e-17
8.255827639711111464e-17
7.824405408470914629e-17
7.415527875319199558e-17
7.028016928941686171e-17
6.660756022222466320e-17
6.312686955102900976e-17
5.982806825557624389e-17
5.670165139902050921e-17
5.373861074106070117e-17
5.093040878222376904e-17
4.826895416450464237e-17
4.574657835749073536e-17
4.335601356279210916e-17
4.109037177310996765e-17
3.894312492561344474e-17
3.690808609243089927e-17
3.497939165406674807e-17
3.315148440437636438e-17
3.141909753841690046e-17
2.977723947704229927e-17
2.822117948451454227e-17
2.674643403768913632e-17
2.534875390750368265e-17
2.402411191554506786e-17
2.276869133041626466e-17
2.157887487047228098e-17
2.045123428123658543e-17
1.938252045746593569e-17
1.836965408140476884e-17
1.740971675025336744e-17
1.649994256728399693e-17
1.563771017237867037e-17
1.482053518902458722e-17
1.404606306600354425e-17
1.331206229315206640e-17
1.261641797164329989e-17
1.195712572026391770e-17
1.133228590012966558e-17
1.074009814119810381e-17
1.017885615480695971e-17
9.646942817292799026e-18
9.142825510523457885e-18
8.665051705918223319e-18
8.212244779233133862e-18
7.783100044051696834e-18
7.376380992551683501e-18
6.990915732717869406e-18
6.625593611733417088e-18
6.279362015822190054e-18
5.951223337320690869e-18
5.640232100240374207e-18
5.345492236038976311e-18
5.066154501750984555e-18
4.801414033037727967e-18
4.550508025107324591e-18
4.312713534822044962e-18
4.087345397659986943e-18
3.873754253529735529e-18
3.671324675749393012e-18
3.479473397798728382e-18
3.297647632735644125e-18
3.125323480434355137e-18
2.962004418055825691e-18
2.807219869401434993e-18
2.660523849027472215e-18
2.521493677213547237e-18
2.389728762082673477e-18
2.264849445363718829e-18
2.146495908470338212e-18
2.034327135744755147e-18
1.928019931878978417e-18
1.827267990682213146e-18
1.731781012511530532e-18
1.641283867822681998e-18
1.555515804430860638e-18
1.474229696197569802e-18
1.397191330978456639e-18
1.324178735780750043e-18
1.254981537185728875e-18
1.189400355193311990e-18
1.127246228742410932e-18
1.068340071251680582e-18
1.012512154611836627e-18
9.596016201429023805e-19
9.094560151072036021e-19
8.619308534426005975e-19
8.168891994504111395e-19
7.742012732384188672e-19
7.337440767820732902e-19
6.954010395265475808e-19
6.590616825084554138e-19
6.246213000294111403e-19
5.919806579643224029e-19
5.610457078350893193e-19
5.317273158258274494e-19
5.039410059588984939e-19
4.776067166917082175e-19
4.526485702329176300e-19
4.289946539134595271e-19
4.065768129823790763e-19
3.853304542304509695e-19
3.651943598758044983e-19
3.461105111752679253e-19
3.280239212531769296e-19
3.108824766660204335e-19
2.946367872463917501e-19
2.792400437935759315e-19
2.646478832007888156e-19
2.508182606303890116e-19
2.377113283688104306e-19
2.252893210121341057e-19
2.135164466514667410e-19
2.023587837446271079e-19
1.917841833769752211e-19
1.817621766297547882e-19
1.722638867890722907e-19
1.632619461425436281e-19
1.547304171238615356e-19
1.466447175780983348e-19
1.389815499323957042e-19
1.317188340679505026e-19
1.248356436998981817e-19
1.183121460817719044e-19
1.121295448607996888e-19
1.062700259194021759e-19
1.007167060468344009e-19
9.545358429307055827e-20
9.046549586478100948e-20
8.573806843055220875e-20
8.125768070944569341e-20
7.701142322358764308e-20
7.298706110169795606e-20
6.917299882637881942e-20
6.555824682359839966e-20
6.213238979809707440e-20
5.888555672347650174e-20
5.580839240051158489e-20
5.289203050173050689e-20
5.012806802459205483e-20
4.750854107966098924e-20
4.502590194400782153e-20
4.267299731372554418e-20
4.044304769289762808e-20
3.832962785962769216e-20
3.632664835285254814e-20
3.442833792659296127e-20
3.262922692108486465e-20
3.092413150288260542e-20
2.930813872852210031e-20
2.777659238870551153e-20
2.632507959222400456e-20
2.494941805096023256e-20
2.364564402933271856e-20
2.241000092346423878e-20
2.123892843716483713e-20
2.012905232354079281e-20
1.907717466267460218e-20
1.808026464736110022e-20
1.713544985034933561e-20
1.624000794793071446e-20
1.539135887602494718e-20
1.458705739616197228e-20
1.382478604994209890e-20
1.310234848167267701e-20
1.241766310994080825e-20
1.176875712988961967e-20
1.115376082891565347e-20
1.057090219940837845e-20
1.001850183301084995e-20
9.494968081689366496e-21
8.998792471668911060e-21
8.528545357022178409e-21
8.082871800386676046e-21
7.660487668942556115e-21
7.260175934401686047e-21
6.880783166346566508e-21
6.521216208816251186e-21
6.180439030562843588e-21
5.857469739902758387e-21
5.551377755562404840e-21
5.261281125366073059e-21
4.986343985039970858e-21
4.725774149811114878e-21
4.478820831861262775e-21
4.244772477058851522e-21
4.022954714736475279e-21
3.812728414606181198e-21
3.613487845213691150e-21
3.424658928625968977e-21
3.245697586323020864e-21
3.076088171527704371e-21
2.915341983457011302e-21
2.762995859213645055e-21
2.618610839260504957e-21
2.481770902633241354e-21
2.352081768246407710e-21
2.229169758839224397e-21
2.112680724287945324e-21
2.002279021182336680e-21
1.897646545725974275e-21
1.798481817174180171e-21
1.704499109168255664e-21
1.615427626463449158e-21
1.531010724678384373e-21
1.451005170817701601e-21
1.375180442437444144e-21
1.303318063433731859e-21
1.235210974540835675e-21
1.170662936725029124e-21
1.109487965755094208e-21
1.051509796320229488e-21
9.965613741514582373e-22
9.444843746830845393e-22
8.951287468672479233e-22
8.483522808272818757e-22
8.040201981040744326e-22
7.620047633147426044e-22
7.221849161047963944e-22
6.844459223332588676e-22
6.486790434856521904e-22
6.147812233624155910e-22
5.826547911399434196e-22
5.522071799486345413e-22
5.233506601571596901e-22
4.960020865944087637e-22
4.700826589807479073e-22
4.455176948783818043e-22
4.222364145065756279e-22
4.001717368016930492e-22
3.792600861344905514e-22
3.594412091277248412e-22
3.406580010462388285e-22
3.228563412593665849e-22
3.059849373014907919e-22
2.899951770815042682e-22
2.748409888153140973e-22
2.604787082777913994e-22
2.468669529917137335e-22
2.339665029911755587e-22
2.217401878158927934e-22
2.101527794108267316e-22
1.991708906225186233e-22
1.887628789996559159e-22
1.788987556207168692e-22
1.695500986859792101e-22
1.606899716249132241e-22
1.522928454830236277e-22
1.443345253644965663e-22
1.367920807187015015e-22
1.296437792696993565e-22
1.228690243983752172e-22
1.164482957967654821e-22
1.103630932236018557e-22
1.045958831990037357e-22
9.913004848472276540e-23
9.394984020438978175e-23
8.904033246579845702e-23
8.438737935447261032e-23
7.997757417461323202e-23
7.579821081997839463e-23
7.183724716338803163e-23
6.808327035937727554e-23
6.452546396001791749e-23
6.115357674915343393e-23
5.795789320526084177e-23
5.492920550781882679e-23
5.205878700653495716e-23
4.933836707698281972e-23
4.676010729019727293e-23
4.431657882757102961e-23
4.200074107597380479e-23
3.980592134141688660e-23
3.772579562281733913e-23
3.575437039046146479e-23
3.388596531666307142e-23
3.211519690886281161e-23
3.043696299800748436e-23
2.884642803751317777e-23
2.733900917045810391e-23
2.591036302485761219e-23
2.455637319897278896e-23
2.327313840059709318e-23
2.205696120614456124e-23
2.090433740714936909e-23
1.981194591348356257e-23
1.877663918419914760e-23
1.779543415842140703e-23
1.686550366016504944e-23
1.598416825230608526e-23
1.514888851623713550e-23
1.435725773496351298e-23
1.360699495855636542e-23
1.289593843198131747e-23
1.222203936636852597e-23
1.158335603577409706e-23
1.097804818242618301e-23
1.040437171433431376e-23
9.860673679983444492e-24
9.345387505634563767e-24
8.857028481508159607e-24
8.394189483844208473e-24
7.955536920513774294e-24
7.539806888499452332e-24
7.145801532172698649e-24
6.772385591876027802e-24
6.418483132864861724e-24
6.083074445183606774e-24
5.765193105544411078e-24
5.463923192742354655e-24
5.178396648583487271e-24
4.907790776722394728e-24
4.651325872202207646e-24
4.408262974866701054e-24
4.177901740171964541e-24
3.959578421262370624e-24
3.752663956496324649e-24
3.556562156911858935e-24
3.370707988409250582e-24
3.194565943700870760e-24
3.027628499337778531e-24
2.869414653366979948e-24
2.719468539405688956e-24
2.577358113139676417e-24
2.442673907460855670e-24
2.315027852657077759e-24
2.194052158255169772e-24
2.079398253294898677e-24
1.970735781980882877e-24
1.867751651818393195e-24
1.770149131490310105e-24
1.677646995876167378e-24
1.589978715749665293e-24
1.506891689819804077e-24
1.428146516903112359e-24
1.353516306129741962e-24
1.282786023195817245e-24
1.215751870778566043e-24
1.152220701328898756e-24
1.092009460549427715e-24
1.034944659954561545e-24
9.808618769928585798e-25
9.296052812912658854e-25
8.810271856563340543e-25
8.349876205386169900e-25
7.913539307340999070e-25
7.500003931607311722e-25
7.108078546086848034e-25
6.736633884205477913e-25
6.384599691123133517e-25
6.050961639976004876e-25
5.734758409265311892e-25
5.435078912972482027e-25
5.151059675419312515e-25
4.881882343308904636e-25
4.626771327779464475e-25
4.384991569676541185e-25
4.155846421604414500e-25
3.938675640654958983e-25
3.732853486029376857e-25
3.537786916072242514e-25
3.352913879522551115e-25
3.177701696058113088e-25
3.011645521467566441e-25
2.854266893027408198e-25
2.705112350892611401e-25
2.563752131529009044e-25
2.429778929422556020e-25
2.302806723497411638e-25
2.182469664861692547e-25
2.068421022675937817e-25
1.960332185106866611e-25
1.857891712488123802e-25
1.760804439959703511e-25
1.668790627000347354e-25
1.581585151402688028e-25
1.498936745368573083e-25
1.420607271523421505e-25
1.346371036763776208e-25
1.276014141960903314e-25
1.209333865646646269e-25
1.146138079905904661e-25
1.086244696792632100e-25
1.029481143674230743e-25
9.756838659927838005e-26
9.246978560103372057e-26
8.763762061803249676e-26
8.305796858584247566e-26
7.871763401330091291e-26
7.460411096194512828e-26
7.070554701227189801e-26
