1.708935637358136375e-02
1.605392949657114335e-02
1.508123809035328590e-02
1.416748107598835016e-02
1.330908767807843091e-02
1.250270347090772990e-02
1.174517727003338528e-02
1.103354881810161142e-02
1.036503721676781606e-02
9.737030059515029007e-03
9.147073222903898820e-03
8.592861276360568359e-03
8.072228473025827578e-03
7.583140286459645434e-03
7.123685460128241324e-03
6.692068538604710980e-03
6.286602851296691635e-03
5.905703921282890248e-03
5.547883273501555586e-03
5.211742618094583439e-03
4.895968386176927784e-03
4.599326596678242340e-03
4.320658034197406849e-03
4.058873719025997764e-03
3.812950651638457016e-03
3.581927815019320203e-03
3.364902419205407710e-03
3.161026373367418953e-03
2.969502971644545804e-03
2.789583779781024033e-03
2.620565710398242883e-03
2.461788275473168492e-03
2.312631005286322917e-03
2.172511023753114726e-03
2.040880770663393469e-03
1.917225861928210711e-03
1.801063079472083961e-03
1.691938482915649779e-03
1.589425635669570363e-03
1.493123938507616736e-03
1.402657064106884593e-03
1.317671486437632655e-03
1.237835099255918435e-03
1.162835918300363786e-03
1.092380862121513935e-03
1.026194606779518579e-03
9.640185099345220969e-04
9.056096001253366142e-04
8.507396272866960983e-04
7.991941707947203049e-04
7.507718015549987110e-04
7.052832948589141029e-04
6.625508909322118259e-04
6.224076002861806322e-04
5.846965511569098255e-04
5.492703764825400533e-04
5.159906380229481926e-04
4.847272853714377529e-04
4.553581477443657322e-04
4.277684565627254800e-04
4.018503969600275487e-04
3.775026864638691927e-04
3.546301792047594145e-04
3.331434941055353414e-04
3.129586655984055010e-04
2.939968155046950591e-04
2.761838447950683674e-04
2.594501440256869840e-04
2.437303213187495745e-04
2.289629468244178134e-04
2.150903126655350937e-04
2.020582074270535294e-04
1.898157043089193706e-04
1.783149621145606561e-04
1.675110382972833025e-04
1.573617133339963502e-04
1.478273257399567427e-04
1.388706170798037628e-04
1.304565863692199834e-04
1.225523532982475113e-04
1.151270297417661761e-04
1.081515990550224813e-04
1.015988026825201136e-04
9.544303363716468260e-05
8.966023643339841843e-05
8.422781308328622461e-05
7.912453478820377563e-05
7.433045898103704356e-05
6.982685139471210166e-05
6.559611285251315538e-05
6.162171049410220306e-05
5.788811316848419209e-05
5.438073074144800814e-05
5.108585708030782455e-05
4.799061649314177350e-05
4.508291341322321119e-05
4.235138513202127387e-05
3.978535739606176681e-05
3.737480269412907918e-05
3.511030107180467463e-05
3.298300332021306114e-05
3.098459639512480727e-05
2.910727093128096473e-05
2.734369072499196902e-05
2.568696406575511490e-05
2.413061680486030110e-05
2.266856705574205394e-05
2.129510142721148362e-05
2.000485269669286705e-05
1.879277883621633367e-05
1.765414330920441570e-05
1.658449656105659864e-05
1.557965863120055417e-05
1.463570281866175313e-05
1.374894033731964046e-05
1.291590590088653781e-05
1.213334418127800343e-05
1.139819708745693669e-05
1.070759181503969899e-05
1.005882961996451062e-05
9.449375272352056310e-06
8.876847149345938536e-06
8.339007928218024665e-06
7.833755843369102526e-06
7.359116473059077498e-06
6.913235023770932789e-06
6.494369082057252119e-06
6.100881805545094782e-06
5.731235526490980726e-06
5.383985742890091639e-06
5.057775473658050957e-06
4.751329955826581408e-06
4.463451663030721262e-06
4.193015625820885629e-06
3.938965035512502587e-06
3.700307114393940345e-06
3.476109236154439197e-06
3.265495281371337172e-06
3.067642213814681575e-06
2.881776864190094542e-06
2.707172908751405973e-06
2.543148030976109975e-06
2.389061255212041020e-06
2.244310441875712976e-06
2.108329934414049351e-06
1.980588348834368341e-06
1.860586497164477769e-06
1.747855436728251767e-06
1.641954637613626661e-06
1.542470261171868135e-06
1.449013542820828726e-06
1.361219272832527947e-06
1.278744369168280506e-06
1.201266536784309301e-06
1.128483008168667193e-06
1.060109360187779888e-06
9.958784026190422452e-07
9.355391340261156736e-07
8.788557608966859074e-07
8.256067762096752741e-07
7.755840938311396826e-07
7.285922353562445833e-07
6.844475662196680715e-07
6.429775780892982432e-07
6.040202147389850145e-07
5.674232387659708102e-07
5.330436366782796534e-07
5.007470600272599123e-07
4.704073004013437331e-07
4.419057962294051238e-07
4.151311694664055545e-07
3.899787903507893315e-07
3.663503685327872242e-07
3.441535689758502411e-07
3.233016511302216774e-07
3.037131299686220711e-07
2.853114575594400588e-07
2.680247239330819860e-07
2.517853760725282170e-07
2.365299539299688045e-07
2.221988424379244504e-07
2.087360385457628918e-07
1.960889323712410094e-07
1.842081016118510201e-07
1.730471184125773927e-07
1.625623679353419335e-07
1.527128779211429067e-07
1.434601585788523697e-07
1.347680521749900019e-07
1.266025917367009609e-07
1.189318683157780452e-07
1.117259062950217150e-07
1.049565462496645616e-07
9.859733490610155743e-08
9.262342176791112335e-08
8.701146200520119830e-08
8.173952522779180305e-08
7.678700978573864303e-08
7.213456226230164874e-08
6.776400184475327801e-08
