1.397440762403276936e-02
1.323305100521018907e-02
1.253102411334697242e-02
1.186624046619770036e-02
1.123672427153432456e-02
1.064060455492752549e-02
1.007610959905527737e-02
9.541561678011761805e-03
9.035372070966612643e-03
8.556036340354605113e-03
8.102129860562233901e-03
7.672303583822032494e-03
7.265280030730541204e-03
6.879849493473374523e-03
6.514866440473109609e-03
6.169246111774265816e-03
5.841961295046597079e-03
5.532039272624706544e-03
5.238558930510339717e-03
4.960648020745047834e-03
4.697480569016801964e-03
4.448274419795710671e-03
4.212288911702807663e-03
3.988822676202898737e-03
3.777211553079010478e-03
3.576826616493044945e-03
3.387072305765943467e-03
3.207384655321866406e-03
3.037229618535653049e-03
2.876101480501878568e-03
2.723521355008147026e-03
2.579035761245478901e-03
2.442215276025676892e-03
2.312653257499931985e-03
2.189964636585466605e-03
2.073784772508230085e-03
1.963768369060226240e-03
1.859588448350493793e-03
1.760935378999651472e-03
1.667515955889714444e-03
1.579052528734127721e-03
1.495282176878043150e-03
1.415955927876293586e-03
1.340838017526601060e-03
1.269705189158780098e-03
1.202346030097367928e-03
1.138560343325587627e-03
1.078158552483182752e-03
1.020961138429726800e-03
9.667981056988204057e-04
9.155084772574459016e-04
8.669398160688494880e-04
8.209477720370041360e-04
7.773956529861325657e-04
7.361540184002043604e-04
6.971002947149681182e-04
6.601184110191373562e-04
6.250984540819963260e-04
5.919363416821497425e-04
5.605335132665116441e-04
5.307966370201552039e-04
5.026373324764040525e-04
4.759719078427427676e-04
4.507211112618572679e-04
4.268098952685300449e-04
4.041671937423394270e-04
3.827257106932453485e-04
3.624217202523158832e-04
3.431948772731512661e-04
3.249880379810947905e-04
3.077470901371874611e-04
2.914207922120985728e-04
2.759606210920428210e-04
2.613206278640555044e-04
2.474573012520053556e-04
2.343294382974678443e-04
2.218980219011088787e-04
2.101261048606246191e-04
1.989787000605863960e-04
1.884226764878277436e-04
1.784266607633196861e-04
1.689609438978827421e-04
1.599973929946024839e-04
1.515093676355228297e-04
1.434716407041107739e-04
1.358603234081699990e-04
1.286527942803659670e-04
1.218276319453456732e-04
1.153645514536304288e-04
1.092443439930607747e-04
1.034488197986109298e-04
9.796075409089599986e-05
9.276383588269658867e-05
8.784261950134973163e-05
8.318247868292655300e-05
7.876956310176082146e-05
7.459075720613023803e-05
7.063364123774728079e-05
6.688645431920569250e-05
6.333805949967578474e-05
5.997791065496130232e-05
5.679602114354220848e-05
5.378293412544640892e-05
5.092969445573568066e-05
4.822782206907095555e-05
4.566928677625362227e-05
4.324648439783613851e-05
4.095221416386890046e-05
3.877965731261379231e-05
3.672235682461776421e-05
3.477419823191468454e-05
3.292939144531840939e-05
3.118245354579681275e-05
2.952819248878087830e-05
2.796169167297688792e-05
2.647829532781893508e-05
2.507359467613201571e-05
2.374341483087996323e-05
2.248380238705436349e-05
2.129101367182641711e-05
2.016150361804028849e-05
1.909191522797899261e-05
1.807906959608828251e-05
1.711995646100526931e-05
1.621172525881152795e-05
1.535167665092035944e-05
1.453725450141822225e-05
1.376603828001644678e-05
1.303573586803413338e-05
1.234417674603099933e-05
1.168930554284329079e-05
1.106917592684991621e-05
1.048194482131318220e-05
9.925866926601604093e-06
9.399289533014406324e-06
8.900647608790994805e-06
8.428459148706535911e-06
7.981320769429310589e-06
7.557903538548866348e-06
7.156949024878480733e-06
6.777265558293133643e-06
6.417724687986887258e-06
6.077257828623361345e-06
5.754853084411308415e-06
5.449552241666272054e-06
5.160447920919914992e-06
4.886680880112846219e-06
4.627437460855847054e-06
4.381947170169519388e-06
4.149480390515173964e-06
3.929346211310862611e-06
3.720890375487742905e-06
3.523493334983709739e-06
3.336568409395086261e-06
3.159560042313724802e-06
2.991942150167205051e-06
2.833216558654748808e-06
2.682911522131827810e-06
2.540580321542890471e-06
2.405799936735231469e-06
2.278169789207954688e-06
2.157310551559385561e-06
2.042863020094520896e-06
1.934487047241805025e-06
1.831860530606291106e-06
1.734678455654558448e-06
1.642651989186184801e-06
1.555507620897476174e-06
1.472986350486121477e-06
1.394842917880778007e-06
1.320845074307763860e-06
1.250772892028406816e-06
1.184418110695534633e-06
1.121583518386421002e-06
1.062082365472567776e-06
1.005737809584294548e-06
9.523823900205228106e-07
9.018575300416619414e-07
8.540130655663640900e-07
8.087067988713987749e-07
7.658040759682068340e-07
7.251773864000589349e-07
6.867059842703852283e-07
6.502755293759395903e-07
6.157777473782159394e-07
5.831101080031197345e-07
5.521755203124747025e-07
5.228820441416885851e-07
4.951426168459465601e-07
4.688747945427968331e-07
4.440005070820832016e-07
4.204458260149731428e-07
3.981407448724656302e-07
3.770189711003495781e-07
3.570177290322251806e-07
3.380775733150081164e-07
3.201422122324016312e-07
3.031583404012390668e-07
2.870754803434566289e-07
2.718458324628350653e-07
2.574241329806285108e-07
2.437675194078537938e-07
2.308354031544121159e-07
2.185893488964273207e-07
2.069929603432702595e-07
1.960117720647592839e-07
1.856131470570384705e-07
1.757661797426906125e-07
1.664416041167937950e-07
1.576117067659232570e-07
1.492502445015842725e-07
1.413323663632760087e-07
1.338345397593719746e-07
1.267344805263029384e-07
1.200110866981714557e-07
1.136443757899559022e-07
1.076154254079052405e-07
1.019063170106124472e-07
9.650008265362097113e-08
9.138065455928401485e-08
8.653281736199502401e-08
8.194216288685618687e-08
7.759504732738621417e-08
7.347855069499385638e-08
6.958043841969843855e-08
6.588912498797144929e-08
6.239363950962783833e-08
5.908359311142897175e-08
5.594914806048823191e-08
5.298098852571165307e-08
5.017029289037390828e-08
4.750870753354055572e-08
4.498832200241259698e-08
4.260164550180361545e-08
4.034158463087412077e-08
3.820142230095498964e-08
3.617479777180185272e-08
3.425568774694669575e-08
3.243838847196034620e-08
3.071749878242044980e-08
2.908790405120205770e-08
2.754476098738096873e-08
2.608348324157066764e-08
2.469972777491097880e-08
2.338938195119571309e-08
2.214855131377622615e-08
2.097354801091271713e-08
1.986087983517246050e-08
1.880723984429920898e-08
1.780949653270606494e-08
1.686468452438072122e-08
1.596999575954159573e-08
1.512277114885087225e-08
1.432049267038007020e-08
1.356077588583970966e-08
1.284136285383058375e-08
1.216011541905435498e-08
1.151500885753837772e-08
1.090412585898783598e-08
1.032565082838026289e-08
9.777864489866297759e-09
9.259138776939030016e-09
8.767931993685085813e-09
8.302784232736285517e-09
7.862313036303668379e-09
7.445209287398090685e-09
7.050233319025768043e-09
6.676211229794991914e-09
6.322031394983660334e-09
5.986641162698256247e-09
5.669043725304966238e-09
5.368295156834585049e-09
5.083501607556107297e-09
4.813816647381076280e-09
4.558438750203034214e-09
4.316608911695354591e-09
4.087608393487315061e-09
3.870756587013959765e-09
3.665408990690890519e-09
3.470955294402024523e-09
3.286817565607219058e-09
3.112448531678750032e-09
2.947329953361593333e-09
2.790971084523323218e-09
2.642907213615807572e-09
2.502698282513897257e-09
2.369927578626118224e-09
2.244200496390226737e-09
2.125143364472696308e-09
2.012402335186472110e-09
1.905642332826245665e-09
1.804546057795623600e-09
1.708813043566366167e-09
1.618158763666901356e-09
1.532313786046018959e-09
1.451022972298418335e-09
1.374044719372187367e-09
1.301150241504451110e-09
1.232122890251078404e-09
1.166757510589508134e-09
1.104859831180978908e-09
1.046245886979969657e-09
9.907414724748013149e-10
9.381816239343836057e-10
8.884101291223012920e-10
8.412790630210699419e-10
7.966483481866945992e-10
7.543853384268688839e-10
7.143644245654714430e-10
6.764666611216596528e-10
6.405794127940180333e-10
6.065960196990856591e-10
5.744154803693210413e-10
5.439421515683481397e-10
5.150854640313190683e-10
4.877596532855239332e-10
4.618835047512594610e-10
4.373801123653502763e-10
4.141766500099391209e-10
3.922041550672146298e-10
3.713973234567819207e-10
3.516943155465104684e-10
3.330365723600097140e-10
3.153686415344862712e-10
2.986380125117152059e-10
2.827949604722979321e-10
2.677923985493686061e-10
2.535857378825133746e-10
2.401327550959732132e-10
2.273934668072631634e-10
2.153300107932380450e-10
2.039065334604195393e-10
1.930890832851379681e-10
1.828455099067831298e-10
1.731453685742616675e-10
1.639598296616676333e-10
1.552615929842390274e-10
1.470248066599407407e-10
1.392249902755234545e-10
1.318389621287015637e-10
1.248447703302082833e-10
1.182216275609568449e-10
1.119498492904014079e-10
1.060107952724767101e-10
1.003868141452383603e-10
9.506119096954861413e-11
9.001809755088859726e-11
8.524254539664930812e-11
8.072034116908626691e-11
7.643804450154070334e-11
7.238292805255318517e-11
6.854293967914741389e-11
6.490666661686011889e-11
6.146330156005683738e-11
5.820261054172180225e-11
5.511490251725770861e-11
5.219100056189605958e-11
4.942221459611437191e-11
4.680031555799788545e-11
4.431751094578388101e-11
4.196642165789909559e-11
3.974006006165676231e-11
3.763180922543175933e-11
3.563540325259014813e-11
3.374490865872375640e-11
3.195470673684159351e-11
3.025947685810591847e-11
2.865418065848127402e-11
2.713404706429800692e-11
2.569455811222494916e-11
2.433143552150706085e-11
2.304062797855959747e-11
2.181829909612755308e-11
2.066081601122402233e-11
1.956473858795960757e-11
1.852680919317273500e-11
1.754394301447328558e-11
1.661321889192385919e-11
1.573187063610979177e-11
1.489727880679439473e-11
1.410696292772494051e-11
1.335857411445118340e-11
1.264988809324562889e-11
1.197879859037722680e-11
1.134331107209085493e-11
1.074153681668730586e-11
1.017168730108547938e-11
9.632068885183200326e-12
9.121077778218134131e-12
8.637195272168395257e-12
8.178983228026143129e-12
7.745079801528971305e-12
7.334195395645613577e-12
6.945108827786440902e-12
6.576663700347347684e-12
6.227764963799997685e-12
5.897375662113655339e-12
5.584513850835715559e-12
5.288249678671209739e-12
5.007702623887509990e-12
4.742038877330585833e-12
4.490468864274926939e-12
4.252244897741866464e-12
4.026658956311762011e-12
3.813040579825513206e-12
3.610754876721272104e-12
3.419200637083976797e-12
3.237808545799533112e-12
3.066039490502999077e-12
2.903382959291850058e-12
2.749355523442190858e-12
2.603499400618425773e-12
2.465381094306126862e-12
2.334590105424377936e-12
2.210737712288403141e-12
2.093455815296427700e-12
1.982395842907075832e-12
1.877227715655796992e-12
1.777638865131269441e-12
1.683333304996119548e-12
1.594030751290932530e-12
1.509465789407043517e-12
1.429387085252267918e-12
1.353556638265100685e-12
1.281749074057274350e-12
1.213750974582353672e-12
1.149360243839571181e-12
1.088385507227723042e-12
1.030645542763956592e-12
9.759687424769795510e-13
9.241926023739146635e-13
8.751632394649315274e-13
8.287349344102159269e-13
7.847696984299871916e-13
7.431368631903796697e-13
7.037126924463001220e-13
6.663800142870259109e-13
6.310278728915538511e-13
5.975511987586782663e-13
5.658504964317147390e-13
5.358315487897228198e-13
5.074051370264041379e-13
4.804867754843965039e-13
4.549964605568805017e-13
4.308584329102140903e-13
4.080009523208986789e-13
3.863560844576750897e-13
3.658594989750473210e-13
3.464502783181512290e-13
3.280707366707203421e-13
3.106662485080478769e-13
2.941850862453890763e-13
2.785782664992815094e-13
2.637994045048606578e-13
2.498045762564847972e-13
2.365521879619410804e-13
2.240028524222397268e-13
2.121192719695864598e-13
2.008661276156150629e-13
1.902099740804197588e-13
1.801191403904049116e-13
1.705636357495201876e-13
1.615150604041232517e-13
1.529465212365523836e-13
1.448325518365468540e-13
1.371490368129596069e-13
1.298731401208115067e-13
1.229832371906685276e-13
1.164588506586247490e-13
1.102805895058757098e-13
1.044300914269995082e-13
9.888996825565959716e-14
9.364375428552988182e-14
8.867585733284757973e-14
8.397151239514769763e-14
7.951673776844907148e-14
7.529829349246859943e-14
7.130364200035925078e-14
6.752091085601991505e-14
6.393885746822885804e-14
6.054683567672871999e-14
5.733476411095365955e-14
5.429309622735857905e-14
5.141279193629856150e-14
4.868529073413142173e-14
4.610248626068970200e-14
4.365670220650480265e-14
4.134066949817747236e-14
3.914750469408784127e-14
3.707068952623497572e-14
3.510405152740292895e-14
3.324174568607533991e-14
3.147823707457564473e-14
2.980828439880215660e-14
2.822692442066660477e-14
2.672945720693815786e-14
2.531143216065144369e-14
2.396863479356258959e-14
2.269707420034004349e-14
2.149297119726237817e-14
2.035274709017030143e-14
1.927301303829029842e-14
1.825055998231832464e-14
1.728234910682894782e-14
1.636550280866345276e-14
1.549729614445417797e-14
1.467514873186645247e-14
1.389661708048792262e-14
1.315938732957204367e-14
1.246126837105172212e-14
1.180018533738409209e-14
1.117417343487181333e-14
1.058137210413297306e-14
1.002001949036401904e-14
9.488447206960933378e-15
8.985075376935617452e-15
8.508407937390248661e-15
8.057028193094046007e-15
7.629594605947355044e-15
7.224836807818963537e-15
6.841551824906473220e-15
6.478600502398219892e-15
6.134904118810537781e-15
5.809441179937885658e-15
5.501244382887213785e-15
5.209397741173392945e-15
4.933033862331295890e-15
4.671331369953316661e-15
4.423512462490457858e-15
4.188840601561509470e-15
3.966618322899781749e-15
3.756185163431370685e-15
3.556915698324025768e-15
3.368217682172591718e-15
3.189530288796465218e-15
3.020322444417586452e-15
2.860091249265058989e-15
2.708360482915243765e-15
2.564679188925102314e-15
2.428620334552178601e-15
2.299779541577816231e-15
2.177773884461493151e-15
2.062240752254307320e-15
1.952836770889107561e-15
1.849236782644242661e-15
1.751132879747795442e-15
1.658233489250108715e-15
1.570262506444752346e-15
1.486958474262399361e-15
1.408073806198693006e-15
1.333374050466588813e-15
1.262637193186164681e-15
1.195652998540925498e-15
1.132222383939490553e-15
1.072156828325592666e-15
1.015277811877837042e-15
9.614162854339612876e-16
9.104121680626808174e-16
8.621138712898616481e-16
8.163778485649818035e-16
7.730681686288582710e-16
7.320561115146503278e-16
6.932197859814262803e-16
6.564437672432649082e-16
6.216187539172130308e-16
5.886412431704799109e-16
5.574132231014295569e-16
5.278418814400635816e-16
4.998393297022442296e-16
4.733223419778183950e-16
4.482121075762977937e-16
4.244339967949397357e-16
4.019173391130704874e-16
3.805952131534266874e-16
3.604042477862623121e-16
3.412844337850866461e-16
3.231789454742572600e-16
3.060339718383515831e-16
2.897985565913580693e-16
2.744244467303611384e-16
2.598659491236077394e-16
2.460797947067236376e-16
2.330250098834594319e-16
2.206627947487583871e-16
2.089564077722154160e-16
1.978710565991961140e-16
1.873737946450684122e-16
1.774334231752159574e-16
1.680203985798068036e-16
1.591067445677306313e-16
1.506659690187374008e-16
1.426729852466550020e-16
1.351040374396738385e-16
1.279366300561005381e-16
1.211494609657391544e-16
1.147223581381905066e-16
1.086362196899019868e-16
1.028729571117827201e-16
9.741544150865174636e-17
9.224745269073851587e-17
8.735363096593141376e-17
8.271943148949668675e-17
7.833108103559157281e-17
7.417553706209289034e-17
7.024044894707820022e-17
6.651412128175148383e-17
6.298547911071654863e-17
5.964403501628947930e-17
5.647985794902202711e-17
5.348354371179763450e-17
5.064618700977627268e-17
4.795935498311835773e-17
4.541506214382476704e-17
4.300574664220302069e-17
4.072424779242184907e-17
3.856378479035792881e-17
3.651793656048277327e-17
3.458062267189275247e-17
3.274608526676333437e-17
3.100887194751726858e-17
2.936381957184600904e-17
2.780603890742183488e-17
2.633090010069319714e-17
2.493401891657530144e-17
2.361124370813923878e-17
2.235864307757236556e-17
2.117249419173741340e-17
2.004927171760312776e-17
1.898563734466160074e-17
1.797842986319211547e-17
1.702465576888323432e-17
1.612148036588928230e-17
1.526621934187879288e-17
1.445633079003526013e-17
1.368940765429890422e-17
1.296317057539607614e-17
1.227546111639415056e-17
1.162423534764762823e-17
1.100755777206943471e-17
1.042359557267277747e-17
9.870613165286793271e-18
9.346967040256207128e-18
8.851100877794093704e-18
8.381540922470181374e-18
7.936891603087267682e-18
7.515831384927689303e-18
7.117108842042351030e-18
6.739538937908831786e-18
6.381999503404392280e-18
6.043427901626121506e-18
5.722817869645772647e-18
5.419216527812746502e-18
5.131721547716603521e-18
4.859478470392066449e-18
4.601678166795990111e-18
4.357554433008621229e-18
4.126381713011897490e-18
3.907472942276682808e-18
3.700177505749909271e-18
3.503879304172582911e-18
3.317994922981605965e-18
3.141971898353227134e-18
2.975287075234656830e-18
2.817445052483788966e-18
2.667976710495850533e-18
2.526437816940962595e-18
2.392407706468749491e-18
2.265488030455970206e-18
2.145301573081315808e-18
2.031491130208650412e-18
1.923718447746642730e-18
1.821663216329505208e-18
1.725022119330949762e-18
1.633507931381972966e-18
1.546848664713198992e-18
1.464786760784633006e-18
1.387078324800282286e-18
1.313492400832560790e-18
1.243810285402084554e-18
1.177824877472762308e-18
1.115340062930309698e-18
1.056170131714809599e-18
1.000139225874986347e-18
9.470808169037632117e-19
8.968372108017052213e-19
8.492590793973520881e-19
8.042050165314868902e-19
7.615411177862831220e-19
7.211405825102497621e-19
6.828833369561615932e-19
6.466556774119066899e-19
6.123499322636076517e-19
5.798641419866402670e-19
5.491017561134554857e-19
5.199713462775690854e-19
4.923863344808600472e-19
4.662647357765687744e-19
4.415289146032226222e-19
4.181053540452985412e-19
3.959244373348419830e-19
3.749202409446492585e-19
3.550303386580677695e-19
3.361956160330937392e-19
3.183600947093396091e-19
3.014707660356966064e-19
2.854774335242195490e-19
2.703325636619944345e-19
2.559911446375893274e-19
2.424105525622110701e-19
2.295504247879668498e-19
2.173725399467213802e-19
2.058407043530154087e-19
1.949206444334256955e-19
1.845799048626573283e-19
1.747877521036208743e-19
1.655150830648065549e-19
1.567343386034787161e-19
1.484194216176139746e-19
1.405456194831458334e-19
1.330895306059930486e-19
1.260289948705777969e-19
1.193430277781210312e-19
1.130117580789690886e-19
1.070163687135884747e-19
1.013390408867019523e-19
9.596290110834850097e-20
9.087197104446933314e-20
8.605112002797168142e-20
8.148602008912912296e-20
7.716310337166527053e-20
7.306952180795771797e-20
6.919310893351362984e-20
6.552234372722658191e-20
6.204631636994463198e-20
5.875469581958144859e-20
5.563769910640099544e-20
5.268606225721867485e-20
4.989101276210342242e-20
4.724424350174938602e-20
4.473788805802718708e-20
4.236449733433576803e-20
4.011701741626839289e-20
3.798876860679303142e-20
3.597342557363782220e-20
3.406499854987811472e-20
3.225781553185150345e-20
3.054650542149173666e-20
2.892598206297906443e-20
2.739142912626257807e-20
2.593828579252718776e-20
2.456223319906116278e-20
2.325918160323723183e-20
2.202525822745837761e-20
2.085679574894005295e-20
1.975032140012288504e-20
1.870254664731881025e-20
1.771035741691574541e-20
1.677080484009209653e-20
1.588109648853364639e-20
1.503858807510461553e-20
1.424077559480659990e-20
1.348528788266769952e-20
1.276987956644323221e-20
1.209242439318288218e-20
1.145090890983027471e-20
1.084342647907323712e-20
1.026817161265929636e-20
9.723434605334596372e-21
9.207596453457854980e-21
8.719124043187029882e-21
8.256565593937615352e-21
7.818546343570135891e-21
7.403764462482851750e-21
7.010987184466036524e-21
6.639047142818372191e-21
6.286838900836151406e-21
5.953315666363539114e-21
5.637486180639327878e-21
5.338411772193549733e-21
5.055203567037877862e-21
4.787019846858294719e-21
4.533063547358330704e-21
4.292579889317759147e-21
4.064854135326045001e-21
3.849209465523387801e-21
3.645004966035861098e-21
3.451633724126143538e-21
3.268521024398432465e-21
3.095122640696551167e-21
2.930923218618592097e-21
2.775434743840824098e-21
2.628195091698577606e-21
2.488766653713349642e-21
2.356735036984048971e-21
2.231707832576868875e-21
2.113313449253334624e-21
2.001200009070271912e-21
1.895034301569326334e-21
1.794500793447798504e-21
1.699300690767454770e-21
1.609151050914121244e-21
1.523783941668725949e-21
1.442945644890485518e-21
1.366395902445512493e-21
1.293907202139681612e-21
1.225264101533486743e-21
1.160262587629213473e-21
1.098709470527359565e-21
1.040421809250204971e-21
9.852263680260271567e-22
9.329591014179960847e-22
8.834646667675061342e-22
8.365959625028911423e-22
7.922136909413305911e-22
7.501859442845652635e-22
7.103878125779612436e-22
6.727010124677478092e-22
6.370135356530636715e-22
6.032193159879808347e-22
5.712179142441076237e-22
5.409142195968572105e-22
5.122181669481757758e-22
4.850444692455885057e-22
4.593123640019939242e-22
4.349453732628431420e-22
4.118710763073052450e-22
3.900208944078678141e-22
3.693298870086624393e-22
3.497365587167364852e-22
3.311826765326371063e-22
3.136130967770987361e-22
2.969756011994470326e-22
2.812207417806197168e-22
2.663016937695461519e-22
2.521741165160966954e-22
2.387960216869869263e-22
2.261276484729630182e-22
2.141313454163732709e-22
2.027714585079076021e-22
1.920142252199205717e-22
1.818276741613936855e-22
1.721815300563054104e-22
1.630471237629956539e-22
1.543973070670949469e-22
1.462063719947758928e-22
1.384499744065192414e-22
1.311050616443087561e-22
1.241498040172164732e-22
1.175635299217476329e-22
1.113266644041177518e-22
1.054206709818638596e-22
9.982799655187838398e-23
9.453201922112872423e-23
8.951699890501013084e-23
8.476803054650655684e-23
8.027099981712300886e-23
7.601254116792863469e-23
7.197999810603493672e-23
6.816138557844745413e-23
6.454535435149250296e-23
6.112115727995190714e-23
5.787861736565450781e-23
5.480809751059215009e-23
5.190047187466375845e-23
4.914709875292041548e-23
4.653979489170030281e-23
4.407081116731897556e-23
4.173280955503000262e-23
3.951884131980579034e-23
3.742232636411978592e-23
3.543703367134998309e-23
3.355706278667985446e-23
3.177682628045643844e-23
3.009103314188523120e-23
2.849467305370651966e-23
2.698300150111627018e-23
2.555152567067392264e-23
2.419599109728765415e-23
2.291236901959060694e-23
2.169684440612745843e-23
2.054580461676397085e-23
1.945582866562037494e-23
1.842367705361713972e-23
1.744628214041457773e-23
1.652073902713089748e-23
1.564429692274139539e-23
1.481435096849900351e-23
1.402843449607768711e-23
1.328421169642924574e-23
1.257947067756478631e-23
1.191211689062795536e-23
1.128016690472173607e-23
1.068174251198704332e-23
1.011506514541293023e-23
9.578450592787664256e-24
9.070303991080126025e-24
8.589115086374368720e-24
8.133453745269527441e-24
7.701965704404523973e-24
7.293368545474862715e-24
6.906447883778876152e-24
6.540053758965514364e-24
6.193097217256638020e-24
5.864547074985925153e-24
5.553426853835347161e-24
5.258811878660480951e-24
4.979826529279161083e-24
4.715641638055559675e-24
4.465472025545074981e-24
4.228574166875803238e-24
4.004243981930842105e-24
3.791814742763692630e-24
3.590655092027408692e-24
3.400167166528114402e-24
3.219784820325922913e-24
3.048971942102163515e-24
2.887220861792008070e-24
2.734050841746862424e-24
2.589006647942134535e-24
2.451657196983893482e-24
2.321594274893210777e-24
2.198431323860299698e-24
2.081802293362592127e-24
1.971360552232172875e-24
1.866777858439153492e-24
1.767743383529087648e-24
1.673962788814983088e-24
1.585157350578270746e-24
1.501063131678755691e-24
1.421430197111511895e-24
1.346021871179281881e-24
1.274614034072642512e-24
1.206994455767311398e-24
1.142962165258883830e-24
1.082326853260311198e-24
1.024908306586889317e-24
9.705358725477025889e-25
9.190479517516476786e-25
8.702915178206189483e-25
8.241216625823993987e-25
7.804011653915343129e-25
7.390000852981724248e-25
6.997953748527685725e-25
6.626705143988402331e-25
6.275151657668694877e-25
5.942248443400951826e-25
5.627006085175526990e-25
5.328487656514151442e-25
5.045805935846611493e-25
4.778120769614524670e-25
4.524636575265175384e-25
4.284599976714062648e-25
4.057297565248597255e-25
3.842053779218134194e-25
3.638228896208625756e-25
3.445217131734457839e-25
3.262444838796633934e-25
3.089368802956234728e-25
2.925474627855977824e-25
2.770275206391508734e-25
2.623309272988619513e-25
2.484140032683639861e-25
2.352353862932518238e-25
2.227559084290257777e-25
2.109384796307067160e-25
1.997479775181407904e-25
1.891511429893679445e-25
1.791164813718076060e-25
1.696141688174755171e-25
1.606159636640296151e-25
1.520951224982033378e-25
1.440263206721596607e-25
1.363855770365338838e-25
1.291501826664652631e-25
1.222986333687857368e-25
1.158105657697714699e-25
1.096666967935041946e-25
1.038487663509677866e-25
9.833948306954653985e-26
9.312247290162929007e-26
8.818223045957963561e-26
8.350407293243564221e-26
7.907409644737590560e-26
7.487913474625446847e-26
7.090672005438764502e-26
6.714504602529201656e-26
6.358293265124177365e-26
6.020979303535692343e-26
5.701560192646624625e-26
5.399086592322798616e-26
5.112659525895231644e-26
4.841427708326787368e-26
4.584585016122328035e-26
4.341368091462714430e-26
4.111054073441947856e-26
3.892958449664502828e-26
3.686433021817623178e-26
3.490863979172084256e-26
3.305670074285709946e-26
3.130300895487688281e-26
