1.400980432141030185e-02
1.326532665352516197e-02
1.256041035175651036e-02
1.189295313452289234e-02
1.126096443498582518e-02
1.066255946455495901e-02
1.009595359185713054e-02
9.559457020405675784e-03
9.051469749097132769e-03
8.570476800505943266e-03
8.115043702746439769e-03
7.683812211427616667e-03
7.275496258942196898e-03
6.888878119009525514e-03
6.522804775033733474e-03
6.176184481446482868e-03
5.847983507779149631e-03
5.537223055754225860e-03
5.242976340201760746e-03
4.964365825095190185e-03
4.700560606463591480e-03
4.450773934375333064e-03
4.214260866602937902e-03
3.990316046971628672e-03
3.778271601765912421e-03
3.577495147920611504e-03
3.387387907056148457e-03
3.207382919733554015e-03
3.036943354603532149e-03
2.875560907406945685e-03
2.722754285052030564e-03
2.578067770247393069e-03
2.441069862410061037e-03
2.311351990795363406e-03
2.188527296010776228e-03
2.072229476279839437e-03
1.962111695015328165e-03
1.857845546443731306e-03
1.759120076196193103e-03
1.665640853945025935e-03
1.577129095320093863e-03
1.493320830486348332e-03
1.413966116902963662e-03
1.338828293916256591e-03
1.267683276963366438e-03
1.200318889281777688e-03
1.136534229131647708e-03
1.076139070643781885e-03
1.018953296506408578e-03
9.648063607988436197e-04
9.135367803700452250e-04
8.649916532451916223e-04
8.190262026240176501e-04
7.755033451109748233e-04
7.342932818895335370e-04
6.952731116213868795e-04
6.583264639161010489e-04
6.233431522780986033e-04
5.902188454959569853e-04
5.588547564940016775e-04
5.291573477182529971e-04
5.010380521780912573e-04
4.744130093117031820e-04
4.492028148875746815e-04
4.253322841961597691e-04
4.027302278254866813e-04
3.813292393519953846e-04
3.610654943134343551e-04
3.418785598642885512e-04
3.237112145460724951e-04
3.065092776349888945e-04
2.902214475580099247e-04
2.747991488954912016e-04
2.601963875140286516e-04
2.463696133975231762e-04
2.332775907673678283e-04
2.208812751044184140e-04
2.091436967059874031e-04
1.980298504305900824e-04
1.875065913016311567e-04
1.775425356586842265e-04
1.681079675615699219e-04
1.591747501680988274e-04
1.507162418211801711e-04
1.427072165950413554e-04
1.351237890636023406e-04
1.279433430666415737e-04
1.211444642613097796e-04
1.147068762578410902e-04
1.086113801489967616e-04
1.028397972529001680e-04
9.737491489850396819e-05
9.220043509200409680e-05
8.730092591110919875e-05
8.266177548220632288e-05
7.826914840316920785e-05
7.410994448184835340e-05
7.017175966718780067e-05
6.644284905645310023e-05
6.291209186824610713e-05
5.956895827684610196e-05
5.640347800896543999e-05
5.340621060926641918e-05
5.056821728596160400e-05
4.788103425253204898e-05
4.533664748606044877e-05
4.292746882690017115e-05
4.064631334840268929e-05
3.848637792921181454e-05
3.644122096422135215e-05
3.450474315368761574e-05
3.267116931320393231e-05
3.093503115028876368e-05
2.929115095622172654e-05
2.773462616449184155e-05
2.626081472980589061e-05
2.486532128405292378e-05
2.354398402793748420e-05
2.229286231918834778e-05
2.110822492032688225e-05
1.998653887094613724e-05
1.892445895131455129e-05
1.791881770588104431e-05
1.696661599692880922e-05
1.606501406020562921e-05
1.521132303585590834e-05
1.440299694939694997e-05
1.363762511882420069e-05
1.291292496520120960e-05
1.222673520529305126e-05
1.157700940594159951e-05
1.096180988095978666e-05
1.037930191234343971e-05
9.827748278566543017e-06
9.305504073641566415e-06
8.811011801493758307e-06
8.342796731019152349e-06
7.899462497973728047e-06
7.479686940577105776e-06
7.082218156411300498e-06
6.705870768854923357e-06
6.349522391918156987e-06
6.012110282935619283e-06
5.692628173134272461e-06
5.390123266624226624e-06
5.103693398862455644e-06
4.832484346115069923e-06
4.575687277894130932e-06
4.332536344771365101e-06
4.102306394374858448e-06
3.884310808757214048e-06
3.677899456685346756e-06
3.482456754745199835e-06
3.297399831478869966e-06
3.122176789079005220e-06
2.956265057456429796e-06
2.799169835772135516e-06
2.650422616785977488e-06
2.509579789621051259e-06
2.376221316776891037e-06
2.249949481445866785e-06
2.130387701396849473e-06
2.017179405888876878e-06
1.909986972265297594e-06
1.808490719057107839e-06
1.712387952592486449e-06
1.621392064269304237e-06
1.535231675798356880e-06
1.453649829868140332e-06
1.376403223817549221e-06
1.303261484030983534e-06
1.234006478891966092e-06
1.168431668246206011e-06
1.106341487434063873e-06
1.047550764055383301e-06
9.918841657272807322e-07
9.391756771879846803e-07
8.892681051872227922e-07
8.420126096866426480e-07
7.972682599721077670e-07
7.549016143540953424e-07
7.147863222027142103e-07
6.768027471304740279e-07
6.408376101990523444e-07
6.067836520859486952e-07
5.745393132035412274e-07
5.440084308165246019e-07
5.150999522544643523e-07
4.877276633641694080e-07
4.618099313920300274e-07
4.372694615295415473e-07
4.140330663959270359e-07
3.920314477704114638e-07
3.711989899231795952e-07
3.514735639286846644e-07
3.327963423777015013e-07
3.151116239355298695e-07
2.983666672231434422e-07
2.825115335258448916e-07
2.674989378603545406e-07
2.532841079561507734e-07
2.398246507305137379e-07
2.270804258590527408e-07
2.150134260646618644e-07
2.035876637678978401e-07
1.927690637607241420e-07
1.825253615835521928e-07
1.728260073024972641e-07
1.636420743998916999e-07
1.549461735063342818e-07
1.467123707169951150e-07
1.389161102485767738e-07
1.315341412062621051e-07
1.245444482422526312e-07
1.179261858990924419e-07
1.116596164419745841e-07
1.057260509946235539e-07
1.001077938032011518e-07
9.478808946201800559e-08
8.975107294365533615e-08
8.498172228447677993e-08
8.046581378441857505e-08
7.618987958745367253e-08
7.214116751621993586e-08
6.830760304102524120e-08
6.467775326981254744e-08
6.124079285168772298e-08
5.798647169232756932e-08
5.490508438498183593e-08
5.198744126590548554e-08
4.922484100789843467e-08
4.660904467021706097e-08
4.413225112746870279e-08
4.178707380420738728e-08
3.956651864584893550e-08
3.746396326020527417e-08
3.547313716743333031e-08
3.358810309949699562e-08
3.180323929337051348e-08
3.011322272517780578e-08
2.851301323526469097e-08
2.699783849686185651e-08
2.556317978350876457e-08
2.420475849279370984e-08
2.291852338621915303e-08
2.170063850713711861e-08
2.054747174072325475e-08
1.945558398187053897e-08
1.842171887869912234e-08
1.744279312109304736e-08
1.651588724530224782e-08
1.563823692718569637e-08
1.480722473812931749e-08
1.402037233905285476e-08
1.327533308922492703e-08
1.256988504784431767e-08
1.190192434751518700e-08
1.126945891985447766e-08
1.067060255451903485e-08
1.010356927393442786e-08
9.566668006949609816e-09
9.058297545532030742e-09
8.576941769463032172e-09
8.121165124791550987e-09
7.689608342561887472e-09
7.280984385047238019e-09
6.894074607399284615e-09
6.527725123267014694e-09
6.180843363545480986e-09
5.852394817992032978e-09
5.541399949992111073e-09
5.246931275273765958e-09
4.968110595858585335e-09
4.704106380999715399e-09
4.454131287296358887e-09
4.217439810588647416e-09
3.993326062630397257e-09
3.781121665908836306e-09
3.580193760333174309e-09
3.389943115847269005e-09
3.209802345337545342e-09
3.039234212506653383e-09
2.877730029666221122e-09
2.724808140670611669e-09
2.580012484467137562e-09
2.442911234978927589e-09
2.313095513264092603e-09
2.190178168110401322e-09
2.073792621428931573e-09
1.963591775003159816e-09
1.859246975333208444e-09
1.760447033487966967e-09
1.666897297042074581e-09
1.578318771329944593e-09
1.494447287396133317e-09
1.415032714160611670e-09
1.339838212449438219e-09
1.268639528666012082e-09
1.201224325996496055e-09
1.137391551154801434e-09
1.076950834778631150e-09
1.019721923688300891e-09
9.655341433151909103e-10
9.142258886966550894e-10
8.656441425193035191e-10
8.196440187733710717e-10
7.760883306571655906e-10
7.348471814430011221e-10
6.957975770843902660e-10
6.588230594092010221e-10
6.238133588048638244e-10
5.906640653597788145e-10
5.592763174802054034e-10
5.295565070539634129e-10
5.014160002816850647e-10
4.747708733430091420e-10
4.495416621094135795e-10
4.256531251572613414e-10
4.030340193742616711e-10
3.816168874901593548e-10
3.613378568979843967e-10
3.421364491659061478e-10
3.239553996715700242e-10
3.067404868210231332e-10
2.904403703429163319e-10
2.750064381757018355e-10
2.603926614912159043e-10
2.465554574222675673e-10
2.334535590848602508e-10
2.210478925073931304e-10
2.093014600998156840e-10
1.981792303152113531e-10
1.876480331747297178e-10
1.776764613443041264e-10
1.682347764681246062e-10
1.592948204795343503e-10
1.508299316248381757e-10
1.428148649495861912e-10
1.352257170102024301e-10
1.280398545864138345e-10
1.212358471818874263e-10
1.147934031117645005e-10
1.086933089864923915e-10
1.029173724114672439e-10
9.744836773160430432e-11
9.226998465903213783e-11
8.736677963069521852e-11
8.272412975080420766e-11
7.832818918077147987e-11
7.416584784657803766e-11
7.022469234041863153e-11
6.649296890002411680e-11
6.295954835525615210e-11
5.961389293742906626e-11
5.644602485237777006e-11
5.344649652354415538e-11
5.060636241634096010e-11
4.791715235976014335e-11
4.537084628566497429e-11
4.295985031043158150e-11
4.067697408760466302e-11
3.851540936402868046e-11
3.646870967550029910e-11
3.453077112139034631e-11
3.269581416089660831e-11
3.095836637663945280e-11
2.931324615419693502e-11
2.775554722890436400e-11
2.628062405383395171e-11
2.488407794531591121e-11
2.356174396468424997e-11
2.230967849712257818e-11
2.112414749056720427e-11
2.000161531959278483e-11
1.893873424106767001e-11
1.793233441013366357e-11
1.697941442673384122e-11
1.607713238449630882e-11
1.522279739527747991e-11
1.441386156408926218e-11
1.364791239047707787e-11
1.292266557368638769e-11
1.223595820016122032e-11
1.158574229305715645e-11
1.097007870453208108e-11
1.038713133259876701e-11
9.835161645292562402e-12
9.312523495823830838e-12
8.817658213251582434e-12
8.349089954037761286e-12
7.905421300618647085e-12
7.485329093867416890e-12
7.087560487018382188e-12
6.710929209284786028e-12
6.354312028027270783e-12
6.016645398921625866e-12
5.696922294135968042e-12
5.394189199057710422e-12
5.107543268613942858e-12
4.836129634704086015e-12
4.579138856714952003e-12
4.335804507514971747e-12
4.105400887727958499e-12
3.887240861469898006e-12
3.680673807094104577e-12
3.485083676833416374e-12
3.299887159552423843e-12
3.124531941130611348e-12
2.958495057288437754e-12
2.801281333943718225e-12
2.652421910447176437e-12
2.511472841292838813e-12
2.378013772133307481e-12
2.251646686151177916e-12
2.131994717047984795e-12
2.018701025110710590e-12
1.911427733003765644e-12
1.809854918112778325e-12
1.713679658434958640e-12
1.622615129170680211e-12
1.536389747321915259e-12
1.454746361746510110e-12
1.377441486252829423e-12
1.304244573447516407e-12
1.234937327170841064e-12
1.169313051469043017e-12
1.107176034162172211e-12
1.048340963168949508e-12
9.926323738479865504e-13
9.398841257071972044e-13
8.899389069207057654e-13
8.426477651756329929e-13
7.978696634495526735e-13
7.554710593938579576e-13
7.153255070685694052e-13
6.773132798408614199e-13
6.413210133226943457e-13
6.072413672826302912e-13
5.749727055235894840e-13
5.444187927718140194e-13
5.154885076730989173e-13
4.880955710403185988e-13
4.621582885418155463e-13
4.375993070632812891e-13
4.143453840164934478e-13
3.923271689069403928e-13
3.714789965088821312e-13
3.517386910310530118e-13
3.330473806889397912e-13
3.153493221306457386e-13
2.985917341927327256e-13
2.827246404902268468e-13
2.677007203713603045e-13
2.534751677925371630e-13
2.400055576926589418e-13
2.272517194682783253e-13
2.151756171722539237e-13
2.037412360786269179e-13
1.929144752754049647e-13
1.826630459649451121e-13
1.729563751686258264e-13
1.637655145486363566e-13
1.550630540749486175e-13
1.468230402800060217e-13
1.390208988573438260e-13
1.316333613732946198e-13
1.246383958732195492e-13
1.180151411753052103e-13
1.117438446559771101e-13
1.058058033413770047e-13
1.001833081292258857e-13
9.485959097472690687e-14
8.981877488299328756e-14
8.504582655886874341e-14
8.052651157292336111e-14
7.624735190992088239e-14
7.219558577314740566e-14
6.835912952472889042e-14
6.472654164843324189e-14
6.128698862747813575e-14
5.803021263558527508e-14
5.494650094492325959e-14
5.202665695970705115e-14
4.926197278906317674e-14
4.664420327736654675e-14
4.416554141460048133e-14
4.181859505340269557e-14
3.959636486336283622e-14
3.749222345682258209e-14
3.549989562392715474e-14
3.361343961798021063e-14
3.182722943529057177e-14
3.013593803666483880e-14
2.853452146050460217e-14
2.701820378013064130e-14
2.558246286047069895e-14
2.422301687163446407e-14
2.293581151915308955e-14
2.171700795280080511e-14
2.056297131793958790e-14
1.947025991524185784e-14
1.843561493646338402e-14
1.745595074565437733e-14
1.652834567682535989e-14
1.565003332062228682e-14
1.481839427402574080e-14
1.403094832846960595e-14
1.328534707308072208e-14
1.257936689098095218e-14
1.191090232776380644e-14
1.127795981236907235e-14
1.067865171162828599e-14
1.011119070075025957e-14
9.573884432958015470e-15
9.065130492379561603e-15
8.583411615141057878e-15
8.127291164409788629e-15
7.695408845892557022e-15
7.286476651011207501e-15
6.899275015656862066e-15
6.532649183067255588e-15
6.185505759979659791e-15
5.856809455789167680e-15
5.545579994987197258e-15
5.250889193672492012e-15
4.971858191415431650e-15
4.707654830220444621e-15
4.457491172769875593e-15
4.220621152547614587e-15
3.996338348834701053e-15
3.783973879941036518e-15
3.582894408390411485e-15
3.392500252109392918e-15
3.212223595987192868e-15
3.041526798472930679e-15
2.879900788159791402e-15
2.726863545574389792e-15
2.581958665643425419e-15
2.444753996550618332e-15
2.314840350924368570e-15
2.191830285512609615e-15
2.075356945705518560e-15
1.965072971459933101e-15
1.860649461362735983e-15
1.761774991743616023e-15
1.668154687912017557e-15
1.579509344748271746e-15
1.495574594026312460e-15
1.416100115984715400e-15
1.340848892794606700e-15
1.269596501698143006e-15
1.202130445709415503e-15
1.138249519881795105e-15
1.077763211251637279e-15
1.020491130668840191e-15
9.662624748198237698e-16
9.149155168384443862e-16
8.662971239857443967e-16
8.202623009600649430e-16
7.766737574755841343e-16
7.354014988195988359e-16
6.963224381674978079e-16
6.593200294992474932e-16
6.242839200225835530e-16
5.911096210663652350e-16
5.596981964625657027e-16
5.299559674875908959e-16
5.017942334829262515e-16
4.751290073219386841e-16
4.498807649339238133e-16
4.259742081383695447e-16
4.033380400821597355e-16
3.819047526099827266e-16
3.616104249338403020e-16
3.423945330011978464e-16
3.241997689932664259e-16
3.069718704151144300e-16
2.906594582678773262e-16
2.752138838204652765e-16
2.605890835237791742e-16
2.467414416347607227e-16
2.336296601405589640e-16
2.212146355948960107e-16
2.094593424993266340e-16
1.983287228815817509e-16
1.877895817416969204e-16
1.778104880541047598e-16
1.683616810304598438e-16
1.594149813636245926e-16
1.509437071881411629e-16
1.429225945065297019e-16
1.353277218441246133e-16
1.281364389077348066e-16
1.213272990353564889e-16
1.148799952355015609e-16
1.087752996253798023e-16
1.029950060873138285e-16
9.752187597239034409e-17
9.233958668939505651e-17
8.743268302572675622e-17
8.278653105510606457e-17
7.838727449461193497e-17
7.422179338090062151e-17
7.027766494236003544e-17
6.654312655050387518e-17
6.300704064012464787e-17
5.965886149358106839e-17
5.648860379015650765e-17
5.348681282670117448e-17
5.064453632074201231e-17
4.795329771196478603e-17
4.540507088245472301e-17
4.299225622029211827e-17
4.070765795512633146e-17
3.854446269813173853e-17
3.649621912234274600e-17
3.455681872277357578e-17
3.272047759894058518e-17
3.098171920545475880e-17
2.933535801924589575e-17
2.777648407470643600e-17
2.630044832063221020e-17
2.490284875529377763e-17
2.357951729828665175e-17
2.232650736000650736e-17
2.114008207168213263e-17
2.001670314085911036e-17
1.895302029910211291e-17
1.794586131044364443e-17
1.699222251078025900e-17
1.608925985000423474e-17
1.523428041015415108e-17
1.442473437428792049e-17
1.365820742212901058e-17
1.293241352980617657e-17
1.224518815221241402e-17
1.159448176765265350e-17
1.097835376552724542e-17
1.039496665882169802e-17
9.842580604144527508e-18
9.319548212967841857e-18
8.824309638598121040e-18
8.355387924224149915e-18
7.911384598168015789e-18
7.490975503204001772e-18
7.092906847506435359e-18
6.715991465448740375e-18
6.359105277103258183e-18
6.021183935882330955e-18
5.701219654322565355e-18
5.398258198546567456e-18
5.111396042438233830e-18
4.839777673044121851e-18
4.582593039165695297e-18
4.339075135532251715e-18
4.108497715350659157e-18
3.890173124409645981e-18
3.683450250279005338e-18
3.487712580488137212e-18
3.302376363892502982e-18
3.126888869744398085e-18
2.960726739276528387e-18
2.803394424882020335e-18
2.654422712235845625e-18
2.513367320950557199e-18
2.379807579592830968e-18
2.253345171109138218e-18
2.133602944919456336e-18
2.020223792135791343e-18
1.912869580551482116e-18
1.811220146224909359e-18
1.714972338650084827e-18
1.623839116666773211e-18
1.537548692413724562e-18
1.455843720771926742e-18
1.378480531880756446e-18
1.305228404438030070e-18
1.235868877616630135e-18
1.170195099545809006e-18
1.108011210414033880e-18
1.049131758353517150e-18
9.933811463646265037e-19
9.405931086304832416e-19
8.906102146601537879e-19
8.432833997815503443e-19
7.984715205837690512e-19
7.560409339831765297e-19
7.158650986578183175e-19
6.778241976614605173e-19
6.418047810918818754e-19
6.076994277476820560e-19
5.754064247645279272e-19
5.448294642754941747e-19
5.158773561907981412e-19
4.884637562403138676e-19
4.625069084678974507e-19
4.379294014094499519e-19
4.146579372276540739e-19
3.926231131148346529e-19
3.717592143119927141e-19
3.520040181267853321e-19
3.332986083659418141e-19
3.155871996286748127e-19
2.988169709371204693e-19
2.829379082076158115e-19
2.679026550929961791e-19
2.536663717511165106e-19
2.401866011183788078e-19
2.274231422894347194e-19
2.153379306254864608e-19
2.038949242335792285e-19
1.930599964783738642e-19
1.828008342058162833e-19
1.730868413751656493e-19
1.638890478120056304e-19
1.551800228100982187e-19
1.469337933244040210e-19
1.391257665113166997e-19
1.317326563850900319e-19
1.247324143717162172e-19
1.181041635531639186e-19
1.118281364058604203e-19
1.058856158477287167e-19
1.002588794179824885e-19
9.493114642318219031e-20
8.988652789194456704e-20
8.510997918904676274e-20
8.058725514759969247e-20
7.630486758549309838e-20
7.225004507940608097e-20
6.841069487641227096e-20
6.477536682959836879e-20
6.133321925013473003e-20
5.807398657395488133e-20
5.498794874662410207e-20
5.206590223508855823e-20
4.929913257984931947e-20
4.667938840571296808e-20
4.419885681359934322e-20
4.185014008002629283e-20
3.962623359477806685e-20
3.752050497095806359e-20
3.552667426513118952e-20
3.363879524856287101e-20
3.185123767369777822e-20
3.015867048299595047e-20
2.855604591004716711e-20
2.703858442554644051e-20
2.560176048323875681e-20
2.424128902332075203e-20
2.295311269304662329e-20
2.173338974643067566e-20
2.057848258695423156e-20
1.948494691911203682e-20
1.844952147644279922e-20
1.746911829540852829e-20
1.654081350611885129e-20
1.566183861243395365e-20
1.482957223543975792e-20
1.404153229567392494e-20
1.329536861078639571e-20
1.258885588655766101e-20
1.191988708037351518e-20
1.128646711736314191e-20
1.068670694045928072e-20
1.011881787663802344e-20
9.581106302534091289e-21
9.071968593524837590e-21
8.589886341218658929e-21
8.133421825084373211e-21
7.701213724717711130e-21
7.291973059956914766e-21
6.904479346739136777e-21
6.537576957234209528e-21
6.190171673400010656e-21
5.861227423680656501e-21
5.549763193116207110e-21
5.254850097648372015e-21
4.975608613896530837e-21
4.711205956143359488e-21
4.460853592706283777e-21
4.223804894288703643e-21
3.999352907297268007e-21
3.786828245484255996e-21
3.585597093627873018e-21
3.395059317296463540e-21
3.214646673059185983e-21
3.043821113805899787e-21
2.882073184121928617e-21
2.728920500932039114e-21
2.583906314882830857e-21
2.446598148172910531e-21
2.316586504768267750e-21
2.193483649156764011e-21
2.076922449999061750e-21
1.966555285227836359e-21
1.862053005329741825e-21
1.763103951718207472e-21
1.669413027269790888e-21
1.580700816252005615e-21
1.496702751017864135e-21
1.417168322982185865e-21
1.341860335526425452e-21
1.270554196603874261e-21
1.203037248935743877e-21
1.139108135800462278e-21
1.078576200524693975e-21
1.021260917885387747e-21
9.669913557268650785e-22
9.156056651875260723e-22
8.669505980157824351e-22
8.208810495356494951e-22
7.772596258990961007e-22
7.359562343344977811e-22
6.968476951691416250e-22
6.598173744688111196e-22
6.247548361988144196e-22
5.915555128690496496e-22
5.601203936809573532e-22
5.303557292462644791e-22
5.021727519968672763e-22
4.754874114521222587e-22
4.502201235539165000e-22
4.262955333220476743e-22
4.036422901220392289e-22
3.821928348751433270e-22
3.618831985759806641e-22
3.426528115169037418e-22
3.244443226501084573e-22
3.072034285488244270e-22
2.908787114574643060e-22
2.754214859477308322e-22
2.607856537234015963e-22
2.469275661407517387e-22
2.338058940345898712e-22
2.213815044617352444e-22
2.096173439942906865e-22
1.984783282147005684e-22
1.879312370830136737e-22
1.779446158642927000e-22
1.684886813207300572e-22
1.595352328886917983e-22
1.510575685757812172e-22
1.430304053271238107e-22
1.354298036233678848e-22
1.282330960855202985e-22
1.214188198737140161e-22
1.149666526782877827e-22
1.088573521122764893e-22
1.030726983245826485e-22
9.759543966265825763e-23
9.240924122266657620e-23
8.749863613367574999e-23
8.284897943059276890e-23
7.844640437828484150e-23
7.427778111662614450e-23
7.033067750313188408e-23
6.659332203641063295e-23
6.305456874985522565e-23
5.970386397086986063e-23
5.653121484651089402e-23
5.352715954166095089e-23
5.068273902086930418e-23
4.798947032969832745e-23
4.543932129588949451e-23
4.302468657490683856e-23
4.073836496841419858e-23
3.857353794804049656e-23
3.652374932038979187e-23
3.458288597264770438e-23
3.274515964135933213e-23
3.100508965001246165e-23
2.935748656394121061e-23
2.779743671380212322e-23
2.632028754147221321e-23
2.492163372465943748e-23
2.359730403885009450e-23
2.234334891740908073e-23
2.115602867273192599e-23
2.003180234332360828e-23
1.896731713354076686e-23
1.795939841450228490e-23
1.700504025635037566e-23
1.610139646362496105e-23
1.524577208701508523e-23
1.443561538617490554e-23
1.366851021963365037e-23
1.294216883910296696e-23
1.225442506669453629e-23
1.160322783469728104e-23
1.098663506865024760e-23
1.040280789546742508e-23
9.850005159340791064e-24
9.326578229067645475e-24
8.830966081315297032e-24
8.361690645159292402e-24
7.917352394012396903e-24
7.496626171797355530e-24
7.098257240915363458e-24
6.721057540225043857e-24
6.363902141871509703e-24
6.025725896398209926e-24
5.705520256137429972e-24
5.402330267404393692e-24
5.115251722525903498e-24
4.843428463209459062e-24
4.586049827210384504e-24
4.342348230682787549e-24
4.111596879003786044e-24
3.893107599243718140e-24
3.686228787818652713e-24
3.490343467204130555e-24
3.304867445914450728e-24
3.129247576260451652e-24
2.962960104689614812e-24
2.805509109788483724e-24
2.656425023289586642e-24
2.515263229671388103e-24
2.381602740175368232e-24
2.255044937285509765e-24
2.135212385925688950e-24
2.021747707829918881e-24
1.914312515728266457e-24
1.812586404169758203e-24
1.716265993972845209e-24
1.625064027453530406e-24
1.538708511732751558e-24
1.456941907568319220e-24
1.379520361292121770e-24
1.306212977561902524e-24
1.236801130758987683e-24
1.171077812978027705e-24
1.108847016664505933e-24
1.049923150058733906e-24
9.941304837029466430e-25
9.413026263609495801e-25
8.912820287872654130e-25
8.439195138658112528e-25
7.990738317169555760e-25
7.566112384460760483e-25
7.164050972772682276e-25
6.783355008827653917e-25
6.422889137816802220e-25
6.081578337415437884e-25
5.758404711729574830e-25
5.452404455610688201e-25
5.162664980286503616e-25
4.888322191735056760e-25
4.628557913684984118e-25
4.382597447557295522e-25
4.149707262071233902e-25
3.929192805623658963e-25
3.720396434918350956e-25
3.522695453667439159e-25
3.335500255515535372e-25
3.158252565648677571e-25
2.990423775843739204e-25
2.831513367992697308e-25
2.681047421400767450e-25
2.538577199406054411e-25
2.403677811106095654e-25
2.275946944199932695e-25
2.155003665166494180e-25
2.040487283201374246e-25
1.932056274523727269e-25
1.829387263845110157e-25
1.732174059962959422e-25
1.640126742602392094e-25
1.552970797782906583e-25
1.470446299131603925e-25
1.392307132701220759e-25
1.318320262981045287e-25
1.248265037911990948e-25
1.181932530832856853e-25
1.119124917395503642e-25
1.059654885590602088e-25
1.003345077124402413e-25
9.500275584806816603e-26
8.995433200903284101e-26
8.517418021148753977e-26
8.064804454298458736e-26
7.636242664687314209e-26
7.230454546596106259e-26
6.846229912539408513e-26
6.482422884106942604e-26
6.137948474594293048e-26
5.811779353232509472e-26
5.502942781365116031e-26
5.210517711436373550e-26
4.933632040138596909e-26
4.671460007526232623e-26
4.423219734340744699e-26
4.188170890201436667e-26
3.965612485707777407e-26
3.754880781869177884e-26
3.555347310627149350e-26
3.366417000566199305e-26
3.187526402224257041e-26
3.018142007709656663e-26
2.857758659613053847e-26
