1.329477051969690272e-02
1.261232601417412030e-02
1.196491261373346104e-02
1.135073210868411259e-02
1.076807859467602581e-02
1.021533373450060796e-02
9.690962263111689567e-03
9.193507723381883975e-03
8.721588420750230400e-03
8.273893585525063377e-03
7.849179732182784419e-03
7.446267205550392149e-03
7.064036904278654661e-03
6.701427172505334921e-03
6.357430851074913521e-03
6.031092480124526992e-03
5.721505645266200708e-03
5.427810459994321206e-03
5.149191177325674988e-03
4.884873924038296046e-03
4.634124551215917411e-03
4.396246595127838858e-03
4.170579342780512955e-03
3.956495996767837517e-03
3.753401934323000871e-03
3.560733055736316124e-03
3.377954217551752507e-03
3.204557746190299459e-03
3.040062027871733193e-03
2.884010170918220768e-03
2.735968736724301437e-03
2.595526535868458891e-03
2.462293486022451398e-03
2.335899528486215949e-03
2.215993600338986725e-03
2.102242659351742735e-03
1.994330758952659721e-03
1.891958170676246798e-03
1.794840551658752337e-03
1.702708154867527048e-03
1.615305079870737017e-03
1.532388562066414875e-03
1.453728298396664417e-03
1.379105807674169343e-03
1.308313823744291495e-03
1.241155719797255299e-03
1.177444962231420774e-03
1.117004592550738728e-03
1.059666735857342631e-03
1.005272134574101408e-03
9.536697061020304490e-04
9.047161231839480301e-04
8.582754158088173142e-04
8.142185935510564115e-04
7.724232872958511180e-04
7.327734093553541243e-04
6.951588310317291909e-04
6.594750767314662030e-04
6.256230337813584175e-04
5.935086771401490435e-04
5.630428082412231158e-04
5.341408072409756756e-04
5.067223979847160697e-04
4.807114250372956010e-04
4.560356421591561793e-04
4.326265116402816567e-04
4.104190139347002652e-04
3.893514670667909167e-04
3.693653553077874490e-04
3.504051666466282767e-04
3.324182386037185036e-04
3.153546119593496257e-04
2.991668919905033936e-04
2.838101168306188097e-04
2.692416325866913958e-04
2.554209748668347362e-04
2.423097563892464711e-04
2.298715603604087451e-04
2.180718393263757281e-04
2.068778192162094680e-04
1.962584083110367728e-04
1.861841108858888955e-04
1.766269452844614236e-04
1.675603661992436193e-04
1.589591909411492516e-04
1.507995294938595558e-04
1.430587181586029236e-04
1.357152566050674465e-04
1.287487481536034491e-04
1.221398431228480717e-04
1.158701850854182511e-04
1.099223598823959199e-04
1.042798472549910958e-04
9.892697495903918236e-05
9.384887523488346977e-05
8.903144351173705609e-05
8.446129923182425878e-05
8.012574868548898068e-05
7.601274975404461885e-05
7.211087846243629672e-05
6.840929724881539384e-05
6.489772486289404512e-05
6.156640780947106090e-05
5.840609325781331948e-05
5.540800334164718542e-05
5.256381077837778994e-05
4.986561573981754302e-05
4.730592391018190987e-05
4.487762567040765889e-05
4.257397635097765317e-05
4.038857749840354277e-05
3.831535910333379487e-05
3.634856274092477992e-05
3.448272557664705675e-05
3.271266519310241100e-05
3.103346519570766501e-05
2.944046155726456884e-05
2.792922966348773418e-05
2.649557202350872619e-05
2.513550661122216964e-05
2.384525580509157938e-05
2.262123589569482602e-05
2.146004713186622790e-05
2.035846427778805647e-05
1.931342765480352359e-05
1.832203464306969860e-05
1.738153161944578325e-05
1.648930630922420173e-05
1.564288053046102147e-05
1.483990331075299486e-05
1.407814435734281945e-05
1.335548786241565229e-05
1.266992662638090166e-05
1.201955648281654440e-05
1.140257100959110710e-05
1.081725651147322383e-05
1.026198726029296595e-05
9.735220979434182692e-06
9.235494560116005067e-06
8.761419997565344619e-06
8.311680535792956444e-06
7.885027010265092763e-06
7.480274378312418996e-06
7.096298427639255389e-06
6.732032653790998177e-06
6.386465297906740695e-06
6.058636536529388262e-06
5.747635815667879379e-06
5.452599321706798676e-06
5.172707582138744227e-06
4.907183189455423470e-06
4.655288641875525347e-06
4.416324294911904449e-06
4.189626418088523829e-06
3.974565351409588940e-06
3.770543756460502650e-06
3.576994957282852715e-06
3.393381366415396758e-06
3.219192991729075681e-06
3.053946019908985213e-06
2.897181472648668100e-06
2.748463931824463067e-06
2.607380330108865993e-06
2.473538803663961551e-06
2.346567603728099372e-06
2.226114064072828679e-06
2.111843621462127196e-06
2.003438886393179970e-06
1.900598761537767789e-06
1.803037605435582324e-06
1.710484439116732532e-06
1.622682193449684534e-06
1.539386995124243614e-06
1.460367489286264463e-06
1.385404196942785871e-06
1.314288905352677358e-06
1.246824089709667603e-06
1.182822364511388465e-06
1.122105963090669954e-06
1.064506243863395107e-06
1.009863221921575184e-06
9.580251246705638539e-07
9.088479702762434211e-07
8.621951677512483664e-07
8.179371375695014056e-07
7.759509517552873332e-07
7.361199924471870483e-07
6.983336279885621556e-07
6.624869056448764057e-07
6.284802600944095151e-07
5.962192368826493154e-07
5.656142300722858832e-07
5.365802333600854082e-07
5.090366039694018084e-07
4.829068386624923066e-07
4.581183612505403938e-07
4.346023210111586955e-07
4.122934014534955605e-07
3.911296388997620117e-07
3.710522503793068461e-07
3.520054703571873538e-07
3.339363958437674071e-07
3.167948394551090527e-07
3.005331900160450105e-07
2.851062803187456932e-07
2.704712616694726409e-07
2.565874848750799307e-07
2.434163873386853447e-07
2.309213859509309621e-07
2.190677754793216687e-07
2.078226321734282053e-07
1.971547223182023443e-07
1.870344154814211835e-07
1.774336022142905325e-07
1.683256159766298891e-07
1.596851590697731061e-07
1.514882323714714945e-07
1.437120686776262703e-07
1.363350694657140884e-07
1.293367449042558857e-07
1.226976569417114851e-07
1.163993653167201206e-07
1.104243763397349732e-07
1.047560943037883255e-07
9.937877538942785479e-08
9.427748393579823764e-08
8.943805095640403107e-08
8.484703478433585596e-08
8.049168373764538389e-08
7.635990070117632027e-08
7.244020952647133910e-08
6.872172315643461000e-08
6.519411338621072820e-08
6.184758217629387201e-08
5.867283443818523012e-08
5.566105221701307830e-08
5.280387019940394278e-08
5.009335247858040172e-08
4.752197051214663030e-08
4.508258221134209203e-08
4.276841210368005728e-08
4.057303251387450640e-08
3.849034571078392907e-08
3.651456697078381270e-08
3.464020851052791125e-08
3.286206424446857196e-08
3.117519532480216094e-08
2.957491642367403647e-08
2.805678271954360402e-08
2.661657755156181250e-08
2.525030070767250320e-08
2.395415731390580224e-08
2.272454729400484601e-08
2.155805537010813582e-08
2.045144157671552827e-08
1.940163226158880372e-08
1.840571154859281296e-08
1.746091323876377009e-08
1.656461312711085833e-08
1.571432171380973328e-08
1.490767728954392247e-08
1.414243937578805417e-08
1.341648250181293087e-08
1.272779030112849195e-08
1.207444991096661061e-08
1.145464665924888480e-08
1.086665902428159517e-08
1.030885385317891177e-08
9.779681825732751788e-09
9.277673151130643036e-09
8.801433485568533631e-09
8.349640059420150097e-09
7.921038003205476207e-09
7.514436862154123514e-09
7.128707289682198873e-09
6.762777910599192351e-09
6.415632345331881928e-09
6.086306386900391387e-09
5.773885322804955851e-09
5.477501394385197458e-09
5.196331386595042295e-09
4.929594341498736324e-09
4.676549389137373787e-09
4.436493689740799179e-09
4.208760481569630550e-09
3.992717228964910133e-09
3.787763865461849170e-09
3.593331127087576789e-09
3.408878971213826836e-09
3.233895076572664578e-09
3.067893420269199908e-09
2.910412927838708277e-09
2.761016192598839595e-09
2.619288260739696401e-09
2.484835478777510600e-09
2.357284400170515536e-09
2.236280748060273340e-09
2.121488431257283634e-09
2.012588610737875905e-09
1.909278814059483693e-09
1.811272095234548322e-09
1.718296237729659450e-09
1.630092998376128061e-09
1.546417390092045429e-09
1.467037001423460589e-09
1.391731351014768970e-09
1.320291275215288427e-09
1.252518347121084550e-09
1.188224325438436735e-09
1.127230631638111012e-09
1.069367853948289129e-09
1.014475276808390464e-09
9.624004344769005758e-10
9.129986875532925029e-10
8.661328212378749964e-10
8.216726642136513990e-10
7.794947270916775740e-10
7.394818594156558625e-10
7.015229242731259709e-10
6.655124896094246894e-10
6.313505353870585930e-10
5.989421757771331582e-10
5.681973956111726725e-10
5.390308003613570512e-10
5.113613789547098776e-10
4.851122787624820886e-10
4.602105921397146689e-10
4.365871539221229486e-10
4.141763493178190156e-10
3.929159316603143809e-10
3.727468495165735322e-10
3.536130826699306728e-10
3.354614865222919095e-10
3.182416444834639297e-10
3.019057279375926449e-10
2.864083633977831058e-10
2.717065064799061229e-10
2.577593223455662877e-10
2.445280722821383367e-10
2.319760061048553965e-10
2.200682600820988903e-10
2.087717601003591885e-10
1.980551297999174228e-10
1.878886034260842861e-10
1.782439431539485270e-10
1.690943606569877015e-10
1.604144427017077410e-10
1.521800805616399509e-10
1.443684030546501465e-10
1.369577130175578417e-10
1.299274270416307644e-10
1.232580183015620330e-10
1.169309623191435509e-10
1.109286855109830511e-10
1.052345163773621388e-10
9.983263919665568712e-11
9.470805009670404451e-11
8.984651538111705969e-11
8.523453199476444257e-11
8.085929001864645690e-11
7.670863708996713052e-11
7.277104464859114818e-11
6.903557591612917883e-11
6.549185551871699035e-11
6.213004066910948012e-11
5.894079382805114687e-11
5.591525676898633751e-11
5.304502597407669428e-11
5.032212929318325482e-11
4.773900380098623983e-11
4.528847479073766239e-11
4.296373584630410783e-11
4.075832993714581082e-11
3.866613148372544784e-11
3.668132934353084944e-11
3.479841067045733060e-11
3.301214560271554543e-11
3.131757273673686104e-11
2.970998534673023223e-11
2.818491831161295871e-11
2.673813571300618340e-11
2.536561906984716297e-11
2.406355617694090249e-11
2.282833051644813046e-11
2.165651121290121135e-11
2.054484350384667291e-11
1.949023969964761600e-11
1.848977060733491647e-11
1.754065739468809795e-11
1.664026387194712984e-11
1.578608916971852264e-11
1.497576079273703277e-11
1.420702803019068231e-11
1.347775570430528451e-11
1.278591823982595423e-11
1.212959403792229804e-11
1.150696013889123313e-11
1.091628715883326961e-11
1.035593448623786097e-11
9.824345725136950285e-12
9.320044372169414237e-12
8.841629715549926794e-12
8.387772944550792618e-12
7.957213458691267224e-12
7.548755366382676729e-12
7.161264163304655392e-12
6.793663581286036278e-12
6.444932598938522872e-12
6.114102605739767754e-12
5.800254711689404947e-12
5.502517195065058503e-12
5.220063081189746512e-12
4.952107845485418621e-12
4.697907234433058790e-12
4.456755198386669983e-12
4.227981930499645431e-12
4.010952006316724694e-12
3.805062618863884395e-12
3.609741904334328880e-12
3.424447353719963389e-12
3.248664305976801666e-12
3.081904518538782993e-12
2.923704811209763139e-12
2.773625779666904297e-12
2.631250575002355173e-12
2.496183745913153954e-12
2.368050140323663689e-12
2.246493863389655227e-12
2.131177288990001752e-12
2.021780121960198052e-12
1.917998508463170855e-12
1.819544192026315887e-12
1.726143712900740407e-12
1.637537648518772730e-12
1.553479892940165441e-12
1.473736973285669200e-12
1.398087401259244619e-12
1.326321057957840543e-12
1.258238610259966129e-12
1.193650957172131510e-12
1.132378704595280244e-12
1.074251667052428832e-12
1.019108394993502845e-12
9.667957263645051389e-13
9.171683611954057986e-13
8.700884580252246100e-13
8.254252510433222727e-13
7.830546868835483543e-13
7.428590800623684703e-13
7.047267861039913833e-13
6.685518914445557427e-13
6.342339192541179693e-13
6.016775503593053834e-13
5.707923584915119179e-13
5.414925591253014272e-13
5.136967712093649507e-13
4.873277911282705802e-13
4.623123782671518119e-13
4.385810515837644956e-13
4.160678966228489151e-13
3.947103824368014827e-13
3.744491879041306603e-13
3.552280369633115164e-13
3.369935423043704989e-13
3.196950570840697937e-13
3.032845342528119722e-13
2.877163931025583515e-13
2.729473926650725270e-13
2.589365116088656251e-13
2.456448343012426567e-13
2.330354427189980554e-13
2.210733139075210234e-13
2.097252227035110226e-13
1.989596494511177436e-13
1.887466924551701102e-13
1.790579849283432574e-13
1.698666162015728592e-13
1.611470569788871726e-13
1.528750884290368104e-13
1.450277349169824231e-13
1.375832001883929441e-13
1.305208068299138094e-13
1.238209388370432336e-13
1.174649871301058354e-13
1.114352978669868974e-13
1.057151234090711720e-13
1.002885758041840728e-13
9.514058265733977625e-14
9.025684526672108405e-14
8.562379890861823567e-14
8.122857516101017970e-14
7.705896616114452853e-14
7.310339069784281007e-14
6.935086204434587122e-14
6.579095744235886542e-14
6.241378915253378041e-14
5.920997699098501621e-14
5.617062227555288539e-14
5.328728310945355074e-14
5.055195093366257744e-14
4.795702828290873537e-14
4.549530768349078615e-14
4.315995163430844278e-14
4.094447361550207864e-14
3.884272007195467682e-14
3.684885332161156730e-14
3.495733534114771079e-14
3.316291238394514100e-14
3.146060038765855355e-14
2.984567113083570216e-14
2.831363910014342366e-14
2.686024903172359437e-14
2.548146409207262687e-14
2.417345466561832962e-14
2.293258771785008048e-14
2.175541670445953977e-14
2.063867199846247873e-14
1.957925180871421437e-14
1.857421356459348211e-14
1.762076574292677429e-14
1.671626011445062067e-14
1.585818438827735030e-14
1.504415523393328844e-14
1.427191166158888431e-14
1.353930874209298183e-14
1.284431164936932656e-14
1.218499000862735759e-14
1.155951253468992274e-14
1.096614194554489383e-14
1.040323013699336474e-14
9.869213604992168414e-15
9.362609102975440810e-15
8.882009522093878457e-15
8.426079982928556819e-15
7.993554127824417805e-15
7.583230603544646938e-15
7.193969724476913903e-15
6.824690307123079511e-15
6.474366667080513487e-15
6.142025770173496652e-15
5.826744529822339518e-15
5.527647243143267063e-15
5.243903158658132707e-15
4.974724168857754400e-15
4.719362621210251227e-15
4.477109241534163308e-15
4.247291163968731037e-15
4.029270062069195648e-15
3.822440375836348534e-15
3.626227629755984211e-15
3.440086837176260982e-15
3.263500986591334886e-15
3.095979605626704967e-15
2.937057398737891299e-15
2.786292954838377804e-15
2.643267521267408098e-15
2.507583840692158502e-15
2.378865047713915454e-15
2.256753622113348088e-15
2.140910395827639573e-15
2.031013610901222292e-15
1.926758025793676246e-15
1.827854067562374806e-15
1.734027027565163105e-15
1.645016298449031551e-15
1.560574650305594445e-15
1.480467543982752841e-15
1.404472479645313611e-15
1.332378378775209099e-15
1.263984997894706326e-15
1.199102372384289356e-15
1.137550288850344747e-15
1.079157784577207012e-15
1.023762672673187713e-15
9.712110915917393356e-16
9.213570777764870506e-16
8.740621602431952198e-16
8.291949759725372685e-16
7.866309050454650709e-16
7.462517245077223294e-16
7.079452800021411243e-16
6.716051742566174804e-16
6.371304715625744734e-16
6.044254174230661223e-16
5.733991725918694197e-16
5.439655607648083909e-16
5.160428292225393014e-16
4.895534217599884310e-16
4.644237632717121283e-16
4.405840553948886446e-16
4.179680826423144178e-16
3.965130284869570971e-16
3.761593008872049012e-16
3.568503667682273841e-16
3.385325949996987308e-16
3.211551074337692792e-16
3.046696375895139153e-16
2.890303965913690674e-16
2.741939459891851349e-16
2.601190771066645779e-16
2.467666965830517175e-16
2.340997177901795250e-16
2.220829578232698363e-16
2.106830397793894999e-16
1.998683000521216345e-16
1.896087003849691023e-16
1.798757444392210462e-16
1.706423986445349028e-16
1.618830171124002729e-16
1.535732704039387179e-16
1.456900779541666169e-16
1.382115439650532692e-16
1.311168965893032407e-16
1.243864302359346767e-16
1.180014508374307061e-16
1.119442239264126481e-16
1.061979253776400870e-16
1.007465946785121078e-16
9.557509059827126104e-17
9.066904913279397853e-17
8.601484360814998478e-17
8.159954683211156027e-17
7.741089518850347414e-17
7.343725457464531726e-17
6.966758808729242057e-17
6.609142536731499332e-17
6.269883351796584731e-17
5.948038951597019423e-17
5.642715403880362324e-17
5.353064663545919839e-17
5.078282217174767392e-17
4.817604848470262989e-17
4.570308518402154720e-17
4.335706354167244968e-17
4.113146741379812125e-17
3.902011514193670557e-17
3.701714238328492148e-17
3.511698582231239633e-17
3.331436771849070801e-17
3.160428124721502301e-17
2.998197659320042417e-17
2.844294775773257872e-17
2.698292004312274952e-17
2.559783817961036636e-17
2.428385506173299373e-17
2.303732106287700321e-17
2.185477389833335895e-17
2.073292900870079504e-17
1.966867043692488578e-17
1.865904217363652530e-17
1.770123994674966248e-17
1.679260343251247360e-17
1.593060886638122767e-17
1.511286203318942667e-17
1.433709161714542002e-17
1.360114289318653225e-17
1.290297174216642723e-17
1.224063897325461588e-17
1.161230493777735897e-17
1.101622441953892976e-17
1.045074178743319890e-17
9.914286396879124995e-18
9.405368227309679222e-18
8.922573743596237395e-18
8.464561969912937978e-18
8.030060765137245865e-18
7.617863289440865063e-18
7.226824652256407353e-18
6.855858732310477101e-18
6.503935160890147198e-18
6.170076459963319886e-18
5.853355327205231965e-18
5.552892060388755205e-18
5.267852113985821561e-18
4.997443781192876664e-18
4.740915994941800599e-18
4.497556241789239906e-18
4.266688582889732200e-18
4.047671776555529388e-18
3.839897497189268127e-18
3.642788645641590931e-18
3.455797746301436890e-18
3.278405426466563981e-18
3.110118973770494007e-18
2.950470967659562236e-18
2.799017981118688159e-18
2.655339349039721094e-18
2.519035999811842798e-18
2.389729346888525055e-18
2.267060237252179380e-18
2.150687953856262481e-18
2.040289269273579529e-18
1.935557547922686270e-18
1.836201894378615764e-18
1.741946345402226416e-18
1.652529103444262620e-18
1.567701809495026133e-18
1.487228853259864003e-18
1.410886718744763419e-18
1.338463363434051523e-18
1.269757629336129444e-18
1.204578684261281318e-18
1.142745491779620074e-18
1.084086308387127986e-18
1.028438206483064269e-18
9.756466218337309155e-19
9.255649242658115574e-19
8.780540103967858411e-19
8.329819172711616861e-19
7.902234558295519095e-19
7.496598631923492178e-19
7.111784727923675669e-19
6.746724014401652224e-19
6.400402524528221590e-19
6.071858340216991962e-19
5.760178920368830762e-19
5.464498566261912907e-19
5.183996017048494168e-19
4.917892168678554664e-19
4.665447909915598581e-19
4.425962069433631601e-19
4.198769468293048160e-19
3.983239072386750406e-19
3.778772239724500784e-19
3.584801057687078964e-19
3.400786765632431754e-19
3.226218258472276247e-19
3.060610667062562692e-19
2.903504011465412699e-19
2.754461923341201067e-19
2.613070433922779139e-19
2.478936824205143722e-19
2.351688534156780486e-19
2.230972127923321149e-19
2.116452312149142259e-19
2.007811004690138318e-19
1.904746451131365373e-19
1.806972386655208456e-19
1.714217240932508526e-19
1.626223383828051450e-19
1.542746409825241226e-19
1.463554459182656798e-19
1.388427573936855851e-19
1.317157086962621860e-19
1.249545042393942615e-19
1.185403645795817792e-19
1.124554742559649515e-19
1.066829323073666689e-19
1.012067053293715700e-19
9.601158294107830656e-20
9.108313553782259691e-20
8.640767421252338352e-20
8.197221273434448022e-20
7.776443147905954793e-20
7.377264321093068263e-20
6.998576062107325810e-20
6.639326553212676207e-20
6.298517968371064643e-20
5.975203701751503790e-20
5.668485738504367543e-20
5.377512160498970343e-20
5.101474780096110352e-20
4.839606895382983059e-20
4.591181160636276421e-20
4.355507566098202270e-20
4.131931521453947532e-20
3.919832037688146957e-20
3.718620002269478033e-20
3.527736542873445870e-20
3.346651475098188055e-20
3.174861829861615994e-20
3.011890456390128748e-20
2.857284696918417738e-20
2.710615129419112151e-20
2.571474374870677431e-20
2.439475965750107598e-20
2.314253272608117069e-20
2.195458485745150279e-20
2.082761649159644822e-20
1.975849744085626916e-20
1.874425819573952790e-20
1.778208167702261329e-20
1.686929541123010599e-20
1.600336410776172487e-20
1.518188261704755575e-20
1.440256925017557036e-20
1.366325944143301525e-20
1.296189973616210450e-20
1.229654208722975695e-20
1.166533844426905761e-20
1.106653562066550557e-20
1.049847042403004303e-20
9.959565036632903083e-21
9.448322632969242867e-21
8.963323222281927134e-21
8.503219704495818931e-21
8.066734128608025849e-21
7.652654143141160891e-21
7.259829628801793698e-21
6.887169503990553056e-21
6.533638694290698625e-21
6.198255257518766797e-21
5.880087656351505646e-21
5.578252170953354265e-21
5.291910444419043021e-21
5.020267154212439398e-21
4.762567803135021946e-21
4.518096623687906336e-21
4.286174590006425896e-21
4.066157531846012927e-21
3.857434345380548168e-21
3.659425295843371851e-21
3.471580407297209712e-21
3.293377935059695221e-21
3.124322916542317746e-21
2.963945796477388289e-21
2.811801122714387435e-21
2.667466308963639721e-21
2.530540461050562003e-21
2.400643263420231002e-21
2.277413922799847939e-21
2.160510166084895599e-21
2.049607289665447277e-21
1.944397257552500788e-21
1.844587845798888866e-21
1.749901830838748079e-21
1.660076219490976659e-21
1.574861518487891873e-21
1.494021041500409544e-21
1.417330251734857562e-21
1.344576138275379234e-21
1.275556624439953666e-21
1.210080006506420477e-21
1.147964421249806738e-21
1.089037340811911695e-21
1.033135093500076235e-21
9.801024091842865617e-22
9.297919880298584594e-22
8.820640913677866781e-22
8.367861535665206862e-22
7.938324138270545250e-22
7.530835668785810930e-22
7.144264316046522958e-22
6.777536366792732105e-22
6.429633223399146868e-22
6.099588574690512262e-22
5.786485711983725949e-22
5.489454982902759771e-22
5.207671375893807688e-22
4.940352228731249651e-22
4.686755054650686781e-22
4.446175480069939989e-22
4.217945288170901067e-22
4.001430562907826160e-22
3.796029928286754508e-22
3.601172878026167078e-22
3.416318190959140723e-22
3.240952427775539362e-22
3.074588504929374291e-22
2.916764341750038992e-22
2.767041576999554840e-22
2.625004351311555316e-22
2.490258152129568430e-22
2.362428717936895638e-22
2.241160998734327107e-22
2.126118169878263981e-22
2.016980696540456335e-22
1.913445446190691912e-22
1.815224846637213810e-22
1.722046087286639832e-22
1.633650361404452167e-22
1.549792147271750665e-22
1.470238526241515291e-22
1.394768535800171343e-22
1.323172555837768389e-22
1.255251726422010607e-22
1.190817395458908198e-22
1.129690594706090411e-22
1.071701542683289877e-22
1.016689173099250036e-22
9.645006874854441880e-23
9.149911307937982126e-23
8.680229887798212925e-23
8.234658060527794316e-23
7.811958237319868595e-23
7.410956357029092832e-23
7.030538625182549016e-23
6.669648420382586125e-23
6.327283359510338496e-23
6.002492513576895041e-23
5.694373766490321667e-23
5.402071309401892277e-23
5.124773263671693716e-23
4.861709425852037809e-23
4.612149128424915408e-23
4.375399210351347957e-23
4.150802091796396230e-23
3.937733947681985815e-23
3.735602974994267955e-23
3.543847749033631967e-23
3.361935664040960428e-23
3.189361453869611225e-23
3.025645788593954988e-23
2.870333943156319387e-23
2.722994534354895715e-23
2.583218322664305170e-23
2.450617075560690606e-23
2.324822489194655914e-23
2.205485165416404741e-23
2.092273641312198434e-23
1.984873468556441969e-23
1.882986340022153700e-23
1.786329261224228043e-23
1.694633764293997195e-23
1.607645162301780382e-23
1.525121841856514053e-23
1.446834592017511933e-23
1.372565967654280700e-23
1.302109685486385172e-23
1.235270051125520995e-23
1.171861415528646579e-23
1.111707659352351971e-23
1.054641703776169053e-23
1.000505046436279833e-23
9.491473211805760291e-24
9.004258804222159523e-24
8.542053989318264950e-24
8.103574979676671255e-24
7.687603886999339509e-24
7.292985339387308385e-24
6.918623272261060141e-24
6.563477884009209906e-24
6.226562747909193362e-24
5.906942072297852614e-24
5.603728101382822619e-24
5.316078649474921504e-24
5.043194761792432157e-24
4.784318495341101003e-24
4.538730813704995129e-24
4.305749589901908372e-24
4.084727711755765468e-24
3.875051284523398501e-24
3.676137925784017668e-24
3.487435147855038523e-24
3.308418823241173633e-24
3.138591728855158059e-24
2.977482164965883510e-24
2.824642645038649513e-24
2.679648652828258406e-24
2.542097463272579024e-24
2.411607023911955249e-24
2.287814893727348678e-24
2.170377236449685723e-24
2.058967865544597961e-24
1.953277338219809911e-24
1.853012095938608343e-24
1.757893649052522087e-24
1.667657803288064110e-24
1.582053925939440433e-24
1.500844249728896994e-24
1.423803212401067147e-24
1.350716830217237639e-24
1.281382103609269520e-24
1.215606453342281622e-24
1.153207185620257858e-24
1.094010984648611331e-24
1.037853431244515454e-24
9.845785461578265682e-25
9.340383568340993266e-25
8.860924864165073193e-25
8.406077638450247818e-25
7.974578539698687194e-25
7.565229066519379431e-25
7.176892238755551843e-25
6.808489439488588786e-25
6.458997419148354697e-25
6.127445453407172513e-25
5.812912646964721891e-25
5.514525375734467713e-25
5.231454860326913581e-25
4.962914864090689644e-25
4.708159509317323663e-25
4.466481205543790870e-25
4.237208684199549941e-25
4.019705134138183986e-25
3.813366432875886013e-25
3.617619468623631117e-25
3.431920548452227413e-25
3.255753888169357906e-25
3.088630179713940255e-25
2.930085232088505329e-25
2.779678682055176323e-25
2.636992771013928578e-25
2.501631184665695204e-25
2.373217952237942277e-25
2.251396402214704080e-25
2.135828171671049336e-25
2.026192266460190248e-25
1.922184169642738266e-25
1.823514995682029898e-25
