1.322741267532849367e-02
1.255070118639998837e-02
1.190861010665414908e-02
1.129936826366138500e-02
1.072129509777946382e-02
1.017279602642346716e-02
9.652358045498672309e-03
9.158545555863147752e-03
8.689996403307599301e-03
8.245418121128949770e-03
7.823584364933036661e-03
7.423331529832002083e-03
7.043555540705105644e-03
6.683208806669093879e-03
6.341297331357174417e-03
6.016877971035485863e-03
5.709055832993708071e-03
5.416981807033434404e-03
5.139850223245059219e-03
4.876896629612260253e-03
4.627395683313753963e-03
4.390659149905580885e-03
4.166034004864781204e-03
3.952900632257669473e-03
3.750671115563839874e-03
3.558787615941241909e-03
3.376720833458845498e-03
3.203968547052306846e-03
3.040054229175170094e-03
2.884525731324214491e-03
2.736954036813026361e-03
2.596932077353397705e-03
2.464073610180158788e-03
2.338012152622054741e-03
2.218399971179736696e-03
2.104907122322300771e-03
1.997220542356459728e-03
1.895043183857809304e-03
1.798093196282073234e-03
1.706103148496099361e-03
1.618819291083997474e-03
1.536000856393524060e-03
1.457419394391945480e-03
1.382858142499367388e-03
1.312111427661242927e-03
1.244984099010729497e-03
1.181290989555902268e-03
1.120856405406939291e-03
1.063513641134322587e-03
1.009104519921212237e-03
9.574789572415170601e-04
9.084945468601020487e-04
8.620161680131325490e-04
8.179156126849812048e-04
7.760712319535713983e-04
7.363676004286072571e-04
6.986951978570759289e-04
6.629501070177355347e-04
6.290337270712588642e-04
5.968525015753162579e-04
5.663176604143476582e-04
5.373449749321521909e-04
5.098545255918349346e-04
4.837704815222249911e-04
4.590208913426446920e-04
4.355374846890411279e-04
4.132554838939930851e-04
3.921134253011301202e-04
3.720529897210635628e-04
3.530188415611558591e-04
3.349584761853752028e-04
3.178220750831846179e-04
3.015623684479603575e-04
2.861345047858660016e-04
2.714959271955093506e-04
2.576062559771026463e-04
2.444271772473138003e-04
2.319223372525553025e-04
2.200572420891841051e-04
2.087991625539908479e-04
1.981170438625192082e-04
1.879814199861747320e-04
1.783643323718292256e-04
1.692392528197103000e-04
1.605810103068426727e-04
1.523657215541850899e-04
1.445707251459370647e-04
1.371745190192879681e-04
1.301567011521752521e-04
1.234979132854450458e-04
1.171797875241738815e-04
1.111848956708553387e-04
1.054967011506888132e-04
1.000995133963606667e-04
9.497844456648933209e-05
9.011936847834518967e-05
8.550888164156381338e-05
8.113426628536478369e-05
7.698345527729080697e-05
7.304499883669567312e-05
6.930803295116330382e-05
6.576224940873499588e-05
6.239786736328199301e-05
5.920560635458694919e-05
5.617666070871195631e-05
5.330267524803835748e-05
5.057572224397502430e-05
4.798827954876140644e-05
4.553320984604242454e-05
4.320374096297954400e-05
4.099344718958948872e-05
3.889623155378185373e-05
3.690630900320158189e-05
3.501819044748470292e-05
3.322666761690886225e-05
3.152679869567159409e-05
2.991389469016718738e-05
2.838350649465932649e-05
2.693141261867116435e-05
2.555360754223914372e-05
2.424629066690972193e-05
2.300585583200046345e-05
2.182888136720694474e-05
2.071212065411613757e-05
1.965249317059047671e-05
1.864707599331946885e-05
1.769309573509871697e-05
1.678792089459606683e-05
1.592905459750188654e-05
1.511412770904059436e-05
1.434089229884451980e-05
1.360721544016334779e-05
1.291107332630469972e-05
1.225054568807618002e-05
1.162381049682995968e-05
1.102913893849836666e-05
1.046489064475673405e-05
9.929509168158823527e-06
9.421517688763393657e-06
8.939514940408757886e-06
8.482171345398218564e-06
8.048225346934194030e-06
7.636479929184106000e-06
7.245799315378997582e-06
6.875105834836662115e-06
6.523376950267192850e-06
6.189642437160868168e-06
5.872981707477982554e-06
5.572521270258078955e-06
5.287432322143855541e-06
5.016928461173342746e-06
4.760263517533933661e-06
4.516729495294586460e-06
4.285654619438554827e-06
4.066401482809428727e-06
3.858365287859100787e-06
3.660972178347432856e-06
3.473677656391813017e-06
3.295965080500159653e-06
3.127344240444131640e-06
2.967350005041598182e-06
2.815541039118199935e-06
2.671498586108870752e-06
2.534825312941244804e-06
2.405144214014499658e-06
2.282097571250469664e-06
2.165345967348261228e-06
2.054567349520553652e-06
1.949456141128970684e-06
1.849722398767941655e-06
1.755091012472013074e-06
1.665300946840341394e-06
1.580104520985093606e-06
1.499266725317548717e-06
1.422564573287247580e-06
1.349786486286021933e-06
1.280731710020225575e-06
1.215209760741189686e-06
1.153039899806446528e-06
1.094050635122255237e-06
1.038079248092222790e-06
9.849713447671447335e-07
9.345804299578932176e-07
8.867675031366205782e-07
8.414006750115517464e-07
7.983548037177250078e-07
7.575111496201470698e-07
7.187570477771220708e-07
6.819855971603036822e-07
6.470953657741665532e-07
6.139901108615006765e-07
5.825785134231414749e-07
5.527739263195996064e-07
5.244941352597576068e-07
4.976611320173394536e-07
4.722008992495627848e-07
4.480432063244329583e-07
4.251214155934598525e-07
4.033722985754180845e-07
3.827358615441148728e-07
3.631551800390355824e-07
3.445762418424003672e-07
3.269477979894709625e-07
3.102212214011390973e-07
2.943503727488446347e-07
2.792914731818069445e-07
2.650029835655105079e-07
2.514454898983179199e-07
2.385815945901431223e-07
2.263758133032879801e-07
2.147944770708746025e-07
2.038056394228768110e-07
1.933789882635673877e-07
1.834857622572895826e-07
1.740986714919196520e-07
1.651918222011649291e-07
1.567406453380533868e-07
1.487218288025896692e-07
1.411132531366254009e-07
1.338939305085695188e-07
1.270439468196247067e-07
1.205444067718558493e-07
1.143773817465662087e-07
1.085258603492010290e-07
1.029737014843660567e-07
9.770558983151533631e-08
9.270699359849341512e-08
8.796412443639822271e-08
8.346389940518910564e-08
7.919390488512605387e-08
7.514236233449311405e-08
7.129809579914682112e-08
6.765050108427108740e-08
6.418951650329682507e-08
6.090559512330036549e-08
5.778967843032238990e-08
5.483317134196149810e-08
5.202791849831952294e-08
4.936618176589588120e-08
4.684061889237757860e-08
4.444426325344642437e-08
4.217050463573371125e-08
4.001307100291591274e-08
3.796601119465207308e-08
3.602367851063973695e-08
3.418071513450754687e-08
3.243203735457740575e-08
3.077282154072920341e-08
2.919849083868656434e-08
2.770470254501919074e-08
2.628733612803803001e-08
2.494248186153828431e-08
2.366643004003761263e-08
2.245566074576078499e-08
2.130683413914249946e-08
2.021678124606649701e-08
1.918249521642710718e-08
1.820112302990083362e-08
1.726995762604917299e-08
1.638643043704311669e-08
1.554810430241229010e-08
1.475266674627362278e-08
1.399792359849555151e-08
1.328179294220223662e-08
1.260229937092191191e-08
1.195756853953824070e-08
1.134582199401402874e-08
1.076537226562476463e-08
1.021461821617043786e-08
9.692040621325033568e-09
9.196197979940926735e-09
8.725722537748490553e-09
8.279316514482098693e-09
7.855748524025758911e-09
7.453850177703146744e-09
7.072512861342576932e-09
6.710684677226730166e-09
6.367367542491377746e-09
6.041614435969551830e-09
5.732526785886442212e-09
5.439251991199244987e-09
5.160981069744803312e-09
4.896946426707401523e-09
4.646419737251253852e-09
4.408709937477131713e-09
4.183161318161072389e-09
3.969151716017118629e-09
3.766090797494569616e-09
3.573418430375787002e-09
3.390603138682768418e-09
3.217140636630248035e-09
3.052552437581531390e-09
2.896384534169779001e-09
2.748206145943989740e-09
2.607608531085194087e-09
2.474203858914902225e-09
2.347624140085846088e-09
2.227520211503871100e-09
2.113560773181009286e-09
2.005431474362961974e-09
1.902834046410067350e-09
1.805485480039883820e-09
1.713117244661893032e-09
1.625474547650818408e-09
1.542315631515401994e-09
1.463411107023838482e-09
1.388543320446367698e-09
1.317505753169616337e-09
1.250102452026511034e-09
1.186147488770404570e-09
1.125464447202360119e-09
1.067885936536932502e-09
1.013253129664005518e-09
9.614153250330724736e-10
9.122295309514175958e-10
8.655600711494943908e-10
8.212782105255233210e-10
7.792618000368810991e-10
7.393949397587825018e-10
7.015676591808054094e-10
6.656756138593613922e-10
6.316197975893828768e-10
5.993062693012195336e-10
5.686458939294389770e-10
5.395540965387225185e-10
5.119506290286162566e-10
4.857593487736331756e-10
4.609080085880601215e-10
4.373280574361272943e-10
4.149544513378019148e-10
3.937254739485903679e-10
3.735825663184541562e-10
3.544701653602057012e-10
3.363355505818333905e-10
3.191286986599660246e-10
3.028021454533207424e-10
2.873108550755238616e-10
2.726120956661253197e-10
2.586653215171465243e-10
2.454320612300071013e-10
2.328758115943142452e-10
2.209619368957983576e-10
2.096575733756233795e-10
1.989315385775419247e-10
1.887542453328291820e-10
1.790976201457287803e-10
1.699350257542780322e-10
1.612411876529104828e-10
1.529921243741394437e-10
1.451650813370181180e-10
1.377384680798978165e-10
1.306917987043417137e-10
1.240056353659196168e-10
1.176615346559964936e-10
1.116419967266186406e-10
1.059304170181598113e-10
1.005110404565680290e-10
9.536891799387491979e-11
9.048986537207913456e-11
8.586042399666218454e-11
8.146782381180646024e-11
7.729994807490734660e-11
7.334529993321638266e-11
6.959297071041297735e-11
6.603260981562956916e-11
6.265439619192424488e-11
5.944901122544203034e-11
5.640761304053980589e-11
5.352181210996446537e-11
5.078364811281021709e-11
4.818556797641757620e-11
4.572040504164296623e-11
4.338135929403030461e-11
4.116197860634967251e-11
3.905614094076442725e-11
3.705803746153140385e-11
3.516215651165103168e-11
3.336326840926966519e-11
3.165641102189342849e-11
3.003687607862256731e-11
2.850019618264878997e-11
2.704213248819051469e-11
2.565866300787273567e-11
2.434597151829982612e-11
2.310043703321575087e-11
2.191862381521553574e-11
2.079727189845535712e-11
1.973328809621828285e-11
1.872373746853171025e-11
1.776583522629883777e-11
1.685693904961334731e-11
1.599454179906736926e-11
1.517626459994706209e-11
1.439985028023973524e-11
1.366315714435050473e-11
1.296415306535453001e-11
1.230090987948826733e-11
1.167159806741711028e-11
1.107448170760860847e-11
1.050791368788956725e-11
9.970331161979036815e-12
9.460251238464048824e-12
8.976266890326227252e-12
8.517043073736447672e-12
8.081313045410758107e-12
7.667874868369720581e-12
7.275588096462318777e-12
6.903370628508759456e-12
6.550195723384880634e-12
6.215089167813922807e-12
5.897126589053569171e-12
5.595430905065317457e-12
5.309169905132513961e-12
5.037553954253636082e-12
4.779833814978095811e-12
4.535298580676551043e-12
4.303273714544611772e-12
4.083119188930712276e-12
3.874227719855467756e-12
3.676023091852780375e-12
3.487958568511557711e-12
3.309515384333832497e-12
3.140201313749080125e-12
2.979549313337394121e-12
2.827116233516332120e-12
2.682481596137461763e-12
2.545246434620854745e-12
2.415032193428037631e-12
2.291479683837616709e-12
2.174248093143279843e-12
2.063014044540918985e-12
1.957470705111763068e-12
1.857326939440889211e-12
1.762306506536396538e-12
1.672147297834076998e-12
1.586600614185531429e-12
1.505430479835449919e-12
1.428412991495656647e-12
1.355335700720357487e-12
1.285997027878983818e-12
1.220205706110003168e-12
1.157780253721956200e-12
1.098548473586336345e-12
1.042346978141401106e-12
9.890207386967178785e-13
9.384226577951546763e-13
8.904131634527517666e-13
8.448598241571925166e-13
8.016369835628509930e-13
7.606254138747897670e-13
7.217119869655252016e-13
6.847893623174007772e-13
6.497556909297567702e-13
6.165143343741443884e-13
5.849735982226023620e-13
5.550464791137055292e-13
5.266504247586359528e-13
4.997071062253008473e-13
4.741422018723441120e-13
4.498851923370376000e-13
4.268691660115621905e-13
4.050306344710632699e-13
3.843093573443732156e-13
3.646481761443094343e-13
3.459928565991698859e-13
3.282919390505277079e-13
3.114965965046285074e-13
2.955604999458525780e-13
2.804396905407106669e-13
2.660924583798494550e-13
2.524792274235994185e-13
2.395624463336723276e-13
2.273064848898905558e-13
2.156775357062124825e-13
2.046435209749408454e-13
1.941740039818840990e-13
1.842401051483748212e-13
1.748144223685634267e-13
1.658709554222384331e-13
1.573850342546666123e-13
1.493332509256267567e-13
1.416933950399097237e-13
1.344443924811827839e-13
1.275662472802154913e-13
1.210399864571121004e-13
1.148476076854075841e-13
1.089720296336523036e-13
1.033970448475123432e-13
9.810727504241093195e-14
9.308812868338831544e-14
8.832576073516519496e-14
8.380703447138715564e-14
7.951948523769643424e-14
7.545128606867836148e-14
7.159121506383726544e-14
6.792862443260879828e-14
6.445341112302519681e-14
6.115598895300880325e-14
5.802726216742384430e-14
5.505860034794335331e-14
5.224181460652083935e-14
4.956913499680055844e-14
4.703318908115304596e-14
4.462698159421736139e-14
4.234387514685189335e-14
4.017757191726602331e-14
3.812209627883090876e-14
3.617177831664613000e-14
3.432123818739581108e-14
3.256537127935103948e-14
3.089933413158267386e-14
2.931853107354519392e-14
2.781860154817541775e-14
2.639540808353912017e-14
2.504502487984560175e-14
2.376372698034757433e-14
2.254797999625627442e-14
2.139443035732675389e-14
2.029989606122153129e-14
1.926135789613466977e-14
1.827595111246413690e-14
1.734095752056025504e-14
1.645379799275086016e-14
1.561202534896155518e-14
1.481331760630597216e-14
1.405547157402553837e-14
1.333639677611045673e-14
1.265410968483854472e-14
1.200672824932442394e-14
1.139246670398720605e-14
1.080963064261576216e-14
1.025661234444354423e-14
9.731886339340765827e-15
9.234005199889977980e-15
8.761595548738302409e-15
8.313354270212645449e-15
7.888044915747667559e-15
7.484494293211577659e-15
7.101589230720934097e-15
6.738273506018143225e-15
6.393544932941281349e-15
6.066452596949382704e-15
5.756094232077854938e-15
5.461613732088049473e-15
5.182198788945971289e-15
4.917078652115897773e-15
4.665522002487944790e-15
4.426834935075197465e-15
4.200359044915438504e-15
3.985469610897800747e-15
3.781573872504438256e-15
3.588109394713652911e-15
3.404542516554334293e-15
3.230366879031881341e-15
3.065102028365178148e-15
2.908292090681642668e-15
2.759504514514535737e-15
2.618328877633930728e-15
2.484375754919841010e-15
2.357275644154759119e-15
2.236677946772396772e-15
2.122250000751106537e-15
2.013676162984216546e-15
1.910656938596174222e-15
1.812908154802603775e-15
1.720160177035542658e-15
1.632157165171525771e-15
1.548656367810855636e-15
1.469427452661439952e-15
1.394251871179987198e-15
1.322922255718047028e-15
1.255241847509921428e-15
1.191023953924566687e-15
1.130091433484411563e-15
1.072276207230453165e-15
1.017418795085827765e-15
9.653678759389173700e-16
9.159798702324910842e-16
8.691185439075238634e-16
8.246546326091311689e-16
7.824654851180581586e-16
7.424347250241362384e-16
7.044519297084350236e-16
6.684123257486439126e-16
6.342164999074196966e-16
6.017701249065184954e-16
5.709836992302630410e-16
5.417723002405942988e-16
5.140553499227248267e-16
4.877563926151697679e-16
4.628028841110726014e-16
4.391259915490571990e-16
4.166604035416132967e-16
3.953441500172861345e-16
3.751184312796849403e-16
3.559274558118011894e-16
3.377182863782210631e-16
3.204406940007154374e-16
3.040470194044002292e-16
2.884920415522921963e-16
2.737328529055956368e-16
2.597287410656514519e-16
2.464410764710568911e-16
2.338332058401715839e-16
2.218703510650898501e-16
2.105195132781663979e-16
1.997493818264812624e-16
1.895302479031508909e-16
1.798339225972387070e-16
1.706336591362205856e-16
1.619040791065027186e-16
1.536211024484808681e-16
1.457618810330454104e-16
1.383047356362832100e-16
1.312290961385563178e-16
1.245154447829669426e-16
1.181452623367168830e-16
1.121009770068393243e-16
1.063659159693821084e-16
1.009242593783592097e-16
9.576099672758262413e-17
9.086188544502064933e-17
8.621341160545920958e-17
8.180275265308838391e-17
7.761774203120242612e-17
7.364683562142744758e-17
6.987907989991668104e-17
6.630408172266734007e-17
6.291197965660909119e-17
5.969341677739474877e-17
5.663951485884322190e-17
5.374184988284919319e-17
5.099242880220010106e-17
4.838366749219860531e-17
4.590836983028056433e-17
4.355970784590980887e-17
4.133120288600338782e-17
3.921670774392925228e-17
3.721038970277753243e-17
3.530671444613858356e-17
3.350043079199793242e-17
3.178655620764442346e-17
3.016036306563229027e-17
2.861736560288298721e-17
2.715330754695963898e-17
2.576415037537548369e-17
2.444606217555551069e-17
2.319540707471983287e-17
2.200873521053019891e-17
2.088277321483851799e-17
1.981441518428225109e-17
1.880071411282375077e-17
1.783887376259883588e-17
1.692624095064968928e-17
1.606029823026868176e-17
1.523865694676106542e-17
1.445905064847516625e-17
1.371932883492111997e-17
1.301745102473558216e-17
1.235148112712796489e-17
1.171958210128131077e-17
1.112001088897840651e-17
1.055111360647228790e-17
1.001132098234045557e-17
9.499144028737382204e-18
9.013169934104091184e-18
8.552058166006825608e-18
8.114536773352639758e-18
7.699398877783457572e-18
7.305499344569595314e-18
6.931751623819094767e-18
6.577124753290883579e-18
6.240640514542564514e-18
5.921370734569581756e-18
5.618434725491862445e-18
5.330996855225137745e-18
5.058264242436764106e-18
4.799484569426523927e-18
4.553944006900330606e-18
4.320965244912028950e-18
4.099905624541459759e-18
3.890155365155925265e-18
3.691135882364113194e-18
3.502298192023419583e-18
3.323121395897884709e-18
3.153111244789284540e-18
2.991798775178483325e-18
2.838739015615555921e-18
2.693509759290937399e-18
2.555710399401542358e-18
2.424960824099109696e-18
2.300900367973016791e-18
2.183186817174737772e-18
2.071495465440085012e-18
1.965518218405133906e-18
1.864962743744999181e-18
1.769551664791536247e-18
1.679021795405179384e-18
1.593123413990695904e-18
1.511619574654128546e-18
1.434285453600681726e-18
1.360907728970913347e-18
1.291283992404208304e-18
1.225222190706638970e-18
1.162540096082967535e-18
1.103064803471374916e-18
1.046632253594558856e-18
9.930867804113126754e-19
9.422806817204574511e-19
8.940738117325784503e-19
8.483331944856340241e-19
8.049326570382331895e-19
7.637524814285716773e-19
7.246790744391299611e-19
6.876046542561345081e-19
6.524269531593990845e-19
6.190489354225632424e-19
5.873785296454196367e-19
5.573283747801071676e-19
5.288155791505443655e-19
5.017614918003366192e-19
4.760914855385304551e-19
4.517347510846442198e-19
4.286241017452283519e-19
4.066957880831283368e-19
3.858893220681960629e-19
3.661473102244564601e-19
3.474152953133827641e-19
3.296416061166627949e-19
3.127772149040071996e-19
2.967756021928983877e-19
2.815926284271984478e-19
2.671864122206307941e-19
2.535172148293285216e-19
2.405473305347121086e-19
2.282409826343739968e-19
2.165642247540451046e-19
2.054848472084035409e-19
1.949722881524667649e-19
1.849975492784360317e-19
1.755331158254866993e-19
1.665528806818388085e-19
1.580320723697364303e-19
1.499471867147177329e-19
1.422759220106525506e-19
1.349971175017336493e-19
1.280906950117147573e-19
1.215376035593745720e-19
1.153197668074551714e-19
1.094200332000874772e-19
1.038221286511841027e-19
9.851061165328255162e-20
9.347083068300293912e-20
8.868888378564381904e-20
8.415158022741062187e-20
7.984640410951440578e-20
7.576147984376475002e-20
7.188553939441820671e-20
6.820789119593445784e-20
6.471839066088553447e-20
6.140741219667879433e-20
5.826582265389795597e-20
5.528495613301673833e-20
5.245659008000177863e-20
4.977292260485310875e-20
4.722655096052701668e-20
4.481045112287219744e-20
4.251795841524854700e-20
4.034274912439098896e-20
3.827882305679694640e-20
3.632048698752824059e-20
3.446233895576836022e-20
3.269925336381305827e-20
3.102636683839695401e-20
2.943906481534798757e-20
2.793296881057026594e-20
2.650392434224047853e-20
2.514798947090011589e-20
2.386142392583688670e-20
2.264067878775526681e-20
2.148238669928116109e-20
2.038335257629484927e-20
1.934054479446856023e-20
1.835108682670106167e-20
1.741224930837708781e-20
1.652144250856772960e-20
1.567620918640245655e-20
1.487421781290639334e-20
1.411325613960861337e-20
1.339122509617734531e-20
1.270613300025189623e-20
1.205609006349819735e-20
1.143930317873246370e-20
1.085407097373573253e-20
1.029877911811291094e-20
9.771895870252690415e-21
9.271967852103938918e-21
8.797616040112923988e-21
8.347531961264303393e-21
7.920474083730773494e-21
7.515264392177268046e-21
7.130785138270941667e-21
6.765975757434932923e-21
6.419829943340263140e-21
6.091392872065624864e-21
5.779758568269215364e-21
5.484067406105985185e-21
5.203503737997822805e-21
4.937293644715319774e-21
4.684702800564474578e-21
4.445034447790516860e-21
4.217627474610257700e-21
4.001854591572220693e-21
3.797120601213760750e-21
3.602860756241860829e-21
3.418539201709441365e-21
3.243647496889194388e-21
3.077703212768282010e-21
2.920248601294867793e-21
2.770849332705501645e-21
2.629093297450857510e-21
2.494589469414386002e-21
2.366966827288647097e-21
2.245873331133775417e-21
2.130974951294822026e-21
2.021954746999715895e-21
1.918511992095708897e-21
1.820361345513107769e-21
1.727232064167887268e-21
1.638867256131899198e-21
1.555023172010921181e-21
1.475468532575462217e-21
1.399983890789945274e-21
1.328361026480330295e-21
1.260402371970305344e-21
1.195920467101950815e-21
1.134737442137282717e-21
1.076684527114531788e-21
1.021601586305638785e-21
9.693366764907270528e-22
9.197456278312640471e-22
8.726916461855537242e-22
8.280449357697485422e-22
7.856823411234369988e-22
7.454870073921323707e-22
7.073480579897218134e-22
6.711602887515478570e-22
6.368238777346062668e-22
6.042441098642972698e-22
5.733311156681419668e-22
5.439996233758920047e-22
5.161687237020762008e-22
4.897616466622641435e-22
4.647055498073553685e-22
4.409313172917216585e-22
4.183733692210297615e-22
3.969694807537371841e-22
3.766606104573482487e-22
3.573907374459229057e-22
3.391067068495689678e-22
3.217580831897191089e-22
3.052970112556587066e-22
2.896780840986041761e-22
2.748582177791733799e-22
2.607965325227273460e-22
2.474542399548080269e-22
2.347945361055575377e-22
2.227824998880260133e-22
2.113849967703054759e-22
2.005705873757607982e-22
1.903094407592749724e-22
1.805732521202392799e-22
1.713351647253505950e-22
1.625696958258012645e-22
1.542526663645420476e-22
1.463611342797049492e-22
1.388733312201975454e-22
1.317686024989291443e-22
1.250273501180012610e-22
1.186309787087268599e-22
1.125618442373454172e-22
1.068032053349338596e-22
1.013391771172808465e-22
9.615468736731407928e-23
9.123543495923276470e-23
8.656785040965148590e-23
8.213905844693265629e-23
7.793684249547290389e-23
7.394961097695635187e-23
7.016636533563436937e-23
6.657666969942433075e-23
6.317062209313511225e-23
5.993882712442469806e-23
5.687237006713112750e-23
5.396279227049913307e-23
5.120206782646493744e-23
4.858258143063374641e-23
4.609710737589036501e-23
4.373878962068661616e-23
4.150112287703429118e-23
3.937793466603188410e-23
3.736336829142377897e-23
3.545186668423254224e-23
3.363815707389222547e-23
3.191723644360570042e-23
3.028435772980250797e-23
2.873501672762720783e-23
2.726493966634325200e-23
2.587007142037330896e-23
2.454656432346222363e-23
2.329076755510471946e-23
2.209921706995949061e-23
2.096862604247464223e-23
1.989587580036163764e-23
1.887800722191222226e-23
1.791221257342663909e-23
1.699582776423588019e-23
1.612632499795719369e-23
1.530130579970790478e-23
1.451849440004660446e-23
1.377573145739038396e-23
1.307096810159078805e-23
1.240226028224059507e-23
1.176776340611852202e-23
1.116572724898201544e-23
1.059449112767153094e-23
1.005247931920809303e-23
9.538196714249976074e-24
9.050224692916452736e-24
8.587217211604207477e-24
8.147897090001323117e-24
7.731052488056179205e-24
7.335533563184749314e-24
6.960249298493565505e-24
6.604164493270645706e-24
6.266296907442208317e-24
5.945714552117883700e-24
5.641533118751706511e-24
5.352913539826010348e-24
5.079059674330614851e-24
4.819216111652363053e-24
4.572666087816822601e-24
4.338729508335122964e-24
4.116761072200969955e-24
3.906148491864075495e-24
3.706310804268879813e-24
3.516696768300465449e-24
3.336783344216761071e-24
3.166074250872407664e-24
3.004098596755095456e-24
2.850409581057429979e-24
2.704583261201895846e-24
2.566217383418960596e-24
2.434930273152351819e-24
2.310359782231230319e-24
2.192162289904537116e-24
2.080011754982370422e-24
1.973598816469595029e-24
1.872629940210685015e-24
1.776826609192245162e-24
1.685924555269266379e-24
1.599673030196231069e-24
1.517834113952096649e-24
1.440182058451108727e-24
1.366502664829384145e-24
1.296592692589219729e-24
1.230259298971548320e-24
1.167319507009969125e-24
1.107599700798929538e-24
1.050935146584002206e-24
9.971695383529535587e-25
9.461545666743541808e-25
8.977495095943026579e-25
8.518208444627177885e-25
8.082418796186081320e-25
7.668924049181470976e-25
7.276583601417167152e-25
6.904315203651675569e-25
6.551091974273660784e-25
6.215939566706700624e-25
5.897933481728255944e-25
5.596196517290287504e-25
5.309896348806448922e-25
5.038243233230852369e-25
4.780487830596242079e-25
4.535919137001229002e-25
4.303862523345798973e-25
4.083677874404660795e-25
3.874757823104880960e-25
3.676526075137932123e-25
3.488435819283785067e-25
3.309968219062744546e-25
3.140630981554031581e-25
2.979956999433049555e-25
2.827503062482066784e-25
2.682848635019402075e-25
2.545594695875264646e-25
2.415362637714171232e-25
2.291793222667598050e-25
2.174545591396500085e-25
