1.376048740628445059e-02
1.303788204410812751e-02
1.235322290389538960e-02
1.170451731324622519e-02
1.108987724109480877e-02
1.050751380267238647e-02
9.955732053031371084e-03
9.432926053977471262e-03
8.937574200052308265e-03
8.468234789963025380e-03
8.023541830569689767e-03
7.602201061218177500e-03
7.202986186847525930e-03
6.824735308908354801e-03
6.466347543704704416e-03
6.126779818317105650e-03
5.805043834781546154e-03
5.500203193688703480e-03
5.211370668831797996e-03
4.937705624971038161e-03
4.678411571199168201e-03
4.432733842787286473e-03
4.199957404764046755e-03
3.979404770835643333e-03
3.770434031589692259e-03
3.572436986244154934e-03
3.384837372503867511e-03
3.207089189372719536e-03
3.038675108040102268e-03
2.879104966216588027e-03
2.727914341536648475e-03
2.584663199876374631e-03
2.448934614652169273e-03
2.320333553372997543e-03
2.198485727914487823e-03
2.083036505168672000e-03
1.973649874898840504e-03
1.870007471795503626e-03
1.771807648887189016e-03
1.678764599609284874e-03
1.590607525975727991e-03
1.507079850432552865e-03
1.427938469099425444e-03
1.352953044225750938e-03
1.281905333802076975e-03
1.214588556375664026e-03
1.150806789221528069e-03
1.090374398117372693e-03
1.033115497062780941e-03
9.788634363702157417e-04
9.274603176379228684e-04
8.787565341930982446e-04
8.326103356677894748e-04
7.888874154402545150e-04
7.474605197410365883e-04
7.082090772860769609e-04
6.710188483589281426e-04
6.357815923207375732e-04
6.023947525802972542e-04
5.707611581072846762e-04
5.407887406199556090e-04
5.123902666241803537e-04
4.854830835239299465e-04
4.599888790642775211e-04
4.358334534067881340e-04
4.129465031739251333e-04
3.912614168339486036e-04
3.707150808307780286e-04
3.512476958945724421e-04
3.328026029984022306e-04
3.153261184544716507e-04
2.987673776699420534e-04
2.830781871076178406e-04
2.682128840206286042e-04
2.541282035528736705e-04
2.407831528184297331e-04
2.281388915934346243e-04
2.161586192732049404e-04
2.048074677655837466e-04
1.940524000087849707e-04
1.838621138183777599e-04
1.742069507835599751e-04
1.650588099475677457e-04
1.563910660209913276e-04
1.481784918899595942e-04
1.403971851936586983e-04
1.330244987574887656e-04
1.260389746793896901e-04
1.194202818774953628e-04
1.131491569173521695e-04
1.072073479464818535e-04
1.015775615731118853e-04
9.624341253446633813e-05
9.118937600812995683e-05
8.640074242768760527e-05
8.186357467113352727e-05
7.756466749744818855e-05
7.349150911328498220e-05
6.963224475790788395e-05
6.597564220039537849e-05
6.251105904869252896e-05
5.922841177536438545e-05
5.611814636990212032e-05
5.317121053216666111e-05
5.037902732603963794e-05
4.773347021660194142e-05
4.522683941818654124e-05
4.285183948446736729e-05
4.060155807536165241e-05
3.846944583894693130e-05
3.644929734984041821e-05
3.453523304856246349e-05
3.272168212931936564e-05
3.100336632640120091e-05
2.937528455200541811e-05
2.783269834077571346e-05
2.637111805869243576e-05
2.498628983617663256e-05
2.367418318737673691e-05
2.243097927960453753e-05
2.125305981877892260e-05
2.013699651852912447e-05
1.907954112230751014e-05
1.807761594947194863e-05
1.712830493782226612e-05
1.622884515652055454e-05
1.537661876469411149e-05
1.456914539231672372e-05
1.380407492119327140e-05
1.307918064503686208e-05
1.239235278873141589e-05
1.174159236791751657e-05
1.112500537103026481e-05
1.054079724685615582e-05
9.987267681565245461e-06
9.462805650017338142e-06
8.965884726939282317e-06
8.495058644326666409e-06
8.048957082140047046e-06
7.626281680044537602e-06
7.225802258585203903e-06
6.846353238800132089e-06
6.486830249850567850e-06
6.146186914794801808e-06
5.823431805150919332e-06
5.517625555384768917e-06
5.227878128925059740e-06
4.953346227748339791e-06
4.693230837994626073e-06
4.446774904470250619e-06
4.213261127269759752e-06
3.992009874103843794e-06
3.782377202257438386e-06
3.583752984420757281e-06
3.395559132938788348e-06
3.217247917310791583e-06
3.048300370043121565e-06
2.888224776215594262e-06
2.736555242365305233e-06
2.592850340522819701e-06
2.456691823454096698e-06
2.327683407369076203e-06
2.205449618553895474e-06
2.089634700570033646e-06
1.979901578839768258e-06
1.875930879604390198e-06
1.777420000399982553e-06
1.684082229345309407e-06
1.595645910678647573e-06
1.511853654114788947e-06
1.432461585721175004e-06
1.357238638132780334e-06
1.285965878040013145e-06
1.218435868992289082e-06
1.154452067662714976e-06
1.093828251816800756e-06
1.036387978320252518e-06
9.819640696084683177e-07
9.303981271230670068e-07
8.815400702993748288e-07
8.352476997630891061e-07
7.913862834648108758e-07
7.498281645479412679e-07
7.104523898086158701e-07
6.731443576663662529e-07
6.377954846209029800e-07
6.043028892242866772e-07
5.725690926486887870e-07
5.425017349782457995e-07
5.140133063993133111e-07
4.870208925067286025e-07
4.614459329848346262e-07
4.372139929608919738e-07
4.142545463654342269e-07
3.925007706690248322e-07
3.718893523980230141e-07
3.523603028633126528e-07
3.338567835656733018e-07
3.163249407696605533e-07
2.997137487645084516e-07
2.839748613558918765e-07
2.690624711563030084e-07
2.549331762645272251e-07
2.415458539461873460e-07
2.288615409477056722e-07
2.168433200953529086e-07
2.054562128493218007e-07
1.946670775001223386e-07
1.844445127109901765e-07
1.747587661255826747e-07
1.655816477749645750e-07
1.568864480318553242e-07
1.486478598733545623e-07
1.408419052258857249e-07
1.334458651779966443e-07
1.264382138578960013e-07
1.197985557832854065e-07
1.135075665011438142e-07
1.075469363446964278e-07
1.018993171438809107e-07
9.654827173420691698e-08
9.147822611706320202e-08
8.667442413223091088e-08
8.212288451068450484e-08
7.781036018267961116e-08
7.372429972269927548e-08
6.985281081904416878e-08
6.618462566174532017e-08
6.270906814806543990e-08
5.941602281013807923e-08
5.629590537431326557e-08
5.333963486652074906e-08
5.053860718246700096e-08
4.788467004574215051e-08
4.537009928095259360e-08
4.298757633282539517e-08
4.073016696585212983e-08
3.859130108248090321e-08
3.656475360111585777e-08
3.464462633827225251e-08
3.282533084215509338e-08
3.110157212769846749e-08
2.946833326572878054e-08
2.792086078139730787e-08
2.645465081938668712e-08
2.506543603562398872e-08
2.374917317735067853e-08
2.250203131540109415e-08
2.132038069443961475e-08
2.020078216870669873e-08
1.913997719252562312e-08
1.813487833643896946e-08
1.718256030137129625e-08
1.628025140466621345e-08
1.542532551321723150e-08
1.461529440021496941e-08
1.384780050326495989e-08
1.312061006279862757e-08
1.243160662080770059e-08
1.177878486097964062e-08
1.116024477230677457e-08
1.057418611918188730e-08
1.001890320188625882e-08
9.492779892220495730e-09
8.994284929829448929e-09
8.521967465531774013e-09
8.074452838682645188e-09
7.650438576280345992e-09
7.248690602171818019e-09
6.868039645324579225e-09
6.507377836711282722e-09
6.165655484902183446e-09
5.841878020981295076e-09
5.535103103894182896e-09
5.244437877802989892e-09
4.969036373465987060e-09
4.708097046078805103e-09
4.460860442411026898e-09
4.226606990448681147e-09
4.004654905109375665e-09
3.794358203934662387e-09
3.595104826984608546e-09
3.406314855462330490e-09
3.227438823884134399e-09
3.057956120882670927e-09
2.897373473988885196e-09
2.745223513982701231e-09
2.601063414634004140e-09
2.464473603875065078e-09
2.335056542653174673e-09
2.212435567909543549e-09
2.096253796316853052e-09
1.986173085584960177e-09
1.881873050311609666e-09
1.783050129513814586e-09
1.689416703126067867e-09
1.600700254893890577e-09
1.516642579226453119e-09
1.436999029699753209e-09
1.361537807023224509e-09
1.290039284397384079e-09
1.222295368299040858e-09
1.158108892833587283e-09
1.097293045891753910e-09
1.039670825440602968e-09
9.850745243663732258e-10
9.333452423697682099e-10
8.843324234931543739e-10
8.378934179336069007e-10
7.938930668664941132e-10
7.522033090712630201e-10
7.127028082144821916e-10
6.752765997054219799e-10
6.398157560963160055e-10
6.062170700534822704e-10
5.743827539766114276e-10
5.442201553919463772e-10
5.156414872910587769e-10
4.885635726303513165e-10
4.629076022476833688e-10
4.385989054915213157e-10
4.155667328950702656e-10
3.937440502628456617e-10
3.730673435703903095e-10
3.534764341093112459e-10
3.349143033396048870e-10
3.173269269395352373e-10
3.006631175700552754e-10
2.848743758961560692e-10
2.699147494315309973e-10
2.557406987957501947e-10
2.423109709946748047e-10
2.295864793553055532e-10
2.175301897656244905e-10
2.061070128883226823e-10
1.952837020347241644e-10
1.850287564016584188e-10
1.753123293896618132e-10
1.661061417356740908e-10
1.573833992073971414e-10
1.491187146197813513e-10
1.412880339466615330e-10
1.338685663125006265e-10
1.268387176604761645e-10
1.201780279038641559e-10
1.138671113777935835e-10
1.078876004180619922e-10
1.022220919028024162e-10
9.685409660140705998e-11
9.176799118329840970e-11
8.694897274686430451e-11
8.238301573622006447e-11
7.805683112040040259e-11
7.395782771617998115e-11
7.007407554194984484e-11
6.639427109599405781e-11
6.290770445811160811e-11
5.960422811883065121e-11
5.647422744549862762e-11
5.350859269928720603e-11
5.069869252167016887e-11
4.803634881320853180e-11
4.551381293152577930e-11
4.312374313920215834e-11
4.085918323594815327e-11
3.871354231286890193e-11
3.668057556989273796e-11
3.475436614053685797e-11
3.292930787110947711e-11
3.120008900422888901e-11
2.956167671917149500e-11
2.800930248405245543e-11
2.653844817720928918e-11
2.514483293739353127e-11
2.382440070449966436e-11
2.257330841456768411e-11
2.138791481470314007e-11
2.026476986535953411e-11
1.920060469913940489e-11
1.819232210688984922e-11
1.723698752340165949e-11
1.633182048647768196e-11
1.547418654451135689e-11
1.466158958902310416e-11
1.389166458983899538e-11
1.316217071176691628e-11
1.247098479273769166e-11
1.181609516442870907e-11
1.119559579738577451e-11
1.060768075360216308e-11
1.005063893041015365e-11
9.522849080386709030e-12
9.022775092779195555e-12
8.548961522718045806e-12
8.100029355203851998e-12
7.674671991540797072e-12
7.271651446534569282e-12
6.889794745387249311e-12
6.527990509802014146e-12
6.185185723362205589e-12
5.860382666770134562e-12
5.552636014025881433e-12
5.261050081094759777e-12
4.984776219055471710e-12
4.723010344142247272e-12
4.474990597491942785e-12
4.239995127784986382e-12
4.017339990326730525e-12
3.806377156454316800e-12
3.606492627475848725e-12
3.417104647652303002e-12
3.237662011021317831e-12
3.067642457134726258e-12
2.906551151040953716e-12
2.753919243088135361e-12
2.609302504356387114e-12
2.472280033747759365e-12
2.342453032970761365e-12
2.219443645854299380e-12
2.102893858612751092e-12
1.992464457861486897e-12
1.887834043350233623e-12
1.788698092540754590e-12
1.694768074306503121e-12
1.605770609174571655e-12
1.521446673665954414e-12
1.441550846418277996e-12
1.365850593896996236e-12
1.294125593616052823e-12
1.226167092898299170e-12
1.161777301309391144e-12
1.100768814996799730e-12
1.042964071258588540e-12
9.881948317544307469e-13
9.363016928548194534e-13
8.871336217033095843e-13
8.405475166415850482e-13
7.964077907179381374e-13
7.545859770669926982e-13
7.149603550121638140e-13
6.774155958025938977e-13
6.418424269535560533e-13
6.081373142133576561e-13
5.762021602311370261e-13
5.459440190485479731e-13
5.172748255843399279e-13
4.901111393245528981e-13
4.643739014723136347e-13
4.399882048504500367e-13
4.168830758872083531e-13
3.949912680505852601e-13
3.742490661300471405e-13
3.545961007960169909e-13
3.359751728974171364e-13
3.183320869858737875e-13
3.016154935820882477e-13
2.857767397252773104e-13
2.707697273707266554e-13
2.565507792233124310e-13
2.430785116165261317e-13
2.303137140670062546e-13
2.182192351540308304e-13
2.067598743918313308e-13
1.959022797800151903e-13
1.856148507339370531e-13
1.758676461124900697e-13
1.666322970756397974e-13
1.578819245180789208e-13
1.495910608386880184e-13
1.417355758181275238e-13
1.342926063888209818e-13
1.272404900929348285e-13
1.205587020346786154e-13
1.142277951434380694e-13
1.082293435738716407e-13
1.025458890782416772e-13
9.716089019490030785e-14
9.205867410504042668e-14
8.722439101759956682e-14
8.264397094955027511e-14
7.830408277579165273e-14
7.419209542945367317e-14
7.029604113969535186e-14
6.660458059999732768e-14
6.310696996557424736e-14
5.979302958385513535e-14
5.665311436702000821e-14
5.367808572036755445e-14
5.085928494480907581e-14
4.818850803607908808e-14
4.565798180731744389e-14
4.326034126552614909e-14
4.098860817605943664e-14
3.883617075275716825e-14
3.679676441461243696e-14
3.486445355296418953e-14
3.303361425615169826e-14
3.129891794134984095e-14
2.965531584594673092e-14
2.809802433332730070e-14
2.662251097029410175e-14
2.522448133560642635e-14
2.389986652124301426e-14
2.264481129001173689e-14
2.145566285503987527e-14
2.032896024848698338e-14
1.926142424853999728e-14
1.824994783537223690e-14
1.729158714828965601e-14
1.638355291774440648e-14
1.552320234728026226e-14
1.470803142178167296e-14
1.393566761964019022e-14
1.320386300762769666e-14
1.251048769837842295e-14
1.185352365143918631e-14
1.123105879984516567e-14
1.064128148512743708e-14
1.008247518455491499e-14
9.553013515265379469e-15
9.051355500744696174e-15
8.576041085877710527e-15
8.125686887517747670e-15
7.698982168206390552e-15
7.294685021325898795e-15
6.911618756580802618e-15
6.548668475288947375e-15
6.204777825514608103e-15
5.878945927599287761e-15
5.570224461142532497e-15
5.277714904954192651e-15
5.000565921945349004e-15
4.737970881346453622e-15
4.489165511041578367e-15
4.253425673185681610e-15
4.030065256631042196e-15
3.818434180028911005e-15
3.617916499794266719e-15
3.427928617427285881e-15
3.247917580973774804e-15
3.077359475681188956e-15
2.915757899166121027e-15
2.762642516655532094e-15
2.617567692096640898e-15
2.480111191151420752e-15
2.349872952300883148e-15
2.226473922482345837e-15
2.109554953871052509e-15
1.998775758595117696e-15
1.893813918341601371e-15
1.794363945971234416e-15
1.700136396410563280e-15
1.610857024233941565e-15
1.526265985483432483e-15
1.446117081403628542e-15
1.370177041890218854e-15
1.298224846566921650e-15
1.230051081514722730e-15
1.165457329781231809e-15
1.104255593896281560e-15
1.046267748712961945e-15
9.913250229816889081e-16
9.392675081483831497e-16
8.899436929471836984e-16
8.432100224330907359e-16
7.989304801711875099e-16
7.569761923663721113e-16
7.172250527814494234e-16
6.795613673519371117e-16
6.438755174632107231e-16
6.100636409100245488e-16
5.780273296098116812e-16
5.476733431899866301e-16
5.189133376156658187e-16
4.916636080679582836e-16
4.658448453245249596e-16
4.413819049333306410e-16
4.182035885077977779e-16
3.962424365068086000e-16
3.754345318964777155e-16
3.557193141222403526e-16
3.370394028498363025e-16
3.193404309622005658e-16
3.025708863261876855e-16
2.866819618686216138e-16
2.716274135253062934e-16
2.573634256495686583e-16
2.438484834886166437e-16
2.310432523565448155e-16
2.189104631523450811e-16
2.074148038897123937e-16
1.965228169229568237e-16
1.862028015698911453e-16
1.764247218482960260e-16
1.671601190574218971e-16
1.583820289501084984e-16
1.500649032544408299e-16
1.421845353165572318e-16
1.347179896481703684e-16
1.276435351737650480e-16
1.209405819831990699e-16
1.145896214056052279e-16
1.085721692302097070e-16
1.028707119087903916e-16
9.746865558320978998e-17
9.235027778967517114e-17
8.750068169914581296e-17
8.290575276072660344e-17
7.855211762184332898e-17
7.442710520564588101e-17
7.051870983236174083e-17
6.681555627725212981e-17
6.330686666348973582e-17
5.998242909358771098e-17
5.683256792808898764e-17
5.384811562501622977e-17
5.102038605811488445e-17
4.834114923623717544e-17
4.580260735029244126e-17
4.339737207804009391e-17
4.111844308068259540e-17
3.895918762866487825e-17
3.691332129738572661e-17
3.497488967663919625e-17
3.313825104054525917e-17
3.139805992753947160e-17
2.974925158262503918e-17
2.818702721661016383e-17
2.670684003943003755e-17
2.530438202689883055e-17
2.397557138238304672e-17
2.271654065689889691e-17
2.152362549305989207e-17
2.039335396011581102e-17
1.932243644903912910e-17
1.830775609825367081e-17
1.734635972213609971e-17
1.643544921588971824e-17
1.557237341177585661e-17
1.475462036299775628e-17
1.397981003278304227e-17
1.324568736738377612e-17
1.255011573283455962e-17
1.189107069636743617e-17
1.126663413438286983e-17
1.067498864982931551e-17
1.011441228274405355e-17
9.583273498558592730e-18
9.080026439584620335e-18
8.603206425858248090e-18
8.151425692248763240e-18
7.723369349425453957e-18
7.317791556925564924e-18
6.933511897187036041e-18
6.569411939991326473e-18
6.224431987317911899e-18
5.897567989136914193e-18
5.587868621162224288e-18
5.294432516061415688e-18
5.016405640062887111e-18
4.752978807325431164e-18
4.503385324836217426e-18
4.266898760981888500e-18
4.042830831299322904e-18
3.830529395251772611e-18
3.629376558200451247e-18
3.438786873047651116e-18
3.258205636316840882e-18
3.087107273710839077e-18
2.924993810449500400e-18
2.771393421934325433e-18
2.625859060522430558e-18
2.487967154412617066e-18
2.357316374856935053e-18
2.233526468109911819e-18
2.116237148715458885e-18
2.005107050910914106e-18
1.899812735095912665e-18
1.800047746474632466e-18
1.705521723131750851e-18
1.615959550945871821e-18
1.531100562881226949e-18
1.450697780326898009e-18
1.374517194275650606e-18
1.302337084250372833e-18
1.233947372995620786e-18
1.169149015056436090e-18
1.107753417464664511e-18
1.049581890846822727e-18
9.944651293560387516e-19
9.422427179142900542e-19
8.927626653308667316e-19
8.458809619382793562e-19
8.014611604579668138e-19
7.593739788761197243e-19
7.194969241736529900e-19
6.817139358152730744e-19
6.459150479600778994e-19
6.119960694104379911e-19
5.798582803678151661e-19
5.494081451128148006e-19
5.205570397732922174e-19
4.932209943882287528e-19
4.673204485165673886e-19
4.427800196798308738e-19
4.195282839644932206e-19
3.974975681455944729e-19
3.766237527266106597e-19
3.568460853222613171e-19
3.381070038411980918e-19
3.203519689538858732e-19
3.035293053581101490e-19
2.875900513801394047e-19
2.724878164737706504e-19
2.581786462025381903e-19
2.446208943121393055e-19
2.317751015207008937e-19
2.196038806741675858e-19
2.080718079325147280e-19
1.971453196701078789e-19
1.867926147901547618e-19
1.769835621689035708e-19
1.676896129602501556e-19
1.588837175054860082e-19
1.505402466063706602e-19
1.426349169324071764e-19
1.351447203451943636e-19
1.280478569341888865e-19
1.213236715689549319e-19
1.149525937832500470e-19
1.089160808159906197e-19
1.031965636432977017e-19
9.777739584457828244e-20
9.264280515379683357e-20
8.777784755493883964e-20
8.316836378806807115e-20
7.880093813937794235e-20
7.466285939530406034e-20
7.074208384706153853e-20
6.702720023791915895e-20
6.350739655120753637e-20
6.017242854238551132e-20
5.701258992358457603e-20
5.401868411385840952e-20
5.118199747290715599e-20
4.849427394038689250e-20
4.594769100698262679e-20
4.353483694731431492e-20
4.124868924841583785e-20
3.908259417099591517e-20
3.703024738400446573e-20
3.508567561613418494e-20
3.324321927085821686e-20
3.149751595440790560e-20
2.984348486874331820e-20
2.827631202410017994e-20
2.679143622806897055e-20
2.538453581043063641e-20
2.405151604511348205e-20
2.278849723265992664e-20
2.159180340851961275e-20
2.045795164430620424e-20
1.938364191087562506e-20
1.836574747372740166e-20
1.740130579277141607e-20
1.648750989997590276e-20
1.562170022980275820e-20
1.480135687864996858e-20
1.402409227077614128e-20
1.328764420935868203e-20
1.258986929246227150e-20
1.192873667475596407e-20
1.130232215682022702e-20
1.070880258484394686e-20
1.014645054440959311e-20
9.613629332924081049e-21
9.108788196063381559e-21
8.630457814364977072e-21
8.177246026834196941e-21
7.747833779116405298e-21
7.340971284443162150e-21
6.955474386179321893e-21
6.590221111383442420e-21
6.244148405351340651e-21
5.916249037639221722e-21
5.605568670560336922e-21
5.311203081624528527e-21
5.032295531835542901e-21
4.768034272187155686e-21
4.517650181101173441e-21
4.280414525930280077e-21
4.055636842011744771e-21
3.842662923098169383e-21
3.640872917316915264e-21
3.449679523116793659e-21
3.268526279950732110e-21
3.096885948720308183e-21
2.934258977267857313e-21
2.780172046450311055e-21
2.634176692563350956e-21
2.495848002105995207e-21
2.364783375087385586e-21
2.240601353275933248e-21
2.122940509980705602e-21
2.011458398133949831e-21
1.905830553612799772e-21
1.805749550899829276e-21
1.710924108333625271e-21
1.621078240345399104e-21
1.535950454214362870e-21
1.455292989003829387e-21
1.378871094463120257e-21
1.306462347796642641e-21
1.237856006311368293e-21
1.172852394058920486e-21
1.111262320686869122e-21
1.052906530807933519e-21
9.976151822845703821e-22
9.452273519103244948e-22
8.955905670494757736e-22
8.485603618716509223e-22
8.039998568899212813e-22
7.617793605787023303e-22
7.217759919118301389e-22
6.838733227224051950e-22
6.479610388433602360e-22
6.139346190425806880e-22
5.816950308181690735e-22
5.511484421683671276e-22
5.222059484973857040e-22
4.947833138622042589e-22
4.688007258072977308e-22
4.441825630737734581e-22
4.208571755067808816e-22
3.987566755206606267e-22
3.778167405149272047e-22
3.579764256659491917e-22
3.391779865495554072e-22
3.213667110782429522e-22
3.044907602638798953e-22
2.885010173424685203e-22
2.733509448217965455e-22
2.589964490359864025e-22
2.453957518126785253e-22
2.325092688793664470e-22
2.202994946550042323e-22
2.087308930915344465e-22
1.977697942476869153e-22
1.873842962939874060e-22
1.775441726637852472e-22
1.682207840800779950e-22
1.593869952020575569e-22
1.510170956488205092e-22
1.430867251703528686e-22
1.355728027480169553e-22
1.284534594181975697e-22
1.217079746235754481e-22
1.153167159067908939e-22
1.092610817709863791e-22
1.035234475409047887e-22
9.808711406699916941e-23
9.293625912323909351e-23
8.805589135716755512e-23
8.343180665818805366e-23
7.905054681707703560e-23
7.489936035642121449e-23
7.096616541796253016e-23
6.723951459884297602e-23
6.370856163441069744e-23
6.036302983060676161e-23
5.719318215407117131e-23
5.418979289290436930e-23
5.134412080560929883e-23
4.864788368006861911e-23
4.609323422850233060e-23
4.367273724826054155e-23
4.137934798196932970e-23
3.920639161405196633e-23
3.714754384395324808e-23
3.519681247952067430e-23
3.334851999697372868e-23
3.159728701670515905e-23
2.993801664681485420e-23
2.836587964881626097e-23
2.687630038233474967e-23
2.546494348789305783e-23
2.412770126902636167e-23
2.286068173699835474e-23
2.166019728332865534e-23
2.052275394715868266e-23
1.944504124622121204e-23
1.842392254181827654e-23
1.745642590976150949e-23
1.653973549070941105e-23
1.567118329472358123e-23
1.484824143619289795e-23
1.406851477652671140e-23
1.332973395320116969e-23
1.262974877487322710e-23
1.196652196333641382e-23
1.133812322410578931e-23
1.074272362837537872e-23
1.017859028999548627e-23
9.644081321978274554e-24
9.137641057853416314e-24
8.657795523963957313e-24
8.203148149526798716e-24
7.772375701970382925e-24
7.364224435720321645e-24
6.977506443224598178e-24
6.611096197596853214e-24
6.263927276816805248e-24
5.934989259952460658e-24
5.623324786371233565e-24
5.328026769381314234e-24
5.048235756192654924e-24
4.783137426515085762e-24
4.531960222512320154e-24
4.293973103214369939e-24
4.068483416852949363e-24
3.854834884926611314e-24
3.652405692129247344e-24
3.460606676581995450e-24
3.278879615101644058e-24
3.106695598515057284e-24
2.943553492290598875e-24
2.788978478006532436e-24
2.642520671411591964e-24
2.503753813055120407e-24
2.372274027676525933e-24
2.247698648742807202e-24
2.129665104713230984e-24
2.017829863789814679e-24
1.911867434081969128e-24
1.811469416275780183e-24
1.716343606050382381e-24
1.626213143629211611e-24
1.540815707991044155e-24
1.459902753395308256e-24
1.383238785999960942e-24
1.310600678466264690e-24
1.241777020555777099e-24
1.176567503829569715e-24
1.114782338658645967e-24
1.056241701849055749e-24
1.000775213273822865e-24
9.482214399885407345e-25
8.984274263874397003e-25
8.512482490323345040e-25
8.065465948588729344e-25
7.641923615325259891e-25
7.240622787910220530e-25
6.860395496713345080e-25
6.500135105768841107e-25
6.158793091956581665e-25
5.835375993318820476e-25
5.528942517629463124e-25
5.238600802801886598e-25
4.963505821160704852e-25
4.702856920023215512e-25
4.455895491432793869e-25
4.221902764261203791e-25
4.000197712254903576e-25
3.790135071935892056e-25
3.591103464588702616e-25
3.402523616867869733e-25
3.223846674846358434e-25
3.054552606598857439e-25
2.894148688670065583e-25
2.742168072023190769e-25
2.598168423295064629e-25
2.461730637402929037e-25
2.332457617756199999e-25
2.209973120523219201e-25
2.093920659588850984e-25
1.983962469016347126e-25
1.879778519993368818e-25
1.781065589401187297e-25
1.687536377296305669e-25
1.598918670735630744e-25
1.514954551511932828e-25
1.435399645493421878e-25
1.360022411382812912e-25
1.288603466825929958e-25
1.220934949908265980e-25
1.156819914181456627e-25
1.096071755458674868e-25
1.038513668710761380e-25
9.839781334824803603e-26
9.323064263310318889e-26
8.833481588680199540e-26
8.369608400601814225e-26
7.930094615150503577e-26
7.513661045446001457e-26
7.119095678630921627e-26
6.745250148357348887e-26
6.391036392513406744e-26
6.055423486462906107e-26
5.737434642581665517e-26
5.436144367356972481e-26
