6.520329238415333017e-02
5.570032017370687982e-02
4.758234674983189555e-02
4.064751719847362749e-02
3.472339569729285952e-02
2.966267786697811965e-02
2.533952802054757411e-02
2.164645023566541190e-02
1.849161544860588452e-02
1.579657810756095182e-02
1.349432560945271718e-02
1.152761201913544455e-02
9.847534638606171217e-03
8.412318032353526334e-03
7.186275273409626317e-03
6.138920581295533377e-03
5.244211287438349522e-03
4.479900279389498717e-03
3.826982822249615224e-03
3.269224002412280707e-03
2.792755043427642622e-03
2.385728456305071573e-03
2.038023449503169847e-03
1.740994273571959405e-03
1.487255242990097922e-03
1.270497089725269738e-03
1.085330082114981934e-03
9.271500081896525813e-04
7.920236910884815695e-04
6.765911898876942601e-04
5.779822540466219519e-04
4.937449540959352404e-04
4.217847139568627318e-04
3.603122289187098365e-04
3.077989742455351264e-04
2.629391981252402919e-04
2.246174539087088858e-04
1.918808643220998528e-04
1.639154279967936780e-04
1.400257791744660522e-04
1.196178973086040102e-04
1.021843366334997176e-04
8.729160843121875236e-05
7.456940225427040379e-05
6.370137808768464689e-05
5.441730049589832386e-05
4.648631916855486843e-05
3.971122878474345566e-05
3.392356546613757828e-05
2.897941789143144861e-05
2.475584891465816280e-05
2.114783871026574750e-05
1.806567343568674295e-05
1.543271448001205378e-05
1.318349283072380712e-05
1.126208117456277020e-05
9.620703254516626789e-06
8.218545904332838031e-06
7.020744221574028907e-06
5.997514645355800680e-06
5.123414382584201817e-06
4.376708768188997189e-06
3.738830828647625842e-06
3.193919610746698311e-06
2.728425796040152304e-06
2.330774794534341449e-06
1.991078940362229966e-06
1.700891633138677214e-06
1.452997311676069075e-06
1.241232037717804024e-06
1.060330228470901613e-06
9.057937269137469329e-07
7.737799542879027165e-07
6.610063636649612065e-07
5.646688188086677946e-07
4.823718688075888967e-07
4.120691847441427579e-07
3.520126773467246882e-07
3.007090304259172025e-07
2.568825692906158491e-07
2.194435408603568434e-07
1.874610167529582574e-07
1.601397455777261850e-07
1.368003788622050829e-07
1.168625789264762568e-07
9.983058867916613473e-08
8.528090452546855237e-08
7.285174587175268821e-08
6.223405938403742161e-08
5.316383431955103309e-08
4.541553785067123416e-08
3.879650714935809873e-08
3.314215879022002945e-08
2.831189635313168418e-08
2.418561446718444165e-08
2.066071236837442332e-08
1.764954271258559342e-08
1.507723220813089543e-08
1.287981987747475591e-08
1.100266665566988447e-08
9.399096779878644401e-09
8.029237187877563705e-09
6.859026066973692014e-09
5.859365900717719531e-09
5.005399953763635482e-09
4.275894204536369219e-09
3.652709357349218598e-09
3.120349805453894003e-09
2.665578329906339184e-09
2.277086953663737514e-09
1.945215766639201159e-09
1.661712730246716756e-09
1.419528488931969263e-09
1.212641086639751806e-09
1.035906229760286523e-09
8.849293733150322349e-10
7.559564497811215463e-10
6.457805235065213499e-10
5.516620496605354863e-10
4.712607549437669559e-10
4.025774462586815626e-10
3.439043004026529077e-10
2.937823987274280013e-10
2.509654508565023145e-10
2.143888054438674665e-10
1.831429774209407430e-10
1.564510334817322643e-10
1.336492734921731226e-10
1.141707274632434168e-10
9.753105773709735543e-11
8.331651584141316057e-11
7.117365455693319804e-11
6.080053938683423855e-11
5.193924089949502082e-11
4.436942126536337223e-11
3.790285551598091955e-11
3.237875129524871524e-11
2.765975072768714991e-11
2.362851498939839678e-11
2.018480665645937826e-11
1.724299728279363997e-11
1.472993823298692270e-11
1.258314182790710070e-11
1.074922757697933420e-11
9.182594862392300855e-12
7.844289071283030558e-12
6.701032982067089734e-12
5.724399320154861998e-12
4.890103908499384761e-12
4.177401837032213412e-12
3.568571636629133655e-12
3.048474631495137764e-12
2.604178513184560484e-12
2.224635776354151698e-12
1.900409020494869664e-12
1.623436287218692428e-12
1.386830598168873147e-12
1.184708709026374340e-12
1.012044821549312632e-12
8.645456161679778130e-13
7.385434977978903173e-13
6.309054004081172573e-13
5.389548827536440417e-13
4.604055781676520316e-13
3.933043436305288800e-13
3.359826945066083720e-13
2.870153173644204183e-13
2.451846292939900970e-13
2.094505024820801230e-13
1.789244012412935355e-13
1.528472884055005905e-13
1.305707517299907683e-13
1.115408810008134193e-13
9.528449495462251566e-14
8.139737553885085188e-14
6.953421695489938259e-14
5.940003956544347198e-14
5.074285517107060615e-14
4.334740127698792755e-14
3.702978855118642434e-14
3.163292838211068861e-14
2.702262684121341799e-14
2.308424792604488959e-14
1.971986311480224870e-14
1.684581635548063277e-14
1.439064394263293998e-14
1.229329755908578441e-14
1.050162629821656702e-14
8.971079921992462117e-15
7.663601111043540630e-15
6.546679162361490093e-15
5.592541604642865768e-15
4.777463630641608449e-15
4.081178175439055642e-15
3.486371972117580279e-15
2.978255054169363886e-15
2.544193000237376809e-15
2.173392776886326459e-15
1.856634367825442949e-15
1.586041516494322011e-15
1.354885881483426471e-15
1.157419735077722944e-15
9.887330449415186242e-16
8.446313852542696185e-16
7.215316415349986939e-16
6.163729158364879513e-16
5.265404169504408358e-16
4.498004431393476555e-16
3.842448407287153633e-16
3.282435575122296963e-16
2.804041112014644256e-16
2.395369650956630394e-16
2.046259500311536195e-16
1.748029971467254594e-16
1.493265531904718876e-16
1.275631416607237065e-16
1.089716112953992700e-16
9.308968024555868933e-17
7.952244135153168650e-17
6.793254270319084735e-17
5.803179932216657062e-17
4.957402738893879332e-17
4.234892283652672195e-17
3.617683210088058310e-17
3.090428500170663211e-17
2.640017867798514363e-17
2.255251769102723873e-17
1.926562923713188997e-17
1.645778422558572484e-17
1.405916506967220750e-17
1.201012965943506515e-17
1.025972834955873585e-17
8.764437086992327914e-18
7.487075177302416352e-18
6.395880779813358324e-18
5.463721143551383398e-18
4.667417946361654642e-18
3.987170961631264036e-18
3.406065721984065332e-18
2.909652937913737678e-18
2.485589213521832541e-18
2.123330125690490400e-18
1.813868035046984454e-18
1.549508109340871059e-18
1.323676990013734876e-18
1.130759344420041375e-18
9.659582395399831443e-19
8.251758653506812165e-19
7.049116420203805647e-19
6.021751773419810655e-19
5.144119100764757927e-19
4.394395903141758629e-19
3.753940174261948291e-19
3.206826863702187113e-19
2.739451897574243132e-19
2.340193910705623149e-19
1.999125279240372271e-19
1.707765268431477305e-19
1.458869157599294560e-19
1.246248098808818547e-19
1.064615230018586576e-19
9.094542162759189179e-20
7.769069502111216391e-20
6.636776194825189053e-20
5.669507557916527876e-20
4.843212277420975780e-20
4.137344368014474096e-20
3.534352293279234150e-20
3.019242543497283326e-20
2.579206819251773303e-20
2.203303550687674819e-20
1.882185833349048944e-20
1.607869015667014212e-20
1.373532159118415503e-20
1.173348434324954004e-20
1.002340235860570059e-20
8.562554131697699723e-21
7.314615400558668092e-21
6.248555937302071540e-21
5.337867975753197026e-21
4.559907090929176936e-21
3.895329141214332705e-21
3.327609272692801782e-21
2.842631025592692085e-21
2.428335325896923769e-21
2.074420634232481552e-21
1.772086796184156463e-21
1.513816224823724365e-21
1.293186974517351718e-21
1.104713058057014843e-21
9.437080365715562082e-22
8.061684903554245453e-22
6.886744730955363491e-22
5.883044742722663843e-22
5.025627752587753958e-22
4.293173928147205957e-22
3.667470669277537811e-22
3.132959748457189178e-22
2.676350452554946225e-22
2.286289106784209273e-22
1.953076763474741581e-22
1.668428035940852393e-22
1.425265080805642707e-22
1.217541606113318914e-22
1.040092529158903710e-22
8.885055457492702044e-23
7.590114174414946658e-23
6.483902487302173061e-23
5.538914237490263697e-23
4.731652116970271007e-23
4.042043403469215795e-23
3.452940848489613948e-23
2.949696307796973572e-23
2.519796512597921608e-23
2.152551924792141118e-23
1.838830939625840206e-23
1.570832826646811402e-23
1.341893763095631643e-23
1.146321136717511461e-23
9.792519979032650481e-24
8.365321415458238142e-24
7.146128119601399650e-24
6.104624624152646008e-24
5.214913751628833574e-24
4.454872676254448938e-24
3.805602835797551207e-24
3.250960015316756830e-24
2.777152918263843221e-24
2.372400243338570078e-24
2.026637740247817759e-24
1.731267960256495468e-24
1.478946479030918221e-24
1.263399276166292766e-24
1.079266730506313926e-24
9.219703521695410614e-25
7.875989375498076269e-25
6.728113165134801570e-25
5.747532735847278951e-25
4.909865773485992428e-25
4.194283533749281632e-25
3.582992931594965995e-25
3.060794112882445483e-25
2.614702507181728811e-25
2.233625964022817687e-25
1.908088944517965227e-25
1.629996910330737585e-25
1.392435051479706829e-25
1.189496348306501995e-25
1.016134692336940174e-25
8.680394138584103453e-26
7.415280963183535833e-26
6.334550123540958827e-26
5.411329046988074214e-26
4.622661670314232050e-26
3.948937632999071797e-26
3.373404661963133445e-26
2.881752023192126393e-26
2.461754682682871304e-26
2.102969328706520034e-26
1.796474696926600459e-26
1.534649741507433232e-26
1.310984136396703091e-26
1.119916394861278449e-26
9.566955820886901999e-27
8.172631823122741032e-27
6.981521830642949753e-27
5.964008672682427147e-27
5.094791695946793788e-27
4.352257659178384168e-27
3.717943315905633677e-27
3.176076322397004610e-27
2.713183055410208642e-27
2.317753588052761102e-27
1.979955493316042765e-27
1.691389358955082469e-27
1.444879934545993608e-27
1.234297717554149917e-27
1.054406542117349898e-27
9.007333808110197495e-28
7.694571219920866361e-28
6.573135571496755781e-28
5.615142157553561033e-28
4.796770294265494916e-28
4.097671013546061365e-28
3.500461082184614015e-28
2.990290764530001627e-28
2.554474581060888756e-28
2.182175881585808116e-28
1.864137389927425400e-28
1.592451020034238617e-28
1.360361239954975959e-28
1.162097094284280176e-28
9.927287082868251008e-29
8.480447056481031748e-29
7.244474918216912940e-29
6.188637991739546957e-29
5.286682696146104759e-29
4.516181745811656126e-29
3.857976491774445115e-29
3.295700538377998400e-29
2.815372789809101587e-29
2.405049807558813922e-29
2.054528834609818706e-29
1.755094101991892222e-29
1.499300109570719889e-29
1.280786492306927563e-29
1.094119868600275913e-29
9.346587382489383828e-30
7.984380706866153087e-30
6.820707137624503092e-30
5.826631715749136252e-30
4.977436571598295126e-30
4.252006310493034681e-30
3.632302974514320549e-30
3.102917525335362541e-30
2.650686695627507475e-30
2.264365681977734929e-30
1.934348540767348135e-30
1.652429334603191065e-30
1.411598090163191086e-30
1.205866493910232845e-30
1.030118991565985709e-30
8.799855889054185826e-31
7.517331910403989820e-31
6.421727783232125779e-31
5.485801107818742405e-31
4.686279893882186536e-31
4.003283898226604857e-31
3.419830298809570266e-31
2.921411413723811435e-31
2.495633964997256091e-31
2.131910917438705637e-31
1.821198230045462995e-31
1.555769974247100413e-31
1.329026227259402613e-31
1.135328963780876568e-31
9.698618654484792742e-32
8.285105621886963355e-32
7.077603276429717486e-32
6.046086848452175232e-32
5.164907490755337580e-32
4.412154515261360323e-32
3.769110579692930382e-32
3.219786277387807076e-32
2.750522557738126200e-32
2.349651091364991743e-32
2.007204134945476421e-32
1.714666681427009165e-32
1.464764732798728350e-32
1.251284430782392569e-32
1.068917548094434919e-32
9.131294983905398009e-33
7.800465829355953772e-33
6.663596703665560386e-33
5.692419145276779388e-33
4.862784644167965698e-33
4.154064184675566695e-33
3.548635301195179040e-33
3.031443892307624812e-33
2.589629897756506522e-33
2.212207530665998886e-33
1.889792113913687854e-33
1.614366728394238082e-33
1.379082870839720930e-33
1.178090164516231757e-33
1.006390888522018171e-33
8.597157085307136151e-34
7.344175190019084801e-34
6.273807572258049422e-34
5.359439342788903856e-34
4.578334566084793740e-34
3.911070927075654358e-34
3.341056791683340966e-34
2.854118652764962270e-34
2.438148703230108906e-34
2.082803773173125193e-34
1.779248145036043695e-34
1.519933851853582300e-34
1.298412995655345938e-34
1.109177419287531573e-34
9.475217450641552947e-35
8.094263746787353371e-35
6.914575411471952909e-35
5.906819275552893857e-35
5.045937295897656510e-35
4.310523482496032423e-35
3.682291634550383749e-35
3.145620650703046247e-35
2.687166107455122341e-35
2.295528447602749365e-35
1.960969528133828761e-35
1.675170479496873138e-35
1.431024855367498756e-35
1.222461929543209059e-35
1.044295746211010876e-35
8.920961701947754722e-36
7.620787308228581861e-36
6.510105203632578964e-36
5.561298071736286143e-36
4.750773647319889094e-36
4.058378090319230218e-36
3.466894856856592401e-36
2.961616606685666383e-36
2.529979502449946367e-36
2.161250807537872580e-36
1.846262014597270825e-36
1.577180868900631796e-36
1.347316617879264270e-36
1.150953644320413935e-36
9.832093464857348253e-37
8.399127313139520262e-37
7.175007019051952924e-37
6.129294604560824244e-37
5.235988236630584258e-37
4.472875686825993776e-37
3.820982020134098505e-37
3.264097779687752135e-37
2.788375935615786330e-37
2.381987576078367952e-37
2.034827779181317511e-37
1.738264352220008173e-37
1.484923190607594795e-37
1.268504919397395678e-37
1.083628258157236089e-37
9.256962144338502164e-38
7.907817786833881086e-38
6.755302784511379253e-38
5.770759638190663266e-38
4.929707500028689937e-38
4.211233452699998509e-38
3.597472505830434873e-38
3.073163379700161783e-38
2.625269030694094155e-38
2.242652482795737860e-38
1.915799904614020480e-38
1.636584046202124744e-38
1.398062153480972061e-38
1.194303335372048945e-38
1.020241091091229281e-38
8.715473306676847339e-39
7.445247561843636484e-39
6.360149277799159926e-39
5.433197284560453602e-39
4.641342748981819566e-39
3.964896061245982273e-39
3.387037249066069180e-39
2.893397745956488480e-39
2.471703114164004557e-39
2.111467838497414501e-39
1.803734602048619211e-39
1.540851560847241227e-39
1.316282079341837930e-39
1.124442195745188290e-39
9.605617757893243269e-40
8.205659024527067319e-40
7.009735523930460744e-40
5.988110396566792406e-40
5.115380744260305519e-40
4.369845982424056713e-40
3.732968251001407079e-40
3.188911467139260135e-40
2.724147558052306212e-40
2.327120082985474886e-40
1.987956880172151455e-40
1.698224593702008626e-40
1.450718976562816278e-40
1.239285755703030070e-40
1.058667604891517713e-40
9.043734203262433558e-41
7.725666485056919948e-41
6.599698896148618976e-41
5.637834043712770449e-41
4.816154979887876664e-41
4.114230502433093576e-41
3.514607129097190494e-41
3.002375113546927800e-41
2.564797711760589724e-41
2.190994480526804172e-41
1.871670733207159933e-41
1.598886425629825382e-41
1.365858725419503417e-41
1.166793355612932001e-41
9.967405188881080983e-42
8.514718199363080143e-42
7.273751256288959973e-42
6.213647486574813343e-42
5.308047213469857877e-42
4.534432518307665468e-42
3.873567328283987742e-42
3.309019107941012519e-42
2.826750261126730336e-42
2.414769083564470100e-42
2.062831586903094650e-42
1.762186780047671518e-42
1.505359074143679878e-42
1.285962400674374139e-42
1.098541420683221118e-42
9.384358767595790605e-43
8.016647148742064598e-43
6.848270947328555662e-43
5.850178272519266983e-43
4.997551364933536962e-43
4.269189498458452425e-43
3.646981820264007922e-43
3.115457021089978033e-43
2.661398638273499855e-43
2.273516425954724061e-43
1.942165621020642007e-43
1.659107124282379731e-43
1.417302633746543871e-43
1.210739635931429630e-43
1.034281903604743286e-43
8.835417825412805961e-44
7.547710916873508205e-44
6.447679239439918679e-44
5.507970301534169947e-44
4.705218066216600866e-44
4.019461950345765566e-44
3.433650500978428208e-44
2.933217407831216432e-44
2.505719309275226709e-44
2.140526385842285331e-44
1.828558047793599967e-44
1.562057144572428574e-44
1.334397081817546497e-44
1.139917049866046590e-44
9.737812666717005808e-45
8.318587351879436100e-45
7.106205253605390366e-45
6.070520266275618952e-45
5.185779890690074693e-45
4.429984893400994116e-45
3.784342291695210588e-45
3.232798062595249465e-45
2.761637956601975642e-45
2.359146490338515814e-45
2.015315638884362207e-45
1.721595984380367860e-45
1.470684133169015078e-45
1.256341115557124502e-45
1.073237252677918887e-45
9.168196330380098840e-46
7.831989035291200375e-46
6.690525599420548619e-46
5.715423322836405159e-46
4.882436106671650732e-46
4.170851569381355068e-46
3.562976029535744258e-46
3.043694549151569272e-46
2.600095097957221728e-46
2.221147493366462530e-46
1.897429132943694363e-46
1.620890699647681008e-46
1.384656014071198882e-46
1.182851056965317741e-46
1.010457910662009266e-46
8.631899876210453791e-47
7.373854436362069948e-47
6.299161254002814010e-47
5.381097883931970203e-47
4.596836510266640324e-47
3.926876328568161842e-47
3.354558654724548837e-47
2.865652703682299336e-47
2.448001738337759371e-47
2.091220790015549040e-47
1.786438434297333387e-47
1.526076201409119953e-47
1.303660136165468722e-47
1.113659821873712949e-47
9.513508654976266673e-48
8.126974247488982656e-48
6.942518561204155383e-48
5.930689885913723771e-48
5.066328914038755556e-48
4.327943149782576695e-48
3.697172494238625105e-48
3.158332718127628648e-48
2.698025470529149934e-48
2.304805126402068158e-48
1.968894188996449124e-48
1.681940170584179157e-48
1.436807906303307867e-48
1.227402136961074376e-48
1.048515949284168918e-48
8.957013050549606159e-49
7.651584398166713712e-49
6.536413810257315283e-49
5.583772363428312632e-49
4.769972451508301887e-49
4.074778788829152682e-49
3.480905256096756406e-49
2.973585077830357009e-49
2.540203643752834114e-49
2.169984844167753956e-49
1.853723119994020888e-49
1.583554564833043611e-49
1.352761387478222010e-49
1.155604872791320410e-49
9.871826874867411221e-50
8.433069827056065670e-50
7.204002623775611081e-50
6.154064281178113364e-50
5.257147887742274053e-50
4.490951451079449333e-50
3.836423354758277407e-50
3.277288636330524129e-50
2.799644307372830092e-50
2.391613653102297949e-50
2.043050915661768791e-50
1.745289017969932248e-50
1.490924055243061164e-50
1.273631195529976278e-50
1.088007411593251264e-50
9.294371336352725649e-51
7.939774822996341722e-51
6.782602282450295850e-51
5.794080404982934565e-51
4.949629410863694897e-51
4.228251869583676614e-51
3.612010594853388085e-51
3.085582633140944873e-51
2.635878255591734173e-51
2.251715479493999922e-51
1.923542026205860892e-51
1.643197801976121432e-51
1.403711995700471061e-51
1.199129748411178018e-51
1.024364084604903050e-51
8.750694236539211964e-52
7.475335261381737845e-52
6.385851883239523939e-52
5.455153895951976615e-52
4.660099321536960650e-52
3.980918980618327467e-52
3.400724928116061822e-52
2.905090531361061085e-52
2.481691749199793714e-52
2.120000692426228958e-52
1.811023845865178014e-52
1.547078442950286398e-52
1.321601432309171127e-52
1.128986286274417864e-52
9.644435935338208588e-53
8.238819695302792673e-53
7.038063234262948277e-53
6.012309520224711575e-53
5.136052996939326476e-53
4.387505383519162141e-53
3.748053904794440313e-53
3.201798481208290709e-53
2.735156370391090641e-53
2.336524429753577559e-53
1.995990602195292285e-53
1.705087450967545658e-53
1.456581615288859664e-53
1.244293951488289810e-53
1.062945887452589246e-53
9.080281699520949927e-54
7.756887412232699534e-54
6.626369568383470721e-54
5.660617632215891448e-54
4.835618002810907058e-54
4.130856911448974035e-54
3.528810342948223199e-54
3.014508297778440973e-54
2.575162560247689481e-54
2.199848717148508092e-54
1.879234520198421566e-54
1.605347837956319488e-54
1.371378427296513959e-54
1.171508595450845583e-54
1.000768541999582874e-54
8.549127838627057117e-55
7.303145905761154340e-55
6.238758049663388601e-55
5.329498068980884685e-55
4.552757045739880506e-55
3.889221170408902707e-55
3.322391500444897340e-55
2.838173711028101603e-55
2.424527637062748879e-55
2.071167892240008753e-55
1.769308121000766575e-55
1.511442524175873563e-55
1.291159225898437564e-55
1.102980841121712319e-55
9.422282794246591749e-56
8.049043985611596258e-56
6.875946147771145894e-56
5.873819985524213639e-56
5.017747446077293772e-56
4.286442127042507522e-56
3.661719986096313395e-56
3.128047191396042348e-56
2.672153869971887336e-56
2.282704149875367629e-56
1.950014291622003246e-56
1.665811900213909697e-56
1.423030230504678229e-56
1.215632471271313799e-56
1.038461638784113198e-56
8.871123474501896391e-57
7.578212690841531712e-57
6.473735570550858769e-57
5.530229085291295105e-57
4.724232771404256776e-57
4.035705381133294949e-57
3.447526553283491975e-57
2.945071112266653882e-57
2.515845410399206378e-57
2.149176671036382104e-57
1.835947608002712029e-57
1.568369722580996453e-57
1.339789641047967205e-57
1.144523677303191990e-57
9.777165069607820296e-58
8.352204388082166509e-58
7.134922816957120566e-58
6.095052424312519872e-58
5.206736640069564075e-58
4.447887327581100112e-58
3.799635558020616675e-58
3.245862430968109274e-58
2.772798274963596268e-58
2.368680262073883381e-58
2.023459922994904091e-58
1.728553290000331818e-58
1.476627454992302932e-58
1.261418235382658557e-58
1.077574414031326971e-58
9.205246802403152925e-59
7.863639632658579957e-59
6.717563320102799078e-59
5.738520464770524259e-59
4.902166984573394138e-59
4.187706795187505666e-59
3.577374711560389662e-59
3.055994713292511648e-59
2.610602590075956135e-59
2.230123584202274686e-59
1.905097014659223310e-59
1.627441035543164020e-59
1.390251679462972770e-59
1.187631189110629344e-59
1.014541368432803218e-59
8.666783069517348179e-60
7.403653622336218031e-60
6.324617394927457940e-60
5.402843951469952986e-60
4.615413224418628714e-60
3.942745602775017817e-60
3.368115081431372320e-60
2.877233365952082100e-60
2.457894591484688931e-60
2.099671821667001652e-60
1.793657780921872474e-60
1.532243373398903410e-60
1.308928481395218707e-60
1.118160338724208858e-60
9.551954601546262760e-61
8.159816937712675077e-61
6.970574634661937810e-61
5.954656962073222331e-61
5.086802938691548088e-61
4.345433213346882120e-61
3.712113490387318511e-61
3.171096157499528699e-61
2.708928718410315431e-61
2.314119294072221923e-61
1.976850874961390769e-61
1.688737219315341897e-61
1.442614327677443804e-61
1.232362308722010927e-61
1.052753207022198677e-61
8.993210089692519468e-62
7.682505945160194992e-62
6.562828735099789532e-62
5.606337478122469312e-62
4.789248841814182020e-62
4.091245765765053434e-62
3.494972274096638647e-62
2.985601915904563759e-62
2.550469102807616468e-62
2.178754176745512364e-62
1.861214377174890680e-62
1.589954018115573176e-62
1.358228160454534899e-62
1.160274897784915173e-62
9.911720855347847784e-63
8.467149509300701599e-63
7.233115405401229059e-63
6.178934056896322190e-63
5.278393049136824828e-63
4.509100263026588702e-63
3.851927090831539387e-63
3.290532799801359055e-63
2.810958216820983798e-63
2.401278630983597225e-63
2.051307283442808730e-63
1.752342071766172775e-63
1.496949170544534399e-63
1.278778187945627977e-63
1.092404262043583687e-63
9.331931706218314083e-64
7.971861003783616598e-64
6.810012102992281812e-64
5.817495415548704356e-64
4.969631830031357757e-64
4.245339061213868889e-64
3.626607435133482618e-64
3.098052075210502989e-64
2.646530354439249051e-64
2.260815101532025395e-64
1.931315435223205372e-64
1.649838285228942071e-64
1.409384670035876801e-64
1.203975665928033903e-64
1.028503739940632772e-64
8.786057501058068722e-65
7.505544551190138407e-65
6.411658357928570154e-65
5.477199238298505142e-65
4.678931693065232964e-65
3.997006651737312292e-65
3.414467921750453466e-65
2.916830569595145119e-65
2.491720750260655195e-65
2.128568029284302101e-65
1.818342546939670325e-65
1.553330489100112330e-65
1.326942281820775005e-65
1.133548740361004367e-65
9.683410984619855606e-66
8.272114374825776873e-66
7.066505422405511080e-66
6.036606437267693911e-66
5.156808790228873143e-66
4.405236149703172714e-66
3.763200522660902856e-66
3.214737574218152343e-66
2.746209671490719761e-66
2.345966781323711373e-66
2.004056790058205272e-66
1.711978042379661624e-66
1.462467946083033866e-66
1.249322386370892747e-66
1.067241459389086968e-66
9.116976891350112625e-67
7.788234509272994824e-67
6.653148022013904961e-67
5.683493293649963907e-67
4.855159679610916154e-67
4.147550511030953224e-67
3.543070954760475057e-67
3.026690514577224147e-67
2.585569295111897929e-67
2.208738735469763963e-67
1.886828873930180229e-67
1.611835362112012067e-67
1.376920435366849653e-67
1.176242890493883600e-67
1.004812843139154920e-67
8.583676533963888413e-68
7.332659344753077159e-68
6.263970089441781339e-68
5.351035611588702427e-68
4.571155626166370552e-68
3.904938272767216737e-68
3.335817933398621445e-68
2.849643325321653351e-68
2.434325626781704567e-68
2.079537886214963618e-68
1.776458240683556141e-68
1.517550558617813664e-68
1.296377052508229906e-68
1.107438202125248322e-68
9.460360079296076827e-69
8.081571744426268560e-69
6.903733189104002352e-69
5.897557239308989709e-69
5.038025143529473506e-69
4.303764476868364989e-69
3.676517711735224549e-69
3.140688241039315186e-69
2.682952565662147644e-69
2.291929003182839866e-69
1.957894680234226324e-69
1.672543771454496914e-69
1.428780973599996833e-69
1.220545079514432248e-69
1.042658265089691990e-69
8.906973417092545725e-70
7.608837728435501004e-70
6.499897200384820773e-70
5.552577821140974196e-70
4.743324318729428550e-70
4.052014454797162388e-70
3.461458681426118907e-70
2.956972719836876631e-70
