1.570924665531509695e-02
1.480889299835171438e-02
1.396014186093582840e-02
1.316003571631886061e-02
1.240578654429077415e-02
1.169476611614820791e-02
1.102449683646617232e-02
1.039264310976087576e-02
9.797003201960294283e-03
9.235501568323235821e-03
8.706181621073092597e-03
8.207198911544599101e-03
7.736814703086396239e-03
7.293389912323750349e-03
6.875379397669392247e-03
6.481326575180420581e-03
6.109858342999901180e-03
5.759680296697027718e-03
5.429572218833438046e-03
5.118383827038757578e-03
4.825030765779299465e-03
4.548490827852972457e-03
4.287800392443948463e-03
4.042051067325309020e-03
3.810386523509151201e-03
3.591999511314348734e-03
3.386129047454241800e-03
3.192057763342483288e-03
3.009109405377056838e-03
2.836646478492049761e-03
2.674068024765977394e-03
2.520807529346083802e-03
2.376330946391695762e-03
2.240134838157879435e-03
2.111744620734937877e-03
1.990712910330916068e-03
1.876617964334620099e-03
1.769062211726955694e-03
1.667670867719686905e-03
1.572090627794260533e-03
1.481988436589979285e-03
1.397050327351635974e-03
1.316980327892600154e-03
1.241499429261108721e-03
1.170344613516014279e-03
1.103267937224218596e-03
1.040035667486179745e-03
9.804274674789115619e-04
9.242356286784605577e-04
8.712643470864848364e-04
8.213290409388971118e-04
7.742557075190944788e-04
7.298803168345433271e-04
6.880482400439462236e-04
6.486137106433151681e-04
6.114393165334162028e-04
5.763955211986608899e-04
5.433602123289675611e-04
5.122182763117326572e-04
4.828611971112026419e-04
4.551866781375192312e-04
4.290982857878156576e-04
4.045051134172576181e-04
3.813214645691192888e-04
3.594665543600878538e-04
3.388642279802530299e-04
3.194426953268799719e-04
3.011342808472788576e-04
2.838751877190827931e-04
2.676052755462054512e-04
2.522678507958468893e-04
2.378094692463098448e-04
2.241797497572474126e-04
2.113311987134085343e-04
1.992190445301462445e-04
1.878010816440150348e-04
1.770375234448281511e-04
1.668908636367104825e-04
1.573257455450513564e-04
1.483088389139462760e-04
1.398087237648225703e-04
1.317957809115475113e-04
1.242420887505101901e-04
1.171213259660361242e-04
1.104086798121072324e-04
1.040807596507864816e-04
9.811551544606791312e-05
9.249216092913912287e-05
8.719110116731919075e-05
8.219386428428254699e-05
7.748303709364400991e-05
7.304220442161465530e-05
6.885589190729574452e-05
6.490951208129473792e-05
6.118931353476999169e-05
5.768233300178120043e-05
5.437635018797377516e-05
5.125984518819400027e-05
4.832195834465448169e-05
4.555245240577344751e-05
4.294167685382732061e-05
4.048053427711424814e-05
3.816044866945081550e-05
3.597333554653869088e-05
3.391157377507024966e-05
3.196797901641020500e-05
3.013577869231542041e-05
2.840858838545972872e-05
2.678038959253019753e-05
2.524550875237352833e-05
2.379859747611508302e-05
2.243461391036146300e-05
2.114880516854499452e-05
1.993669076919134212e-05
1.879404702339997825e-05
1.771689231713438148e-05
1.670147323703728671e-05
1.574425149142576500e-05
1.484189158089115796e-05
1.399124917554142701e-05
1.318936015838588109e-05
1.243343029668293814e-05
1.172082550526028407e-05
1.104906266787938877e-05
1.041580098466067940e-05
9.818833815419043576e-06
9.256080990487290493e-06
8.725581562234012095e-06
8.225486972018150248e-06
7.754054608770131348e-06
7.309641736753905126e-06
6.890699771350881769e-06
6.495768882919421348e-06
6.123472909926560649e-06
5.772514563626533960e-06
5.441670907576541820e-06
5.129789096237732331e-06
4.835782357812389923e-06
4.558626207319183776e-06
4.297354876710833367e-06
4.051057949594538233e-06
3.818877188828777506e-06
3.600003545941980991e-06
3.393674341952223214e-06
3.199170609764295839e-06
3.015814588883656505e-06
2.842967363717309867e-06
2.680026637232224380e-06
2.526424632213421870e-06
2.381626112808543403e-06
2.245126519464825913e-06
2.116450210759614062e-06
1.995148805997876890e-06
1.880799622801460204e-06
1.773004204245745445e-06
1.671386930411422981e-06
1.575593709513234147e-06
1.485290744044881821e-06
1.400163367640602492e-06
1.319914948600415143e-06
1.244265856258297946e-06
1.172952486591537790e-06
1.105726343675914515e-06
1.042353173786031364e-06
9.826121491234567948e-07
9.262950983283681330e-07
8.732057810933478652e-07
8.231592043516846302e-07
7.759809776573858583e-07
7.315067055107029270e-07
6.895814145116618510e-07
6.500590133454993446e-07
6.128017837182845653e-07
5.776799004688575416e-07
5.445709791848822153e-07
5.133596497466656671e-07
4.839371543127124182e-07
4.562009683461826696e-07
4.300544433616919488e-07
4.054064701475827144e-07
3.821711612901401410e-07
3.602675518934984148e-07
3.396193174523636931e-07
3.201545078944726244e-07
3.018052968660384178e-07
2.845077453865527735e-07
2.682015790493833872e-07
2.528299779918135269e-07
2.383393789026533085e-07
2.246792883775114761e-07
2.118021069713502726e-07
1.996629633352244102e-07
1.882195578592404208e-07
1.774320152769064773e-07
1.672627457172553849e-07
1.576763137205743287e-07
1.486393147613153431e-07
1.401202588479244722e-07
1.320894607939833666e-07
1.245189367783109516e-07
1.173823068335762507e-07
1.106547029236426816e-07
1.043126822893310761e-07
9.833414576065039202e-08
9.269826075084841620e-08
8.738538866395343541e-08
8.237701646284999920e-08
7.765569215943625571e-08
7.320496400207325987e-08
6.900932314842116269e-08
6.505414962390164463e-08
6.132566137747729860e-08
5.781086625722698953e-08
5.449751673837499889e-08
5.137406724602026838e-08
4.842963392385417990e-08
4.565395670867803533e-08
4.303736357856769104e-08
4.057073685010417789e-08
3.824548140723215981e-08
3.605349475103715216e-08
3.398713876607827908e-08
3.203921310489405710e-08
3.020293009793900514e-08
2.847189110152167663e-08
2.684006420132815237e-08
2.530176319383702580e-08
2.385162777238544999e-08
2.248460484884309835e-08
2.119593094580885484e-08
1.998111559797385667e-08
1.883592570481261144e-08
1.775637078007784072e-08
1.673868904670004187e-08
1.577933432863847932e-08
1.487496369400777711e-08
1.402242580642128547e-08
1.321874994396116097e-08
1.246113564751091356e-08
1.174694296237938661e-08
1.107368323921244932e-08
1.043901046213782255e-08
9.840713073925078148e-09
9.276706269675295670e-09
8.745024732187220055e-09
8.243815783685811336e-09
7.771332930049877655e-09
7.325929775043521366e-09
6.906054283344770351e-09
6.510243372380853658e-09
6.137117814124910623e-09
5.785377429089145167e-09
5.453796555767542528e-09
5.141219779741287277e-09
4.846557907564469109e-09
4.568784171400992268e-09
4.306930651187433832e-09
4.060084901854688048e-09
3.827386773855667339e-09
3.608025415920128360e-09
3.401236449592361918e-09
3.206299305706373042e-09
3.022534713517277427e-09
2.849302333739648717e-09
2.685998527244967329e-09
2.532054251643116810e-09
2.386933078418349829e-09
2.250129323710373060e-09
2.121166286227112431e-09
1.999594586149069441e-09
1.884990599237044489e-09
1.776954980686841363e-09
1.675111273587153812e-09
1.579104597131758747e-09
1.488600410015045976e-09
1.403283344701744364e-09
1.322856108508943833e-09
1.247038447670991497e-09
1.175566170777649455e-09
1.108190228182467128e-09
1.044675844173631218e-09
9.848016988832344928e-10
9.283591570842423851e-10
8.751515411879437083e-10
8.249934459084931945e-10
7.777100922065354929e-10
7.331367182606527729e-10
6.911180053444099788e-10
6.515075366084996820e-10
6.141672868819973621e-10
5.789671417149864251e-10
5.457844439865538248e-10
5.145035664983405798e-10
4.850155090642980493e-10
4.572175186926678884e-10
4.310127315367303054e-10
4.063098353666224794e-10
3.830227513861333682e-10
3.610703342857249072e-10
3.403760894865854048e-10
3.208679065904663034e-10
3.024778081064517342e-10
2.851417125791233800e-10
2.687992112926885881e-10
2.533933577730120529e-10
2.388704693540460240e-10
2.251799401171958368e-10
2.122740645518190894e-10
2.001078713223657650e-10
1.886389665629323811e-10
1.778273861531703246e-10
1.676354564607887566e-10
1.580276630654175764e-10
1.489705270063697601e-10
1.404324881231007231e-10
1.323837950818391166e-10
1.247964017051935813e-10
1.176438692434842559e-10
1.109012742472525940e-10
1.045451217199366701e-10
9.855326324807434930e-11
9.290481982376414354e-11
8.758010909044920260e-11
8.256057675850499566e-11
7.782873195165210347e-11
7.336808625889466636e-11
6.916309627961714919e-11
6.519910946162462091e-11
6.146231304340362499e-11
5.793968592268602801e-11
5.461895328359719052e-11
5.148854382428940341e-11
4.853754943601092847e-11
4.575568719311534717e-11
4.313326352156044078e-11
4.066114042103837355e-11
3.833070362303978219e-11
3.613383257389192250e-11
3.406287213817949400e-11
3.211060592394262357e-11
3.027023113670538700e-11
2.853533487471068887e-11
2.689987178275976515e-11
2.535814298679240165e-11
2.390477623580097193e-11
2.253470718188402586e-11
2.124316173320758766e-11
2.002563941838115272e-11
1.887789770428255157e-11
1.779593721268371912e-11
1.677598778416615378e-11
1.581449534076268695e-11
1.490810950154938773e-11
1.405367190803252568e-11
1.324820521864930774e-11
1.248890273403422208e-11
1.177311861689815671e-11
1.109835867244201264e-11
1.046227165717808731e-11
9.862641085873900534e-12
9.297377508070238490e-12
8.764511227259235111e-12
8.262185437353239407e-12
7.788649752526908125e-12
7.342254107887758128e-12
6.921443009721295307e-12
6.524750115275084029e-12
6.150793123195364204e-12
5.798268956810826935e-12
5.465949223480028267e-12
5.152675934179984080e-12
4.857357468420413527e-12
4.578964770423598663e-12
4.316527763314627002e-12
4.069131968827609752e-12
3.835915320748506327e-12
3.616065160991203573e-12
3.408815407839312015e-12
3.213443886486126490e-12
3.029269812571166985e-12
2.855651419944149179e-12
2.691983724390488387e-12
2.537696415525758756e-12
2.392251869513203461e-12
2.255143275679716982e-12
2.125892870502095141e-12
2.004050272810034770e-12
1.889190914404554757e-12
1.780914560623407838e-12
1.678843915698237879e-12
1.582623308043684275e-12
1.491917450897411105e-12
1.406410273992243617e-12
1.325803822189451165e-12
1.249817217235330345e-12
1.178185679023220483e-12
1.110659602950596670e-12
1.047003690156095920e-12
9.869961276058393760e-13
9.304278151719693302e-13
8.771016370100695715e-13
8.268317746966291239e-13
7.794430597330262337e-13
7.347703631598967790e-13
6.926580201548629398e-13
6.529592876086739521e-13
6.155358327896135807e-13
5.802572513143753735e-13
5.470006127458006185e-13
5.156500322340198393e-13
4.860962667084068591e-13
4.582363342132307338e-13
4.319731550605372311e-13
4.072152135498814922e-13
3.838762390760977163e-13
3.618749055139586026e-13
3.411345478321644736e-13
3.215828949492217874e-13
3.031518179003148802e-13
2.857770924376328818e-13
2.693981752369456439e-13
2.539579929305730075e-13
2.394027432316469847e-13
2.256817074566599211e-13
2.127470737930143453e-13
2.005537706957594695e-13
1.890593098329507286e-13
1.782236380323890240e-13
1.680089977138169138e-13
1.583797953202563941e-13
1.493024772900213489e-13
1.407454131372164275e-13
1.326787852333228480e-13
1.250744849057917924e-13
1.179060144916078144e-13
1.111483950045157083e-13
1.047780790941680505e-13
9.877286899390445224e-14
9.311183917123366697e-14
8.777526341150173728e-14
8.274454608065321294e-14
7.800215732757526586e-14
7.353157200022908310e-14
6.931721206271579107e-14
6.534439231263217203e-14
6.159926920955700858e-14
5.806879263636413552e-14
5.474066042526869457e-14
5.160327549014786197e-14
4.864570541576605712e-14
4.585764436308463647e-14
4.322937715791863241e-14
4.075174543779973246e-14
3.841611573908652818e-14
3.621434941311750470e-14
3.413877426657671127e-14
3.218215782725437229e-14
3.033768214204149390e-14
2.859892001934358064e-14
2.695981263312741705e-14
2.541464841055968419e-14
2.395804312967287213e-14
2.258492115770422620e-14
2.129049776473469775e-14
2.007026245099586591e-14
1.891996322974991067e-14
1.783559181097445428e-14
1.681336963422326524e-14
1.584973470199512747e-14
1.494132916772896994e-14
1.408498763517639932e-14
1.327772612837943871e-14
1.251673169381816552e-14
1.179935259849755036e-14
1.112308908981658987e-14
1.048558468502342781e-14
9.884617959902611618e-15
9.318094808082762552e-15
8.784041143991235082e-15
8.280596024028481133e-15
7.806005161993235450e-15
7.358614816161625092e-15
6.936866026720177641e-15
6.539289183472302970e-15
6.164498904888922945e-15
5.811189210659537229e-15
5.478128970921473081e-15
5.164157616310569646e-15
4.868181093884063118e-15
4.589168054824313515e-15
4.326146260639007490e-15
4.078199195334824942e-15
3.844462871759918340e-15
3.624122820986205992e-15
3.416411254241184838e-15
3.220604387499672140e-15
3.036019919412741169e-15
2.862014653785823640e-15
2.697982258321010635e-15
2.543351151814085434e-15
2.397582512443781179e-15
2.260168400213267851e-15
2.130629987001292859e-15
2.008515888055403927e-15
1.893400589113436949e-15
1.784882963672239598e-15
1.682584875237154198e-15
1.586149859681621629e-15
1.495241883125459681e-15
1.409544171003707628e-15
1.328758104245677463e-15
1.252602178718050427e-15
1.180811024305977496e-15
1.113134480214227985e-15
1.049336723266169722e-15
9.891954461630413107e-16
9.325010828402105328e-16
8.790560782210100381e-16
8.286741998236511767e-16
7.811798888224311624e-16
7.364076483019362734e-16
6.942014665726484015e-16
6.544142735383742942e-16
6.169074282212601303e-16
5.815502356585635764e-16
5.482194914878387574e-16
5.167990526335880814e-16
4.871794325993933815e-16
4.592574199553439283e-16
4.329357186913022130e-16
4.081226091828386968e-16
3.847316285884337377e-16
3.626812695642544136e-16
3.418946962466976433e-16
3.222994765129774588e-16
3.038273295868449342e-16
2.864138881099187483e-16
2.699984738495776438e-16
2.545238862618434968e-16
2.399362031724793716e-16
2.261845928817876458e-16
2.132211370383475384e-16
2.010006636645068947e-16
1.894805897517855243e-16
1.786207728776979884e-16
1.683833713269582339e-16
1.587327122296455077e-16
1.496351672568367905e-16
1.410590354405835928e-16
1.329744327098929211e-16
1.253531877578005560e-16
1.181687438766826646e-16
1.113960664197314987e-16
1.050115555661569747e-16
9.899296408612498245e-17
9.331931981888446824e-17
8.797085259395625209e-17
8.292892534072575854e-17
7.817596914640046642e-17
7.369542203602696481e-17
6.947167126124662243e-17
6.548999889669331291e-17
6.173653055445334204e-17
5.819818703788977576e-17
5.486263876635765825e-17
5.171826281200613360e-17
4.875410239895239500e-17
4.595982872370833112e-17
4.332570496381434899e-17
4.084255234926856691e-17
3.850171817852622350e-17
3.629504566761494183e-17
3.421484552730886623e-17
3.225386916931615462e-17
3.040528344811675141e-17
2.866264685043769209e-17
2.701988704939341392e-17
2.547127974508151049e-17
2.401142871789927087e-17
2.263524702507674620e-17
2.133793927490519005e-17
2.011498491689192057e-17
1.896212248961830776e-17
1.787533477140913061e-17
1.685083478207074346e-17
1.588505258692076018e-17
1.497462285712525992e-17
1.411637314299920670e-17
1.330731281940565222e-17
1.254462266473464511e-17
1.182564503714753019e-17
1.114787461385711869e-17
1.050894966117268701e-17
9.906643804890235185e-18
9.338858272351760165e-18
8.803614579139422481e-18
8.299047634922379092e-18
7.823399244432096747e-18
7.375011980920232630e-18
6.952323410751051738e-18
6.553860649002778233e-18
6.178235227107614868e-18
5.824138254645594832e-18
5.490335858433501895e-18
5.175664883016283701e-18
4.879028837578427334e-18
4.599394075152875817e-18
4.335786190813087319e-18
4.087286626297722785e-18
3.853029469236694669e-18
3.632198435824846270e-18
3.424024026429789186e-18
3.227780844221953695e-18
3.042785067483783778e-18
2.868392066789786901e-18
2.703994158754835049e-18
2.549018488523139153e-18
2.402925033619444742e-18
2.265204722206797971e-18
2.135377659193593632e-18
2.012991454008998527e-18
1.897619644219521353e-18
1.788860209493815528e-18
1.686334170737586301e-18
1.589684269517010719e-18
1.498573723169295990e-18
1.412685051262284743e-18
1.331718969313900870e-18
1.255393345916577013e-18
1.183442219632553105e-18
1.115614872234548255e-18
1.051674955062311304e-18
9.913996654508344885e-19
9.345789703604747835e-19
8.810148745035671271e-19
8.305207304174139666e-19
7.829205880794433458e-19
7.380485817983062877e-19
6.957483522444023478e-19
6.558725016059800688e-19
6.182820799721803313e-19
5.828461011533243699e-19
5.494410862513092904e-19
5.179506333895921463e-19
4.882650121035436918e-19
4.602807809777344247e-19
4.339004271978101841e-19
4.090320267609671926e-19
3.855889241609599992e-19
3.634894304315501754e-19
3.426565384961596058e-19
3.230176548318639072e-19
3.045043465127029747e-19
2.870521027508297282e-19
2.706001101046204540e-19
2.550910405704075720e-19
2.404708518194420028e-19
2.266885988840044138e-19
2.136962566364493461e-19
2.014485524426323880e-19
1.899028084065660680e-19
1.790187926566042661e-19
1.687585791549590411e-19
1.590864155420273189e-19
1.499685985550494598e-19
1.413733565869669548e-19
1.332707389762621796e-19
1.256325116419877686e-19
1.184320587003386167e-19
1.116442897199291209e-19
1.052455522926052783e-19
9.921354961514301096e-20
9.352726279462978575e-20
8.816687760681257266e-20
8.311371545218585731e-20
7.835016826923564552e-20
7.385963717804335773e-20
6.962647464044077922e-20
6.563592993518100314e-20
6.187409775812135114e-20
5.832786976831568251e-20
5.498488891117716786e-20
5.183350635954140442e-20
4.886274092259687252e-20
4.606224078123405464e-20
4.342224741648005748e-20
4.093356160532641036e-20
3.858751136545566499e-20
3.637592173717464447e-20
3.429108629725232808e-20
3.232574030540419165e-20
3.047303538984599164e-20
2.872651568371235656e-20
2.708009532918218694e-20
2.552803727092392629e-20
2.406493326496596086e-20
2.268568503332905333e-20
2.138548649875667432e-20
2.015980703763614267e-20
1.900437569275543272e-20
1.791516629088454732e-20
1.688838341332070409e-20
1.592044917051358879e-20
1.500799073468392445e-20
1.414782858699273541e-20
1.333696543830827317e-20
1.257257578496280144e-20
1.185199606310769295e-20
1.117271536735746704e-20
1.053236670138189664e-20
9.928718729958654739e-21
9.359668003744847413e-21
8.823231629675731772e-21
8.317540361448908956e-21
7.840832086018202196e-21
7.391445683399487053e-21
6.967815238393829660e-21
6.568464584057370750e-21
6.192002157904673999e-21
5.837116152921854373e-21
5.502569946492219724e-21
5.187197791307126448e-21
4.889900753246075954e-21
4.609642882071591588e-21
4.345447601595550358e-21
4.096394306737806923e-21
3.861615155619990511e-21
3.640292045515838682e-21
3.431653762120735722e-21
3.234973292207043168e-21
3.049565290300602492e-21
2.874783690551406232e-21
2.710019455476464151e-21
2.554698453730347541e-21
2.408279459508462072e-21
2.270252266611560465e-21
2.140135910600210729e-21
2.017476992843910337e-21
1.901848100625079927e-21
1.792846317792466798e-21
1.690091820774521344e-21
1.593226555060245092e-21
1.501912987535703314e-21
1.415832930328694484e-21
1.334686432063019546e-21
1.258190732659080335e-21
1.186079278038579302e-21
1.118100791300050216e-21
1.054018397128715288e-21
9.936087963894961332e-22
9.366614880271587874e-22
8.829780355621317052e-22
8.323713756260995091e-22
7.846651661279491267e-22
7.396931717786191100e-22
6.972986848337995764e-22
6.573339790359287656e-22
6.196597948527488629e-22
5.841448542187195898e-22
5.506654030883113167e-22
5.191047802072633095e-22
4.893530105990949126e-22
4.613064223503926742e-22
4.348672853594833369e-22
4.099434707897587673e-22
3.864481300409436935e-22
3.642993921196803880e-22
3.434200783549106295e-22
3.237374334639239503e-22
3.051828720320072382e-22
2.876917395222486359e-22
2.712030869827331275e-22
2.556594586660919919e-22
2.410066918213236226e-22
2.271937279602875139e-22
2.141724349411869284e-22
2.018974392490908286e-22
1.903259678890716058e-22
1.794176993410035584e-22
1.691346230566949453e-22
1.594409070097391532e-22
1.503027728365628542e-22
1.416883781335968810e-22
1.335677055004105224e-22
1.259124579421954250e-22
1.186959602671043046e-22
1.118930661348699909e-22
1.054800704327948807e-22
9.943462667379785321e-23
9.373566912867267680e-23
8.836333942122848049e-23
8.329891733053072478e-23
7.852475555910949635e-23
7.402421823984361915e-23
6.978162296723409807e-23
6.578218615107476525e-23
6.201197150210395048e-23
5.845784147012457677e-23
5.510741146538573544e-23
5.194900670369989019e-23
4.897162152492235851e-23
4.616488104303735618e-23
4.351900499421269573e-23
4.102477365685641784e-23
3.867349572491640742e-23
3.645697802247722904e-23
3.436749695412412926e-23
3.239777159158718207e-23
3.054093830288966901e-23
2.879052683559001836e-23
2.714043777078086069e-23
2.558492126927877573e-23
2.411855703594866312e-23
2.273623543234403829e-23
2.143313967185019010e-23
2.020472903528871927e-23
1.904672304849487893e-23
1.795508656673663238e-23
1.692601571399873861e-23
1.595592462813729610e-23
1.504143296571792038e-23
1.417935412299560772e-23
1.336668413199396131e-23
1.260059119298959179e-23
1.187840580692772722e-23
1.119761147338508689e-23
1.055583592166529483e-23
9.950842844472702064e-24
9.380524105358793538e-24
8.842892392788021426e-24
8.336074295225947874e-24
7.858303773118476253e-24
7.407916005016156837e-24
6.983341586398964704e-24
6.583101060987690217e-24
6.205799765485131103e-24
5.850122969784272457e-24
5.514831295708449936e-24
5.198756398320057292e-24
4.900796894749245214e-24
4.619914526355771444e-24
4.355130540851589475e-24
4.105522281776871059e-24
3.870219973445482081e-24
3.648403690156983367e-24
3.439300499113760667e-24
3.242181767088168713e-24
3.056360621454167039e-24
2.881189556736411127e-24
2.716058178336761593e-24
2.560391075575767206e-24
2.413645816638030268e-24
2.275311058434389397e-24
2.144904764794732859e-24
2.021972526782690682e-24
1.906085979279008119e-24
1.796841308316394219e-24
1.693857843964313478e-24
1.596776733860707943e-24
1.505259692768283801e-24
1.418987823798365837e-24
1.337660507194607832e-24
1.260994352804525502e-24
1.188722212588714095e-24
1.120592249726637121e-24
1.056367061075416018e-24
9.958228499236298501e-25
9.387486461575844316e-25
8.849455711227026175e-25
8.342261446182958205e-25
7.864136316110346163e-25
7.413414263905972125e-25
6.988524720215821718e-25
6.587987130687538344e-25
6.210405796885309149e-25
5.854465012891045570e-25
5.518924480644257750e-25
5.202614988045385511e-25
4.904434334762804289e-25
4.623343491546186488e-25
4.358362979663845060e-25
4.108569457847389821e-25
3.873092504851093418e-25
3.651111586414102761e-25
3.441853196057299807e-25
3.244588159751263281e-25
3.058629095063458845e-25
2.883328015930986734e-25
2.718074074712230884e-25
2.562291433649908068e-25
2.415437258328136662e-25
2.276999826131747094e-25
2.146496743116686529e-25
2.023473263077866839e-25
1.907500702957465695e-25
1.798174949071816747e-25
1.695115048951836861e-25
1.597961883890224220e-25
1.506376917569650386e-25
1.420041016411707399e-25
1.338653337535861171e-25
1.261930280453491843e-25
1.189604498844182296e-25
1.121423968970584414e-25
1.057151111485886745e-25
9.965619635736109898e-26
9.394453985351145794e-26
8.856023901052792791e-26
8.348453189329961867e-26
7.869973188097216611e-26
7.418916603680399791e-26
6.993711701027104965e-26
6.592876826896669760e-26
6.215015246946428516e-26
5.858810278722952677e-26
5.523020703599146400e-26
5.206476441669985198e-26
4.908074474535227345e-26
4.626775001762534793e-26
4.361597817637406041e-26
4.111618895574644997e-26
3.875967168289697317e-26
3.653821492509705548e-26
3.444407787648220343e-26
3.246996338472655617e-26
3.060899252365619931e-26
2.885468062319891696e-26
2.720091467314191718e-26
2.564193202196395543e-26
2.417230029651327036e-26
2.278689847256130819e-26
2.148089903027221099e-26
2.024975113240515549e-26
1.908916476663628590e-26
1.799509579674052118e-26
1.696373187054489224e-26
1.599147913554671946e-26
1.507494971590893735e-26
1.421094990719340056e-26
1.339646904769673354e-26
1.262866902761051994e-26
1.190487439944851399e-26
1.122256305528189858e-26
1.057935743829540580e-26
9.973016258040898440e-27
9.401426680520062209e-27
8.862596965880932754e-27
8.354649528075346320e-27
7.875814392292130373e-27
7.424423027368433382e-27
6.998902531688109212e-27
6.597770152306730395e-27
6.219628118205865229e-27
5.863158769671947546e-27
5.527119966828052283e-27
5.210340761319485330e-27
4.911717316070311577e-27
4.630209058893770153e-27
4.364835056552932932e-27
4.114670596637240345e-27
3.878843965343720781e-27
3.656533409935522763e-27
3.446964275292756833e-27
3.249406304577960131e-27
3.063171094610287764e-27
2.887609697081163856e-27
2.722110357253162552e-27
2.566096382262102463e-27
2.419024131594455331e-27
2.280381122737835113e-27
2.149684245403328687e-27
2.026478078097364567e-27
1.910333301176841729e-27
1.800845200857803454e-27
1.697632258964841657e-27
1.600334823506928143e-27
1.508613855447471876e-27
1.422149747301448291e-27
1.340641209442995258e-27
1.263804220242791558e-27
1.191371036376757178e-27
1.123089259857631904e-27
1.058720958538288491e-27
9.980418370222236152e-28
9.408404550920876488e-28
8.869174909329740262e-28
8.360850465830029760e-28
7.881659931910455114e-28
7.429933538001158473e-28
7.004097215056245670e-28
6.602667109611364299e-28
6.224244413202880803e-28
5.867510488131715174e-28
5.531222272587474342e-28
5.214207949121087509e-28
4.915362861373343723e-28
4.633645664830247543e-28
4.368074698192500216e-28
4.117724562715055333e-28
3.881722897596761197e-28
