1.361307629384810557e-02
1.290328125361310183e-02
1.223049540867438174e-02
1.159278907446268346e-02
1.098833318147230190e-02
1.041539402912336487e-02
9.872328313161286492e-03
9.357578412330995812e-03
8.869667920807178252e-03
8.407197413566613181e-03
7.968840432556901360e-03
7.553339682149062990e-03
7.159503422961823772e-03
6.786202053714349668e-03
6.432364871303507953e-03
6.096976999812890943e-03
5.779076479645398230e-03
5.477751508430421350e-03
5.192137825792002802e-03
4.921416234476953984e-03
4.664810250733046441e-03
4.421583877198063950e-03
4.191039491911944907e-03
3.972515847397261983e-03
3.765386174068995236e-03
3.569056382533821164e-03
3.382963359622724077e-03
3.206573353269635222e-03
3.039380441603587845e-03
2.880905081863451359e-03
2.730692734973235326e-03
2.588312561832967901e-03
2.453356187585860326e-03
2.325436530317411248e-03
2.204186690826942432e-03
2.089258900287195575e-03
1.980323522773675890e-03
1.877068109802790307e-03
1.779196504167008088e-03
1.686427990496670252e-03
1.598496490112076172e-03
1.515149797856531200e-03
1.436148858721440682e-03
1.361267082188659513e-03
1.290289692323494993e-03
1.223013111754307856e-03
1.159244377771829473e-03
1.098800588873459581e-03
1.041508380165120972e-03
9.872034261160149513e-04
9.357299692400840785e-04
8.869403733523410294e-04
8.406947001187183282e-04
7.968603076848949614e-04
7.553114702328869636e-04
7.159290173742198157e-04
6.785999923453815393e-04
6.432173280251990899e-04
6.096795398448876663e-04
5.778904347099796677e-04
5.477588350992614128e-04
5.191983175493773217e-04
4.921269647750270773e-04
4.664671307137812479e-04
4.421452178216219212e-04
4.190914659804427793e-04
3.972397524120581912e-04
3.765274020248295865e-04
3.568950076489475873e-04
3.382862596447704529e-04
3.206477843954973076e-04
3.039289912209435624e-04
2.880819272733373061e-04
2.730611399989456571e-04
2.588235467710465012e-04
2.453283113203244526e-04
2.325367266082718797e-04
2.204121038076471467e-04
2.089196670715707345e-04
1.980264537894294182e-04
1.877012200435065523e-04
1.779143509951674920e-04
1.686377759435703477e-04
1.598448878132732254e-04
1.515104668398115095e-04
1.436106082343626040e-04
1.361226536200225762e-04
1.290251260430425994e-04
1.222976683726235481e-04
1.159209849125873612e-04
1.098767860574546308e-04
1.041477358341932912e-04
9.871740217917494267e-05
9.357020980772489120e-05
8.869139554108584162e-05
8.406696596266405514e-05
7.968365728210750096e-05
7.552889729209808498e-05
7.159076930874304942e-05
6.785797799213829382e-05
6.431981694907103295e-05
6.096613802493942440e-05
5.778732219681243025e-05
5.477425198414528174e-05
5.191828529801878424e-05
4.921123065389743735e-05
4.664532367681082265e-05
4.421320483157090603e-05
4.190789831415093396e-05
3.972279204368216334e-05
3.765161869768150239e-05
3.568843773611507709e-05
3.382761836273965439e-05
3.206382337485099435e-05
3.039199385511743347e-05
2.880733466159159125e-05
2.730530067428278769e-05
2.588158375884247193e-05
2.453210040997186298e-05
2.325298003911093091e-05
2.204055387281498196e-05
2.089134442997756105e-05
1.980205554771805133e-05
1.876956292732627680e-05
1.779090517314801161e-05
1.686327529870894703e-05
1.598401267571533045e-05
1.515059540283901016e-05
1.436063307239925819e-05
1.361185991419473555e-05
1.290212829682069006e-05
1.222940256783190818e-05
1.159175321508369271e-05
1.098735133250460304e-05
1.041446337442744194e-05
9.871446183433052766e-06
9.356742277445693988e-06
8.868875382562475373e-06
8.406446198804062725e-06
7.968128386642089352e-06
7.552664762791675523e-06
7.158863694357949336e-06
6.785595680994208614e-06
6.431790115268676115e-06
6.096432211947937273e-06
5.778560097389593252e-06
5.477262050696019080e-06
5.191673888716175597e-06
4.920976487395239892e-06
4.664393432362732194e-06
4.421188792020561849e-06
4.190665006743835396e-06
3.972160888140062251e-06
3.765049722628459595e-06
3.568737473899816346e-06
3.382661079101414176e-06
3.206286833859935058e-06
3.039108861510431906e-06
2.880647662140737799e-06
2.730448737289630442e-06
2.588081286354244773e-06
2.453136970967613939e-06
2.325228743802474319e-06
2.203989738441967214e-06
2.089072217133286934e-06
1.980146573406157978e-06
1.876900386695428134e-06
1.779037526256336945e-06
1.686277301802197150e-06
1.598353658428437361e-06
1.515014413513850822e-06
1.436020533410302487e-06
1.361145447846368222e-06
1.290174400078390191e-06
1.222903830925138592e-06
1.159140794919287621e-06
1.098702406901173180e-06
1.041415317467528805e-06
9.871152157706571189e-07
9.356463582420219971e-07
8.868611218884826419e-07
8.406195808799921948e-07
7.967891052142767958e-07
7.552439803074273953e-07
7.158650464192950133e-07
6.785393568794773595e-07
6.431598541336545958e-07
6.096250626810681912e-07
5.778387980224682094e-07
5.477098907836945203e-07
5.191519252236532609e-07
4.920829913766636339e-07
4.664254501182628332e-07
4.421057104806521102e-07
4.190540185790532698e-07
3.972042575436015194e-07
3.764937578829128144e-07
3.568631177354319210e-07
3.382560324929966988e-07
3.206191333079386161e-07
3.039018340205423990e-07
2.880561860678025341e-07
2.730367409573441075e-07
2.588004199120392841e-07
2.453063903114471838e-07
2.325159485756802638e-07
2.203924091557814363e-07
2.089009993122246777e-07
1.980087593797295115e-07
1.876844482323417319e-07
1.778984536776238148e-07
1.686227075229563779e-07
1.598306050703403888e-07
1.514969288087919774e-07
1.435977760854719188e-07
1.361104905480869852e-07
1.290135971619356665e-07
1.222867406152049248e-07
1.159106269358594574e-07
1.098669681526657013e-07
1.041384298416256182e-07
9.870858140737790469e-08
9.356184895695792398e-08
8.868347063075434543e-08
8.405945426253773392e-08
7.967653724712553572e-08
7.552214850057410528e-08
7.158437240379100901e-08
6.785191462615353880e-08
6.431406973110524030e-08
6.096069047082036481e-08
5.778215868186367149e-08
5.476935769837151512e-08
5.191364620362815370e-08
4.920683344503789489e-08
4.664115574140664204e-08
4.420925421514837758e-08
4.190415368555088871e-08
3.971924266255969066e-08
3.764825438370046134e-08
3.568524883974915003e-08
3.382459573759523837e-08
3.206095835143378274e-08
3.038927821596630737e-08
2.880476061770954844e-08
2.730286084279636778e-08
2.587927114182616769e-08
2.452990837437690845e-08
2.325090229774010734e-08
2.203858446628988657e-08
2.088947770964574424e-08
1.980028615945171939e-08
1.876788579616545508e-08
1.778931548874452792e-08
1.686176850152955592e-08
1.598258444396386352e-08
1.514924164006074066e-08
1.435934989573133984e-08
1.361064364322947869e-08
1.290097544304933081e-08
1.222830982463886647e-08
1.159071744826263893e-08
1.098636957126879820e-08
1.041353280288902567e-08
9.870564132526431974e-09
9.355906217272197313e-09
8.868082915134048863e-09
8.405695051165373934e-09
7.967416404351262706e-09
7.551989903740870206e-09
7.158224022916237904e-09
6.784989362455751793e-09
6.431215410590465998e-09
6.095887472761830156e-09
5.778043761274482907e-09
5.476772636696509130e-09
5.191209993094872338e-09
4.920536779606586051e-09
4.663976651236707420e-09
4.420793742145412969e-09
4.190290555037385776e-09
3.971805960599810947e-09
3.764713301251127775e-09
3.568418593761503430e-09
3.382358825590009246e-09
3.206000340051822615e-09
3.038837305683982530e-09
2.880390265419445979e-09
2.730204761408139386e-09
2.587850031540856992e-09
2.452917773937201082e-09
2.325020975854045579e-09
2.203792803655428959e-09
2.088885550660222931e-09
1.979969639849732082e-09
1.876732678574759054e-09
1.778878562550941215e-09
1.686126626572322080e-09
1.598210839507348416e-09
1.514879041268270651e-09
1.435892219565514549e-09
1.361023824372560861e-09
1.290059118135085325e-09
1.222794559860623292e-09
1.159037221322260807e-09
1.098604233701814327e-09
1.041322263085438708e-09
9.870270133072262570e-10
9.355627547149157100e-10
8.867818775060435379e-10
8.405444683534531841e-10
7.967179091058658489e-10
7.551764964124459180e-10
7.158010811804156879e-10
6.784787268315809748e-10
6.431023853776176250e-10
6.095705903849901613e-10
5.777871659488893967e-10
5.476609508414855037e-10
5.191055370432576494e-10
4.920390219074889011e-10
4.663837732470627930e-10
4.420662066698112060e-10
4.190165745237312829e-10
3.971687658467450510e-10
3.764601167472259554e-10
3.568312306713996487e-10
3.382258080421326399e-10
3.205904847804627663e-10
3.038746792467389032e-10
2.880304471623422011e-10
2.730123440958888237e-10
2.587772951195035129e-10
2.452844712612951443e-10
2.324951723996841109e-10
2.203727162637071969e-10
2.088823332209128800e-10
1.979910665510922949e-10
1.876676779198014796e-10
1.778825577805648814e-10
1.686076404487628348e-10
1.598163236036244286e-10
1.514833919874466779e-10
1.435849450831817880e-10
1.360983285629680789e-10
1.290020693109776911e-10
1.222758138342222427e-10
1.159002698846560961e-10
1.098571511251435725e-10
1.041291246805835204e-10
9.869976142374989695e-11
9.355348885326471909e-11
8.867554642854344271e-11
8.405194323360991908e-11
7.966941784834572237e-11
7.551540031208010576e-11
7.157797607042659157e-11
6.784585180195326420e-11
6.430832302667519513e-11
6.095524340346079709e-11
5.777699562829428535e-11
5.476446384992074907e-11
5.190900752375807853e-11
4.920243662908557004e-11
4.663698817842310333e-11
4.420530395172842633e-11
4.190040939154751553e-11
3.971569359858768769e-11
3.764489037033363684e-11
3.568206022832312950e-11
3.382157338253380630e-11
3.205809358401715323e-11
3.038656281946784851e-11
2.880218680382802613e-11
2.730042122931800438e-11
2.587695873145097814e-11
2.452771653464859093e-11
2.324882474202332509e-11
2.203661523573864201e-11
2.088761115611248097e-11
1.979851692928689723e-11
1.876620881486257039e-11
1.778772594638538699e-11
1.686026183898816915e-11
1.598115633983029869e-11
1.514788799824625073e-11
1.435806683372013218e-11
1.360942748094261280e-11
1.289982269228976368e-11
1.222721717908658046e-11
1.158968177399125502e-11
1.098538789775706978e-11
1.041260231450066435e-11
9.869682160434404846e-12
9.355070231803829301e-12
8.867290518515558082e-12
8.404943970644578836e-12
7.966704485678736241e-12
7.551315104991266560e-12
7.157584408631566681e-12
6.784383098094158086e-12
6.430640757264283761e-12
6.095342782250211556e-12
5.777527471295964458e-12
5.476283266427983897e-12
5.190746138924394576e-12
4.920097111107471284e-12
4.663559907351647580e-12
4.420398727569457341e-12
4.189916136789599856e-12
3.971451064773681016e-12
3.764376909934313129e-12
3.568099742116332999e-12
3.382056599086088497e-12
3.205713871843010963e-12
3.038565774122069384e-12
2.880132891697515718e-12
2.729960807326818383e-12
2.587618797390957185e-12
2.452698596492868747e-12
2.324813226470461678e-12
2.203595886465755310e-12
2.088698900866511220e-12
1.979792722102982412e-12
1.876564985439445721e-12
1.778719613049551149e-12
1.685975964805849709e-12
1.598068033347664955e-12
1.514743681118710897e-12
1.435763917186052457e-12
1.360902211766271664e-12
1.289943846492653891e-12
1.222685298559889283e-12
1.158933656979927599e-12
1.098506069274602836e-12
1.041229217018108314e-12
9.869388187250179317e-13
9.354791586581013723e-13
8.867026402043869968e-13
8.404693625385011457e-13
7.966467193590968142e-13
7.551090185474060192e-13
7.157371216570715251e-13
6.784181022012076471e-13
6.430449217566317551e-13
6.095161229562160331e-13
5.777355384888307771e-13
5.476120152722457162e-13
5.190591530078215939e-13
4.919950563671518751e-13
4.663421000998483443e-13
4.420267063887853493e-13
4.189791338141759906e-13
3.971332773212053840e-13
3.764264786175020736e-13
3.567993464565973958e-13
3.381955862919371882e-13
3.205618388128408470e-13
3.038475268993172510e-13
2.880047105567495596e-13
2.729879494143850140e-13
2.587541723932555312e-13
2.452625541696914671e-13
2.324743980801175681e-13
2.203530251312670802e-13
2.088636687974870314e-13
1.979733753033756266e-13
1.876509091057518099e-13
1.778666633038645553e-13
1.685925747208682089e-13
1.598020434130113734e-13
1.514698563756673624e-13
1.435721152273903220e-13
1.360861676645680753e-13
1.289905424900766486e-13
1.222648880295888266e-13
1.158899137588936654e-13
1.098473349748098415e-13
1.041198203509926377e-13
9.869094222822083098e-14
9.354512949657812262e-14
8.866762293438986538e-14
8.404443287582096627e-14
7.966229908571059025e-14
7.550865272656213737e-14
7.157158030859866044e-14
6.783978951948928943e-14
6.430257683573474692e-14
6.094979682281719612e-14
5.777183303606328205e-14
5.475957043875349249e-14
5.190436925837153619e-14
4.919804020600532728e-14
4.663282098782710250e-14
4.420135404127932367e-14
4.189666543211092798e-14
3.971214485173797965e-14
3.764152665755388504e-14
3.567887190181154998e-14
3.381855129753118113e-14
3.205522907257833843e-14
3.038384766560024713e-14
2.879961321992646989e-14
2.729798183382834824e-14
2.587464652769822608e-14
2.452552489076941401e-14
2.324674737194396686e-14
2.203464618114560739e-14
2.088574476936277155e-14
1.979674785720945195e-14
1.876453198340431511e-14
1.778613654605774549e-14
1.685875531107275803e-14
1.597972836330321633e-14
1.514653447738478056e-14
1.435678388635531889e-14
1.360821142732442997e-14
1.289867004453284230e-14
1.222612463116622427e-14
1.158864619226126680e-14
1.098440631196156853e-14
1.041167190925496375e-14
9.868800267149892582e-15
9.354234321033910053e-15
8.866498192700705087e-15
8.404192957235613718e-15
7.965992630618825305e-15
7.550640366537477968e-15
7.156944851498853675e-15
6.783776887904557976e-15
6.430066155285539919e-15
6.094798140408752118e-15
5.777011227449870797e-15
5.475793939886536421e-15
5.190282326201034395e-15
4.919657481894401752e-15
4.663143200704222929e-15
4.420003748289542237e-15
4.189541751997501041e-15
3.971096200658807790e-15
3.764040548675329999e-15
3.567780918961757677e-15
3.381754399587249608e-15
3.205427429231213014e-15
3.038294266822524218e-15
2.879875540972901941e-15
2.729716875043698438e-15
2.587387583902700855e-15
2.452479438632866648e-15
2.324605495650072014e-15
2.203398986871374548e-15
2.088512267750661811e-15
1.979615820164503504e-15
1.876397307288142699e-15
1.778560677750898127e-15
1.685825316501573736e-15
1.597925239948253075e-15
1.514608333064090449e-15
1.435635626270891198e-15
1.360780610026527109e-15
1.289828585150178167e-15
1.222576047022064243e-15
1.158830101891458222e-15
1.098407913618752690e-15
1.041136179264794741e-15
9.868506320233277773e-16
9.353955700709097040e-16
8.866234099828819903e-16
8.403942634345368473e-16
7.965755359733998605e-16
7.550415467117675759e-16
7.156731678487517311e-16
6.783574829878735928e-16
6.429874632702367719e-16
6.094616603943117725e-16
5.776839156418803775e-16
5.475630840755833114e-16
5.190127731169738534e-16
4.919510947553013986e-16
4.663004306762864363e-16
4.419872096372585030e-16
4.189416964500890465e-16
3.970977919666992495e-16
3.763928434934717710e-16
3.567674650907698265e-16
3.381653672421689743e-16
3.205331954048440285e-16
3.038203769780600977e-16
2.879789762508196112e-16
2.729635569126379369e-16
2.587310517331102746e-16
2.452406390364633999e-16
2.324536256168147778e-16
2.203333357583038247e-16
2.088450060417977097e-16
1.979556856364386102e-16
1.876341417900588327e-16
1.778507702473955857e-16
1.685775103391543523e-16
1.597877644983871022e-16
1.514563219733459297e-16
1.435592865179947751e-16
1.360740078527896937e-16
1.289790166991400094e-16
1.222539632012176610e-16
1.158795585584909272e-16
1.098375197015861137e-16
1.041105168527786366e-16
9.868212382072010601e-17
9.353677088683119486e-17
8.865970014823003304e-17
8.403692318911108831e-17
7.965518095916427906e-17
7.550190574396638375e-17
7.156518511825614300e-17
6.783372777871309149e-17
6.429683115823785865e-17
6.094435072884588708e-17
5.776667090512954419e-17
5.475467746483134646e-17
5.189973140743147505e-17
4.919364417576203690e-17
4.662865416958528057e-17
4.419740448376943069e-17
4.189292180721106142e-17
3.970859642198232294e-17
3.763816324533480640e-17
3.567568386018896199e-17
3.381552948256323455e-17
3.205236481709440615e-17
3.038113275434175933e-17
2.879703986598422710e-17
2.729554265630796213e-17
2.587233453054977865e-17
2.452333344272187369e-17
2.324467018748545909e-17
2.203267730249502068e-17
2.088387854938167188e-17
1.979497894320519421e-17
1.876285530177733043e-17
1.778454728774913754e-17
1.685724891777128925e-17
1.597830051437121961e-17
1.514518107746550317e-17
1.435550105362663943e-17
1.360699548236517005e-17
1.289751749976938844e-17
1.222503218086923085e-17
1.158761070306440820e-17
1.098342481387445528e-17
1.041074158714447828e-17
9.867918452665831876e-18
9.353398484955736726e-18
8.865705937683180039e-18
8.403442010932585056e-18
7.965280839165844885e-18
7.549965688374109090e-18
7.156305351512982038e-18
6.783170731882097039e-18
6.429491604649626574e-18
6.094253547233115620e-18
5.776495029732149968e-18
5.475304657068258056e-18
5.189818554921088768e-18
4.919217891963858581e-18
4.662726531291091490e-18
4.419608804302499128e-18
4.189167400658109586e-18
3.970741368252409310e-18
3.763704217471491689e-18
3.567462124295232022e-18
3.381452227091075139e-18
3.205141012214130618e-18
3.038022783783168177e-18
2.879618213243555771e-18
2.729472964556866338e-18
2.587156391074240325e-18
2.452260300355445016e-18
2.324397783391213771e-18
2.203202104870707037e-18
2.088325651311176967e-18
1.979438934032886409e-18
1.876229644119513967e-18
1.778401756653712423e-18
1.685674681658291196e-18
1.597782459307969290e-18
1.514472997103322978e-18
1.435507346819001544e-18
1.360659019152360831e-18
1.289713334106737561e-18
1.222466805246275458e-18
1.158726556056026453e-18
1.098309766733480282e-18
1.041043149824751095e-18
9.867624532014481321e-19
9.353119889526763855e-19
8.865441868408956973e-19
8.403191710409603646e-19
7.965043589482067249e-19
7.549740809049918545e-19
7.156092197549430672e-19
6.782968691910921157e-19
6.429300099179763168e-19
6.094072026988427230e-19
5.776322974076257618e-19
5.475141572511077720e-19
5.189663973703441577e-19
4.919071370715848759e-19
4.662587649760429839e-19
4.419477164149168243e-19
4.189042624311717804e-19
3.970623097829432418e-19
3.763592113748665496e-19
3.567355865736623879e-19
3.381351508925854792e-19
3.205045545562425081e-19
3.037932294827518195e-19
2.879532442443468338e-19
2.729391665904527897e-19
2.587079331388830618e-19
2.452187258614350398e-19
2.324328550096089744e-19
2.203136481446594755e-19
2.088263449536966750e-19
1.979379975501399366e-19
1.876173759725887082e-19
1.778348786110311113e-19
1.685624473034985601e-19
1.597734868596370708e-19
1.514427887803738103e-19
1.435464589548932889e-19
1.360618491275372807e-19
1.289674919380771366e-19
1.222430393490201702e-19
1.158692042833635251e-19
1.098277053053936701e-19
1.041012141858668878e-19
9.867330620117765706e-20
9.352841302395820820e-20
8.865177807000161792e-20
8.402941417341940577e-20
7.964806346864883984e-20
7.549515936423865876e-20
7.155879049934771310e-20
6.782766657957650665e-20
6.429108599413937119e-20
6.093890512150404573e-20
5.776150923545125797e-20
5.474978492811447653e-20
5.189509397090069339e-20
4.918924853832044821e-20
4.662448772366453471e-20
4.419345527916770025e-20
4.188917851681848070e-20
3.970504830929195510e-20
3.763480013364901783e-20
3.567249610342977736e-20
3.381250793760572415e-20
3.204950081754261434e-20
3.037841808567104205e-20
2.879446674198105646e-20
2.729310369673708361e-20
2.587002273998680303e-20
2.452114219048838666e-20
2.324259318863112244e-20
2.203070859977123423e-20
2.088201249615451030e-20
1.979321018726020674e-20
1.876117876996803772e-20
1.778295817144662370e-20
1.685574265907167870e-20
1.597687279302284552e-20
1.514382779847765784e-20
1.435421833552399879e-20
1.360577964605526954e-20
1.289636505799005863e-20
1.222393982818669690e-20
1.158657530639237035e-20
1.098244340348785375e-20
1.040981134816181316e-20
9.867036716975287797e-21
9.352562723562730159e-21
8.864913753456562193e-21
8.402691131729378266e-21
7.964569111314085199e-21
7.549291070495751641e-21
7.155665908668866282e-21
6.782564630022008649e-21
6.428917105352021960e-21
6.093709002718888026e-21
5.775978878138599163e-21
5.474815417969224668e-21
5.189354825080835006e-21
4.918778341312350109e-21
4.662309899108973368e-21
4.419213895605219982e-21
4.188793082768391303e-21
3.970386567551594158e-21
3.763367916320101118e-21
3.567143358114198127e-21
3.381150081595163163e-21
3.204854620789510409e-21
3.037751325001866040e-21
2.879360908507390727e-21
2.729229075864336033e-21
2.586925218903720752e-21
2.452041181658845107e-21
2.324190089692236588e-21
2.203005240462202813e-21
2.088139051546589277e-21
1.979262063706697503e-21
1.876061995932214143e-21
1.778242849756719472e-21
1.685524060274793686e-21
1.597639691425679194e-21
1.514337673235344643e-21
1.435379078829374322e-21
1.360537439142787591e-21
1.289598093361407301e-21
1.222357573231646681e-21
1.158623019472800941e-21
1.098211628618005454e-21
1.040950128697245781e-21
9.866742822586853841e-22
9.352284153027241741e-22
8.864649707777922054e-22
8.402440853571690726e-22
7.964331882829460147e-22
7.549066211265428438e-22
7.155452773751425007e-22
6.782362608103865720e-22
6.428725616993848539e-22
6.093527498693716231e-22
5.775806837856527792e-22
5.474652347984262454e-22
5.189200257675639084e-22
4.918631833156564914e-22
4.662171029987900388e-22
4.419082267214400781e-22
4.188668317571235401e-22
3.970268307696525200e-22
3.763255822614164864e-22
3.567037109050218152e-22
3.381049372429490120e-22
3.204759162668109405e-22
3.037660844131724210e-22
2.879275145371247512e-22
2.729147784476338432e-22
2.586848166103884280e-22
2.451968146444322486e-22
2.324120862583368378e-22
2.202939622901791181e-22
2.088076855330326783e-22
1.979203110443377511e-22
1.876006116532068693e-22
1.778189883946435651e-22
1.685473856137829654e-22
1.597592104966490275e-22
1.514292567966445517e-22
1.435336325379818624e-22
1.360496914887118134e-22
1.289559682067941446e-22
1.222321164729100728e-22
1.158588509334304318e-22
1.098178917861552411e-22
1.040919123501842296e-22
9.866448936952204206e-23
9.352005590789110538e-23
8.864385669964010658e-23
8.402190582868657716e-23
7.964094661410854595e-23
7.548841358732592209e-23
7.155239645182308964e-23
6.782160592203041886e-23
6.428534134339247106e-23
6.093346000074728813e-23
5.775634802698758005e-23
5.474489282856457662e-23
5.189045694874269303e-23
4.918485329364596220e-23
4.662032165003109980e-23
4.418950642744196697e-23
4.188543556090270435e-23
3.970150051363909677e-23
3.763143732247019211e-23
3.566930863150891491e-23
3.380948666263487572e-23
3.204663707389974270e-23
3.037570365956597394e-23
2.879189384789600152e-23
2.729066495509662981e-23
2.586771115599120360e-23
2.451895113405171521e-23
2.324051637536462750e-23
2.202874007295830006e-23
2.088014660966608203e-23
1.979144158936008807e-23
1.875950238796331190e-23
1.778136919713776227e-23
1.685423653496208000e-23
1.597544519924686619e-23
1.514247464041028112e-23
1.435293573203695022e-23
1.360456391838482988e-23
1.289521271918583525e-23
1.222284757311008011e-23
1.158554000223700717e-23
1.098146208079404763e-23
1.040888119229943273e-23
9.866155060071078790e-24
9.351727036848087426e-24
8.864121640014653116e-24
8.401940319620116583e-24
7.963857447057946751e-24
7.548616512897094137e-24
7.155026522961329027e-24
6.781958582319358224e-24
6.428342657388048402e-24
6.093164506861807060e-24
5.775462772665179595e-24
5.474326222585585496e-24
5.188891136676627168e-24
4.918338829936311907e-24
4.661893304154479441e-24
4.418819022194490088e-24
4.188418798325415657e-24
3.970031798553587892e-24
3.763031645218512201e-24
3.566824620416149524e-24
3.380847963097066046e-24
3.204568254955019724e-24
3.037479890476407502e-24
2.879103626762393646e-24
2.728985208964198662e-24
2.586694067389324224e-24
2.451822082541343734e-24
2.323982414551457630e-24
2.202808393644260345e-24
2.087952468455378722e-24
1.979085209184552435e-24
1.875894362724925123e-24
1.778083957058669160e-24
1.685373452349895682e-24
1.597496936300226181e-24
1.514202361459052557e-24
1.435250822300965011e-24
1.360415869996855822e-24
1.289482862913280918e-24
1.222248350977318699e-24
1.158519492140967170e-24
1.098113499271533413e-24
1.040857115881521383e-24
9.865861191943217910e-25
9.351448491203993643e-25
8.863857617929489505e-25
8.401690063825726462e-25
7.963620239770580707e-25
7.548391673758739221e-25
7.154813407088295010e-25
6.781756578452634296e-25
6.428151186140127369e-25
6.092983019054703471e-25
5.775290747755555125e-25
5.474163167171541616e-25
5.188736583082573963e-25
4.918192334871583922e-25
4.661754447441884072e-25
4.418687405565195002e-25
4.188294044276500706e-25
3.969913549265481581e-25
3.762919561528570410e-25
3.566718380845897932e-25
3.380747262930136392e-25
3.204472805363161677e-25
3.037389417691093363e-25
2.879017871289510063e-25
2.728903924839892857e-25
2.586617021474445838e-25
2.451749053852775609e-25
2.323913193628292376e-25
2.202742781947024833e-25
2.087890277796597343e-25
1.979026261188928780e-25
1.875838488317814731e-25
1.778030995981079829e-25
1.685323252698848737e-25
1.597449354093066389e-25
1.514157260220479325e-25
1.435208072671601396e-25
1.360375349362181338e-25
1.289444455052008985e-25
1.222211945728009499e-25
1.158484985086073503e-25
1.098080791437909715e-25
1.040826113456548911e-25
9.865567332568426473e-26
9.351169953856444902e-26
8.863593603708351097e-26
8.401439815485322941e-26
7.963383039548545362e-26
