1.305095135222858818e-02
1.238916789268467399e-02
1.176094193676681908e-02
1.116457186133323030e-02
1.059844232860318591e-02
1.006101991082657132e-02
9.550848936816307491e-03
9.066547549093466329e-03
8.606803960965397210e-03
8.170372903398753772e-03
7.756072252063341693e-03
7.362779825410740477e-03
6.989430345114929291e-03
6.635012550641921844e-03
6.298566460132873010e-03
5.979180770181449604e-03
5.675990387462458500e-03
5.388174085525858012e-03
5.114952280409308487e-03
4.855584919044247418e-03
4.609369474735994753e-03
4.375639044288408622e-03
4.153760541618935730e-03
3.943132982971253239e-03
3.743185859080792616e-03
3.553377589883976659e-03
3.373194057585569058e-03
3.202147214110763213e-03
3.039773759170157682e-03
2.885633885356979865e-03
2.739310086877523413e-03
2.600406028688096154e-03
2.468545472975412682e-03
2.343371260072675110e-03
2.224544341051031340e-03
2.111742859366081554e-03
2.004661279071952209e-03
1.903009557241617860e-03
1.806512358351865461e-03
1.714908308504971149e-03
1.627949287467074079e-03
1.545399756605629312e-03
1.467036120905604009e-03
1.392646123336345899e-03
1.322028269928703353e-03
1.254991284005154469e-03
1.191353588084652403e-03
1.130942812058881308e-03
1.073595326307748721e-03
1.019155798489510944e-03
9.674767728050381616e-04
9.184182705966172176e-04
8.718474111994604708e-04
8.276380520189545800e-04
7.856704468587560842e-04
7.458309215742784304e-04
7.080115661730366572e-04
6.721099425278691730e-04
6.380288069113456946e-04
6.056758465998076909e-04
5.749634298336104947e-04
5.458083684562995992e-04
5.181316925898044263e-04
4.918584367353280975e-04
4.669174367205680904e-04
4.432411369432686082e-04
4.207654073890086232e-04
3.994293699275899986e-04
3.791752334175349081e-04
3.599481371720510787e-04
3.416960023624739887e-04
3.243693909566971621e-04
3.079213718105052442e-04
2.923073935491069366e-04
2.774851638945491947e-04
2.634145351121588031e-04
2.500573952657284948e-04
2.373775649869008656e-04
2.253406994791373524e-04
2.139141954908373297e-04
2.030671030056366527e-04
1.927700414106837869e-04
1.829951199158302822e-04
1.737158620081781480e-04
1.649071337373617325e-04
1.565450756373177655e-04
1.486070381001434375e-04
1.410715200269959031e-04
1.339181105898638868e-04
1.271274339464626031e-04
1.206810967585100368e-04
1.145616383712284132e-04
1.087524835191275600e-04
1.032378974299693822e-04
9.800294320530446995e-05
9.303344136214438450e-05
8.831593142618086390e-05
8.383763547252371371e-05
7.958642351520426358e-05
7.555078065169573199e-05
7.171977587345899517e-05
6.808303245803385166e-05
6.463069986247753764e-05
6.135342704202284439e-05
5.824233712168450680e-05
5.528900335220954731e-05
5.248542628524639021e-05
4.982401210590715402e-05
4.729755206403635622e-05
4.489920294847159790e-05
4.262246855140942241e-05
4.046118207267031307e-05
3.840948941620237329e-05
3.646183333358052179e-05
3.461293837155234997e-05
3.285779658285854115e-05
3.119165396162493757e-05
2.960999756658399206e-05
2.810854329724792161e-05
2.668322428992391567e-05
2.533017990214012414e-05
2.404574525564627551e-05
2.282644130966415041e-05
2.166896543750053322e-05
2.057018248099844261e-05
1.952711625859618932e-05
1.853694150399308157e-05
1.759697621358682044e-05
1.670467438195437452e-05
1.585761910569999540e-05
1.505351603699093293e-05
1.429018716904916553e-05
1.356556493676658011e-05
1.287768661646405051e-05
1.222468900962592969e-05
1.160480339620992809e-05
1.101635074386290956e-05
1.045773716006636330e-05
9.927449574892902815e-06
9.424051642680203699e-06
8.946179851521593430e-06
8.492539830035261415e-06
8.061902841408718261e-06
7.653102455222060438e-06
7.265031388035371929e-06
6.896638504182645800e-06
6.546925968648414011e-06
6.214946544315473033e-06
5.899801026262858833e-06
5.600635806164610559e-06
5.316640560192274587e-06
5.047046054158453295e-06
4.791122059956442752e-06
4.548175377652422752e-06
4.317547957872690382e-06
4.098615119400358936e-06
3.890783857153515694e-06
3.693491235961960443e-06
3.506202865791718843e-06
3.328411454287433872e-06
3.159635432711982003e-06
2.999417651561446686e-06
2.847324142322486565e-06
2.702942942018084696e-06
2.565882977357878882e-06
2.435773005470599066e-06
2.312260608349542667e-06
2.195011238287385630e-06
2.083707311714742920e-06
1.978047348988111124e-06
1.877745157797162027e-06
1.782529057979532546e-06
1.692141145643483447e-06
1.606336594605193767e-06
1.524882993248517599e-06
1.447559715011076860e-06
1.374157320791526756e-06
1.304476991659373892e-06
1.238329990330742664e-06
1.175537149951474847e-06
1.115928388802853446e-06
1.059342249615452036e-06
1.005625462243330743e-06
9.546325285140062517e-07
9.062253281297010487e-07
8.602727445524436376e-07
8.166503098596630618e-07
7.752398676083214796e-07
7.359292527944375342e-07
6.986119880411123773e-07
6.631869951921622384e-07
6.295583215301572647e-07
5.976348798773193535e-07
5.673302018752989924e-07
5.385622037755537664e-07
5.112529641059623730e-07
4.853285126114478004e-07
4.607186298969238382e-07
4.373566572298920904e-07
4.151793159875057840e-07
3.941265362590481693e-07
3.741412941395891464e-07
3.551694572740980740e-07
3.371596382336610728e-07
3.200630553266423078e-07
3.038334004677958490e-07
2.884267137474265151e-07
2.738012643608529853e-07
2.599174375756672361e-07
2.467376274306206109e-07
2.342261348754967802e-07
2.223490710760799641e-07
2.110742656223012988e-07
2.003711793909390592e-07
1.902108218268458170e-07
1.805656724186558330e-07
1.714096061562768354e-07
1.627178227682566906e-07
1.544667795473619501e-07
1.466341275824150888e-07
1.391986512236649848e-07
1.321402106177305255e-07
1.254396871564634956e-07
1.190789316919713024e-07
1.130407153775377366e-07
1.073086830012854782e-07
1.018673086861812852e-07
9.670185383638932720e-08
9.179832721606909936e-08
8.714344705248469762e-08
8.272460506077604772e-08
7.852983229295194496e-08
7.454776671860144271e-08
7.076762244951077070e-08
6.717916052482980017e-08
6.377266117765495576e-08
6.053889750790814683e-08
5.746911049020416368e-08
5.455498524901052712e-08
5.178862853683935919e-08
4.916254735446705526e-08
4.666962865527385403e-08
4.430312007872915970e-08
4.205661166083638709e-08
3.992401847199953422e-08
3.789956413528307494e-08
3.597776518042214125e-08
3.415341619120510983e-08
3.242157570599794898e-08
3.077755283321970155e-08
2.921689454551675533e-08
2.773537361821971825e-08
2.632897717941344297e-08
2.499389584060595072e-08
2.372651337855636340e-08
2.252339694031337346e-08
2.138128774493307497e-08
2.029709225669153728e-08
1.926787380588323974e-08
1.829084463450904365e-08
1.736335834530921983e-08
1.648290273368845231e-08
1.564709298311702296e-08
1.485366520557771296e-08
1.410047030956149640e-08
1.338546817900307640e-08
1.270672214738884475e-08
1.206239375207025245e-08
1.145073775457373907e-08
1.087009741341900565e-08
1.031889999664190894e-08
9.795652521866887330e-09
9.298937712390251786e-09
8.827410158321307372e-09
8.379792672383061202e-09
7.954872830501697704e-09
7.551499687814878225e-09
7.168580661203561560e-09
6.805078569903469962e-09
6.460008826180166234e-09
6.132436768458581039e-09
5.821475129683353669e-09
5.526281634052645773e-09
5.246056715616111339e-09
4.980041352557453563e-09
4.727515011295410467e-09
4.487793694834700246e-09
4.260228090080539114e-09
4.044201809098486613e-09
3.839129719555994419e-09
3.644456359823347271e-09
3.459654434441192086e-09
3.284223385879360139e-09
3.117688038718543552e-09
2.959597312582360892e-09
2.809523000333610376e-09
2.667058608225404663e-09
2.531818254865542445e-09
2.403435626011805646e-09
2.281562982367201661e-09
2.165870217687602365e-09
2.056043964650526994e-09
1.951786746063281756e-09
1.852816169111343239e-09
1.758864160464555164e-09
1.669676240169284341e-09
1.585010832359849368e-09
1.504638610922172068e-09
1.428341878337277996e-09
1.355913976022245466e-09
1.287158724571343567e-09
1.221889892381304228e-09
1.159930691221327333e-09
1.101113297381563031e-09
1.045278397103081807e-09
9.922747550579951972e-10
9.419588047109540120e-10
8.941942594524941611e-10
8.488517434508768676e-10
8.058084412225768857e-10
7.649477649722679440e-10
7.261590388011832340e-10
6.893371989285764823e-10
6.543825091142324412e-10
6.212002905112411849e-10
5.897006652173332331e-10
5.597983128301091194e-10
5.314122393467914750e-10
5.044655577825503457e-10
4.788852799131471239e-10
4.546021185778266620e-10
4.315503000069866427e-10
4.096673856662587006e-10
3.888941031344654827e-10
3.691741855573753984e-10
3.504542192423728647e-10
3.326834989812494881e-10
3.158138907092521377e-10
2.997997011283604818e-10
2.845975539416664492e-10
2.701662723636307969e-10
2.564667675879618361e-10
2.434619329110301623e-10
2.311165432240476337e-10
2.193971596017558862e-10
2.082720387292021761e-10
1.977110469212806058e-10
1.876855785021316352e-10
1.781684783233439230e-10
1.691339682110709319e-10
1.605575771428441426e-10
1.524160749649635677e-10
1.446874094709197554e-10
1.373506466704237027e-10
1.303859140872601698e-10
1.237743469323703964e-10
1.174980370063735097e-10
1.115399841931262784e-10
1.058840504129277465e-10
1.005149159106506044e-10
9.541803776040306113e-11
9.057961047431976781e-11
8.598652860878964496e-11
8.162635126683819089e-11
7.748726840050844017e-11
7.355806882197036855e-11
6.982810983671512932e-11
6.628728841657699336e-11
6.292601383450466527e-11
5.973518168696190093e-11
5.670614923358985689e-11
5.383071198733797850e-11
5.110108149165708608e-11
4.850986422455644769e-11
4.605004157239007800e-11
4.371495081912387787e-11
4.149826709959315980e-11
3.939398626786994921e-11
3.739640863433417604e-11
3.550012352740041312e-11
3.369999463808475967e-11
3.199114610771354002e-11
3.036894932109210250e-11
2.882901036936237353e-11
2.736715814858880809e-11
2.597943306183746614e-11
2.466207629414735643e-11
2.341151963134214943e-11
2.222437579510644257e-11
2.109742926814859232e-11
2.002762758459748157e-11
1.901207306204314906e-11
1.804801495282704604e-11
1.713284199332152051e-11
1.626407533101811057e-11
1.543936181026727958e-11
1.465646759848220181e-11
1.391327213554295950e-11
1.320776239001296341e-11
1.253802740660852500e-11
1.190225313015433192e-11
1.129871749200366795e-11
1.072578574561485875e-11
1.018190603865021192e-11
9.665605209603132425e-12
9.175484797568596637e-12
8.710217254349167880e-12
8.268542348636051436e-12
7.849263752525780413e-12
7.451245801126992569e-12
7.073410416479755035e-12
6.714734187455830655e-12
6.374245597730637775e-12
6.051022394318097151e-12
5.744189089540985223e-12
5.452914589670766546e-12
5.176409943813403637e-12
4.913926206943948267e-12
4.664752411301868131e-12
4.428213640652026906e-12
4.203669202195447148e-12
3.990510891178363369e-12
3.788161343498789988e-12
3.596072471848592781e-12
3.413723981155298518e-12
3.240621959302212952e-12
3.076297539310038717e-12
2.920305629356034486e-12
2.772223707190963177e-12
2.631650675688454574e-12
2.498205776426707731e-12
2.371527558359947201e-12
2.251272898786243734e-12
2.137116073959696627e-12
2.028747876829724120e-12
1.925874779517817443e-12
1.828218138263079966e-12
1.735513438683144651e-12
1.647509579306212070e-12
1.563968191433459305e-12
1.484662993489651333e-12
1.409379178113184432e-12
1.337912830325320642e-12
1.270070375202713245e-12
1.205668053557220286e-12
1.144531424202733383e-12
1.086494891460904828e-12
1.031401256625998972e-12
9.791012921738821424e-13
9.294533375618898623e-13
8.823229155247803717e-13
8.375823678273770686e-13
7.951105094873989444e-13
7.547923005318182384e-13
7.165185343976910449e-13
6.801855421334851203e-13
6.456949115996454644e-13
6.129532209078510476e-13
5.818717853769673936e-13
5.523664173202555209e-13
5.243571980132152618e-13
4.977682612244278350e-13
4.725275877230286007e-13
4.485668102062313459e-13
4.258210281185390498e-13
4.042286318610279309e-13
3.837311359145719116e-13
3.642730204250138789e-13
3.458015808211722380e-13
3.282667850583700683e-13
3.116211381008250808e-13
2.958195532758114645e-13
2.808192301511545935e-13
2.665795386052842948e-13
2.530619087758165728e-13
2.402297265885883202e-13
2.280482345841812877e-13
2.164844377732895029e-13
2.055070142659552728e-13
1.950862304325809165e-13
1.851938603669296288e-13
1.758031094329761478e-13
1.668885416885135952e-13
1.584260109889407809e-13
1.503925955846221632e-13
1.427665360346584074e-13
1.355271762689057014e-13
1.286549076386084426e-13
1.221311158040891398e-13
1.159381303156413273e-13
1.100591767510616537e-13
1.044783312801732946e-13
9.918047753327667022e-14
9.415126565670471736e-14
8.937707344457225360e-14
8.484496944144449536e-14
8.054267791598646569e-14
7.645854561071444126e-14
7.258151017779057839e-14
6.890107021536753265e-14
6.540725682331808222e-14
6.209060660130785724e-14
5.894213601607537564e-14
5.595331706848453031e-14
5.311605419444760784e-14
5.042266233714675791e-14
4.786584613116233652e-14
4.543868014212745785e-14
4.313459010838211911e-14
4.094733513381967414e-14
3.887099078369407551e-14
3.689993303759813183e-14
3.502882305614906874e-14
3.325259272012134942e-14
3.156643090285520976e-14
2.996577043875971671e-14
2.844627575261369616e-14
2.700383111615511071e-14
2.563452950015165273e-14
2.433466199175776563e-14
2.310070774849207447e-14
2.192932446162542218e-14
2.081733930314901528e-14
1.976174033180012997e-14
1.875966833486833053e-14
1.780840908368546148e-14
1.690538598182074925e-14
1.604815308606987101e-14
1.523438848133278731e-14
1.446188799143623958e-14
1.372855920886628630e-14
1.303241582723877347e-14
1.237157226115710233e-14
1.174423853888495731e-14
1.114871545399929235e-14
1.058338996289180887e-14
1.004673081565278054e-14
9.537284408502277589e-15
9.053670846534994833e-15
8.594580206114453070e-15
8.158768986792225742e-15
7.745056743142104248e-15
7.352322887386418425e-15
6.979503654153478930e-15
6.625589219145148307e-15
6.289620963910321639e-15
5.970688879315160069e-15
5.667929100677341953e-15
5.380521567888137932e-15
5.107687804184047615e-15
4.848688807551818029e-15
4.602823049055566613e-15
4.369424572663852993e-15
4.147861191430348491e-15
3.937532775141841333e-15
3.737869624795640260e-15
3.548330929503589992e-15
3.368403301642769570e-15
3.197599386285312614e-15
3.035456541140916961e-15
2.881535583436303236e-15
2.735419600337509659e-15
2.596712819693008300e-15
2.465039538038721002e-15
2.340043102961421596e-15
2.221384947064206133e-15
2.108743670917250932e-15
2.001814172510019440e-15
1.900306820846990576e-15
1.803946671448363477e-15
1.712472721630904348e-15
1.625637203551834823e-15
1.543204913100758021e-15
1.464952572821930981e-15
1.390668227141313129e-15
1.320150668260198672e-15
1.253208891160456505e-15
1.189661576245233703e-15
1.129336598213680831e-15
1.072070559839566579e-15
1.017708349390852876e-15
9.661027204914995538e-16
9.171138932875355362e-16
8.706091758370374406e-16
8.264626046985480931e-16
7.845546037444493359e-16
7.447716602750889793e-16
7.070060175564100153e-16
6.711553829483084563e-16
6.371226508330985515e-16
6.048156395936360844e-16
5.741468419286902163e-16
5.450331878292224425e-16
5.173958195735905554e-16
4.911598781322404612e-16
4.662543004033033117e-16
4.426116267299053172e-16
4.201678181778441456e-16
3.988620830786739524e-16
3.786367123683901205e-16
3.594369232757195584e-16
3.412107109366016816e-16
3.239087075329564468e-16
3.074840485742097721e-16
2.918922459593554761e-16
2.770910674757620882e-16
2.630404224083046360e-16
2.497022529489924446e-16
2.370404311129713340e-16
2.250206608816671717e-16
2.136103853080246084e-16
2.027786983322305563e-16
1.924962610690502275e-16
1.827352223400387887e-16
1.734691432353864336e-16
1.646729255010499713e-16
1.563227435572112132e-16
1.483959799639182806e-16
1.408711641591171661e-16
1.337279143031382342e-16
1.269468820721042349e-16
1.205097002507458873e-16
1.143989329826634011e-16
1.085980285432741577e-16
1.030912745075424318e-16
9.786375519104909851e-17
9.290131124911922592e-17
8.819050132459100691e-17
8.371856564033674480e-17
7.947339143791715048e-17
7.544348016876694349e-17
7.161791634903885991e-17
6.798633799374154737e-17
6.453890855009863702e-17
6.126629025410159846e-17
5.815961883808595849e-17
5.521047952083189735e-17
5.241088421515069759e-17
4.975324989121815950e-17
4.723037803705683596e-17
4.483543516052917068e-17
4.256193428002639629e-17
4.040371735372503844e-17
3.835493859981303849e-17
3.641004866251025974e-17
3.456377958099056896e-17
3.281113052049757146e-17
3.114735422700208302e-17
2.956794416871047525e-17
2.806862232959942008e-17
2.664532762191199327e-17
2.529420488622743696e-17
2.401159444931370830e-17
2.279402221147695850e-17
2.163819023655694419e-17
2.054096781908360042e-17
1.949938300439716331e-17
1.851061453876207706e-17
1.757198422767329405e-17
1.668094968165497121e-17
1.583509742990184179e-17
1.503213638311295455e-17
1.426989162780986813e-17
1.354629853532962103e-17
1.285939716953799468e-17
1.220732697811455530e-17
1.158832175302952321e-17
1.100070484656400343e-17
1.044288462991465130e-17
9.913350182081279304e-18
9.410667197361675036e-18
8.933474100367814377e-18
8.480478358039989760e-18
8.050452978670759068e-18
7.642233188455208034e-18
7.254713276565156457e-18
6.886843600202822951e-18
6.537627741521254920e-18
6.206119808710271484e-18
5.891421873938539901e-18
5.592681541211623728e-18
5.309089637557930279e-18
5.039878021289650614e-18
4.784317501401672519e-18
4.541715862472623070e-18
4.311415989718930591e-18
4.092794089123016903e-18
3.885257997814387807e-18
3.688245580127654628e-18
3.501223204992716750e-18
3.323684300532717694e-18
3.155147981955226584e-18
2.995157749019856384e-18
2.843280249554075316e-18
2.699104105668488832e-18
2.562238799491892206e-18
2.432313615408222770e-18
2.308976635930042485e-18
2.191893788489111969e-18
2.080747940561989053e-18
1.975238040679572432e-18
1.875078302994198780e-18
1.779997433195440420e-18
1.689737893677797590e-18
1.604055205970154674e-18
1.522717288537412574e-18
1.445503828160556727e-18
1.372205683192695931e-18
1.302624317074587326e-18
1.236571260575192160e-18
1.173867601300854238e-18
1.114343499090274339e-18
1.057837725982609478e-18
1.004197229512797933e-18
9.532767181511581966e-19
9.049382677643218473e-19
8.590509480316850017e-19
8.154904678054077214e-19
7.741388384533322576e-19
7.348840542730574562e-19
6.976197891114672786e-19
6.622451083679346361e-19
6.286641956012215392e-19
5.967860929995053278e-19
5.665244550105282269e-19
5.377973144646316056e-19
5.105268605571438477e-19
4.846392280887344155e-19
4.600642973929338273e-19
4.367355044088627657e-19
4.145896603847038256e-19
3.935667807236208223e-19
3.736099225085029010e-19
3.546650302654267255e-19
3.366807895481212703e-19
3.196084879468226854e-19
3.034018831450263144e-19
2.880170776667969471e-19
2.734123999753499349e-19
2.595482916008301451e-19
2.463871999915970171e-19
2.338934767987719138e-19
2.220332813185238949e-19
2.107744888305906603e-19
2.000866035847306578e-19
1.899406761994386827e-19
1.803092252491671807e-19
1.711661628276900577e-19
1.624867238859750853e-19
1.542473991531577516e-19
1.464258714589482546e-19
1.390009552849802985e-19
1.319525393813618478e-19
1.252615322930166326e-19
1.189098106482581283e-19
1.128801700695216811e-19
1.071562785733079780e-19
1.017226323331063000e-19
9.656451368547081831e-20
9.166795126551820932e-20
8.701968216386104493e-20
8.260711600246963760e-20
7.841830083216947515e-20
7.444189075939693125e-20
7.066711521452224272e-20
6.708374977850955959e-20
6.368208848888890120e-20
6.045291755002395165e-20
5.738749037647542467e-20
5.447750390185722087e-20
5.171507608901198316e-20
4.909272458059707750e-20
4.660334643224968615e-20
4.424019887343284376e-20
4.199688104385758551e-20
3.986731665600848434e-20
3.784573753680967266e-20
3.592666800385747520e-20
3.410491003389787827e-20
3.237552918337376821e-20
3.073384122291092747e-20
2.917539944953803796e-20
2.769598264227263406e-20
2.629158362845337356e-20
2.495839842984682918e-20
2.369281595912845988e-20
2.249140823883278554e-20
2.135092111627777680e-20
2.026826544931246406e-20
1.924050873901631246e-20
1.826486718668486051e-20
1.733869815358599380e-20
1.645949300306572815e-20
1.562487030561408187e-20
1.483256938848530410e-20
1.408044421240299550e-20
1.336645755876270218e-20
1.268867551158849403e-20
1.204526221929582855e-20
1.143447492207410598e-20
1.085465923141904762e-20
1.030424464902833078e-20
9.781740312924356339e-21
9.285730959281218252e-21
8.814873089017411339e-21
8.367891328772412195e-21
7.943574976409588720e-21
7.540774721688166240e-21
7.158399533222815234e-21
6.795413703298272710e-21
6.450834042534099627e-21
6.123727216801946235e-21
5.813207219181526779e-21
5.518432970107454266e-21
5.238606039207461146e-21
4.972968482660887760e-21
4.720800790219366789e-21
4.481419936329676354e-21
4.254177530079594457e-21
4.038458058955430868e-21
3.833677221654831229e-21
3.639280345438747016e-21
3.454740883735576938e-21
3.279558989928569472e-21
3.113260163463128597e-21
2.955393964606677477e-21
2.805532794380277687e-21
2.663270736357070199e-21
2.528222457190248662e-21
2.400022162892897098e-21
2.278322608042434753e-21
2.162794155225858780e-21
2.053123882178488857e-21
1.949014734197622657e-21
1.850184719535200691e-21
1.756366145590373556e-21
1.667304893832962361e-21
1.582759731493757596e-21
1.502501658157520486e-21
1.426313285488725215e-21
1.353988248409880302e-21
1.285330646137723780e-21
1.220154511563170437e-21
1.158283307537689986e-21
1.099549448701917525e-21
1.043793847561218338e-21
9.908654835786393470e-22
9.406209941182352628e-22
8.929242861306630504e-22
8.476461675293400802e-22
8.046639972585963939e-22
7.638613531061191081e-22
7.251277163598508513e-22
6.883581724551579800e-22
6.534531268015357618e-22
6.203180350190777678e-22
5.888631468539870160e-22
5.590032630795802385e-22
5.306575047242742781e-22
5.037490940014507934e-22
4.782051463478956747e-22
4.539564730074836475e-22
4.309373936253562163e-22
4.090855583450452395e-22
3.883417789266354837e-22
3.686498684285085188e-22
3.499564890184788028e-22
3.322110075020732670e-22
3.153653581766132413e-22
2.993739126396712338e-22
2.841933561992367692e-22
2.697825705508171235e-22
2.561025224037294972e-22
2.431161577548938144e-22
2.307883015237404580e-22
2.190855622764151549e-22
2.079762417811973937e-22
1.974302491501396276e-22
1.874190193343992451e-22
1.779154357524819607e-22
1.688937568418154559e-22
1.603295463347347536e-22
1.521996070700094983e-22
1.444819181606250507e-22
1.371555753476499431e-22
1.302007343786197130e-22
1.235985572570626789e-22
1.173311612175965318e-22
1.113815702883787160e-22
1.057336693097050966e-22
1.003721602842265442e-22
9.528252094054405855e-23
9.045096539794154043e-23
8.586440682572524817e-23
8.151042199602095517e-23
7.737721763401116144e-23
7.345359847447926786e-23
6.972893693813176307e-23
6.619314434555923875e-23
6.283664359087581401e-23
5.965034320101186962e-23
5.662561271040246393e-23
5.375425928436405385e-23
5.102850552784915844e-23
4.844096841946757528e-23
4.598463931371106938e-23
4.365286495722226646e-23
4.143932946768421609e-23
3.933803722651591191e-23
3.734329663904235276e-23
3.544970471814848439e-23
3.365213244965792570e-23
3.194571089980181368e-23
3.032581802714547877e-23
2.878806616324970710e-23
2.732829012816066549e-23
2.594253594853567818e-23
2.462705014784484094e-23
2.337826957964353444e-23
2.219281177637587022e-23
2.106746578756652770e-23
1.999918348258810065e-23
1.898507129444481885e-23
1.802238238220857986e-23
1.710850919088098686e-23
1.624097638852737129e-23
1.541743416155133902e-23
1.463565184995145553e-23
1.389351190531923565e-23
1.318900415521209312e-23
1.252022035836760933e-23
1.188534903601014671e-23
1.128267056524914284e-23
1.071055252128060676e-23
1.016744525577469562e-23
9.651877699472323176e-24
9.162453377623067205e-24
8.697846627470900127e-24
8.256799007541884227e-24
7.838115889009131307e-24
7.440663219901709650e-24
7.063364453392505486e-24
6.705197631845980217e-24
6.365192618727089843e-24
6.042428470873215800e-24
5.736030944012567422e-24
5.445170124771892064e-24
5.169058182759235310e-24
4.906947236633771970e-24
4.658127328382046913e-24
4.421924500314177741e-24
4.197698969570774969e-24
3.984843395196700985e-24
3.782781233087456003e-24
3.590965174352181388e-24
3.408875662863893555e-24
3.236019487981302152e-24
3.071928448630212180e-24
2.916158085126489419e-24
2.768286475305314549e-24
2.627913091695754020e-24
2.494657716645540576e-24
2.368159412457346260e-24
2.248075543746900370e-24
2.134080849375215602e-24
2.025866561440971237e-24
1.923139568946608448e-24
1.825621623873120645e-24
1.733048587512934102e-24
1.645169715019389384e-24
1.561746976235171379e-24
1.482554410959949086e-24
1.407377516910797251e-24
1.336012668717827001e-24
1.268266566381190613e-24
1.203955711695469555e-24
1.142905911223452654e-24
1.084951804472954498e-24
1.029936415998620436e-24
9.777107302156832744e-25
9.281332877739241814e-25
8.810698023985088166e-25
8.363927971600022319e-25
7.939812591882808045e-25
7.537203118950473666e-25
7.155009038172375043e-25
6.792195132384510269e-25
6.447778677882978145e-25
6.120826782602591212e-25
5.810453859270230817e-25
5.515819226688341798e-25
5.236124832652182576e-25
4.970613092332616910e-25
4.718564836269176780e-25
4.479297362415975942e-25
4.252162586963820536e-25
4.036545288929568614e-25
3.831861443758574305e-25
3.637556641426263662e-25
3.453104584753871402e-25
