1.338105716170394019e-02
1.269124056858946664e-02
1.203698521151080544e-02
1.141645784736969489e-02
1.082791973991386117e-02
1.026972178774599072e-02
9.740299903492241965e-03
9.238170631182590978e-03
8.761926989562794296e-03
8.310234529690789171e-03
7.881827595770808659e-03
7.475505778747952752e-03
7.090130552726062879e-03
6.724622084784092485e-03
6.377956209251922810e-03
6.049161557967493337e-03
5.737316838474133991e-03
5.441548252531513974e-03
5.161027047706818853e-03
4.894967195185613400e-03
4.642623187295576853e-03
4.403287948571682660e-03
4.176290854509575115e-03
3.960995852455635735e-03
3.756799679368399546e-03
3.563130171457452259e-03
3.379444660963363579e-03
3.205228455586374252e-03
3.039993396303165146e-03
2.883276489530658352e-03
2.734638609804133577e-03
2.593663269334534234e-03
2.459955450997207242e-03
2.333140501482098509e-03
2.212863081503957472e-03
2.098786170131024340e-03
1.990590120442286334e-03
1.887971763867239217e-03
1.790643560698470691e-03
1.698332794396797355e-03
1.610780807431351838e-03
1.527742276513441603e-03
1.448984525193346444e-03
1.374286871893942849e-03
1.303440011554314040e-03
1.236245429150707124e-03
1.172514843451491528e-03
1.112069679447508924e-03
1.054740567979555073e-03
1.000366871160922842e-03
9.487962322652331026e-04
8.998841488183293965e-04
8.534935676980161820e-04
8.094945011071077523e-04
7.677636623437299667e-04
7.281841203482903539e-04
6.906449720591461986e-04
6.550410316589083291e-04
6.212725358406305173e-04
5.892448642680355548e-04
5.588682744465016741e-04
5.300576502619057471e-04
5.027322634827216270e-04
4.768155475571005260e-04
4.522348830710989183e-04
4.289213942669078267e-04
4.068097560509156135e-04
3.858380109508417429e-04
3.659473955090434692e-04
3.470821756255482518e-04
3.291894903894373591e-04
3.122192039609909191e-04
2.961237650895633426e-04
2.808580738735561846e-04
2.663793553891432631e-04
2.526470398336531898e-04
2.396226488477683648e-04
2.272696876980092923e-04
2.155535430173996015e-04
2.044413858177750024e-04
1.939020795019755607e-04
1.839060926181685166e-04
1.744254161118360665e-04
1.654334848435655100e-04
1.569051031527341465e-04
1.488163742585133875e-04
1.411446333003733811e-04
1.338683838304654985e-04
1.269672375799317402e-04
1.204218573303646915e-04
1.142139027303432623e-04
1.083259789052184584e-04
1.027415877161539395e-04
9.744508153184701501e-05
9.242161938339735596e-05
8.765712537946781244e-05
8.313824926521518781e-05
7.885232901447695509e-05
7.478735535039452331e-05
7.093193809506000884e-05
6.727527425389676899e-05
6.380711774534517913e-05
6.051775069103516218e-05
5.739795618600031858e-05
5.443899247263412852e-05
5.163256844602343677e-05
4.897082042202423552e-05
4.644629010298333176e-05
4.405190367936486824e-05
4.178095200872444678e-05
3.962707181649099183e-05
3.758422786588092680e-05
3.564669604698399039e-05
3.380904733763596872e-05
3.206613259113590695e-05
3.041306810818307279e-05
2.884522195260519274e-05
2.735820097253464613e-05
2.594783849066540669e-05
2.461018262909847251e-05
2.334148523606172527e-05
2.213819138347634829e-05
2.099692940594203566e-05
1.991450145322953889e-05
1.888787452980858302e-05
1.791417199630359101e-05
1.699066550906405427e-05
1.611476737526385943e-05
1.528402330210863340e-05
1.449610551983377795e-05
1.374880625922391604e-05
1.304003156537744691e-05
1.236779543038224323e-05
1.173021422846197208e-05
1.112550143800034047e-05
1.055196263565400094e-05
1.000799074852761899e-05
9.492061551107509767e-06
9.002729394336116134e-06
8.538623154860073658e-06
8.098442393101492527e-06
7.680953709387377312e-06
7.284987287926781807e-06
6.909433618951946501e-06
6.553240389838716008e-06
6.215409536495061640e-06
5.894994446755599832e-06
5.591097307945986939e-06
5.302866591184914193e-06
5.029494665374686190e-06
4.770215534194710323e-06
4.524302689756873855e-06
4.291067076908675648e-06
4.069855162480096126e-06
3.860047104064041701e-06
3.661055013199389600e-06
3.472321308089932016e-06
3.293317151243446951e-06
3.123540967653263457e-06
2.962517039370026859e-06
2.809794172525809052e-06
2.664944433075341277e-06
2.527561947712028050e-06
2.397261766598800533e-06
2.273678784727118544e-06
2.156466718881839006e-06
2.045297137345246627e-06
1.939858539621581895e-06
1.839855483603296608e-06
1.745007757733435767e-06
1.655049595844475808e-06
1.569728932473543621e-06
1.488806696567466951e-06
1.412056141598505470e-06
1.339262210213802510e-06
1.270220931638246887e-06
1.204738850142241592e-06
1.142632482972972730e-06
1.083727806230227750e-06
1.027859767246232262e-06
9.748718221031197354e-07
9.246154969921931100e-07
8.769499721858725182e-07
8.317416874565911385e-07
7.888639678370510097e-07
7.481966686731607732e-07
7.096258389751289713e-07
6.730434021233696633e-07
6.383468530345825698e-07
6.054389709394445293e-07
5.742275469670948046e-07
5.446251257731272298e-07
5.165487604870891600e-07
4.899197802928709903e-07
4.646635699907262726e-07
4.407093609232417074e-07
4.179900326794475941e-07
3.964419250214101506e-07
3.760046595063449054e-07
3.566209703044072279e-07
3.382365437381252061e-07
3.207998660938504607e-07
3.042620792787866245e-07
2.885768439191546165e-07
2.737002095158760325e-07
2.595904912939627759e-07
2.462081534005262550e-07
2.335156981241351147e-07
2.214775608251069287e-07
2.100600102823195484e-07
1.992310541773232271e-07
1.889603494509035516e-07
1.792191172809225393e-07
1.699800624431981351e-07
1.612172968294666440e-07
1.529062669081308548e-07
1.450236849245269665e-07
1.375474636479411281e-07
1.304566544825256628e-07
1.237313887687074029e-07
1.173528221106092100e-07
1.113030815734869162e-07
1.055652156032329546e-07
1.001231465276125243e-07
9.496162550614616866e-08
9.006618980240091976e-08
8.542312225897049260e-08
8.101941286158982195e-08
7.684272228468468256e-08
7.288134731621304685e-08
6.912418806491365153e-08
6.556071685807874925e-08
6.218094874270042105e-08
5.897541350733236203e-08
5.593512914627486977e-08
5.305157669172511006e-08
5.031667634337502287e-08
4.772276482856835109e-08
4.526257392958149531e-08
4.292921011786009594e-08
4.071613523814504569e-08
3.861714818836635176e-08
3.662636754396889421e-08
3.473821507798529327e-08
3.294740013067646349e-08
3.124890478494482997e-08
2.963796980598058604e-08
2.811008130574282650e-08
2.666095809491059048e-08
2.528653968686182140e-08
2.398297492006845452e-08
2.274661116702664545e-08
2.157398409948483362e-08
2.046180798129260224e-08
1.940696646166929802e-08
1.840650384309614429e-08
1.745761679936304462e-08
1.655764652056473234e-08
1.570407126303589653e-08
1.489449928334972073e-08
1.412666213658143015e-08
1.339840832005748018e-08
1.270769724478085494e-08
1.205259351763942300e-08
1.143126151837658880e-08
1.084196025612842083e-08
1.028303849111499085e-08
9.752930107817226308e-09
9.250149726674212181e-09
8.773288542005245157e-09
8.321010374494184131e-09
7.892047927174890700e-09
7.485199234427314495e-09
7.099324294033717852e-09
6.733341872858448432e-09
6.386226477200223392e-09
6.057005479328123044e-09
5.744756392149594846e-09
5.448604284373927202e-09
5.167719328928666825e-09
4.901314477759230591e-09
4.648643256496774540e-09
4.408997672814595913e-09
4.181706232612469624e-09
3.966132058470094207e-09
3.761671105097437904e-09
3.567750466781817467e-09
3.383826772088880206e-09
3.209384661319607034e-09
3.043935342457015994e-09
2.887015221556262599e-09
2.738184603740566531e-09
2.597026461162963440e-09
2.463145264481831750e-09
2.336165874575801658e-09
2.215732491392720571e-09
2.101507656987265968e-09
1.993171309953653792e-09
1.890419888604024251e-09
1.792965480379476953e-09
1.700535015110489643e-09
1.612869499866102496e-09
1.529723293247985826e-09
1.450863417095881807e-09
1.376068903675831664e-09
1.305130176521961946e-09
1.237848463196959995e-09
1.174035238325735055e-09
1.113511695341700263e-09
1.056108245465406270e-09
1.001664042511691577e-09
9.500265321938812249e-10
9.010510246620936403e-10
8.546002890779425728e-10
8.105441690896371130e-10
7.687592181299756046e-10
7.291283535153735035e-10
6.915405283766679283e-10
6.558904205024827600e-10
6.220781372232288952e-10
5.900089355088487608e-10
5.595929564960222700e-10
5.307449737009323935e-10
5.033841542121104395e-10
4.774338321941901240e-10
4.528212940679534856e-10
4.294775747646984473e-10
4.073372644840470529e-10
3.863383254137367848e-10
3.664219178978060183e-10
3.475322355661196375e-10
3.296163489632442559e-10
3.126240572385366692e-10
2.965077474818537132e-10
2.812222613107492856e-10
2.667247683353414990e-10
2.529746461462732558e-10
2.399333664895071949e-10
2.275643873090008591e-10
2.158330503547768946e-10
2.047064840694662105e-10
1.941535114812179958e-10
1.841445628448956485e-10
1.746515927867626038e-10
1.656480017205068264e-10
1.571085613144012733e-10
1.490093438007666416e-10
1.413276549296479932e-10
1.340419703788456410e-10
1.271318754421228753e-10
1.205780078265863659e-10
1.143620033989603951e-10
1.084664447287385235e-10
1.028748122840198319e-10
9.757143814328687059e-11
9.254146209341904007e-11
8.777078999093273194e-11
8.324605426976803208e-11
7.895457648496776124e-11
7.488433178729679718e-11
7.102391522925333506e-11
6.736250980806510971e-11
6.388985615612274682e-11
6.059622379392610388e-11
5.747238386498856533e-11
5.450958327630428322e-11
5.169952017192080554e-11
4.903432067088924659e-11
4.650651680441457427e-11
4.410902559038274240e-11
4.183512918663380863e-11
3.967845606736648680e-11
3.763296316993176002e-11
3.569291896199119946e-11
3.385288738159124175e-11
3.210771260515508389e-11
3.045250460071018017e-11
2.888262542587298319e-11
2.739367623219514039e-11
2.598148493945815795e-11
2.464209454538034235e-11
2.337175203797761240e-11
2.216689787951131338e-11
2.102415603255741579e-11
1.994032450024824887e-11
1.891236635418154990e-11
1.793740122485590557e-11
1.701269723078955667e-11
1.613566332370651432e-11
1.530384202834151756e-11
1.451490255652115403e-11
1.376663427622533996e-11
1.305694051733036056e-11
1.238383269667619695e-11
1.174542474599727318e-11
1.113992782710254865e-11
1.056564531949725332e-11
1.002096806640169054e-11
9.504369865845612507e-12
9.014403194204675965e-12
8.549695150195783956e-12
8.108943607966777657e-12
7.690913568500712312e-12
7.294433699111561336e-12
6.918393051335126975e-12
6.561737948018072320e-12
6.223469030883039156e-12
5.902638460296748196e-12
5.598347259395103158e-12
5.309742795123034341e-12
5.036016389131091234e-12
4.776401051834620687e-12
4.530169333285900797e-12
4.296631284837652935e-12
4.075132525886202926e-12
3.865052410277542756e-12
3.665802287238167547e-12
3.476823851957952992e-12
3.297587581203437067e-12
3.127591249577828421e-12
2.966358522270374914e-12
2.813437620352031766e-12
2.668400054877329773e-12
2.530839426245542373e-12
2.400370285456803266e-12
2.276627054072519215e-12
2.159262999853615230e-12
2.047949265206395974e-12
1.942373945713769170e-12
1.842241216169701492e-12
1.747270501668145184e-12
1.657195691423729803e-12
1.571764393121409651e-12
1.490737225705622807e-12
1.413887148627389413e-12
1.340998825669930235e-12
1.271868021570116777e-12
1.206301029745161373e-12
1.144114129520953636e-12
1.085133071341257972e-12
1.029192588515227341e-12
9.761359341351746672e-13
9.258144418670697588e-13
8.780871093830041185e-13
8.328202032684532279e-13
7.898868842972335099e-13
7.491668520242116572e-13
7.105460076998455173e-13
6.739161345620648055e-13
6.391745946096795795e-13
6.062240410076175075e-13
5.749721453181821201e-13
5.453313387939978752e-13
5.172185670077711035e-13
4.905550571312913266e-13
4.652660972116028984e-13
4.412808268258876926e-13
4.185320385284318781e-13
3.969559895333478390e-13
3.764922231053883627e-13
3.570833991583582397e-13
3.386751335864789690e-13
3.212158458784913096e-13
3.046566145875255305e-13
2.889510402517392829e-13
2.740551153816328545e-13
2.599271011497526537e-13
2.465274104372428654e-13
2.338184969095549329e-13
2.217647498104908686e-13
2.103323941798032199e-13
1.994893962147426038e-13
1.892053735103812950e-13
1.794515099272094198e-13
1.702004748474463606e-13
1.614263465938327182e-13
1.531045397963123928e-13
1.452117365030930102e-13
1.377258208430451028e-13
1.306258170563676426e-13
1.238918307198840955e-13
1.175049930022710436e-13
1.114474077930287674e-13
1.057021015570423653e-13
1.002529757742305043e-13
9.508476183100883928e-14
9.018297823717681895e-14
8.553389004835053087e-14
8.112447038023598196e-14
7.694236390690995952e-14
7.297585224082563833e-14
6.921382109754173195e-14
6.564572915316362610e-14
6.226157850723773665e-14
5.905188666833642586e-14
5.600765998383247662e-14
5.312036843941446492e-14
5.038192175773262140e-14
4.778464672919861883e-14
4.532126571142292573e-14
4.298487623704233597e-14
4.076893167280070007e-14
3.866722287568607538e-14
3.667386079472566550e-14
3.478325996968957645e-14
3.299012288046340529e-14
3.128942510323859369e-14
2.967640123192598710e-14
2.814653152534602355e-14
2.669552924277823821e-14
2.531932863238517678e-14
2.401407353885458846e-14
2.277610659833641448e-14
2.160195899039994919e-14
2.048834071829483476e-14
1.943213139028212370e-14
1.843037147620298476e-14
1.748025401478636786e-14
1.657911674845992587e-14
1.572443466362429023e-14
1.491381291548950271e-14
1.414498011764800778e-14
1.341578197758225185e-14
1.272417526027237245e-14
1.206822206299038623e-14
1.144608438523899489e-14
1.085601897861898009e-14
1.029637246219508205e-14
9.765576689672965308e-15
9.262144355406587854e-15
8.784664826923119986e-15
8.331800192288444646e-15
7.902281511238048576e-15
7.494905259568308695e-15
7.108529956825568861e-15
6.742072967843896198e-15
6.394507469168817802e-15
6.064859571867317169e-15
5.752205592661794630e-15
5.455669465742000850e-15
5.174420288002340041e-15
4.907669990826437833e-15
4.654671131895400194e-15
4.414714800831975533e-15
4.187128632812495129e-15
3.971274924580444565e-15
3.766548847582936348e-15
3.572376753222946916e-15
3.388214565478742579e-15
3.213546256386653200e-15
3.047882400115212050e-15
2.890758801579353450e-15
2.741735195751840781e-15
2.600394014027542866e-15
2.466339214183668100e-15
2.339195170657573851e-15
2.218605622032748193e-15
2.104232672783618165e-15
1.995755846482186288e-15
1.892871187813457148e-15
1.795290410883588856e-15
1.702740091434161667e-15
1.614960900699205436e-15
1.531706878758268805e-15
1.452744745349338719e-15
1.377853246210548378e-15
1.306822533119142550e-15
1.239453575890452387e-15
1.175557604689370590e-15
1.114955581091603716e-15
1.057477696412673570e-15
1.002962895898884423e-15
9.512584274470730408e-16
9.022194135886623674e-16
8.557084455386440267e-16
8.115951981720543608e-16
7.697560648490611561e-16
7.300738110654762172e-16
6.924372459581545670e-16
6.567409107448605436e-16
6.228847832256178309e-16
5.907739975174998964e-16
5.603185782375910217e-16
5.314331883892609655e-16
5.040368902453578985e-16
4.780529185582677660e-16
4.534084654613863886e-16
4.300344764593086524e-16
4.078654569350577445e-16
3.868392886322105146e-16
3.668970555976777470e-16
3.479828790974484221e-16
3.300437610426990371e-16
3.130294354875592133e-16
2.968922277824332782e-16
2.815869209882002072e-16
2.670706291769984806e-16
2.533026772645682644e-16
2.402444870374537408e-16
2.278594690556906669e-16
2.161129201280978144e-16
2.049719260729013470e-16
1.944052694912094679e-16
1.843833422949241101e-16
1.748780627439958342e-16
1.658627967605452919e-16
1.573122832993778948e-16
1.492025635657825593e-16
1.415109138822690614e-16
1.342157820161442356e-16
1.272967267895104440e-16
1.207343608024741501e-16
1.145102961090674916e-16
1.086070926936783409e-16
1.030082096036010173e-16
9.769795860079230942e-17
9.266146020295894164e-17
8.788460199080260652e-17
8.335399906459925338e-17
7.905695653930687555e-17
7.498143397312120968e-17
7.111601162979487722e-17
6.744985848019511679e-17
6.397270185343590915e-17
6.067479865254663244e-17
5.754690805402295040e-17
5.458026561476115778e-17
5.176655871382869191e-17
4.909790326024962358e-17
4.656682160154626992e-17
4.416622157113296168e-17
4.188937661585299521e-17
3.972990694797556740e-17
3.768176166883843774e-17
3.573920181405038599e-17
3.389678427274007746e-17
3.214934653579667290e-17
3.049199223036478091e-17
2.892007740006109943e-17
2.742919749246982276e-17
2.601517501745406361e-17
2.467404784170466655e-17
2.340205808672321269e-17
2.219564159913419604e-17
2.105141796382052393e-17
1.996618103189917705e-17
1.893688993699617089e-17
1.796066057464739789e-17
1.703475752095240103e-17
1.615658636783415499e-17
1.532368645343007334e-17
1.453372396724384106e-17
1.378448541073849910e-17
1.307387139504738779e-17
1.239989075842330043e-17
1.176065498694423006e-17
1.115437292284043232e-17
1.057934574561683230e-17
1.003396221190712663e-17
9.516694140721713150e-18
9.026092131438518100e-18
8.560781502539482409e-18
8.119458439711513370e-18
7.700886342519811532e-18
7.303892359416427760e-18
6.927364101375118696e-18
6.570246524944032511e-18
6.231538975982178866e-18
5.910292385796864687e-18
5.605606611824600478e-18
5.316627915404736764e-18
5.042546569578182384e-18
4.782594590208218845e-18
4.536043584065990737e-18
4.302202707850738054e-18
4.080416732426386318e-18
3.870064206849753801e-18
3.670555717046436521e-18
3.481332234254928137e-18
3.301863548611290928e-18
3.131646783485267509e-18
2.970204986404814744e-18
2.817085792621136125e-18
2.671860157569018826e-18
2.534121154671141877e-18
2.403482835117621654e-18
2.279579146425893373e-18
2.162062906750709711e-18
2.050604832070154314e-18
1.944892613522049069e-18
1.844630042305107142e-18
1.749536179693021649e-18
1.659344569835740636e-18
1.573802493142201221e-18
1.492670258152476902e-18
1.415720529915089756e-18
1.342737692987733981e-18
1.273517247276308906e-18
1.207865235019542155e-18
1.145597697313537095e-18
1.086540158653415595e-18
1.030527138047738066e-18
9.774016853357796929e-19
9.270149414085285332e-19
8.792257211009734591e-19
8.339001175870528737e-19
7.909111271687187646e-19
7.501382934077733765e-19
7.114673696033267314e-19
6.747899986691010696e-19
6.400034095136614191e-19
6.070101290727196538e-19
5.757177091866956893e-19
5.460384675582060184e-19
5.178892420636418521e-19
4.911911577304122425e-19
4.658694057268951071e-19
4.418530337458733739e-19
4.190747471940307148e-19
3.974707206304905144e-19
3.769804189260196295e-19
3.575464276417835916e-19
3.391142921523727443e-19
3.216323650623017547e-19
3.050516614884759336e-19
2.893257218030723409e-19
2.744104814522740724e-19
2.602641474860712390e-19
2.468470814531658006e-19
2.341216883328367476e-19
2.220523111925776739e-19
2.106051312762969498e-19
1.997480732431524020e-19
1.894507152914860166e-19
1.796842039160250038e-19
1.704211730594972702e-19
1.616356674321147855e-19
1.533030697840819183e-19
1.454000319273195138e-19
1.379044093131441700e-19
1.307951989825797464e-19
1.240524807154375881e-19
1.176573612132639966e-19
1.115919211597488765e-19
1.058391650102701722e-19
1.003829733698654600e-19
9.520805782620560304e-20
9.029991811100563598e-20
8.564480146983891044e-20
8.122966412650811141e-20
7.704213473399136885e-20
7.307047970956116722e-20
6.930357035693179753e-20
6.573085168331983196e-20
6.234231282403829985e-20
5.912845899175413470e-20
5.608028487181022263e-20
5.318924938906246395e-20
5.044725177553402894e-20
4.784660887181921054e-20
4.538003359864125892e-20
4.304061453823800519e-20
4.082179656836241394e-20
3.871736249463404931e-20
3.672141562977317973e-20
3.482836327090817316e-20
3.303290102865344455e-20
3.132999796405192873e-20
2.971488249173344041e-20
2.818302900978966305e-20
2.673014521890227322e-20
2.535216009519096468e-20
2.404521248308386031e-20
2.280564027624316395e-20
2.162997015623380479e-20
2.051490786018116568e-20
1.945732895014789217e-20
1.845427005836538261e-20
1.750292058378805346e-20
1.660061481670584731e-20
1.574482446934530397e-20
1.493315159153163960e-20
1.416332185156057285e-20
1.343317816345279821e-20
1.274067464273457786e-20
1.208387087380783757e-20
1.146092647284811278e-20
1.087009593099360141e-20
1.030972372337717444e-20
9.778239670296122881e-21
9.274154537521631792e-21
8.796055863419939582e-21
8.342604001192308396e-21
7.912528365144958365e-21
7.504623870469667323e-21
7.117747556560113650e-21
6.750815384402048988e-21
6.402799199063514516e-21
6.072723848773990544e-21
5.759664452519760501e-21
5.462743808499892959e-21
5.181129936180345700e-21
4.914033745059651647e-21
4.660706823613706868e-21
4.420439342224305165e-21
4.192558064215167713e-21
3.976424459422816568e-21
3.771432915015807684e-21
3.577009038549476103e-21
3.392608048501115185e-21
3.217713247775832315e-21
3.051834575905848718e-21
2.894507235886303558e-21
2.745290391800266737e-21
2.603765933583211802e-21
2.469537305466117925e-21
2.342228394814334884e-21
2.221482478248719206e-21
2.106961222096061250e-21
1.998343734367942110e-21
1.895325665611867662e-21
1.797618356114929944e-21
1.704948027070661968e-21
1.617055013442627540e-21
1.533693036375215481e-21
1.454628513112921415e-21
1.379639902494433426e-21
1.308517084187727833e-21
1.241060769926565309e-21
1.177081945098813878e-21
1.116401339121846150e-21
1.058848923121000527e-21
1.004263433503589195e-21
9.524919200934567460e-22
9.033893175600500614e-22
8.568180389409893305e-22
8.126475901192874421e-22
7.707542041749290279e-22
7.310204945862530795e-22
6.933351263094109029e-22
6.575925038142194943e-22
6.236924752023556173e-22
5.915400515787168055e-22
5.610451408896994857e-22
5.321222954825667541e-22
5.046904726785676915e-22
4.786728076889285764e-22
4.539963982373995560e-22
4.305921002859145889e-22
4.083943342909131568e-22
3.873409014474992612e-22
3.673728094065275466e-22
3.484341069762751941e-22
3.304717273455297040e-22
3.134353393887859712e-22
2.972772066369397293e-22
2.819520535182625275e-22
2.674169384948965811e-22
2.536311337393801165e-22
2.405560110140554414e-22
2.281549334335920839e-22
2.163931528073309046e-22
2.052377122738231831e-22
1.946573539547117512e-22
1.846224313692214475e-22
1.751048263638324363e-22
1.660778703243724751e-22
1.575162694497622978e-22
1.493960338780234945e-22
1.416944104659737770e-22
1.343898190342339355e-22
1.274617918989203138e-22
1.208909165205817838e-22
1.146587811096838274e-22
1.087479230362197930e-22
1.031417798989036408e-22
9.782464311682252579e-23
9.278161391352346200e-23
8.799856157019572363e-23
8.346208383097367073e-23
7.915946934941509114e-23
7.507866207092569796e-23
7.120822745133657741e-23
6.753732041696685484e-23
6.405565497640303679e-23
6.075347539884320575e-23
5.762152887824720759e-23
5.465103960669747888e-23
5.183368418432094871e-23
4.916156829687581528e-23
4.662720459564508213e-23
4.422349171766165952e-23
4.194369438747676551e-23
3.978142454471644883e-23
3.773062344454542678e-23
3.578554468088161074e-23
3.394073808479585692e-23
3.219103445297432249e-23
3.053153106345631409e-23
2.895757793806061249e-23
2.746476481300730022e-23
2.604890878122690017e-23
2.470604257172870990e-23
2.343240343318988321e-23
2.222442259061280128e-23
2.107871524551086015e-23
1.999207109160178687e-23
1.896144531943333403e-23
1.798395008473613247e-23
1.705684641659710944e-23
1.617753654278174777e-23
1.534355661069798295e-23
1.455256978360762234e-23
1.380235969273983205e-23
1.309082422695948032e-23
1.241596964258890805e-23
1.177590497687807503e-23
1.116883674947088103e-23
1.059306393701913274e-23
1.004697320686429849e-23
9.529034396431094242e-24
9.037796225666130554e-24
8.571882230507823170e-24
8.129986905992628930e-24
7.710872048191434475e-24
7.313363284724809848e-24
6.936346784136524872e-24
6.578766134904443518e-24
6.239619385343823578e-24
5.917956236108735729e-24
5.612875377424672880e-24
5.323521963591842760e-24
5.049085217681742779e-24
4.788796159715981059e-24
4.541925451961350395e-24
4.307781355303669946e-24
4.085707790974101035e-24
3.875082502196680020e-24
3.675315310606379659e-24
3.485846462551539961e-24
3.306145060647410533e-24
3.135707576185781643e-24
2.974056438232469365e-24
2.820738695459280690e-24
2.675324746960749175e-24
2.537407138499660143e-24
2.406599420807993845e-24
2.282535066744531328e-24
2.164866444274828285e-24
2.053263842395861477e-24
1.947414547275870414e-24
1.847021966020924895e-24
1.751804795612698847e-24
1.661496234689004824e-24
1.575843235958389816e-24
1.494605797154048040e-24
1.417556288540294804e-24
1.344478815087191062e-24
1.275168611526268057e-24
1.209431468592071721e-24
1.147083188841999002e-24
1.087949070529546570e-24
1.031863418084788742e-24
9.786690778304359099e-25
9.282169976324972918e-25
8.803658092517825750e-25
8.349814322258339425e-25
7.919366981714631270e-25
7.511109944551351689e-25
7.123899262327573043e-25
6.756649959119066703e-25
6.408332991383077500e-25
6.077972364547811029e-25
5.764642398246219545e-25
5.467465132531948847e-25
5.185607867809289288e-25
4.918280831583970496e-25
4.664734965497029013e-25
4.424259826440719502e-25
4.196181595875863447e-25
3.979861191771992599e-25
3.774692477880396844e-25
3.580100565322214361e-25
3.395540201732576113e-25
3.220494243447179114e-25
3.054472206450166972e-25
2.897008892023368693e-25
2.747663083245472988e-25
2.606016308689023614e-25
2.471671669850956100e-25
2.344252729031106221e-25
2.223402454542521305e-25
2.108782220297919614e-25
2.000070856969353347e-25
1.896963752062069391e-25
1.799171996381197634e-25
1.706421574499536235e-25
1.618452596958120994e-25
1.535018572048191328e-25
1.455885715133998918e-25
