1.344113343053521779e-02
1.274616556237917302e-02
1.208713070093460872e-02
1.146217094595823605e-02
1.086952445911835465e-02
1.030752049715614668e-02
9.774574701855153272e-03
9.269184633540816787e-03
8.789925535518447811e-03
8.335446317509046660e-03
7.904465746759830463e-03
7.495768836091679273e-03
7.108203418701002259e-03
6.740676900059972866e-03
6.392153177758315256e-03
6.061649720603311080e-03
5.748234798743657656e-03
5.451024857008541884e-03
5.169182024057065832e-03
4.901911750315987408e-03
4.648460568046866581e-03
4.408113967227924451e-03
4.180194381262524947e-03
3.964059276835679192e-03
3.759099342533695105e-03
3.564736771120444615e-03
3.380423630627767476e-03
3.205640319667945812e-03
3.039894102613541378e-03
2.882717720515134453e-03
2.733668073840933663e-03
2.592324973324757614e-03
2.458289955400867581e-03
2.331185158886223130e-03
2.210652259743382201e-03
2.096351460921014667e-03
1.987960534424269149e-03
1.885173912914465347e-03
1.787701828277226150e-03
1.695269494730558719e-03
1.607616334169979311e-03
1.524495241566819342e-03
1.445671888348790514e-03
1.370924061798952601e-03
1.300041038610757864e-03
1.232822990833166770e-03
1.169080422531099594e-03
1.108633635573114899e-03
1.051312223040298897e-03
9.969545888282248768e-04
9.454074920876827728e-04
8.965256152198947896e-04
8.501711542083541370e-04
8.062134301323705451e-04
7.645285207671373082e-04
7.249989112317547927e-04
6.875131627003435971e-04
6.519655982423026028e-04
6.182560049060590365e-04
5.862893512064439559e-04
5.559755192192623137e-04
5.272290505277916301e-04
4.999689053050053802e-04
4.741182338523453011e-04
4.496041599509782304e-04
4.263575754147828629e-04
4.043129452658807479e-04
3.834081229834839237e-04
3.635841753052163278e-04
3.447852160870070793e-04
3.269582487531839813e-04
3.100530168926155829e-04
2.940218625797139779e-04
2.788195920208867695e-04
2.644033481476810088e-04
2.507324897974415215e-04
2.377684771408804807e-04
2.254747630335629050e-04
2.138166899850176082e-04
2.027613924550120432e-04
1.922777042015580168e-04
1.823360704194450525e-04
1.729084644216147097e-04
1.639683086284853572e-04
1.554903996424903691e-04
1.474508371966044742e-04
1.398269567765535323e-04
1.325972657267654117e-04
1.257413826599322387e-04
1.192399799993764910e-04
1.130747294922370929e-04
1.072282505398729435e-04
1.016840611998203825e-04
9.642653172117173269e-05
9.144084048238792974e-05
8.671293220732571546e-05
8.222947834168806548e-05
7.797783947819149906e-05
7.394602972452435537e-05
7.012268291364386497e-05
6.649702056115447423e-05
6.305882147943657663e-05
5.979839296286227490e-05
5.670654346286793120e-05
5.377455667584898934e-05
5.099416697082967962e-05
4.835753608763342993e-05
4.585723103986457240e-05
4.348620316040658523e-05
4.123776823036323343e-05
3.910558763542457925e-05
3.708365049653415799e-05
3.516625672448276562e-05
3.334800095065634904e-05
3.162375728863797209e-05
2.998866488370425739e-05
2.843811420947854214e-05
2.696773407310990971e-05
2.557337929234330888e-05
2.425111900974168282e-05
2.299722561111573399e-05
2.180816421692165533e-05
2.068058271700142018e-05
1.961130232057229920e-05
1.859730859482523906e-05
1.763574296686827800e-05
1.672389466505848392e-05
1.585919307700356506e-05
1.503920050268972565e-05
1.426160528230589267e-05
1.352421527939059663e-05
1.282495170093007325e-05
1.216184323698524151e-05
1.153302050332690717e-05
1.093671077141184525e-05
1.037123297084329655e-05
9.834992950226999653e-06
9.326478983062484008e-06
8.844257506000413331e-06
8.386969077451310032e-06
7.953324545152750679e-06
7.542101411890704591e-06
7.152140389129715016e-06
6.782342128836105997e-06
6.431664124280762265e-06
6.099117771084630408e-06
5.783765580221467434e-06
5.484718535121138609e-06
5.201133585422645110e-06
4.932211270311597573e-06
4.677193464741970251e-06
4.435361242188424741e-06
4.206032847904124114e-06
3.988561776970349575e-06
3.782334951719688771e-06
3.586770993394784088e-06
3.401318583170158875e-06
3.225454907916753374e-06
3.058684186327462151e-06
2.900536271248697321e-06
2.750565324277839907e-06
2.608348558889981161e-06
2.473485048550776065e-06
2.345594596455267422e-06
2.224316663706409404e-06
2.109309352911606833e-06
2.000248444331947872e-06
1.896826481866950310e-06
1.798751906298025858e-06
1.705748233347228220e-06
1.617553274234090995e-06
1.533918396533263851e-06
1.454607823249148512e-06
1.379397968131571234e-06
1.308076805358692250e-06
1.240443271810151825e-06
1.176306700245437772e-06
1.115486281789499558e-06
1.057810556210328683e-06
1.003116928551491901e-06
9.512512107569680861e-07
9.020671869960857452e-07
8.554262014631244366e-07
8.111967674895664978e-07
7.692541968670191763e-07
7.294802483358437901e-07
6.917627942485134505e-07
6.559955044679952794e-07
6.220775466100378016e-07
5.899133017842864701e-07
5.594120950328862996e-07
5.304879397066315410e-07
5.030592950580429755e-07
4.770488363679798714e-07
4.523832369577537234e-07
4.289929614722178236e-07
4.068120698510543576e-07
3.857780314356443527e-07
3.658315486874560077e-07
3.469163900210023073e-07
3.289792312800908610e-07
3.119695054104744010e-07
2.958392599051158422e-07
2.805430216201770856e-07
2.660376685806409031e-07
2.522823084141633119e-07
2.392381630704549005e-07
2.268684595011913944e-07
2.151383259922710578e-07
2.040146938561709923e-07
1.934662042072524903e-07
1.834631195572104745e-07
1.739772399814389873e-07
1.649818236199811147e-07
1.564515112889393263e-07
1.483622549898195513e-07
1.406912501152704962e-07
1.334168711600928978e-07
1.265186107562837010e-07
1.199770218602452448e-07
1.137736629291817643e-07
1.078910459321233766e-07
1.023125870490179506e-07
9.702255991890595238e-08
9.200605130537603368e-08
8.724891905431961404e-08
8.273775222546046031e-08
7.845983328526716280e-08
7.440310225466325545e-08
7.055612271046412363e-08
6.690804954469571861e-08
6.344859839090227614e-08
6.016801663125392940e-08
5.705705590271844200e-08
5.410694602479023770e-08
5.130937027527365605e-08
4.865644194442109044e-08
4.614068210132974473e-08
4.375499850991625267e-08
4.149266563503190527e-08
3.934730568235254638e-08
3.731287061859318030e-08
3.538362512135888107e-08
3.355413041056613294e-08
3.181922891585395910e-08
3.017402973675914602e-08
2.861389485466705002e-08
2.713442605766712151e-08
2.573145254145346246e-08
2.440101915131488290e-08
2.313937523206773442e-08
2.194296405449840931e-08
2.080841278850651664e-08
1.973252299468254444e-08
1.871226160751403895e-08
1.774475238480152064e-08
1.682726779917821433e-08
1.595722134887523832e-08
1.513216026605549139e-08
1.434975860215968447e-08
1.360781067077161875e-08
1.290422482951710120e-08
1.223701758346725655e-08
1.160430799342255404e-08
1.100431237331404911e-08
1.043533926177334959e-08
9.895784653695109845e-09
9.384127478349607051e-09
8.898925311297421203e-09
8.438810308017816422e-09
8.002485347786934010e-09
7.588720376935060775e-09
7.196348941174307891e-09
6.824264897220595880e-09
6.471419294439865793e-09
6.136817417727320435e-09
5.819515983283404996e-09
5.518620479380836889e-09
5.233282644626168586e-09
4.962698076606662312e-09
4.706103964181119209e-09
4.462776937021523811e-09
4.232031026343189766e-09
4.013215731074531321e-09
3.805714184014586781e-09
3.608941412808604527e-09
3.422342690839082275e-09
3.245391973383316342e-09
3.077590414628677596e-09
2.918464961364962203e-09
2.767567019389307184e-09
2.624471188863993845e-09
2.488774065062053531e-09
2.360093101119761034e-09
2.238065529590051406e-09
2.122347339756505280e-09
2.012612307824863122e-09
1.908551077258090495e-09
1.809870286662280243e-09
1.716291742764844757e-09
1.627551636153491343e-09
1.543399797565095850e-09
1.463598992627803128e-09
1.387924253068177926e-09
1.316162242498029598e-09
1.248110654992890865e-09
1.183577644766776752e-09
1.122381285335357261e-09
1.064349056642819139e-09
1.009317358706647703e-09
9.571310504091856792e-10
9.076430121357402737e-10
8.607137310263259874e-10
8.162109076717801603e-10
7.740090831454560580e-10
7.339892853191043447e-10
6.960386934658343063e-10
6.600503202046048712e-10
6.259227098896736702e-10
5.935596525946498505e-10
5.628699128848984240e-10
5.337669726136469802e-10
5.061687870166876188e-10
4.799975534181141307e-10
4.551794918950231963e-10
4.316446372828379475e-10
4.093266419349179822e-10
3.881625886803964838e-10
3.680928134529364517e-10
3.490607370904020909e-10
3.310127058312533205e-10
3.138978400579909090e-10
2.976678908612736642e-10
2.822771040203068337e-10
2.676820910160759436e-10
2.538417067137840397e-10
2.407169333696552579e-10
2.282707706351249349e-10
2.164681312483131998e-10
2.052757421187180717e-10
1.946620505262880398e-10
1.845971351704296260e-10
1.750526218181806160e-10
1.660016033137635876e-10
1.574185637240096206e-10
1.492793064058036679e-10
1.415608857927794510e-10
1.342415427089447518e-10
1.273006430268929394e-10
1.207186194976637630e-10
1.144769165882618924e-10
1.085579381713310864e-10
1.029449979195103618e-10
9.762227226462486290e-11
9.257475578910417869e-11
8.778821892386773181e-11
8.324916783341888629e-11
7.894480637506746759e-11
7.486300002502912863e-11
7.099224166971304380e-11
6.732161916575553448e-11
6.384078457734580095e-11
6.053992500412432945e-11
5.740973491741176171e-11
5.444138992677895054e-11
5.162652190300689756e-11
4.895719538730288222e-11
4.642588522026607148e-11
4.402545532753921974e-11
4.174913860233875459e-11
3.959051782814824292e-11
3.754350758779785414e-11
3.560233710792466843e-11
3.376153399045400788e-11
3.201590878523730110e-11
3.036054036035378338e-11
2.879076202883539856e-11
2.730214839270318276e-11
2.589050286722602497e-11
2.455184585023304790e-11
2.328240350312642347e-11
2.207859711196615387e-11
2.093703299863609288e-11
1.985449295364859214e-11
1.882792516361605583e-11
1.785443560781462070e-11
1.693127989958370083e-11
1.605585554956302333e-11
1.522569462895555241e-11
1.443845681213264258e-11
1.369192277896875853e-11
1.298398795830549588e-11
1.231265659490664287e-11
1.167603612317910464e-11
1.107233183179811579e-11
1.049984180419525171e-11
9.956952120646664266e-12
9.442132308435192059e-12
8.953931027259492899e-12
8.490971977727695164e-12
8.051950021400085186e-12
7.635627501443607904e-12
7.240830753525264021e-12
6.866446797108004781e-12
6.511420197821931110e-12
6.174750092065215221e-12
5.855487365446487838e-12
5.552731977114839745e-12
5.265630422434145005e-12
4.993373326848503159e-12
4.735193164155993724e-12
4.490362092758062276e-12
4.258189903784511646e-12
4.038022075310033776e-12
3.829237927176370315e-12
3.631248871218744221e-12
3.443496751963545587e-12
3.265452273119396482e-12
3.096613505425916745e-12
2.936504471653507563e-12
2.784673804764991549e-12
2.640693475456518189e-12
2.504157585490393707e-12
2.374681223418023577e-12
2.251899379467281158e-12
2.135465916535134502e-12
2.025052594384571751e-12
1.920348144295108722e-12
1.821057391557970395e-12
1.726900423342343467e-12
1.637611799586735997e-12
1.552939804690793963e-12
1.472645737898117378e-12
1.396503240369516816e-12
1.324297657049602724e-12
1.255825431527829995e-12
1.190893532187978594e-12
1.129318908028286303e-12
1.070927972618197650e-12
1.015556114736901903e-12
9.630472343140500972e-13
9.132533023645071484e-13
8.660339436764323729e-13
8.212560410763208421e-13
7.787933601553454252e-13
7.385261933990311722e-13
7.003410227170741114e-13
6.641301994219051922e-13
6.297916407537987698e-13
5.972285420970393256e-13
5.663491040758229018e-13
5.370662737605240985e-13
5.092974992548003689e-13
4.829644969716578164e-13
4.579930309423901733e-13
4.343127035362751594e-13
4.118567570009934306e-13
3.905618852643278382e-13
3.703680554665723697e-13
3.512183387205159914e-13
3.330587496219204321e-13
3.158380940580360273e-13
2.995078248851009169e-13
2.840219050679822047e-13
2.693366778961208737e-13
2.554107439098944510e-13
2.422048441904577092e-13
2.296817496840293625e-13
2.178061562486094696e-13
2.065445851272722665e-13
1.958652885674317564e-13
1.857381603200290071e-13
1.761346507663191845e-13
1.670276864329845677e-13
1.583915936686892724e-13
1.502020262669034334e-13
1.424358968309523559e-13
1.350713116878105965e-13
1.280875091671493268e-13
1.214648010716338028e-13
1.151845171734778926e-13
1.092289525807792696e-13
1.035813178252508774e-13
9.822569153065048777e-14
9.314697552846214369e-14
8.833085229430541069e-14
8.376374458507599074e-14
7.943277716302737742e-14
7.532574049889483690e-14
7.143105635173310119e-14
6.773774512843096589e-14
6.423539493089032124e-14
6.091413220360676993e-14
5.776459389890202656e-14
5.477790108134399843e-14
5.194563389693530304e-14
4.925980783651120864e-14
4.671285122642770644e-14
4.429758388308227909e-14
4.200719687109464595e-14
3.983523330808187409e-14
3.777557016191271020e-14
3.582240098912819894e-14
3.397021956586457902e-14
3.221380436513093964e-14
3.054820383668351021e-14
2.896872244799748907e-14
2.747090744698323594e-14
2.605053630913185202e-14
2.470360483369915263e-14
2.342631585537208909e-14
2.221506853959349382e-14
2.106644823136650835e-14
1.997721682892293488e-14
1.894430365511668982e-14
1.796479680080725492e-14
1.703593491583026961e-14
1.615509942441234148e-14
1.531980714308384154e-14
1.452770328027982078e-14
1.377655479789343463e-14
1.306424411606679899e-14
1.238876314347359754e-14
1.174820761626260076e-14
1.114077172970404490e-14
1.056474304740436443e-14
1.001849767373735497e-14
9.500495675883026094e-15
9.009276742567884369e-15
8.543456067267826115e-15
8.101720444268524144e-15
7.682824566577261548e-15
7.285587515249339780e-15
6.908889430232580887e-15
6.551668353344328992e-15
6.212917234480685465e-15
5.891681092618728813e-15
5.587054323607523978e-15
5.298178147158832231e-15
5.024238185840017846e-15
4.764462169243899424e-15
4.518117756863651300e-15
4.284510473534986485e-15
4.062981751625242876e-15
3.852907074450373253e-15
3.653694215685720147e-15
3.464781569807164116e-15
3.285636568856194390e-15
3.115754181065438133e-15
2.954655487111977265e-15
2.801886329985027941e-15
2.657016034661452707e-15
2.519636193979992152e-15
2.389359517291326890e-15
2.265818738638097553e-15
2.148665581387079248e-15
2.037569776394586307e-15
1.932218130937130478e-15
1.832313645782679907e-15
1.737574677913354730e-15
1.647734146539114857e-15
1.562538780164222467e-15
1.481748402583794737e-15
1.405135255797532515e-15
1.332483357931981313e-15
1.263587894361056462e-15
1.198254640308465764e-15
1.136299413304214162e-15
1.077547553951566360e-15
1.021833433540762981e-15
9.689999871213489055e-16
9.188982707167575574e-16
8.713870414329560583e-16
8.263323592773800685e-16
7.836072095656212726e-16
7.430911448514368847e-16
7.046699453706084114e-16
6.682352970413737690e-16
6.336844861137447448e-16
6.009201096068088384e-16
5.698498007177668050e-16
5.403859684285730302e-16
5.124455505760822294e-16
4.859497796896127944e-16
4.608239609357746513e-16
4.369972615445462666e-16
4.144025111229991927e-16
3.929760122937119423e-16
3.726573611240282385e-16
3.533892768399544514e-16
3.351174403446236267e-16
3.177903410860792107e-16
3.013591318427098904e-16
2.857774910169227520e-16
2.710014920488718888e-16
2.569894795820922144e-16
2.437019520319262160e-16
2.311014502257063021e-16
2.191524518007475292e-16
2.078212710624377298e-16
1.970759640201284827e-16
1.868862383331028898e-16
1.772233679127409827e-16
1.680601119401495994e-16
1.593706380709452517e-16
1.511304496107061119e-16
1.433163164557737778e-16
1.359062096047417765e-16
1.288792390559929573e-16
1.222155949162183337e-16
1.158964915538931681e-16
1.099041146402771047e-16
1.042215709286276406e-16
9.883284063006554896e-17
9.372273225182096809e-17
8.887683977054818589e-17
8.428150201997848332e-17
7.992376417841014335e-17
7.579134124747706263e-17
7.187258341922835504e-17
6.815644323388844943e-17
6.463244443571023554e-17
6.129065243912486055e-17
5.812164632192165191e-17
5.511649226651277594e-17
5.226671837440347425e-17
4.956429078286894819e-17
4.700159101650970406e-17
4.457139450983127798e-17
4.226685024030791283e-17
4.008146141450802832e-17
3.800906715283528436e-17
3.604382512125186940e-17
3.418019506102206750e-17
3.241292317004063275e-17
3.073702729172024174e-17
2.914778286967971514e-17
2.764070962863890261e-17
2.621155894397300619e-17
2.485630186431661589e-17
2.357111775345558468e-17
2.235238351948395777e-17
2.119666340086274296e-17
2.010069928058588184e-17
1.906140150114869026e-17
1.807584015442288975e-17
1.714123682188620675e-17
1.625495674191905767e-17
1.541450138208783185e-17
1.461750139547490341e-17
1.386170994119897729e-17
1.314499635029396479e-17
1.246534011909183019e-17
1.182082521317439514e-17
1.120963466583684027e-17
1.063004545583564513e-17
1.008042364997952722e-17
9.559219796871364697e-18
9.064964558814250775e-18
8.596264569568013749e-18
8.151798506278528526e-18
7.730313364506498876e-18
7.330620925853634502e-18
6.951594408229248292e-18
6.592165289313040251e-18
6.251320294259359004e-18
5.928098539151094338e-18
5.621588822149597322e-18
5.330927054704922059e-18
5.055293825584001921e-18
4.793912090849703756e-18
4.546044983278478324e-18
4.310993735041248184e-18
4.088095707790854794e-18
3.876722524603275232e-18
3.676278298505839551e-18
3.486197952598645703e-18
3.305945627033327250e-18
3.135013168358403275e-18
2.972918696972119259e-18
2.819205248644744792e-18
2.673439486280245092e-18
2.535210478285746618e-18
2.404128540104963242e-18
2.279824135649446926e-18
2.161946835531024467e-18
2.050164329158282782e-18
1.944161487912182991e-18
1.843639476759752836e-18
1.748314911801468282e-18
1.657919061377142678e-18
1.572197088478415261e-18
1.490907332331901615e-18
1.413820627127772683e-18
1.340719655973222879e-18
1.271398338249387713e-18
1.205661248644801012e-18
1.143323066227423555e-18
1.084208052002165123e-18
1.028149553481059116e-18
9.749895348694550043e-19
9.245781315436504787e-19
8.767732275641362133e-19
8.314400550332937815e-19
7.884508141681346103e-19
7.476843130170060997e-19
7.090256258046104393e-19
6.723657689420925652e-19
6.376013937889348542e-19
6.046344953004369934e-19
5.733721357394498072e-19
5.437261826734926093e-19
5.156130605185727980e-19
4.889535149293634919e-19
4.636723893714628586e-19
4.396984132458894053e-19
4.169640009685047426e-19
3.954050614379601018e-19
3.749608173549891618e-19
3.555736338837464725e-19
3.371888561721215890e-19
3.197546552729933255e-19
3.032218820320695847e-19
2.875439285303688163e-19
2.726765966907798230e-19
2.585779736782496490e-19
2.452083137423521075e-19
2.325299261691328688e-19
2.205070690263623747e-19
2.091058484026278520e-19
1.982941228562394967e-19
1.880414128045557680e-19
1.783188145982952428e-19
1.690989190385969552e-19
1.603557341071262278e-19
1.520646116913741894e-19
1.442021780986053198e-19
1.367462681625447074e-19
1.296758627570502327e-19
1.229710295406171663e-19
1.166128667646531338e-19
1.105834499871301543e-19
1.048657815413795400e-19
9.944374261758124644e-20
9.430204782185786707e-20
8.942620208487413518e-20
8.480245979845145471e-20
8.041778606501240538e-20
7.625981995060236815e-20
7.231683963789749455e-20
6.857772938096360488e-20
6.503194816859961156e-20
6.166950000793393053e-20
5.848090574449200404e-20
5.545717633929518767e-20
5.258978752765511008e-20
4.987065578822577437e-20
4.729211555456138872e-20
4.484689760494436639e-20
4.252810856955578079e-20
4.032921149721868275e-20
3.824400742693071517e-20
3.626661791222971342e-20
3.439146844913208928e-20
3.261327276092092579e-20
3.092701789548240500e-20
2.932795009317774898e-20
2.781156138541156743e-20
2.637357688611324566e-20
2.500994274030881735e-20
2.371681469580545186e-20
2.249054726577226841e-20
2.132768345166490323e-20
2.022494499752249925e-20
1.917922314816046236e-20
1.818756988520828416e-20
1.724718961628339697e-20
1.635543129387266506e-20
1.550978094170422491e-20
1.470785456753877012e-20
1.394739144240302212e-20
1.322624772731689737e-20
1.254239042954800442e-20
1.189389167135528742e-20
1.127892325506515841e-20
1.069575150915712159e-20
1.014273240083110674e-20
9.618306901276937252e-21
9.120996590580499322e-21
8.649399489876638544e-21
8.202186108998083456e-21
7.778095698479599977e-21
7.375932695350279129e-21
6.994563352694641524e-21
6.632912543480736471e-21
6.289960729645148636e-21
5.964741087889642320e-21
5.656336784087691048e-21
5.363878388616392113e-21
5.086541425327538258e-21
4.823544047248023627e-21
4.574144832457312273e-21
4.337640693927738836e-21
4.113364897435941831e-21
3.900685181957135416e-21
3.699001977243574105e-21
3.507746713562471220e-21
3.326380218827900075e-21
3.154391198608556825e-21
2.991294794725908730e-21
2.836631218379422283e-21
2.689964453945424316e-21
2.550881029795567155e-21
2.418988852669393450e-21
2.293916102315340447e-21
2.175310183283748480e-21
2.062836730916955828e-21
1.956178668734306798e-21
1.855035314554506006e-21
1.759121532835670593e-21
1.668166930843188641e-21
1.581915096379380899e-21
1.500122874926001310e-21
1.422559684161819864e-21
1.349006863922664637e-21
1.279257059771597970e-21
1.213113638441272146e-21
1.150390133500590524e-21
1.090909719682921586e-21
1.034504714393978047e-21
9.810161049939360761e-22
9.302931005212976491e-22
8.821927065946372440e-22
8.365793222938653846e-22
7.933243578846003346e-22
7.523058723078702759e-22
7.134082294133123354e-22
6.765217719666507985e-22
6.415425125124812382e-22
6.083718402208539371e-22
5.769162428912459887e-22
5.470870433301528500e-22
5.188001493592027851e-22
4.919758167489699518e-22
4.665384244101913535e-22
4.424162612086381232e-22
4.195413238025978516e-22
3.978491249331130318e-22
3.772785116264718437e-22
3.577714927964617454e-22
3.392730757603703476e-22
3.217311112078664364e-22
3.050961461856720484e-22
2.893212846836212860e-22
2.743620554290439318e-22
2.601762865167836598e-22
2.467239865214144860e-22
2.339672317565064570e-22
2.218700593630833296e-22
2.103983659259120943e-22
1.995198113317835915e-22
1.892037275987587374e-22
1.794210324193650813e-22
1.701441471739907161e-22
1.613469191833728350e-22
1.530045479809803682e-22
1.450935153974518000e-22
1.375915192599855076e-22
1.304774105197783362e-22
1.237311336302527528e-22
1.173336700080110711e-22
1.112669844171112009e-22
1.055139741255199536e-22
1.000584206904133134e-22
9.488494423638880320e-23
8.997896009771030787e-23
8.532663770234278135e-23
8.091486158187033325e-23
7.673119439737898064e-23
7.276384187707228786e-23
6.900161956676687296e-23
6.543392129954419401e-23
6.205068929566228990e-23
5.884238580843908799e-23
5.579996623617221714e-23
5.291485362429727554e-23
5.017891448589665559e-23
4.758443587240231762e-23
4.512410362984575386e-23
4.279098177935899561e-23
4.057849296379930261e-23
3.848039990536940030e-23
3.649078782196630763e-23
3.460404775268361521e-23
3.281486074546153404e-23
3.111818286230735356e-23
2.950923095981544392e-23
2.798346920489696157e-23
2.653659628771004193e-23
2.516453329573862894e-23
2.386341221483683589e-23
2.262956502482249743e-23
2.145951335887657411e-23
2.034995869760047838e-23
1.929777307008442959e-23
1.829999023577315820e-23
1.735379732226923143e-23
1.645652689550068959e-23
1.560564943989588395e-23
1.479876622736884923e-23
1.403360255500997259e-23
1.330800133241893793e-23
1.261991700060224992e-23
1.196740976529052064e-23
1.134864012842051239e-23
1.076186370236398403e-23
1.020542629228465777e-23
9.677759232759673131e-24
9.177374965519309045e-24
8.702862845837040415e-24
8.252885165749025667e-24
7.826173382890938316e-24
7.421524544321183219e-24
7.037797895248714476e-24
6.673911663105325439e-24
6.328840007895570197e-24
6.001610130227981424e-24
5.691299528874022984e-24
5.397033400123747092e-24
5.117982171606813040e-24
4.853359163625816182e-24
4.602418371409735046e-24
4.364452362034779075e-24
4.138790280084070207e-24
3.924795956423764382e-24
3.721866114764226687e-24
3.529428670949872650e-24
3.346941120183766553e-24
3.173889007639917371e-24
3.009784478151898877e-24
2.854164900889280909e-24
2.706591565144349774e-24
2.566648443552812846e-24
2.433941019261522202e-24
2.308095173736994726e-24
2.188756132079288501e-24
2.075587462868033385e-24
1.968270129720828543e-24
1.866501591890547796e-24
1.769994951365786669e-24
1.678478144070121068e-24
1.591693172880038684e-24
1.509395380299394651e-24
1.431352758739803467e-24
1.357345296462788960e-24
1.287164357339651519e-24
1.220612092680579501e-24
1.157500883474919884e-24
1.097652811470083441e-24
1.040899157598167103e-24
9.870799263361648288e-25
9.360433946589297677e-25
8.876456843133200587e-25
8.417503562077522417e-25
7.982280257736004264e-25
7.569559982142260234e-25
7.178179226132674557e-25
6.807034639271048918e-25
6.455079919368377746e-25
6.121322862828123720e-25
5.804822567502580523e-25
5.504686780174067159e-25
5.220069381183489170e-25
4.950167999115021770e-25
4.694221748812662939e-25
4.451509086351271761e-25
4.221345774915745805e-25
4.003082955853333404e-25
3.796105319461373459e-25
3.599829370353625071e-25
3.413701782515186522e-25
3.237197839408317928e-25
3.069819954732164836e-25
2.911096269665815582e-25
2.760579322640290396e-25
2.617844787889484643e-25
2.482490279223582358e-25
2.354134215653028073e-25
2.232414745664818297e-25
2.116988727118628807e-25
2.007530759886948253e-25
1.903732268512197240e-25
1.805300632294515264e-25
1.711958360358115229e-25
1.623442309370397682e-25
1.539502941708553958e-25
1.459903621982395492e-25
1.384419949930047478e-25
1.312839127806086713e-25
1.244959360478541680e-25
