1.313304023326354597e-02
1.246432875827950884e-02
1.182966690385802051e-02
1.122732092277950282e-02
1.065564534720522816e-02
1.011307849364540337e-02
9.598138196806424438e-03
9.109417760663200692e-03
8.645582115695779959e-03
8.205364171792789776e-03
7.787561356858655609e-03
7.391032331668912457e-03
7.014693871999332780e-03
6.657517909511589255e-03
6.318528723311872541e-03
5.996800274510423988e-03
5.691453676500647131e-03
5.401654794047188769e-03
5.126611964624265549e-03
4.865573835779456700e-03
4.617827312615162619e-03
4.382695609780723131e-03
4.159536402653689173e-03
3.947740072659721051e-03
3.746728041937732318e-03
3.555951192800978645e-03
3.374888367676419192e-03
3.203044945424559763e-03
3.039951490150589759e-03
2.885162468815704716e-03
2.738255034145423671e-03
2.598827869510078256e-03
2.466500092621979907e-03
2.340910215054412512e-03
2.221715154740092242e-03
2.108589298751494152e-03
2.001223613802756776e-03
1.899324802043281810e-03
1.802614499836851071e-03
1.710828517337506993e-03
1.623716116784902587e-03
1.541039327547596592e-03
1.462572296043142131e-03
1.388100668759109906e-03
1.317421006689608112e-03
1.250340229587668280e-03
1.186675088515327546e-03
1.126251665250544961e-03
1.068904897183440466e-03
1.014478126403985016e-03
9.628226717493642553e-04
9.137974226419387459e-04
8.672684536082654562e-04
8.231086584261416463e-04
7.811974029002380967e-04
7.414201953177939610e-04
7.036683736841285210e-04
6.678388088835793919e-04
6.338336229549636431e-04
6.015599217119602191e-04
5.709295409779993440e-04
5.418588057424245921e-04
5.142683015800030661e-04
4.880826577093573342e-04
4.632303410976807757e-04
4.396434610492814675e-04
4.172575837441378052e-04
3.960115562198255560e-04
3.758473393159778844e-04
3.567098491249226402e-04
3.385468065153756506e-04
3.213085943181246827e-04
3.049481217835690503e-04
2.894206959408456188e-04
2.746838995071219035e-04
2.606974750135352889e-04
2.474232148312381727e-04
2.348248567971233892e-04
2.228679851541055020e-04
2.115199365353519201e-04
2.007497107356297314e-04
1.905278860260221777e-04
1.808265387806714782e-04
1.716191671959861121e-04
1.628806188939344317e-04
1.545870222116520892e-04
1.467157209896611289e-04
1.392452126805608246e-04
1.321550896091153594e-04
1.254259832232744714e-04
1.190395111838358713e-04
1.129782271482093417e-04
1.072255731111032432e-04
1.017658341719408310e-04
9.658409560544072817e-05
9.166620211808761988e-05
8.699871917919316374e-05
8.256889632091176496e-05
7.836463230695467667e-05
7.437444207485303222e-05
7.058742536146323584e-05
6.699323692600607700e-05
6.358205828929731408e-05
6.034457091196739032e-05
5.727193073839862553e-05
5.435574403684143957e-05
5.158804446970942397e-05
4.896127133141459916e-05
4.646824889429474435e-05
4.410216680620939443e-05
4.185656148625645646e-05
3.972529846778635092e-05
3.770255564047887145e-05
3.578280734570436604e-05
3.396080928172148431e-05
3.223158417747552806e-05
3.059040819586232146e-05
2.903279802931405063e-05
2.755449865245515736e-05
2.615147169837186088e-05
2.481988442674162837e-05
2.355609925368613757e-05
2.235666381474599716e-05
2.121830153383140450e-05
2.013790267238525460e-05
1.911251583430735948e-05
1.813933990343309782e-05
1.721571639154142604e-05
1.633912217598911050e-05
1.550716260713192447e-05
1.471756496670380443e-05
1.396817225928404213e-05
1.325693731989211758e-05
1.258191722161339784e-05
1.194126796797888959e-05
1.133323945559973898e-05
1.075617069329547635e-05
1.020848526465605887e-05
9.688687021642183446e-06
9.195355997460044370e-06
8.727144527545375825e-06
8.282773568060126175e-06
7.861029201844934995e-06
7.460759322282402725e-06
7.080870486012191477e-06
6.720324925900436203e-06
6.378137716103538756e-06
6.053374081481898889e-06
5.745146844013668091e-06
5.452613999232642430e-06
5.174976416069662958e-06
4.911475653814125709e-06
4.661391890231985357e-06
4.424041955180343644e-06
4.198777464347005603e-06
3.984983048016680076e-06
3.782074670025406737e-06
3.589498032310810438e-06
3.406727060699889602e-06
3.233262467797887180e-06
3.068630389052300213e-06
2.912381088266132947e-06
2.764087729024202052e-06
2.623345208676215654e-06
2.489769051691408363e-06
2.362994359361660247e-06
2.242674812983860786e-06
2.128481727798486872e-06
2.020103155100014739e-06
1.917243030066260490e-06
1.819620362978771214e-06
1.726968471624886087e-06
1.639034252784515615e-06
1.555577490811546354e-06
1.476370201421093078e-06
1.401196008889938288e-06
1.329849554968833675e-06
1.262135937891982845e-06
1.197870179951153129e-06
1.136876722179990392e-06
1.078988944768142294e-06
1.024048711895035202e-06
9.719059397399355951e-07
9.224181864881705594e-07
8.754502632135358631e-07
8.308738645738739428e-07
7.885672183109910513e-07
7.484147525974394913e-07
7.103067803214062598e-07
6.741391994472660396e-07
6.398132086332624249e-07
6.072350373294278680e-07
5.763156896184487655e-07
5.469707010997140242e-07
5.191199081523949281e-07
4.926872289472459477e-07
4.676004556089111154e-07
4.437910569609535826e-07
4.211939913147652782e-07
3.997475287909448034e-07
3.793930826877530810e-07
3.600750494359942937e-07
3.417406567031197058e-07
3.243398192315997021e-07
3.078250020177545510e-07
2.921510904572851516e-07
2.772752671027613378e-07
2.631568946964045401e-07
2.497574051586401036e-07
2.370401942291557635e-07
2.249705214726523978e-07
2.135154153761318489e-07
2.026435832784608314e-07
1.923253258861648745e-07
1.825324561419316160e-07
1.732382222241851007e-07
1.644172344673874443e-07
1.560453960034339767e-07
1.480998369346644316e-07
1.405588518586699064e-07
1.334018405742296491e-07
1.266092518063957505e-07
1.201625297969983678e-07
1.140440636146712185e-07
1.082371390459198196e-07
1.027258929358129799e-07
9.749526985356798865e-08
9.253098096464681059e-08
8.781946499701368584e-08
8.334785119492381609e-08
7.910392415903928376e-08
7.507609047682476907e-08
7.125334705206657027e-08
6.762525104699589823e-08
6.418189135490688456e-08
6.091386152534012806e-08
5.781223406786751263e-08
5.486853606428349179e-08
5.207472602258193157e-08
4.942317190948711191e-08
4.690663030152995064e-08
4.451822659771575540e-08
4.225143623972758796e-08
4.010006688836449855e-08
3.805824150752398020e-08
3.612038230951929668e-08
3.428119551787241057e-08
3.253565690595906782e-08
3.087899807200130854e-08
2.930669341291282258e-08
2.781444776141342460e-08
2.639818465264051868e-08
2.505403518820374125e-08
2.377832746726253037e-08
2.256757655575516255e-08
2.141847496637673879e-08
2.032788362330008411e-08
1.929282328695760939e-08
1.831046641545798034e-08
1.737812944040525173e-08
1.649326543602008543e-08
1.565345716153623860e-08
1.485641045786606424e-08
1.409994798049655403e-08
1.338200325149507820e-08
1.270061501437667076e-08
1.205392187641178168e-08
1.144015722373817347e-08
1.085764439538644925e-08
1.030479210303594826e-08
9.780090083988489374e-09
9.282104975485126503e-09
8.809476399095624569e-09
8.360913244483839411e-09
7.935190142397290161e-09
7.531144117246056688e-09
7.147671410126406292e-09
6.783724463610492243e-09
6.438309060065424424e-09
6.110481605684020662e-09
5.799346552807962996e-09
5.504053953501873932e-09
5.223797137695009289e-09
4.957810509547947721e-09
4.705367456024510536e-09
4.465778361955461993e-09
4.238388726171716112e-09
4.022577373560811996e-09
3.817754758162277733e-09
3.623361352666432631e-09
3.438866119917141545e-09
3.263765062242933016e-09
3.097579844653638799e-09
2.939856488141507658e-09
2.790164129517100440e-09
2.648093844392168421e-09
2.513257530094239884e-09
2.385286845461197909e-09
2.263832204619667140e-09
2.148561821998489984e-09
2.039160805968408453e-09
1.935330298632032555e-09
1.836786659414235392e-09
1.743260690222661107e-09
1.654496900061730492e-09
1.570252807091197184e-09
1.490298276222691833e-09
1.414414890444667220e-09
1.342395354158395554e-09
1.274042926895030850e-09
1.209170885866854248e-09
1.147602015884426917e-09
1.089168125246292712e-09
1.033709586278726776e-09
9.810748992704032441e-10
9.311202786107278197e-10
8.837092600013217865e-10
8.387123276675743528e-10
7.960065605519493993e-10
7.554752965225087289e-10
7.170078136793527728e-10
6.804990278883678504e-10
6.458492057160529018e-10
6.129636919811778227e-10
5.817526511790480447e-10
5.521308220719922754e-10
5.240172847756749446e-10
4.973352397049580691e-10
4.720117977754725481e-10
4.479777812877403262e-10
4.251675349499383273e-10
4.035187465230524151e-10
3.829722765984651397e-10
3.634719970429748977e-10
3.449646376699041858e-10
3.273996407174616965e-10
3.107290227367982449e-10
2.949072435124882892e-10
2.798910816573510748e-10
2.656395165417659536e-10
2.521136162349372229e-10
2.392764311520029043e-10
2.270928931164377661e-10
2.155297195620268369e-10
2.045553226127071198e-10
1.941397227919046639e-10
1.842544671256386122e-10
1.748725514156791363e-10
1.659683464704131794e-10
1.575175280919093922e-10
1.494970106279187937e-10
1.418848839072918013e-10
1.346603533865315421e-10
1.278036833439847127e-10
1.212961429664805093e-10
1.151199551811458386e-10
1.092582480926150343e-10
1.036950088929720140e-10
9.841504011851624164e-11
9.340391813386113458e-11
8.864795372994625517e-11
8.413415472833162947e-11
7.985019048961569510e-11
7.578435822902302542e-11
7.192555104714204536e-11
6.826322758848447695e-11
6.478738324497533984e-11
6.148852282571215911e-11
5.835763461833213571e-11
5.538616577112943738e-11
5.256599892867097804e-11
4.988943005708790451e-11
4.734914739846253838e-11
4.493821149682214039e-11
4.265003624117401775e-11
4.047837087379629975e-11
3.841728291463446013e-11
3.646114195515910386e-11
3.460460427741088074e-11
3.284259825621739203e-11
3.117031050470366782e-11
2.958317272524907649e-11
2.807684922997009312e-11
2.664722509663928527e-11
2.529039492768324310e-11
2.400265218155312975e-11
2.278047904732320289e-11
2.162053683485713096e-11
2.051965685428987299e-11
1.947483175991118513e-11
1.848320733480271996e-11
1.754207469378739264e-11
1.664886288339093210e-11
1.580113185860042503e-11
1.499656581723410913e-11
1.423296687371317990e-11
1.350824905495457052e-11
1.282043260198191669e-11
1.216763856168874587e-11
1.154808365397963408e-11
1.096007540026758652e-11
1.040200750001963402e-11
9.872355442721039973e-12
9.369672343270256186e-12
8.892584989428467505e-12
8.439790090526068189e-12
8.010050717178502637e-12
7.602192922285385499e-12
7.215102534082757021e-12
6.847722112487212461e-12
6.499048060417834081e-12
6.168127882204518445e-12
5.854057581593404976e-12
5.555979192241203639e-12
5.273078433952654008e-12
5.004582488258076184e-12
4.749757887254722511e-12
4.507908509944627318e-12
4.278373680595452122e-12
4.060526363929388885e-12
3.853771452210058652e-12
3.657544139547787135e-12
3.471308378982507456e-12
3.294555418129281356e-12
3.126802409386210400e-12
2.967591090908073084e-12
2.816486534742594910e-12
2.673075958709325943e-12
2.536967598775617669e-12
2.407789638849243837e-12
2.285189195064114151e-12
2.168831351784349074e-12
2.058398246693423043e-12
1.953588202468889498e-12
1.854114902670753813e-12
1.759706609592163934e-12
1.670105421935780935e-12
1.585066570287947336e-12
1.504357748466135501e-12
1.427758478912959001e-12
1.355059510403242757e-12
1.286062246418790969e-12
1.220578202629317580e-12
1.158428491997478610e-12
1.099443336101502456e-12
1.043461601340372061e-12
9.903303587546528980e-13
9.399044662604717279e-13
8.920461721554133513e-13
8.466247388131900056e-13
8.035160855391518552e-13
7.626024496109408723e-13
7.237720645783768484e-13
6.869188549437495481e-13
6.519421463884573258e-13
6.187463907543999471e-13
5.872409050288293318e-13
5.573396236196571068e-13
5.289608632444489126e-13
5.020270997908720143e-13
4.764647565390161088e-13
4.522040031670664764e-13
4.291785649912485104e-13
4.073255419189576050e-13
3.865852366204627512e-13
3.669009914498160978e-13
3.482190336694624989e-13
3.304883285557430277e-13
3.136604399840040919e-13
2.976893981124811007e-13
2.825315738034755792e-13
2.681455594387928057e-13
2.544920558038482768e-13
2.415337647314380772e-13
2.292352872118978460e-13
2.175630266913217322e-13
2.064850972936598254e-13
1.959712367159895463e-13
1.859927235590073290e-13
1.765222988669078415e-13
1.675340916623121375e-13
1.590035482728339902e-13
1.509073652562072785e-13
1.432234257407522572e-13
1.359307390072732792e-13
1.290093831473414596e-13
1.224404506413148238e-13
1.162059967074355465e-13
1.102889902808961726e-13
1.046732674889686754e-13
9.934348749509790735e-14
9.428509059133747596e-14
8.948425842464350134e-14
8.492787624837974883e-14
8.060349709590656613e-14
7.649930777838996390e-14
7.260409661394251893e-14
6.890722279994023730e-14
6.539858734484639186e-14
6.206860548013863703e-14
5.890818047696995152e-14
5.590867879604104451e-14
5.306190650279731090e-14
5.036008688352311868e-14
4.779583920118453478e-14
4.536215853298924933e-14
4.305239663458095573e-14
4.086024377859640110e-14
3.877971151797124669e-14
3.680511632690843859e-14
3.493106407481918452e-14
3.315243529082512763e-14
3.146437117856497792e-14
2.986226034310345942e-14
2.834172619368267628e-14
2.689861498790349107e-14
2.552898448467630051e-14
2.422909317494333262e-14
2.299539006075467159e-14
2.182450495477495005e-14
2.071323927372270387e-14
1.965855730059160090e-14
1.865757789178418735e-14
1.770756660650357494e-14
1.680592823690339992e-14
1.595019971858887257e-14
1.513804340210303171e-14
1.436724066701712070e-14
1.363568586118038644e-14
1.294138054857242245e-14
1.228242805004534120e-14
1.165702826204132386e-14
1.106347273913227212e-14
1.050014002694789347e-14
9.965491232742987618e-15
9.458065821503525734e-15
8.976477626108031569e-15
8.519411060644208990e-15
8.085617526537058675e-15
7.673912001670647777e-15
7.283169803185857771e-15
6.912323515110685501e-15
6.560360072430519062e-15
6.226317993632191055e-15
5.909284754162181974e-15
5.608394293623742636e-15
5.322824649903171991e-15
5.051795713762186274e-15
4.794567097762697245e-15
4.550436113702037209e-15
4.318735853033743289e-15
4.098833365029941779e-15
3.890127927708541637e-15
3.692049406801721053e-15
3.504056698283015633e-15
3.325636250198065641e-15
3.156300659761233410e-15
2.995587341885593234e-15
2.843057265509064360e-15
2.698293754264552497e-15
2.560901348217982556e-15
2.430504723564535734e-15
2.306747667332123584e-15
2.189292104291154182e-15
2.077817173412368542e-15
1.972018351349787893e-15
1.871606620554455890e-15
1.776307679746302618e-15
1.685861194587438493e-15
1.600020086509847330e-15
1.518549857754738391e-15
1.441227950779689141e-15
1.367843140283709666e-15
1.298194956189277228e-15
1.232093136005143587e-15
1.169357105073867024e-15
1.109815483284233429e-15
1.053305616901020825e-15
9.996731342331571483e-16
9.487715239265192183e-16
9.004617347292845578e-16
8.546117956365542180e-16
8.110964553765426896e-16
7.697968402535057593e-16
7.306001294126938998e-16
6.933992466402750529e-16
6.580925678562399624e-16
6.245836435012716823e-16
5.927809350591872177e-16
5.625975649952001320e-16
5.339510794268784827e-16
5.067632228795037118e-16
4.809597245104736273e-16
4.564700952187954854e-16
4.332274350854064789e-16
4.111682506182995170e-16
3.902322813032000064e-16
3.703623349859941599e-16
3.515041316371816965e-16
3.336061550715776034e-16
3.166195122181860429e-16
3.004977995558069724e-16
2.851969763495044315e-16
2.706752443416619106e-16
2.568929335689490105e-16
2.438123939932942431e-16
2.313978926508178377e-16
2.196155160377625948e-16
2.084330774667585402e-16
1.978200291403525817e-16
1.877473787015927560e-16
1.781876100337150560e-16
1.691146080925706523e-16
1.605035875664552597e-16
1.523310251684549256e-16
1.445745953763476272e-16
1.372131094445176990e-16
1.302264575212722209e-16
1.235955537134524821e-16
1.173022839482494338e-16
1.113294564898096238e-16
1.056607549754480477e-16
1.002806938431749848e-16
9.517457602877542546e-17
9.032845281687933718e-17
8.572908573634524584e-17
8.136391039586438314e-17
7.722100216099272546e-17
7.328904357884920967e-17
6.955729346148864081e-17
6.601555754350070866e-17
6.265416063366740728e-17
5.946392018461218047e-17
5.643612120823577517e-17
5.356249246841430174e-17
5.083518388592362628e-17
4.824674509386537154e-17
4.579010508501338286e-17
4.345855289548166840e-17
4.124571927194619306e-17
3.914555927233983920e-17
3.715233575248976036e-17
3.526060369358506330e-17
3.346519532766507491e-17
3.176120602048916778e-17
3.014398087322746488e-17
2.860910200636986881e-17
2.715237649111615083e-17
2.576982489527866391e-17
2.445767041240763244e-17
2.321232854444242051e-17
2.203039730970416539e-17
2.090864794948036259e-17
1.984401610781404054e-17
1.883359346040195953e-17
1.787461976973615315e-17
1.696447534478232136e-17
1.610067388459895849e-17
1.528085568634679943e-17
1.450278119913447675e-17
1.376432490609119228e-17
1.306346951795350057e-17
1.239830046230453150e-17
1.176700065341155634e-17
1.116784552837424375e-17
1.059919833602369425e-17
1.005950566570210737e-17
9.547293203709946242e-18
9.061161705826647936e-18
8.599783174903915010e-18
8.161897233089213301e-18
7.746307678769315203e-18
7.351879218828258273e-18
6.977534367293032351e-18
6.622250501894798533e-18
6.285057070504887113e-18
5.965032939814181090e-18
5.661303879013169911e-18
5.373040171598406261e-18
5.099454348782021608e-18
4.839799038311657673e-18
4.593364922824940979e-18
4.359478802160941910e-18
4.137501754335337687e-18
3.926827390155528010e-18
3.726880196707684756e-18
3.537113965190558395e-18
3.357010298801235864e-18
3.186077196596754347e-18
3.023847709463026372e-18
2.869878664519373981e-18
2.723749454474374650e-18
2.585060888625373741e-18
2.453434102363204992e-18
2.328509522203005515e-18
2.209945883513852798e-18
2.097419298263894104e-18
1.990622370234266401e-18
1.889263355284778242e-18
1.793065364377394599e-18
1.701765607180377963e-18
1.615114674186782417e-18
1.532875855386233897e-18
1.454824493628695501e-18
1.380747370913934012e-18
1.310442125929943381e-18
1.243716701249349088e-18
1.180388818673596811e-18
1.120285481291697628e-18
1.063242500893272219e-18
1.009104049444899492e-18
9.577222334045032155e-19
9.089566897109092157e-19
8.626742023449086667e-19
8.187483384143663821e-19
7.770591027692126271e-19
7.374926102028946389e-19
6.999407743446974032e-19
6.643010123931568677e-19
6.304759648839227703e-19
5.983732297265547571e-19
5.679051097837000168e-19
5.389883733030973836e-19
5.115440265479668037e-19
4.854970980046615506e-19
4.607764335780899284e-19
4.373145022154322907e-19
4.150472114271419387e-19
3.939137322013276158e-19
3.738563328331569470e-19
3.548202212153932075e-19
3.367533951592189532e-19
3.196065003364619091e-19
3.033326954551550207e-19
2.878875243001210252e-19
2.732287942890274730e-19
2.593164612121551183e-19
2.461125198410159881e-19
2.335809001069914329e-19
2.216873685663641365e-19
2.103994348825954000e-19
1.996862630703449505e-19
1.895185872587983197e-19
1.798686317441771424e-19
1.707100351130358188e-19
1.620177782290676312e-19
1.537681158866966093e-19
1.459385119447494766e-19
1.385075777630075597e-19
1.314550137734619298e-19
1.247615540266593707e-19
1.184089135616467273e-19
1.123797384557550005e-19
1.066575584177521310e-19
1.012267417948742101e-19
9.607245287081917560e-20
9.118061133805201482e-20
8.653785383370956231e-20
8.213149743402972791e-20
7.794950500758070795e-20
7.398045233264327741e-20
7.021349688891849122e-20
6.663834823830715868e-20
6.324523991384882569e-20
6.002490274002444635e-20
5.696853951154745660e-20
5.406780096146177602e-20
5.131476295290476789e-20
4.870190483222523902e-20
4.622208888432291313e-20
4.386854083408608166e-20
4.163483134066212623e-20
3.951485843400732799e-20
3.750283084573696839e-20
3.559325218873944299e-20
3.378090594233696585e-20
3.206084120197455881e-20
3.042835915451234979e-20
2.887900024216994491e-20
2.740853198006159673e-20
2.601293739404091360e-20
2.468840404727037651e-20
2.343131362553870528e-20
2.223823205287576769e-20
2.110590011046302105e-20
2.003122453321274046e-20
1.901126955969381668e-20
1.804324891232073963e-20
1.712451818589670455e-20
1.625256762372010206e-20
1.542501526151774488e-20
1.463960042047772042e-20
1.389417753160547865e-20
1.318671027453295234e-20
1.251526601476927745e-20
1.187801052419698172e-20
1.127320297039129548e-20
1.069919116107457625e-20
1.015440703071479979e-20
9.637362356938652434e-21
9.146644695057045797e-21
8.680913519598165841e-21
8.238896562306253047e-21
7.819386336603418850e-21
7.421236839019735970e-21
7.043360418580748150e-21
6.684724805600299890e-21
6.344350291762037974e-21
6.021307053786256975e-21
5.714712613370943456e-21
5.423729426468181392e-21
5.147562595310446657e-21
4.885457696936328600e-21
4.636698722284302006e-21
4.400606120223881837e-21
4.176534941181475365e-21
3.963873075289525560e-21
3.762039580246031772e-21
3.570483094316533820e-21
3.388680330143269380e-21
3.216134645246938143e-21
3.052374685316019965e-21
2.896953096577430294e-21
2.749445303731013986e-21
2.609448350109499891e-21
2.476579796895390927e-21
2.350476678387997347e-21
2.230794510466255249e-21
2.117206349538989081e-21
2.009401899411756336e-21
1.907086663630477409e-21
1.809981140986248994e-21
1.717820061983641690e-21
1.630351664186705307e-21
1.547337004463085262e-21
1.468549306247469863e-21
1.393773340041252240e-21
1.322804835456018392e-21
1.255449923194852797e-21
1.191524605446883418e-21
1.130854253248459868e-21
1.073273129437812611e-21
1.018623935900030193e-21
9.667573838655290541e-22
9.175317860881751796e-22
8.708126697889860973e-22
8.264724093080600988e-22
7.843898774612302757e-22
7.444501146490333010e-22
7.065440148140456994e-22
6.705680273887760590e-22
6.364238744197983124e-22
6.040182820954559702e-22
5.732627259437019960e-22
5.440731890040190719e-22
5.163699323128043725e-22
4.900772770752363979e-22
4.651233979285715105e-22
4.414401267321111549e-22
4.189627663478417031e-22
3.976299139030423400e-22
3.773832930520372659e-22
3.581675947789152659e-22
3.399303263062686934e-22
3.226216676972494810e-22
3.061943357591953352e-22
2.906034548770456027e-22
2.758064344236941566e-22
2.617628524123926213e-22
2.484343450733708134e-22
2.357845020530219981e-22
2.237787669493631951e-22
2.123843429120560940e-22
2.015701030491110521e-22
1.913065053955187818e-22
1.815655122115444330e-22
1.723205133901981015e-22
1.635462537646694873e-22
1.552187641171402396e-22
1.473152957005068841e-22
1.398142580941432151e-22
1.326951602239388774e-22
1.259385543854944198e-22
1.195259831175577190e-22
1.134399287805721155e-22
1.076637657025975452e-22
1.021817147618741331e-22
9.697880028196989990e-23
9.204080912174456513e-23
8.735425184838484850e-23
8.290632588744038422e-23
7.868488054919508526e-23
7.467838383583504276e-23
7.087589093873711311e-23
6.726701433982080391e-23
6.384189543528696081e-23
6.059117760422622075e-23
5.750598064852723676e-23
5.457787653425813504e-23
5.179886636825854678e-23
4.916135854703930205e-23
4.665814801830395424e-23
4.428239659843713946e-23
4.202761429219190709e-23
3.988764156354609533e-23
3.785663250929563898e-23
3.592903888941914825e-23
3.409959497058847123e-23
3.236330314142118470e-23
3.071542026017954766e-23
2.915144469761969185e-23
2.766710403959850719e-23
2.625834341584007783e-23
2.492131442298207127e-23
2.365236461164107363e-23
2.244802750877814232e-23
2.130501314810811539e-23
2.022019908268394057e-23
1.919062185510450811e-23
1.821346890204460649e-23
1.728607087099207325e-23
1.640589432820341294e-23
1.557053483795695299e-23
1.477771039419955454e-23
1.402525518664122324e-23
1.331111368426985257e-23
1.263333502012298915e-23
1.199006766197717989e-23
1.137955435439654607e-23
1.080012731832337248e-23
1.025020369509719072e-23
9.728281222456441186e-24
9.232934130710584128e-24
8.762809247871955303e-24
8.316622303107577532e-24
7.893154418412438387e-24
7.491248778921239663e-24
7.109807472761470780e-24
6.747788491815926290e-24
6.404202885201112611e-24
6.078112057685563615e-24
5.768625205667963314e-24
5.474896883710803652e-24
5.196124694981886477e-24
4.931547099294516754e-24
4.680441332758459193e-24
4.442121433358666939e-24
4.215936367067939072e-24
4.001268249374957081e-24
3.797530657368704059e-24
3.604167027768742666e-24
3.420649136524974645e-24
3.246475655833512463e-24
3.081170784626798915e-24
2.924282948796760392e-24
2.775383567600344435e-24
2.634065882877520057e-24
2.499943847883459465e-24
2.372651072699461428e-24
2.251839823341622170e-24
2.137180071833315831e-24
2.028358594646154254e-24
1.925078117046845859e-24
1.827056501012398607e-24
1.734025974495266406e-24
1.645732399932963452e-24
1.561934580003896838e-24
1.482403598732895426e-24
1.406922196146497265e-24
1.335284174769696467e-24
1.267293836342850041e-24
1.202765447219928191e-24
1.141522730987845797e-24
1.083398386920637563e-24
1.028233632953154662e-24
9.758777719257311932e-25
9.261877799149146156e-25
8.790279155256777459e-25
8.342693490777886211e-25
7.917898106733628525e-25
7.514732561842012234e-25
7.132095502464691123e-25
6.768941653967384910e-25
6.424278965274726140e-25
6.097165898819870909e-25
5.786708858484658585e-25
5.492059748504819660e-25
5.212413656671404333e-25
4.947006655499554609e-25
4.695113715357931049e-25
4.456046723857926646e-25
4.229152606092143773e-25
4.013811540587030279e-25
3.809435266096097662e-25
3.615465474608271355e-25
3.431372286181476152e-25
3.256652801434905565e-25
3.090829727746103440e-25
2.933450075399449736e-25
2.784083920124604697e-25
