3.937723049054168284e-02
3.026127268484909635e-02
2.357791595979151153e-02
1.929912103011547156e-02
1.634690330275970563e-02
1.416605134972362574e-02
1.248329127472872120e-02
1.114469243873091910e-02
1.004659343624831301e-02
9.134863335749697152e-03
8.334450876706383030e-03
7.626685588937633271e-03
7.045315354694602593e-03
6.533388523929569217e-03
6.063873210859271889e-03
5.662693161849770458e-03
5.293817055850827576e-03
4.938406522770007190e-03
4.628228225900437101e-03
4.345350454672844941e-03
4.074595057069797972e-03
3.825129368269966201e-03
3.580432036962338284e-03
3.347477625478818223e-03
3.136225956581289737e-03
2.955864513437828599e-03
2.767188666667117630e-03
2.598073159609140797e-03
2.440075984703758086e-03
2.296477906225535045e-03
2.156311701942404974e-03
2.031609079526594704e-03
1.915737992466061846e-03
1.803211471646539192e-03
1.705013529291262960e-03
1.605415301672431403e-03
1.513446446041124714e-03
1.433361546159751939e-03
1.354888485430673362e-03
1.280159592732444188e-03
1.211612774782909203e-03
1.146753038894246686e-03
1.088058587763108404e-03
1.029424580600181351e-03
9.782587615095497246e-04
9.280969838908677575e-04
8.798022532902597011e-04
8.344592031372899356e-04
7.943613462257435431e-04
7.523595043155497947e-04
7.173993847019404088e-04
6.844171260481250523e-04
6.528687326402044964e-04
6.197387220640955758e-04
5.881231686914961763e-04
5.586936721691953840e-04
5.310707786967574888e-04
5.068193154512011175e-04
4.852542507928014155e-04
4.631048944416951241e-04
4.433632228243279487e-04
4.238666850780387963e-04
4.026676422271391440e-04
3.843866998415383608e-04
3.665255072351808105e-04
3.511290853325394748e-04
3.365520149989808976e-04
3.205051488384242329e-04
3.050009351924731988e-04
2.911253506899858824e-04
2.809412136460751616e-04
2.673107630146658682e-04
2.563264149916058836e-04
2.462900298699887813e-04
2.354040711951833594e-04
2.254042882543162620e-04
2.146006005362425184e-04
2.056841078256463112e-04
1.978905297244815825e-04
1.893806906000161986e-04
1.808493602868535902e-04
1.745353162075653623e-04
1.672880844190635923e-04
1.610301189102822503e-04
1.545884708981040841e-04
1.480007499627492842e-04
1.412787090980366345e-04
1.357611821998403422e-04
1.309286869413689859e-04
1.257247970782232127e-04
1.207522732933963213e-04
1.170608258348197392e-04
1.114888993652335186e-04
1.076523863829504746e-04
1.035341373488393892e-04
1.000572659774119372e-04
9.574156664714483225e-05
9.221634010114856418e-05
8.834926933493661384e-05
8.448219856872466349e-05
8.128773484877205226e-05
7.815069289861991189e-05
7.553817027261010611e-05
7.294848203459112341e-05
6.997631779772572555e-05
6.704243474072730375e-05
6.450210907674732254e-05
6.238455539042113039e-05
5.984422972644114918e-05
5.766589627208053043e-05
5.535055648977491906e-05
5.316819343753356562e-05
5.182163614572130917e-05
4.968964306698914261e-05
4.780916405597951076e-05
4.614561173088277261e-05
4.443605482998098190e-05
4.269392534620992089e-05
4.111230817802146131e-05
3.982854545318398863e-05
3.818782751607808709e-05
3.685134421896767073e-05
3.560922067223112983e-05
3.426064858147850943e-05
3.351869887168819524e-05
3.236307735945809482e-05
3.139543658836428376e-05
3.053488238095099661e-05
2.926861482691238897e-05
2.858217282792919548e-05
2.722339242254537649e-05
2.640467887312705888e-05
2.560090841584980158e-05
2.450838369043554325e-05
2.329829544685084542e-05
2.268213635090413652e-05
2.215849010630263218e-05
2.140052274493639306e-05
2.110982083782370734e-05
2.042720695682721078e-05
1.958344274058365823e-05
1.881543496449792035e-05
1.799742659470873318e-05
1.743983098796203561e-05
1.658327279844714860e-05
1.624025327884958791e-05
1.558363030418383240e-05
1.499943935142428731e-05
1.477049103183386545e-05
1.433314534184476722e-05
1.386843196624901348e-05
1.357205504212095992e-05
1.334978913901608786e-05
1.282526981487376004e-05
1.257869200455512142e-05
1.228604245846674760e-05
1.182163130271204710e-05
1.144090146294727551e-05
1.111389959492563636e-05
1.102027860416322925e-05
1.042252133853854170e-05
1.004098557919762419e-05
9.741049176941587315e-06
9.515895395355524446e-06
9.092351078107944356e-06
8.717464155270238728e-06
8.455305233146092001e-06
8.113024473159999677e-06
7.975984565232672511e-06
7.726586036397520627e-06
7.395353090601109044e-06
7.283330269516678035e-06
7.153812277633389613e-06
6.757434166098431520e-06
6.652328821375928545e-06
6.537955401527735640e-06
6.400445373847656264e-06
6.235231860737524279e-06
5.952824209262685284e-06
5.781062599596359447e-06
5.566788732288279193e-06
5.502382326161199351e-06
5.271184147754033617e-06
5.156609248011803809e-06
4.957882912526892879e-06
4.807411011663783451e-06
4.665904966085308175e-06
4.611236754836671320e-06
4.554453004700648251e-06
4.297901939627190957e-06
4.288835344395537930e-06
4.046052072081258301e-06
3.924358216083063555e-06
3.879159559854153534e-06
3.756491884368114743e-06
3.610519701138492204e-06
3.551452512203386065e-06
3.516327850676313164e-06
3.460450760063455736e-06
3.317205271399796945e-06
3.191706803402541483e-06
3.062961151113060627e-06
2.977849327875471649e-06
2.955337307715098901e-06
2.862941986308080908e-06
2.753514897858490041e-06
2.689289823636043666e-06
2.690864724807763950e-06
2.640081717515801979e-06
2.575433535515878361e-06
2.464757271723259626e-06
2.290047339607529277e-06
2.203857598936843332e-06
2.176513419317822763e-06
2.116593298831294468e-06
2.103446735745396478e-06
1.990476959158992955e-06
2.012280441692002918e-06
2.002679924741151631e-06
1.917286029651910735e-06
1.931352684253909708e-06
1.844538355911709617e-06
1.814652171629592391e-06
1.781686702966946835e-06
1.688801113817772984e-06
1.662813565485266618e-06
1.609011717780987473e-06
1.585411706192816464e-06
1.600955880017751528e-06
1.537969907143630669e-06
1.491710123472793705e-06
1.413636664533554438e-06
1.383663172297354736e-06
1.389173647399259553e-06
1.328450965334818327e-06
1.267761863252716303e-06
1.232791669644405126e-06
1.237016031422709037e-06
1.236149667878350903e-06
1.197015556459946759e-06
1.182690335993934198e-06
1.113344314464720200e-06
1.052010476721700593e-06
1.048954698328809959e-06
1.025562882631143736e-06
1.011167144202218301e-06
9.898807933972359382e-07
9.608945526418160469e-07
9.148597548526535753e-07
8.548590424085105823e-07
8.464741208183479633e-07
8.281629564486416429e-07
8.059464401328563673e-07
7.861913365225534749e-07
7.425608654688960664e-07
7.218856703424919790e-07
7.199346733685695250e-07
6.902331789893191774e-07
7.130977889642558709e-07
7.231516356766895546e-07
6.988061484805827227e-07
7.301127660156591437e-07
6.806192300455323375e-07
6.998236219454682164e-07
6.674693089614007239e-07
6.891653355509243521e-07
6.411258128160961535e-07
6.202558537921232572e-07
6.120824860906991537e-07
5.753560594060343317e-07
5.520817736465561607e-07
5.270277488230868611e-07
5.069905733611323676e-07
4.972826004667951704e-07
5.177932536797359209e-07
5.283306521378577913e-07
5.277564344398529768e-07
4.684474696319028507e-07
4.486722180321961516e-07
4.465499631483424780e-07
4.307371494646918425e-07
4.312173432121460880e-07
4.308345314134762999e-07
4.211769284926482226e-07
4.064554642350300018e-07
4.237525131380846640e-07
4.033526738668641363e-07
3.983022445230095993e-07
3.957300178758072051e-07
3.861362169214241190e-07
3.720829943123610699e-07
3.664751372616716368e-07
3.821838530000699322e-07
3.407495127914130653e-07
3.425762638306795842e-07
3.315217336445301136e-07
3.122773815656102905e-07
3.040415550970349206e-07
3.178513228341369056e-07
2.998030897261485937e-07
3.052336444700856281e-07
2.989410915794946684e-07
2.770096693137714776e-07
2.508511988711572969e-07
2.426842113663777773e-07
2.509257464319508686e-07
2.455734330468647519e-07
2.297075629911177322e-07
2.301286559696545468e-07
2.437859705869353677e-07
2.324842917307675134e-07
2.280963954384705855e-07
2.458655788932180182e-07
2.146412323148732656e-07
2.065387183761854936e-07
1.970889755460387182e-07
2.023922621569092809e-07
1.969885713988437507e-07
1.864286743525544786e-07
1.825629467856361158e-07
2.015144814185558366e-07
1.841318035605355911e-07
1.663508671119693373e-07
1.609918377304152585e-07
1.587769020953046348e-07
1.609471763539037806e-07
1.574864233739993087e-07
1.522076501502365230e-07
1.441894219672208213e-07
1.357161850235054606e-07
1.353830715986980359e-07
1.348595596740259049e-07
1.350069757964961040e-07
1.309884593099331989e-07
1.326023132611675569e-07
1.304387549990362938e-07
1.271106429493726368e-07
1.280287196665334035e-07
1.494614791945156714e-07
1.452384606155054587e-07
1.529873773401587269e-07
1.328390521366607383e-07
1.200299678732745668e-07
1.320757791380848628e-07
1.206824269301302461e-07
1.126967713299838230e-07
1.095701391743569105e-07
1.056738538235096180e-07
1.000780855664623975e-07
1.035072733629678183e-07
1.048172284740300624e-07
9.748168133197552517e-08
1.034679847836306438e-07
1.178697676093772715e-07
9.793198889514766372e-08
8.180822457503364021e-08
7.535717416780042997e-08
7.408449283713498496e-08
8.051438785549434629e-08
7.295922762893973905e-08
6.976879350686787510e-08
6.762571903396367790e-08
9.199538381735493497e-08
7.892303249242744287e-08
7.641158561325941058e-08
7.305660957772416998e-08
7.001459897759270605e-08
7.040379097290701181e-08
7.139742265033157757e-08
6.918584501345488195e-08
6.827784229099595245e-08
6.749274230389943181e-08
6.574725482189442017e-08
6.208300714901278864e-08
6.043960281331972843e-08
5.868101913820233633e-08
5.758530431446582574e-08
7.553279747543579183e-08
7.322383788977467851e-08
6.448229688716704551e-08
6.219415689055640285e-08
6.092315455900792850e-08
5.906181613793178214e-08
5.459601428660730158e-08
5.396202422003834595e-08
6.874057444763368186e-08
6.528385106560990778e-08
6.065619369940923540e-08
5.957626146737228348e-08
5.576291867290345572e-08
7.009183293697344929e-08
6.430801677882526283e-08
5.182633734324882762e-08
4.918426433278030288e-08
4.792300019611027427e-08
4.640216279595623144e-08
4.558549762546061994e-08
4.913993875609221644e-08
4.846733170983287595e-08
4.599517341000200487e-08
4.489307838962100311e-08
4.475002766485491318e-08
4.327586644015271703e-08
4.093836386950306932e-08
3.623884534109596380e-08
3.590573191628854576e-08
3.545811075170357219e-08
3.978757787472985209e-08
4.192259315187257422e-08
3.877178340896125634e-08
3.803671759555053035e-08
3.664482732758000929e-08
3.494198642314610680e-08
3.378582763119857948e-08
3.345990032261179880e-08
3.031412757705140615e-08
3.070456203171228025e-08
2.975824454940402486e-08
2.898456175630291401e-08
2.892163286939877050e-08
3.341856336435192967e-08
4.797504916873643107e-08
3.794470844394041614e-08
3.242516674680375118e-08
3.032927214908650114e-08
2.815392731315409096e-08
3.014562322567200335e-08
3.870529504392913330e-08
3.554609030543294886e-08
3.149731825478219956e-08
2.955740267503172417e-08
2.857256895298010798e-08
2.784139841752075631e-08
2.711194046116071776e-08
2.401603398937441409e-08
2.390495140779548811e-08
2.262669580006169480e-08
2.087939499901034927e-08
1.946890142082377115e-08
1.892037240930872626e-08
1.964600224768206878e-08
2.274694571681928776e-08
1.703401690138968920e-08
1.558080958566731700e-08
1.542556932731200694e-08
1.593101522148552380e-08
1.594065267641694879e-08
1.564830535016962773e-08
1.480816777201873795e-08
1.462733956712075677e-08
1.463845454127511753e-08
1.508684804545389483e-08
1.485178816907769235e-08
1.420816064757730511e-08
1.405631196743827884e-08
1.374156679297054218e-08
1.397111955224307466e-08
1.601936415502063442e-08
1.236757465558695111e-08
1.341070322697986364e-08
1.347732591194134989e-08
1.316533429602544823e-08
1.258399764176475572e-08
1.230068333076675167e-08
1.228741923774266554e-08
1.375466298608292925e-08
1.293326303807745644e-08
1.286570011361046741e-08
1.210071453593528042e-08
1.870794544102931673e-08
1.815259969309936512e-08
1.045741094018923931e-08
1.028605229031098571e-08
9.928223998501724346e-09
9.357901578448375149e-09
9.401320495613294650e-09
9.072169508721929234e-09
8.929790383602628894e-09
8.814275244354893938e-09
8.858097121307886532e-09
8.742917781883546371e-09
8.522095818019273588e-09
8.566152754848641877e-09
8.662930263950958203e-09
8.522062238036932785e-09
7.959765433762714551e-09
7.951605498054225340e-09
7.864532603848012296e-09
7.593710046280285673e-09
1.388572565715383394e-08
1.169510192925697052e-08
1.045200456303258675e-08
7.039438857785197575e-09
6.457161964019000632e-09
6.293929669866897103e-09
7.122448574128337242e-09
7.532292258581417083e-09
7.550761248868119215e-09
7.179030844370322111e-09
7.197802054498079889e-09
7.190615938277435086e-09
7.053777510244145551e-09
7.072683040301260751e-09
7.065631244009974197e-09
7.291355885295808170e-09
7.413284801170379240e-09
7.225304060034095714e-09
7.321309229542605005e-09
7.288367266867596648e-09
1.157787421090992410e-08
1.190067858113913087e-08
1.070785044847691413e-08
1.062044175444730629e-08
9.738732158160165070e-09
8.961154087107683204e-09
8.696678146202113571e-09
8.764912670315892194e-09
7.862920764695718274e-09
7.855331688687001206e-09
7.516543246864212458e-09
7.280207331159108263e-09
7.247802648201532074e-09
7.164658611929034159e-09
6.726305522469753281e-09
6.922748419155581665e-09
6.840175242582855066e-09
6.099669472033133231e-09
5.461750547530455852e-09
5.481831376969452006e-09
5.199054345688877638e-09
5.017621701108788475e-09
4.987735516826670765e-09
2.073748599364380032e-08
1.651913503217878554e-08
1.301200809666348288e-08
5.496069289481381710e-09
5.139953576771432636e-09
5.059999638821183616e-09
5.355604223355430211e-09
4.950596056359230782e-09
4.846095151318838312e-09
4.691895872416049303e-09
4.662614127816041231e-09
4.483968621770127044e-09
4.479838283942372888e-09
4.450858759183420463e-09
4.223220058904237648e-09
4.194542753986340868e-09
6.174485672685445365e-09
6.267938763536157028e-09
5.593954938000901520e-09
4.377117117965971838e-09
4.521410302078621019e-09
3.826136767740150081e-09
3.773382615484862068e-09
3.720695623194252765e-09
3.766599459052292011e-09
3.492653963126995617e-09
3.415789383551977220e-09
3.486408086411856487e-09
3.704073531936221177e-09
3.749775887900223050e-09
3.697458275415348104e-09
3.669721210002956171e-09
3.397589033123990759e-09
3.296902814077360974e-09
3.245192999272829829e-09
3.169198141240403405e-09
3.190766563897036994e-09
3.187962635371692443e-09
3.112222985205045038e-09
3.158086525084276809e-09
3.155326250535973482e-09
3.104073123491258729e-09
3.077141977655013807e-09
3.050257843794044272e-09
2.757363163834591868e-09
2.561642236769063037e-09
2.511137943330518660e-09
2.533095893782290344e-09
2.482702414285465901e-09
2.287901578736037766e-09
3.248436825566821611e-09
2.235892902088685965e-09
2.258001962460984645e-09
2.232071500098454954e-09
2.206188049711201478e-09
2.012629673508333421e-09
1.963042113587655990e-09
1.865697102783802097e-09
1.410036890426764837e-09
1.408844801053714101e-09
1.431514647131082022e-09
1.382632266839533329e-09
1.381467041452354243e-09
1.380308532061642863e-09
1.379150022670931482e-09
1.401752708783620486e-09
1.376843077884210797e-09
1.423133083539153354e-09
1.327151420018281343e-09
1.397085091238435816e-09
1.395926581847724643e-09
1.371127764890035096e-09
1.346372601909386773e-09
1.132850926205711237e-09
1.108334181099672979e-09
1.060298016363078772e-09
1.106514146056874498e-09
1.058558573277894827e-09
1.081194839372923392e-09
1.033340006540962200e-09
1.102894223960680861e-09
1.101994280433983489e-09
1.124526448583759619e-09
1.100201109377056244e-09
1.122699697544493019e-09
1.121789680023093778e-09
1.097531500781069529e-09
1.073310259519618797e-09
1.095761835711779977e-09
1.094878682176252387e-09
1.117276530396670681e-09
1.069864953331590263e-09
1.092246011560838776e-09
1.068152374232277967e-09
1.090499852479186918e-09
1.066446511129433584e-09
1.065600295574479099e-09
1.087900761846113076e-09
1.087037756299989016e-09
1.039955263061835273e-09
1.177683560627120931e-09
9.921642321963190421e-10
7.377723599872894337e-10
7.371914262928167655e-10
7.596329284902763873e-10
7.360362749003394449e-10
1.401967620670593063e-09
1.377907563324371610e-09
1.376829645891274972e-09
1.352826674515030775e-09
1.374687243018017522e-09
1.327829735661538225e-09
1.349676872171589560e-09
1.325771282744129680e-09
1.324747093282775928e-09
1.323722903821422590e-09
1.299894548353343495e-09
1.002654618679165598e-09
7.058747347630385660e-10
7.053307390491393128e-10
7.047901013334740158e-10
7.269696796686858797e-10
7.491123200233242251e-10
9.073244068156792329e-10
9.519656353377542491e-10
9.512403077192219804e-10
9.278854300021292654e-10
9.497963684786253555e-10
9.490777568565609993e-10
9.257799651094452298e-10
9.476438916106660362e-10
9.469286379868356362e-10
9.236879322096970191e-10
9.229928265752701496e-10
9.447963091082800543e-10
9.216093313028845298e-10
9.883058922255153400e-10
1.122232935789974552e-09
1.076540653820674341e-09
1.165383213096177763e-09
1.097333378885266525e-09
1.141276143774681129e-09
1.118065659981647911e-09
1.094895472167422168e-09
1.094086194593040994e-09
1.115587457284995873e-09
1.137061855991079102e-09
1.091668435864600374e-09
1.090865874286687112e-09
1.090063312708774057e-09
1.111494057437815856e-09
1.088468263547649816e-09
1.087672417966204880e-09
1.109059508718205248e-09
1.086087442799782301e-09
1.085298313214805071e-09
1.106641749989764214e-09
1.061604277676083812e-09
1.082937640456341087e-09
1.060069672483170576e-09
1.103441577672814070e-09
1.080590399690813134e-09
1.079814702098771729e-09
1.057017252088513678e-09
1.078263306914688711e-09
1.077487609322647306e-09
1.054743887284132555e-09
1.075946288133266158e-09
1.031294985616489273e-09
9.867041270679233932e-10
9.421804284840364310e-10
1.423213675496768097e-09
1.422202918028350170e-09
1.421195518558166406e-09
1.398340982577931513e-09
1.375516668581802227e-09
1.396363121618137504e-09
1.395379228135591433e-09
1.350821949569364909e-09
1.349874994067392150e-09
1.327168210009450918e-09
1.369720763630011783e-09
8.690566589416331656e-10
6.730469440279846172e-10
6.725768242752322974e-10
6.721100625207138305e-10
6.716399427679614073e-10
6.495241663991946082e-10
6.707064192589245768e-10
6.702430155026398593e-10
7.345956936579767762e-10
8.636334917938107249e-10
8.414606294550668768e-10
8.408796957605943120e-10
8.187572033953596005e-10
8.612560290441771661e-10
8.391469686718782794e-10
8.385727509738735236e-10
8.379985332758688712e-10
8.588987142839472412e-10
7.467314992754567308e-09
1.286590159350450313e-09
6.214277951757702903e-10
6.424186421361652713e-10
5.991844148741134650e-10
6.415489205935734022e-10
1.602782631057017969e-09
3.416964682933858175e-09
2.987819224632056713e-09
2.772531241857325169e-09
2.493599118554619712e-09
2.513219902235564898e-09
2.468961485512159650e-09
2.403497309941386844e-09
2.253095927041189704e-09
2.081656685205322403e-09
6.368175010819437713e-10
5.939660856185617333e-10
6.571669703796550790e-10
6.355448197512783966e-10
6.139495331087730538e-10
6.346986041963240142e-10
6.342788544170807276e-10
6.127305797498507718e-10
6.334393548585943610e-10
6.330229630775850306e-10
6.115183423873962989e-10
6.321868215173325169e-10
6.738898015847051468e-10
6.734465458178241665e-10
6.940377909883795983e-10
6.725633922822964725e-10
6.931277734669804613e-10
6.716869547432366910e-10
6.922244719420490300e-10
6.498465342296533713e-10
6.913211704171174953e-10
6.699374376633509807e-10
6.904245848886540798e-10
6.481608191162125190e-10
6.895313573584244137e-10
1.505545076196650303e-08
9.453134408363077404e-09
6.986214585777156518e-09
5.814642581935816054e-09
5.040288189187923060e-09
4.433430748349242691e-09
2.350494665816786897e-09
2.099538025801083644e-09
1.994321867136860774e-09
1.930765034562969310e-09
1.805048296680507619e-09
1.783160864191649016e-09
1.699140390380091836e-09
1.656644922729508020e-09
1.593507839934859635e-09
1.571815171343570286e-09
1.529480887608215955e-09
1.487203689842838673e-09
1.486263450337333619e-09
1.217143397874217837e-09
1.175141555964024138e-09
1.195004115517813345e-09
1.194255281911643589e-09
1.152347463952000250e-09
1.131061113147017949e-09
1.130352575519655255e-09
1.088569003494668296e-09
1.067359886649066781e-09
1.087209014209920163e-09
1.025028960911946406e-09
1.044878088472799788e-09
1.023752921583046972e-09
1.002657976677399555e-09
1.002033389005885766e-09
9.605386048290180078e-10
9.803709423987016086e-10
9.389399601882786053e-10
9.587588657650265881e-10
9.173950435192826058e-10
9.372072330995625727e-10
9.162667561126768316e-10
9.157059704076079007e-10
8.744697520947538411e-10
9.145843989974700389e-10
8.734019086563590720e-10
8.728679869371616875e-10
8.520483978866978532e-10
8.718035014970008746e-10
8.510107764324086901e-10
8.302415573554540957e-10
8.499765129763533798e-10
8.090089345222148872e-10
8.085186667800589335e-10
8.282301164133206275e-10
8.075414892939806722e-10
7.868763681622784104e-10
8.267324492009808065e-10
7.657780652583971405e-10
7.854559349093192723e-10
7.648579737422960315e-10
8.046301048251497288e-10
7.639412402244287753e-10
7.433902910326806114e-10
7.630245067065616225e-10
7.625711769449788770e-10
7.420605237320380844e-10
7.416172679651573110e-10
7.211435527327899334e-10
7.407374724278635732e-10
7.202872631831337857e-10
7.398576768905696286e-10
7.194343316317114909e-10
7.190078658560003952e-10
6.986248165759496287e-10
7.181616503010461162e-10
6.977987490103989836e-10
6.973890732258575656e-10
6.969793974413162510e-10
6.766668661241782549e-10
6.961600458722334150e-10
6.758743785409670686e-10
6.754781347493614755e-10
6.750852489559897352e-10
6.746890051643841421e-10
6.742961193710125051e-10
6.739032335776408682e-10
6.537015162022230138e-10
6.731208199891315506e-10
6.529426086013513897e-10
6.525631548009154743e-10
6.521870589987136185e-10
6.518076051982775997e-10
6.316931957769425035e-10
6.510554135938738880e-10
6.506793177916718254e-10
6.108937547158824066e-10
6.302358245434100538e-10
6.298765187323778756e-10
6.295138549231117413e-10
6.291511911138456070e-10
6.287918853028134288e-10
6.284325794917812507e-10
5.888182743259229787e-10
6.277139678697167911e-10
6.077540263671431641e-10
3.135003645224133410e-10
0.000000000000000000e+00
0.000000000000000000e+00
0.000000000000000000e+00
0.000000000000000000e+00
0.000000000000000000e+00
0.000000000000000000e+00
0.000000000000000000e+00
0.000000000000000000e+00
0.000000000000000000e+00
0.000000000000000000e+00
0.000000000000000000e+00
0.000000000000000000e+00
0.000000000000000000e+00
0.000000000000000000e+00
0.000000000000000000e+00
0.000000000000000000e+00
0.000000000000000000e+00
0.000000000000000000e+00
0.000000000000000000e+00
0.000000000000000000e+00
0.000000000000000000e+00
0.000000000000000000e+00
0.000000000000000000e+00
0.000000000000000000e+00
0.000000000000000000e+00
0.000000000000000000e+00
0.000000000000000000e+00
0.000000000000000000e+00
0.000000000000000000e+00
0.000000000000000000e+00
0.000000000000000000e+00
0.000000000000000000e+00
0.000000000000000000e+00
0.000000000000000000e+00
0.000000000000000000e+00
0.000000000000000000e+00
0.000000000000000000e+00
0.000000000000000000e+00
0.000000000000000000e+00
0.000000000000000000e+00
0.000000000000000000e+00
0.000000000000000000e+00
0.000000000000000000e+00
0.000000000000000000e+00
0.000000000000000000e+00
0.000000000000000000e+00
0.000000000000000000e+00
0.000000000000000000e+00
0.000000000000000000e+00
0.000000000000000000e+00
0.000000000000000000e+00
0.000000000000000000e+00
0.000000000000000000e+00
0.000000000000000000e+00
0.000000000000000000e+00
0.000000000000000000e+00
0.000000000000000000e+00
0.000000000000000000e+00
0.000000000000000000e+00
0.000000000000000000e+00
0.000000000000000000e+00
0.000000000000000000e+00
0.000000000000000000e+00
0.000000000000000000e+00
0.000000000000000000e+00
0.000000000000000000e+00
0.000000000000000000e+00
0.000000000000000000e+00
0.000000000000000000e+00
0.000000000000000000e+00
0.000000000000000000e+00
0.000000000000000000e+00
0.000000000000000000e+00
0.000000000000000000e+00
0.000000000000000000e+00
0.000000000000000000e+00
0.000000000000000000e+00
0.000000000000000000e+00
0.000000000000000000e+00
0.000000000000000000e+00
0.000000000000000000e+00
0.000000000000000000e+00
0.000000000000000000e+00
0.000000000000000000e+00
0.000000000000000000e+00
0.000000000000000000e+00
0.000000000000000000e+00
0.000000000000000000e+00
0.000000000000000000e+00
0.000000000000000000e+00
0.000000000000000000e+00
0.000000000000000000e+00
0.000000000000000000e+00
0.000000000000000000e+00
0.000000000000000000e+00
0.000000000000000000e+00
0.000000000000000000e+00
0.000000000000000000e+00
0.000000000000000000e+00
0.000000000000000000e+00
0.000000000000000000e+00
0.000000000000000000e+00
0.000000000000000000e+00
0.000000000000000000e+00
0.000000000000000000e+00
0.000000000000000000e+00
0.000000000000000000e+00
0.000000000000000000e+00
0.000000000000000000e+00
0.000000000000000000e+00
0.000000000000000000e+00
0.000000000000000000e+00
0.000000000000000000e+00
0.000000000000000000e+00
0.000000000000000000e+00
0.000000000000000000e+00
0.000000000000000000e+00
0.000000000000000000e+00
0.000000000000000000e+00
0.000000000000000000e+00
0.000000000000000000e+00
