3.601804221786759908e-02
2.812633465941923386e-02
2.222882555351513370e-02
1.841567587862727798e-02
1.577600601585157220e-02
1.378904750679435694e-02
1.223205367893800966e-02
1.098715554579234033e-02
9.955395935863718682e-03
9.071581526257026240e-03
8.300189229769421723e-03
7.613815521987283598e-03
7.048017321625074834e-03
6.545044238344462952e-03
6.092581601915129409e-03
5.686569630942463899e-03
5.323219196124829612e-03
4.973570523514005658e-03
4.662422111128737556e-03
4.380030483621959354e-03
4.110968471694152922e-03
3.859803329414253446e-03
3.616723918411953332e-03
3.389409991825390392e-03
3.178345340270755971e-03
2.993222691827682191e-03
2.802578740687938080e-03
2.633170829393168943e-03
2.471439288085375188e-03
2.327455757774354091e-03
2.187122647567319757e-03
2.061350619962288525e-03
1.945772026808891388e-03
1.830521599318225357e-03
1.733462375626576351e-03
1.633270353958752750e-03
1.544706222835326003e-03
1.461788571001569918e-03
1.382775075608964335e-03
1.307192095494804545e-03
1.237698787472560217e-03
1.170695478705677120e-03
1.110871216704930079e-03
1.053432076273516779e-03
1.002109673143316421e-03
9.508549330363596543e-04
9.004899616850550259e-04
8.552538474956082430e-04
8.140301505845013406e-04
7.722245516735003505e-04
7.367014644706590702e-04
7.030526430116628128e-04
6.700533865758043434e-04
6.367090487214039241e-04
6.049446424597394343e-04
5.761201945580052925e-04
5.480806377258957973e-04
5.237963786838010973e-04
5.009398094321442993e-04
4.777077104014860217e-04
4.576963712772187708e-04
4.376342848855188259e-04
4.155152425872163011e-04
3.970094057301170177e-04
3.789839763380467054e-04
3.623625546782791355e-04
3.469387685299216454e-04
3.302293849399374820e-04
3.152694288159142212e-04
3.014414750707548733e-04
2.900077774030669999e-04
2.763909322904273681e-04
2.646997768192979280e-04
2.544048478327982834e-04
2.433510780406227328e-04
2.331204289262044408e-04
2.224662092862817668e-04
2.131848723879698577e-04
2.047882295185668227e-04
1.965793515386645275e-04
1.880345266483582063e-04
1.818223844843717984e-04
1.739528365660356600e-04
1.672129228207499077e-04
1.606110416428808865e-04
1.536880994197214480e-04
1.470936611744092177e-04
1.417384711998018372e-04
1.360480109450228786e-04
1.307770614343536420e-04
1.259570859736023967e-04
1.219040708813163095e-04
1.162569149614131999e-04
1.127570450841427769e-04
1.084442039826016233e-04
1.044977581519240524e-04
1.000749646376121975e-04
9.636195623712472851e-05
9.228052267507637395e-05
8.815071005140890650e-05
8.491269607409086644e-05
8.157860060376703488e-05
7.886632831705104988e-05
7.621089296985959966e-05
7.329766150411039943e-05
7.021087438374159313e-05
6.766302324350731737e-05
6.545923857646629266e-05
6.299495126993775367e-05
6.081518697614816667e-05
5.845104094402001814e-05
5.613053756188393569e-05
5.445520110637468966e-05
5.233531858815560530e-05
5.048947131407272785e-05
4.854077624465971599e-05
4.680826453450971127e-05
4.487513196044270845e-05
4.340041636885046730e-05
4.191521300865548106e-05
4.016240239153242046e-05
3.888255630688148591e-05
3.762537733501711371e-05
3.633098370036882155e-05
3.541753288658146969e-05
3.411840284030613071e-05
3.298487804341927791e-05
3.198163839778778975e-05
3.080345600556021944e-05
3.009282510394528729e-05
2.872437429035697306e-05
2.785040485063220824e-05
2.703479476845497230e-05
2.594650270260640142e-05
2.467396422446575994e-05
2.404960367748629495e-05
2.350522082398065547e-05
2.275676629237260098e-05
2.225852962071903513e-05
2.157202058689040720e-05
2.072213918344033572e-05
1.982803999430063038e-05
1.899842366631198696e-05
1.851047177419143320e-05
1.768203954910954980e-05
1.727528328488120600e-05
1.669622313196327177e-05
1.600548515918192612e-05
1.571950739144324243e-05
1.522810468513727174e-05
1.478223919347417908e-05
1.444632611458178769e-05
1.408348315243847995e-05
1.347387314452610049e-05
1.327514684525991943e-05
1.296132574345653275e-05
1.251667818621182453e-05
1.218194921022619315e-05
1.181139266343312465e-05
1.158275930789331331e-05
1.107589560077620007e-05
1.076126254269389157e-05
1.033887612009629664e-05
1.013453378990090486e-05
9.697532154282713626e-06
9.296053605867361710e-06
9.023879094870354184e-06
8.673486129003850638e-06
8.523883184612457146e-06
8.243961257454066131e-06
7.987822882965770648e-06
7.813725924160226294e-06
7.648932631050663625e-06
7.269985869375400921e-06
7.155161718931168684e-06
7.004374671633012639e-06
6.846652164452397474e-06
6.720359131568390597e-06
6.443279051386228523e-06
6.237718786772453149e-06
6.038518846343567409e-06
5.911007879041177789e-06
5.676893818618642411e-06
5.571846975033097388e-06
5.360264701350650375e-06
5.176424267198040690e-06
5.032674174317209418e-06
4.976649191071585463e-06
4.893423672482070934e-06
4.636642499272961349e-06
4.608832996719879405e-06
4.393089447107956749e-06
4.281716110849143130e-06
4.239663541903303915e-06
4.125313032621776360e-06
3.901923561383336714e-06
3.795861772449138982e-06
3.750899693503828328e-06
3.667978658518910332e-06
3.533227747729465483e-06
3.424831584493366647e-06
3.329748121080427930e-06
3.216081008333659976e-06
3.164014311947781205e-06
3.088948953961433849e-06
3.022561378706067134e-06
2.951153207126031295e-06
2.919382034562042571e-06
2.836914341832855873e-06
2.774495202890720400e-06
2.669272435444741919e-06
2.532166851446423005e-06
2.428236447744395920e-06
2.407054538318016239e-06
2.338856977190885081e-06
2.317522825962206922e-06
2.210584800877006036e-06
2.216102720422513976e-06
2.170954568163283806e-06
2.080776673935499215e-06
2.073814148843742672e-06
1.983169379755577860e-06
1.952352255819322539e-06
1.909853110920075640e-06
1.855144173476537848e-06
1.817628410239175112e-06
1.790079410325580913e-06
1.719226075536142447e-06
1.727349021476525504e-06
1.645662836665801193e-06
1.593180012686974604e-06
1.551553720787568840e-06
1.517847385758815888e-06
1.534069595581446810e-06
1.473423227848291242e-06
1.406599226093003113e-06
1.361089076659420394e-06
1.356122610753346750e-06
1.338347534547277323e-06
1.325873856212336878e-06
1.303494311274546779e-06
1.216178562929962820e-06
1.164152464358030182e-06
1.152619302046174217e-06
1.138677336106849554e-06
1.118940032226718476e-06
1.091928953347910284e-06
1.044121644275210153e-06
1.011078406874243417e-06
9.546643612449692776e-07
9.712316524861420194e-07
9.165666960077122748e-07
8.889635656755235478e-07
8.809387311188435944e-07
8.321807565695721851e-07
7.913528883444398563e-07
7.883249680542928825e-07
7.571086322809007905e-07
7.779962075561715843e-07
7.881219789845624254e-07
7.627483452682471314e-07
7.840148334736814170e-07
7.375979995286354673e-07
7.439583237135251005e-07
7.205976649387041769e-07
7.366845487148480926e-07
6.852437352939716349e-07
6.710277341105108332e-07
6.476704584868520346e-07
6.113692465167104456e-07
5.911887498343343386e-07
5.806637665688068329e-07
5.738974642444560738e-07
5.604866530375928509e-07
5.688768679197877965e-07
5.749157927442708019e-07
5.725306711749371895e-07
5.272370434157334273e-07
5.058656775242715766e-07
4.965146477120188727e-07
4.869437130742247697e-07
4.951986019099327086e-07
4.856953302953820560e-07
4.803499514591450261e-07
4.631297120436723896e-07
4.711511634491901651e-07
4.479156812673697678e-07
4.422015389544556208e-07
4.391668523619842914e-07
4.461496763607142190e-07
4.485889283486426765e-07
4.492655585810777630e-07
4.404625992570973886e-07
3.959809277768157197e-07
3.927567847192626445e-07
3.755839094200604444e-07
3.567566732025545633e-07
3.478319204367358936e-07
3.590808980509689751e-07
3.486743250761175871e-07
3.678364932586788600e-07
3.466647332857853945e-07
3.258116661523688779e-07
3.142774888951644025e-07
2.968156924867125134e-07
2.961116587298638342e-07
2.887854448881730438e-07
2.902401998879084453e-07
2.730696927945198067e-07
2.778977878180602775e-07
2.676833778292204200e-07
2.589034239331428972e-07
2.728223844445647620e-07
2.457791656297160134e-07
2.436995426103268089e-07
2.555172279349215629e-07
2.439434678091196228e-07
2.362755557000491907e-07
2.238641273464926272e-07
2.181943043138029090e-07
2.459483231878247453e-07
2.201923933901837024e-07
2.008438135785865589e-07
1.984451594046042088e-07
1.895092422399504422e-07
1.979661052000401955e-07
1.975049816966356875e-07
1.854870138232401551e-07
1.748439585821526490e-07
1.642861587503520080e-07
1.598271655186048774e-07
1.564528105494511654e-07
1.512897835608553027e-07
1.452836753026454062e-07
1.533582421814093576e-07
1.410868762859668445e-07
1.373007918203763995e-07
1.377182726737888454e-07
1.543356345521618083e-07
1.525344448734196420e-07
1.583903412200289812e-07
1.420798311520653184e-07
1.311607107761443356e-07
1.403831808442343619e-07
1.298318089996418534e-07
1.249888281109878056e-07
1.171213100833490015e-07
1.136373410165408130e-07
1.083555654221526360e-07
1.104382332775877821e-07
1.103059520671467169e-07
1.118984013191826735e-07
1.143224291268813176e-07
1.384591827783052574e-07
1.075104542618412240e-07
9.008790240687052354e-08
8.570638333673719342e-08
8.405269904866587927e-08
8.890684433615509012e-08
8.191285593858995988e-08
7.899488806121369896e-08
7.741055837196697707e-08
9.770337567292726573e-08
8.520127886822442683e-08
8.202145509089579362e-08
7.944755368671277559e-08
7.837069667179235535e-08
7.779285445329280544e-08
7.919787713094422226e-08
7.659251242095298761e-08
7.453792472016388033e-08
7.956799386808621844e-08
7.788453784978776335e-08
7.372157034473096654e-08
7.065068403482439015e-08
6.768602867141011243e-08
6.634663912630488699e-08
8.054809275976842730e-08
7.836460699970044587e-08
7.201375563806483382e-08
7.009144914771680499e-08
6.909883259673455411e-08
6.888704733398237642e-08
6.500995610212939321e-08
6.461040594987649239e-08
8.944138221977880105e-08
8.272413558727960695e-08
7.812541821253463582e-08
7.394857978771293116e-08
7.113176813008572866e-08
8.465692984623040554e-08
7.565876270019258570e-08
6.260487394093893696e-08
6.053607700526869875e-08
5.954988844149458042e-08
5.746654395582698157e-08
5.586597514100181676e-08
5.858535204515838157e-08
5.660688524551822881e-08
5.410978137271659158e-08
5.321087810892659072e-08
5.283602496015756413e-08
5.198854559403263694e-08
5.438516987731766189e-08
4.843251540747010469e-08
5.200816787077325106e-08
5.444369839242329441e-08
5.560141272011970619e-08
5.558043718291421301e-08
5.255251689276726574e-08
4.901577066782913777e-08
4.773761615875928313e-08
4.604096585092834646e-08
4.642968991946229416e-08
4.768111753435095597e-08
4.473168635116647181e-08
4.535350953477430021e-08
4.425229383148622220e-08
4.243317345158453070e-08
4.157013159011359350e-08
4.657482710431961786e-08
5.860666589748008460e-08
4.794466500988442378e-08
4.285200756546184242e-08
4.063266040307479732e-08
3.890217858362210236e-08
4.666042082872265304e-08
5.106629858722362769e-08
4.542590896964486045e-08
3.938596919981317915e-08
3.640744291663398696e-08
3.419114059029290322e-08
3.380867535140897654e-08
3.246820319793185182e-08
3.076593685917169548e-08
2.909043124610434700e-08
2.741878242536187606e-08
2.597827049201922707e-08
2.476811732130909886e-08
2.446779499264279288e-08
2.650123799866829543e-08
2.862057921270143459e-08
2.359375788989478440e-08
2.228041860873830895e-08
2.193966762368400719e-08
2.196006802519192248e-08
2.150801136690205201e-08
2.011313814273714879e-08
2.067433525751879602e-08
2.109976651616234852e-08
2.118833741358809846e-08
2.138858613087725853e-08
2.132024647740131564e-08
2.292636366013245021e-08
2.377076435869980102e-08
3.673087216773795312e-08
3.284119561356168458e-08
3.231633354226180406e-08
3.128200273744992824e-08
2.734472524642185518e-08
2.452368464984192710e-08
2.358979960303504192e-08
2.144217524528611753e-08
2.097739793862646523e-08
2.091071602921998961e-08
2.071195589844218526e-08
1.969927726106823224e-08
1.967820022932788404e-08
2.071141459425623893e-08
2.707387016437809533e-08
2.430550523139323851e-08
1.784307754442909782e-08
1.764922298283644866e-08
1.710626105281892477e-08
1.534228603686068797e-08
1.486834039055154319e-08
1.422114357322739441e-08
1.409748939824988528e-08
1.386540522852465560e-08
1.482787790265192578e-08
2.515731503100575291e-08
2.281306192771119778e-08
1.318018179213765782e-08
1.325302103665929118e-08
1.328255594630508226e-08
1.341987805197778097e-08
1.368626737448746868e-08
1.352150791288953086e-08
1.316353668841975349e-08
1.759790057970624986e-08
3.058781395048316456e-08
2.311585395672589383e-08
1.285289574870881080e-08
1.091387649161962277e-08
1.075321064292791402e-08
1.140439957862342859e-08
1.139289686467203262e-08
1.123226484749194551e-08
1.090159565290092730e-08
1.086942188534863792e-08
1.782842849989687887e-08
1.180300244855092994e-08
9.649322250221712759e-09
9.533787638033425087e-09
9.735998582996647229e-09
9.768645991711639650e-09
9.463282767813691902e-09
9.601653650346663281e-09
9.191649561002630895e-09
1.280515948581051638e-08
1.293987656508834009e-08
1.309540002401354213e-08
1.444757788051179270e-08
1.395096512141606914e-08
1.320386385027288433e-08
1.260477544247486973e-08
1.108648486391380889e-08
8.965113759183367668e-09
8.935578849537576587e-09
8.697540333766919046e-09
8.397454825681962932e-09
8.431049516722364744e-09
8.152582344563709779e-09
7.770827567423842625e-09
7.887952260658352613e-09
7.859702948454189035e-09
7.334265741456733087e-09
8.838313253625035548e-09
8.581802732508899844e-09
8.201841025484983227e-09
7.843227002294394591e-09
7.712096063248476920e-09
2.049824223952757046e-08
1.693893039633773194e-08
1.402373670291446252e-08
9.326738786908292705e-09
6.814072418760648781e-09
5.843987654518483479e-09
6.104862440633827208e-09
5.730787416632095984e-09
5.521032044577223667e-09
5.046037621407801252e-09
5.225073980910122403e-09
5.077534758727654407e-09
5.154366121620657689e-09
5.088563831516346506e-09
5.165259868362861551e-09
4.937032490962511898e-09
6.312858574084368153e-09
6.286808310135617342e-09
5.713770166286354381e-09
4.736919099719838412e-09
4.853976129931105936e-09
4.283813664569691966e-09
4.239562047368437813e-09
4.195411924702049424e-09
4.211786376326978103e-09
4.006665921364286150e-09
3.902498697080906208e-09
4.019589558803796204e-09
4.156573349360276797e-09
4.193009887376905128e-09
4.149164248315112379e-09
4.125482190179885046e-09
3.881692317433527867e-09
3.398476836940020706e-09
3.135832662766860188e-09
3.073200385301507390e-09
3.090434157321629264e-09
3.067800876046675846e-09
3.045204809434506983e-09
3.042542269469874525e-09
3.039883112656404562e-09
3.017378391125614391e-09
2.994917650559932111e-09
2.952682391451334582e-09
2.732327606805366557e-09
2.749740685837083319e-09
2.688069223301788240e-09
2.725243288271771096e-09
2.643973231053994815e-09
2.345985276689588185e-09
3.112160754085119100e-09
2.282919955875477742e-09
2.300630752209465566e-09
2.279015799434326913e-09
2.257444827624296978e-09
2.098616030013649962e-09
2.077234514668701574e-09
1.977573647733339990e-09
1.604195552871017689e-09
1.602838909254985433e-09
1.621016580449353582e-09
1.424509628345559657e-09
1.345323592243683085e-09
1.363673804147322165e-09
1.362530299054507063e-09
1.380836529993037838e-09
1.360250055171200816e-09
1.397948508571320836e-09
1.319185366364716285e-09
1.376238827563641616e-09
1.355726782067372255e-09
1.354603575881530265e-09
1.334149043955017743e-09
1.159169082696145654e-09
1.119606513005667036e-09
1.099398951113993521e-09
1.137036507793194621e-09
1.097592348393391969e-09
1.096692430184253172e-09
1.076572830222796267e-09
1.114108892367132016e-09
1.132394824398689887e-09
1.150650308069788193e-09
1.111392221983905214e-09
1.148782808628267514e-09
1.128720722236567448e-09
1.127807271422779910e-09
1.088698043988032875e-09
1.125990519248691905e-09
1.106013011636046368e-09
1.143234440722299818e-09
1.085199865686343450e-09
1.122377313807488595e-09
1.083464309140147478e-09
1.120584243691535784e-09
1.081735518896275877e-09
1.080876198501083303e-09
1.117911554273417081e-09
1.098093054765393940e-09
1.059386422318945401e-09
1.190865825934566602e-09
1.019938879767980667e-09
8.115333850268159260e-10
8.108939694571647731e-10
8.479428578341472920e-10
8.096219046201869413e-10
1.354579893823394864e-09
1.334724179652587583e-09
1.352465424347035384e-09
1.313870435888938648e-09
1.425379098194238890e-09
1.480490630626075466e-09
1.498069484064738582e-09
1.496909063216112657e-09
1.477053349045305375e-09
1.494594987821184557e-09
1.456104877049115460e-09
1.212487545012029420e-09
9.878835225063691157e-10
9.684980663471042410e-10
9.677571562425878405e-10
9.856134280765493206e-10
1.003442634701213525e-09
1.132651943887015139e-09
1.187452226411931705e-09
1.168009256682909784e-09
1.148593352163185553e-09
1.147723882314506526e-09
1.165353483020602111e-09
1.145988325768310348e-09
1.163590861265109071e-09
1.162714625114105467e-09
1.143396831978084090e-09
1.142537511582891516e-09
1.141681574338861230e-09
1.140825637094830738e-09
1.195131979550069910e-09
1.304475425111577583e-09
1.266783738013781933e-09
1.320876941945803744e-09
1.283232618964278688e-09
1.318914714271742084e-09
1.281327904859973867e-09
1.280377239383402601e-09
1.279433340209155498e-09
1.278486057883746521e-09
1.295794259229435643e-09
1.276605025837577100e-09
1.257442857655015625e-09
1.274730760093731843e-09
1.291991597323150579e-09
1.254678823155518437e-09
1.271932894082612802e-09
1.252848538376781485e-09
1.270078927245740656e-09
1.269155326978466872e-09
1.268231726711192881e-09
1.249208267726280899e-09
1.230211873950666398e-09
1.247401665005679347e-09
1.264564390851395020e-09
1.245601828587401959e-09
1.244705293529425450e-09
1.243808758471448941e-09
1.242915606564634721e-09
1.224024090475047447e-09
1.241136069053330444e-09
1.240246300297678306e-09
1.203437615653210424e-09
1.166683061427337299e-09
1.129979254468896642e-09
1.523490481897324382e-09
1.665694474697041423e-09
1.789801991930282555e-09
1.770646590050045864e-09
1.626416089704185539e-09
1.589546508338798322e-09
1.606272807684593441e-09
1.551638299566623436e-09
1.550545541741240803e-09
1.549459550218182540e-09
1.690750092204112249e-09
1.671784146788957106e-09
1.670613576486844522e-09
1.527367573129177109e-09
1.135852404886433089e-09
1.117326269122360788e-09
1.134272473293697019e-09
1.133484199072910231e-09
1.150399954883787105e-09
1.167288645485366496e-09
1.290198527207197768e-09
1.271645326233827985e-09
1.253119190469755478e-09
1.252256486923400822e-09
1.286646218486913378e-09
1.285763216033585610e-09
1.337684436919491103e-09
1.424716000566452234e-09
1.458895976757910131e-09
6.850373630730790529e-09
1.807966130520002170e-09
1.227877499648765187e-09
1.262101456805331182e-09
1.226209606125812714e-09
1.260389582317270404e-09
2.064239831054786147e-09
3.548790243075471930e-09
3.162052084273719227e-09
3.002797009616638730e-09
2.773970814460583216e-09
2.667496281084600165e-09
2.578590451693793363e-09
2.524625807505934592e-09
2.401137406935371191e-09
2.260428766949335898e-09
1.042578927345258249e-09
9.029630451846052795e-10
9.370685920504949978e-10
9.364460922366547713e-10
9.184917090189901254e-10
9.352010926089743181e-10
9.172737746006069475e-10
8.993701386503749772e-10
9.333437426209400907e-10
9.154570224265188399e-10
9.148514383684894362e-10
7.417491260046246864e-10
7.067842587435422904e-10
7.235477727521212404e-10
7.402909878537270789e-10
7.226004904267120561e-10
7.221268492640075674e-10
7.216565912524651605e-10
7.383558253889627974e-10
7.035533493836647768e-10
7.202458172178380432e-10
7.197755592062957397e-10
7.364375786800093388e-10
6.846144691778071156e-10
7.354835300522758873e-10
1.249512751330876662e-08
7.891944379029720052e-09
5.889524869161364309e-09
4.913316601315662919e-09
4.296398986892984735e-09
3.799515575704288831e-09
2.077325859750080266e-09
1.888816676993668926e-09
1.785573052977563389e-09
1.750442411309534432e-09
1.647422075270132294e-09
1.612426759648590334e-09
1.560515688216171501e-09
1.508668896655834084e-09
1.473829205987752232e-09
1.439033496284778479e-09
1.421204289660114274e-09
1.369580786076480257e-09
1.351815859323897469e-09
9.963346341094830783e-10
9.619550519994571812e-10
9.782144764848719751e-10
9.775987429733559123e-10
9.432969733400599659e-10
9.258703617036946695e-10
9.252918428549626445e-10
8.910848014542074718e-10
8.737258528410857773e-10
8.899751278730140155e-10
8.390756186380855764e-10
8.553248936700139179e-10
8.380302249289734331e-10
8.207592382460682451e-10
8.202517655717419038e-10
7.862849279035011607e-10
8.025172871796185760e-10
7.686045799299726937e-10
7.848267897526036566e-10
7.509682129215525316e-10
7.671836564418591240e-10
7.500446126542787475e-10
7.495845040962228964e-10
7.158308049511992043e-10
7.486642869801111942e-10
7.149545688001957037e-10
7.145147591491130675e-10
6.974738267452356500e-10
7.136452893004339374e-10
6.966246558035296314e-10
6.796243212135984370e-10
6.957788680129857981e-10
6.622450736935035275e-10
6.618424787052046190e-10
6.779767265976189719e-10
6.610406718797691940e-10
6.441282992200545061e-10
6.767520258769115269e-10
6.268539293859870295e-10
6.429644952202660856e-10
6.261028698279840732e-10
6.586589334615976990e-10
6.253518102699812204e-10
6.085307826916453277e-10
6.246041338631404494e-10
6.242286040841390230e-10
6.074414080174247761e-10
6.070794108430719873e-10
5.903192799856552225e-10
6.063554164943665131e-10
5.896189676950850452e-10
6.056381884479853061e-10
5.889186554045146610e-10
5.885701908348105099e-10
5.718844893029617174e-10
5.878766448465647030e-10
5.712078590705266300e-10
5.708729271054712199e-10
5.705379951404159132e-10
5.539098071783239600e-10
5.698681312103051964e-10
5.532602421551863547e-10
5.529388427947796856e-10
5.526140602832108313e-10
5.522926609228041622e-10
5.519678784112353079e-10
5.516464790508287422e-10
5.351096361701154808e-10
5.510070634811774860e-10
5.344905195074374395e-10
5.341792696005172228e-10
5.338714028447592948e-10
5.335601529378391815e-10
5.170943562315316037e-10
5.329444194263232220e-10
5.326365526705652940e-10
5.000703395834652158e-10
5.159034870224459079e-10
5.156057697201744322e-10
5.153114355690652452e-10
5.150171014179560582e-10
5.147193841156845826e-10
5.144250499645752922e-10
4.819975460751243961e-10
5.138397648135190001e-10
4.974991447002119667e-10
2.566269015161151148e-10
0.000000000000000000e+00
0.000000000000000000e+00
0.000000000000000000e+00
0.000000000000000000e+00
0.000000000000000000e+00
0.000000000000000000e+00
0.000000000000000000e+00
0.000000000000000000e+00
0.000000000000000000e+00
0.000000000000000000e+00
0.000000000000000000e+00
0.000000000000000000e+00
0.000000000000000000e+00
0.000000000000000000e+00
0.000000000000000000e+00
0.000000000000000000e+00
0.000000000000000000e+00
0.000000000000000000e+00
0.000000000000000000e+00
0.000000000000000000e+00
0.000000000000000000e+00
0.000000000000000000e+00
0.000000000000000000e+00
0.000000000000000000e+00
0.000000000000000000e+00
0.000000000000000000e+00
0.000000000000000000e+00
0.000000000000000000e+00
0.000000000000000000e+00
0.000000000000000000e+00
0.000000000000000000e+00
0.000000000000000000e+00
0.000000000000000000e+00
0.000000000000000000e+00
0.000000000000000000e+00
0.000000000000000000e+00
0.000000000000000000e+00
0.000000000000000000e+00
0.000000000000000000e+00
0.000000000000000000e+00
0.000000000000000000e+00
0.000000000000000000e+00
0.000000000000000000e+00
0.000000000000000000e+00
0.000000000000000000e+00
0.000000000000000000e+00
0.000000000000000000e+00
0.000000000000000000e+00
0.000000000000000000e+00
0.000000000000000000e+00
0.000000000000000000e+00
0.000000000000000000e+00
0.000000000000000000e+00
0.000000000000000000e+00
0.000000000000000000e+00
0.000000000000000000e+00
0.000000000000000000e+00
0.000000000000000000e+00
0.000000000000000000e+00
0.000000000000000000e+00
0.000000000000000000e+00
0.000000000000000000e+00
0.000000000000000000e+00
0.000000000000000000e+00
0.000000000000000000e+00
0.000000000000000000e+00
0.000000000000000000e+00
0.000000000000000000e+00
0.000000000000000000e+00
0.000000000000000000e+00
0.000000000000000000e+00
0.000000000000000000e+00
0.000000000000000000e+00
0.000000000000000000e+00
0.000000000000000000e+00
0.000000000000000000e+00
0.000000000000000000e+00
0.000000000000000000e+00
0.000000000000000000e+00
0.000000000000000000e+00
0.000000000000000000e+00
0.000000000000000000e+00
0.000000000000000000e+00
0.000000000000000000e+00
0.000000000000000000e+00
0.000000000000000000e+00
0.000000000000000000e+00
0.000000000000000000e+00
0.000000000000000000e+00
0.000000000000000000e+00
0.000000000000000000e+00
0.000000000000000000e+00
0.000000000000000000e+00
0.000000000000000000e+00
0.000000000000000000e+00
0.000000000000000000e+00
0.000000000000000000e+00
0.000000000000000000e+00
0.000000000000000000e+00
0.000000000000000000e+00
0.000000000000000000e+00
0.000000000000000000e+00
0.000000000000000000e+00
0.000000000000000000e+00
0.000000000000000000e+00
0.000000000000000000e+00
0.000000000000000000e+00
0.000000000000000000e+00
0.000000000000000000e+00
0.000000000000000000e+00
0.000000000000000000e+00
0.000000000000000000e+00
0.000000000000000000e+00
0.000000000000000000e+00
0.000000000000000000e+00
0.000000000000000000e+00
0.000000000000000000e+00
0.000000000000000000e+00
0.000000000000000000e+00
0.000000000000000000e+00
0.000000000000000000e+00
