3.032862562140606344e-02
2.446859159497596914e-02
1.998987945028675439e-02
1.697510646907617049e-02
1.482086000576185274e-02
1.315672633651510451e-02
1.181699937648075446e-02
1.070350163839197191e-02
9.763288007331616392e-03
8.949442106022600582e-03
8.233638971586229593e-03
7.601429841745494312e-03
7.048368943492086709e-03
6.558727670804185075e-03
6.121728392146493121e-03
5.728681642093678798e-03
5.375107967538884576e-03
5.034568491122089727e-03
4.724745264580886527e-03
4.442943880031451770e-03
4.172863169776651684e-03
3.923495720128748233e-03
3.683356617482941558e-03
3.451906980262466930e-03
3.243305921896819013e-03
3.053670127023436556e-03
2.860811146719030151e-03
2.691770732107626705e-03
2.531669015650809488e-03
2.383840327104810169e-03
2.246119036133005422e-03
2.115308901383208730e-03
2.001399440084697910e-03
1.883876104212007987e-03
1.785789553211253149e-03
1.685773132563709144e-03
1.594324928986725265e-03
1.511252965918579100e-03
1.431818453493595173e-03
1.353249519601289674e-03
1.281430077457963073e-03
1.214770426412159271e-03
1.154725546721143293e-03
1.096223215543616495e-03
1.041435799235911888e-03
9.884367961610952564e-04
9.379941125660567819e-04
8.918389055161529948e-04
8.506784570808878987e-04
8.068842249391848000e-04
7.688391856195910977e-04
7.333134176713727252e-04
6.987576365613309276e-04
6.637505421307486652e-04
6.326065550035989268e-04
6.028703959957471860e-04
5.747980338561567643e-04
5.489957103586879262e-04
5.253421771485687489e-04
5.007893853072232669e-04
4.787794409062366284e-04
4.571972337568069953e-04
4.362482124600760365e-04
4.163769543168746416e-04
3.975632512680741387e-04
3.804099770776800588e-04
3.643883541984920915e-04
3.474708406979326613e-04
3.327893489399616164e-04
3.187551886760792564e-04
3.069152868325860013e-04
2.932246635738911715e-04
2.800917827471479131e-04
2.696075048702035819e-04
2.577433533557558988e-04
2.468579455051072712e-04
2.357744986749975725e-04
2.262783948894456373e-04
2.175788254345491452e-04
2.088667943431899820e-04
2.000853822488223499e-04
1.924336006597478980e-04
1.845666032409530068e-04
1.772634106718482666e-04
1.699373156357310353e-04
1.630355898413160759e-04
1.565730525319643945e-04
1.505689013638482647e-04
1.446718529091141554e-04
1.394396495997135836e-04
1.347527270858018579e-04
1.296114600424803367e-04
1.240225844894585954e-04
1.198412002547493403e-04
1.155301476406310712e-04
1.114922406257354515e-04
1.072882907249991758e-04
1.031193681267526189e-04
9.911278360350644597e-05
9.512404953249060978e-05
9.158359757314597565e-05
8.788990116540886801e-05
8.474081195118966510e-05
8.162472923354730284e-05
7.886430835656969829e-05
7.587486280946704651e-05
7.321177741729258364e-05
7.056452167143557950e-05
6.821331399181374293e-05
6.582169019393453550e-05
6.326301310725824677e-05
6.087745172711763955e-05
5.898294618380394712e-05
5.680081259889204956e-05
5.483726285355536555e-05
5.255745698285485567e-05
5.066699305136689220e-05
4.871152652968168642e-05
4.726294549114085417e-05
4.584838135213329481e-05
4.405996811924516358e-05
4.262923753293466808e-05
4.113754596825264568e-05
3.971860341643387317e-05
3.835860103707374954e-05
3.712321502234048546e-05
3.605286149049143145e-05
3.499496959510506880e-05
3.356683237638274870e-05
3.283422287277102422e-05
3.151753310014337176e-05
3.048954913226744809e-05
2.956533354801729621e-05
2.864115164386569004e-05
2.711369181452591288e-05
2.643631767253257895e-05
2.573361609643130021e-05
2.488167800366472443e-05
2.416661583139640500e-05
2.337917512734886217e-05
2.262672804569248555e-05
2.182022440586689271e-05
2.096899359516982085e-05
2.027861893513703711e-05
1.959110708348081476e-05
1.906081393184572040e-05
1.845100206753927201e-05
1.774557240345562149e-05
1.738937168121409857e-05
1.679320025681950912e-05
1.633050306296984601e-05
1.590364149397504264e-05
1.541416862177987779e-05
1.491445699962618569e-05
1.457802649523222180e-05
1.419269248774685355e-05
1.373231922069698832e-05
1.332159041890658046e-05
1.294790972551875068e-05
1.271029663026402773e-05
1.217421050167871069e-05
1.192723433902770144e-05
1.150121477249659160e-05
1.120173133620956358e-05
1.078753348426873091e-05
1.044130207119735770e-05
1.009827026748802500e-05
9.681108566874987038e-06
9.493611458259390177e-06
9.157484074752354598e-06
8.886696082428052285e-06
8.629413809621414212e-06
8.420462478230869569e-06
8.160923638821531814e-06
8.010070477425939122e-06
7.782729812228295896e-06
7.592942456911448563e-06
7.410194242191091353e-06
7.083935127558562432e-06
6.897852583081973416e-06
6.738107875669762289e-06
6.576982284217092416e-06
6.323640582940547864e-06
6.164906278484771518e-06
5.954776143645053389e-06
5.795940798893633140e-06
5.674153562544791820e-06
5.536267239090103235e-06
5.389388329323151467e-06
5.176226985614131541e-06
5.089837532839027793e-06
4.918136390442348186e-06
4.834912866930736691e-06
4.759166325296736634e-06
4.590732152459194029e-06
4.438262346333308232e-06
4.253291245108796202e-06
4.181990476483105785e-06
4.067983342898805912e-06
3.944747862312409345e-06
3.848153339677321525e-06
3.730879236533885921e-06
3.598785890029418322e-06
3.522365746424462168e-06
3.441802950698127231e-06
3.354207750395011228e-06
3.273149857220023546e-06
3.235583075299808691e-06
3.156977093299100284e-06
3.077364076351813108e-06
2.955620624131084257e-06
2.856527038183749953e-06
2.726562273907503176e-06
2.687395687306268070e-06
2.598443179031675654e-06
2.574601037269689085e-06
2.492997526498226707e-06
2.467151418872645975e-06
2.385662420436246035e-06
2.321835265678312316e-06
2.335718202299715087e-06
2.238062756560372232e-06
2.182830762951835993e-06
2.168685121561760518e-06
2.094309359938656258e-06
2.055715335012733346e-06
2.000092652261043428e-06
1.948319604773366927e-06
1.920765916151412137e-06
1.880450838189696843e-06
1.790817991924439486e-06
1.761805955035365441e-06
1.713734350378091881e-06
1.689683392005108664e-06
1.630062881555794851e-06
1.605281065044324318e-06
1.539035679210658515e-06
1.529207826454410857e-06
1.529605251617274653e-06
1.492314646505151675e-06
1.462804144157570356e-06
1.383447095959246192e-06
1.342525776223670453e-06
1.321095129517706064e-06
1.313624883659804107e-06
1.263970314370783997e-06
1.238524999917921801e-06
1.192699857833786666e-06
1.157672555344075603e-06
1.120893887729879071e-06
1.112817400098117094e-06
1.080595649817437690e-06
1.039701274160700297e-06
1.038259765942854319e-06
1.004357378744639839e-06
9.492196894120382333e-07
9.324065842169769315e-07
9.022056398491656039e-07
9.092380444259459291e-07
8.978406990773708938e-07
8.704048908003337071e-07
8.849580613828377282e-07
8.424975611436274861e-07
8.462731001908357711e-07
8.122831447363969858e-07
8.267386430331123751e-07
7.782089890355888473e-07
7.812907180527124889e-07
7.488904632497298402e-07
7.159850069685302255e-07
6.946991846863212551e-07
6.840966896634740235e-07
6.811732571095250793e-07
6.828202139285125413e-07
6.640772390866623146e-07
6.752623998143863850e-07
6.626020507702688285e-07
6.278778691674879875e-07
6.076394979501155156e-07
6.109536196472189870e-07
5.855925054407263558e-07
5.832348985423804433e-07
5.960232319609796115e-07
5.768356798182986959e-07
5.517406383903335088e-07
5.426537478021373873e-07
5.209671323472096689e-07
5.024632862050488584e-07
4.929452903554409032e-07
5.057639358627331571e-07
4.945316229970421938e-07
4.869064486858204914e-07
4.788838492117347814e-07
4.528895491525435194e-07
4.429606561006523838e-07
4.268986171032070507e-07
4.118234049932122034e-07
4.011569177831242189e-07
4.020090242763836126e-07
3.908710156866264349e-07
4.153463433013120053e-07
4.079400896306510130e-07
3.820131497685552971e-07
3.818885334039284787e-07
3.644422423561685991e-07
3.653010848691374733e-07
3.609327760874879170e-07
3.611045445900817342e-07
3.276160858030196901e-07
3.365557943605619477e-07
3.293954054092999050e-07
3.166990186597360773e-07
3.209551727132214810e-07
2.980328344425749657e-07
2.904706419156376154e-07
3.007700160515546250e-07
3.043124888168120580e-07
2.951296099477546748e-07
2.777449534803372617e-07
2.688880979652225777e-07
2.789072536812217895e-07
2.570199048389491597e-07
2.414580153049386294e-07
2.370765712848554644e-07
2.297164593492049641e-07
2.337617759857810767e-07
2.305537465991032201e-07
2.189543206592412554e-07
2.112843518169510260e-07
2.040889355631992189e-07
2.053458768410030700e-07
2.001119895266751326e-07
1.995118101705533322e-07
1.996104928592983913e-07
1.952213024165492391e-07
1.862815938590069286e-07
1.827849260277744500e-07
1.815906297332694928e-07
1.922534121325171731e-07
1.995481846769849821e-07
1.987132550339850390e-07
1.867851113322965246e-07
1.755955721917612865e-07
1.785105847210732743e-07
1.709238057221960766e-07
1.708392686748410800e-07
1.657273033172561635e-07
1.749940456316976006e-07
1.534556226103801472e-07
1.574645647405246364e-07
1.626758863888255812e-07
1.534131856862099066e-07
1.459035341130071499e-07
1.598575357423457715e-07
1.384130801959766720e-07
1.284191845538882503e-07
1.266668090264462750e-07
1.250636363355710450e-07
1.269685827094345586e-07
1.182454371855546321e-07
1.188951262865416647e-07
1.203713250058916972e-07
1.256139691458420757e-07
1.155597861273531259e-07
1.127357098641201836e-07
1.090009237361547559e-07
1.090578431027005437e-07
1.058915770382219452e-07
1.060633455408157227e-07
1.102056608612095244e-07
1.038724551302814111e-07
1.087769510808118958e-07
1.038913159854681656e-07
1.016835855256599410e-07
9.885546765060126282e-08
9.920843508338220165e-08
9.690673714862560986e-08
1.044483848154487694e-07
1.039364473175222169e-07
9.545007288643330106e-08
9.265395110499503899e-08
9.070252619513556206e-08
9.046002948559140562e-08
8.929031966302634861e-08
8.923575790337892665e-08
1.044386175868699010e-07
9.746279557564978633e-08
9.550598185002264824e-08
9.255560521723546443e-08
9.042601258605812150e-08
9.774402439852390559e-08
8.890906094746525820e-08
7.979084786761963682e-08
7.820822003685857111e-08
7.641643879411565061e-08
7.446164587440140696e-08
7.199457865577512621e-08
7.194944732372108811e-08
7.547036482590799556e-08
6.885963508294600110e-08
6.527741980140209855e-08
6.371466322878422793e-08
6.298649949818081584e-08
6.497396211348643162e-08
6.293597935035911658e-08
6.403159295611901467e-08
6.551486449616407845e-08
6.469946931032187226e-08
6.204244633588600229e-08
5.907792406170873607e-08
5.604604159043587083e-08
5.357392235702742677e-08
5.173431537434664421e-08
5.226747133435831039e-08
6.398713522603591932e-08
5.771354326953739792e-08
5.748115058955758794e-08
5.594466449380699432e-08
5.318323321387295912e-08
5.133015419177305675e-08
5.304177679997220119e-08
6.954670909332109780e-08
6.153657125569806694e-08
5.564996363151375525e-08
5.193841677154630260e-08
4.968959659150976265e-08
5.590862678836085546e-08
5.752796592653902926e-08
5.498781289406403020e-08
5.027596710722695205e-08
4.721040453740628731e-08
4.463320339652870879e-08
4.249889555155468055e-08
4.004934198417326216e-08
3.898606127301924498e-08
3.753343862265267874e-08
3.570730367939101597e-08
3.431968361922169617e-08
3.533648579437975003e-08
3.733337883727874967e-08
3.555911124578069815e-08
3.576388624495131253e-08
3.200868997726591965e-08
3.103769273613287312e-08
2.963794784048635211e-08
2.900196653960826131e-08
2.825275274741247452e-08
2.754823244598961504e-08
2.824689241026515609e-08
2.801547645314323031e-08
2.778456569749952153e-08
2.728337215100972171e-08
2.656975822297895636e-08
2.669690059499689618e-08
2.796037581191902833e-08
3.992169441067710203e-08
3.770924873707219216e-08
3.513305799915104763e-08
3.237883426030623623e-08
2.968712078436613608e-08
2.725538398911650495e-08
2.629529909991294347e-08
2.485843873566674343e-08
2.450803099037544266e-08
2.406001831949261959e-08
2.357088224828293463e-08
2.270419227235242714e-08
2.246977878645974258e-08
2.364922215750511496e-08
2.752408381533084213e-08
2.489754133008073734e-08
2.072828193084869931e-08
2.060878494120111064e-08
2.090715693423605786e-08
1.952243336254185410e-08
1.904353604129069822e-08
1.830200131156380906e-08
1.743729846144761645e-08
1.700366719264470442e-08
1.731790251209567050e-08
2.375275478044104866e-08
2.201647834010491432e-08
1.563686143337792735e-08
1.562066130597643381e-08
1.537062025435757556e-08
1.523104992597549640e-08
1.562736364558744723e-08
1.504887427293045085e-08
1.396454350018406229e-08
1.649664698910613925e-08
2.476760350988333081e-08
1.982397128484029580e-08
1.359382665546843908e-08
1.221658006565184251e-08
1.190456763270503152e-08
1.215107227397637413e-08
1.186698064272568860e-08
1.147480957523511644e-08
1.112413238915543394e-08
1.069285872725086788e-08
1.510939741002084723e-08
1.118549752870952530e-08
1.001231865599404065e-08
9.975371587887107235e-09
1.018125803030980165e-08
1.026549195677784689e-08
1.013420693263852673e-08
1.013767598278895107e-08
9.711319615272360760e-09
1.179510731242468478e-08
1.178355503862279187e-08
1.216040166127411360e-08
1.366041221029743771e-08
1.344661094471601041e-08
1.283262274818963369e-08
1.187300938036574603e-08
1.094192305601184192e-08
9.666424043908146334e-09
9.776827406947832454e-09
9.528200919467979145e-09
9.333193148876223312e-09
9.854763154987436872e-09
9.553831474462853246e-09
9.174021003139324169e-09
9.231411891064774197e-09
9.143338433362280142e-09
8.527430471218679835e-09
1.222513481068298325e-08
1.135716499100765508e-08
8.555890154491568763e-09
8.284832721378883961e-09
8.237613223214870046e-09
1.635471905382571412e-08
1.424122550975423192e-08
1.232822959233779622e-08
9.332418506609622931e-09
9.676797514260867920e-09
9.275869621147869545e-09
8.379675878889484393e-09
7.028733446038720398e-09
6.957095876427551013e-09
7.041801324275265945e-09
7.243376714083842681e-09
6.794959882018447002e-09
6.879564289570518370e-09
6.626862510166381817e-09
6.426465923806978063e-09
6.304072445684277470e-09
7.100168935058601827e-09
7.016170769280391017e-09
6.609618299709909462e-09
5.958750395273693929e-09
5.914696826373172836e-09
5.394372983908226039e-09
5.260865073264750781e-09
4.934841719322055696e-09
4.866235358580189921e-09
4.592449837485131374e-09
4.344833752961712878e-09
4.609862448434344380e-09
5.642022748530191838e-09
5.611441219048790548e-09
5.517069582917857324e-09
5.473891696579579350e-09
5.265041405484677589e-09
4.496192115835522701e-09
4.135882421571169207e-09
4.081388022120830268e-09
4.103212725979803686e-09
4.048819366825108310e-09
4.045282956477589362e-09
4.016385431923578048e-09
4.126822475061810644e-09
4.312938699636948565e-09
4.309166528599594358e-09
4.052928338847939685e-09
3.834950741046584754e-09
3.768600946907420554e-09
3.551263270978473896e-09
3.460124924308129756e-09
3.394280331647182548e-09
3.228072413323649527e-09
3.664529442394721734e-09
3.172379002365009306e-09
3.182193383081837470e-09
3.467366145495906650e-09
3.501955606704496164e-09
3.011607051947090513e-09
2.984073571384264830e-09
2.894218436468591470e-09
2.605081526455447380e-09
2.652695081772470368e-09
2.625569130402073588e-09
2.797415097222508379e-09
2.757797197300731886e-09
2.978896940237467980e-09
3.100414735797926696e-09
3.073036183688421007e-09
3.058088955952908066e-09
3.043165304286378485e-09
3.028268596698686499e-09
3.173951862967191361e-09
3.171318079260753125e-09
3.119369895260627861e-09
3.104469819663082055e-09
3.028049676058125719e-09
2.976357460806964013e-09
2.924749445802171805e-09
2.934624450696386521e-09
2.944485983551181820e-09
2.929814932623760735e-09
2.841677482734025481e-09
2.619062135362638410e-09
2.616926817114707871e-09
2.700325477138768248e-09
2.832428927672799621e-09
2.622750106153622290e-09
2.645002547264153325e-09
2.606327690101715383e-09
2.592054064337158432e-09
2.650761844115826544e-09
2.685078496526179262e-09
2.901436081587385417e-09
2.826329461825793345e-09
2.848305726128232523e-09
2.797586865725102024e-09
2.807451766589751970e-09
2.635935864735085879e-09
2.657999697293748790e-09
2.680033217763719045e-09
2.641718737655742459e-09
2.615518988995410166e-09
2.685711682378877827e-09
2.587318642481338202e-09
2.465036308683844288e-09
2.427048525531781754e-09
2.485170271595718022e-09
2.327267865574072310e-09
2.685051552447340841e-09
2.599110044982922263e-09
2.656918566130364310e-09
2.607011396102236143e-09
2.616933553134417580e-09
2.567137527431496506e-09
2.517422333965090284e-09
2.253195224837897997e-09
2.227625294020408794e-09
2.237810155821263497e-09
2.224189923968533823e-09
1.877813686473404224e-09
1.662604592772678396e-09
1.649462618319327087e-09
1.671913772011289775e-09
1.658785269597357676e-09
1.716715039099572207e-09
2.117639564202716761e-09
2.316988699497283752e-09
2.303412251772666151e-09
2.419696160018797354e-09
2.406065824136502910e-09
2.439601098260546366e-09
2.402428373493340398e-09
2.377077363316412388e-09
2.422319839695670819e-09
2.385248155224108416e-09
2.512609447882609850e-09
1.142732063628272079e-08
4.794934589954499359e-09
4.252482922743648451e-09
4.015172948375856935e-09
3.836702106171070163e-09
3.740343344225817926e-09
3.609092000185044656e-09
3.571403969910057753e-09
3.475449369147378118e-09
4.987887874534839918e-09
5.578097921486469864e-09
4.410307864538634787e-09
3.174480640514391714e-09
3.114045071680221140e-09
3.111758192988825669e-09
3.097871888357568082e-09
2.805750921613087930e-09
2.641499817015182507e-09
2.315412470885247463e-09
1.874115611652855987e-09
1.918990974957943355e-09
1.848282976066694138e-09
1.789224923263128614e-09
1.787924871459183561e-09
1.763577528218979621e-09
1.785338239890712460e-09
1.784048292116331764e-09
1.702249436773292484e-09
1.597585162526152318e-09
1.768713743247518839e-09
1.905165294504071906e-09
1.903797882503031213e-09
1.913895176047661356e-09
1.901076530540368831e-09
1.865385730109266537e-09
1.852620972759650649e-09
1.828445398022040560e-09
2.078378673325547389e-09
2.373601577146279578e-09
2.668410215754873568e-09
2.643729439539046487e-09
2.527987780879535468e-09
2.526202735656501516e-09
2.456191914805191856e-09
1.874937406057422262e-09
1.760068061950299094e-09
1.758832002333594621e-09
1.859653377336431119e-09
2.039653296015288079e-09
2.038228627846715896e-09
1.923648932587103795e-09
1.662230743678797623e-09
1.435078687033021975e-09
1.117903094978834589e-09
1.128411285725747870e-09
1.150182101427045065e-09
1.149387251101317212e-09
1.227417303416857760e-09
1.204063523083814153e-09
1.203234992659538169e-09
1.213642143110808093e-09
1.212810244676677461e-09
1.211974978232692183e-09
1.256001603054374853e-09
1.322381709282231916e-09
1.332677715408294126e-09
4.756303516920174318e-09
1.554531892552500854e-09
1.173488729622122158e-09
1.195027152643439363e-09
1.183053877609696887e-09
1.193403771893435733e-09
1.738738455539977898e-09
2.650896564510018238e-09
2.393098986195600100e-09
2.191267627638059806e-09
1.956362412306580976e-09
1.888395973437122647e-09
1.842725759806307427e-09
1.797116170352877931e-09
1.784826302392785965e-09
1.794711411316565038e-09
1.018536700233263343e-09
9.293484312688367818e-10
9.508430701620420173e-10
9.612569566330216495e-10
9.385363621526764003e-10
9.489468806138009713e-10
9.372901985064077772e-10
9.256503564482884416e-10
9.470641631049789293e-10
9.354344250764241568e-10
9.238181590872882849e-10
8.242934678785421913e-10
8.017850580190481162e-10
8.122359925984301128e-10
8.226700871285381475e-10
8.002088294070111035e-10
7.996867878795202525e-10
8.101107783800640342e-10
8.095820008328635779e-10
7.871881033084319673e-10
8.085278137483174161e-10
7.970833162617752927e-10
8.183893466031130247e-10
7.742381054168032226e-10
8.391261832789928747e-10
8.429387704346036795e-09
5.496255282015317891e-09
4.209237676208275043e-09
3.586964175439140960e-09
3.193610936489541585e-09
3.028726646038936770e-09
2.191432660120944156e-09
2.200869823734037313e-09
2.036942048082190054e-09
1.927360479447071449e-09
1.861202661869629814e-09
1.860017122400747329e-09
1.815603176445764674e-09
1.771249854668168365e-09
1.737744892632817772e-09
1.725855817845444794e-09
1.703202583562195185e-09
1.659031134316756670e-09
1.668751210757651600e-09
1.441750714555341090e-09
1.580623864897480702e-09
1.601121572873671059e-09
1.578636739083160448e-09
1.566912696778671821e-09
1.523027528370889519e-09
1.468479240762874356e-09
1.414001681361809482e-09
1.381001920804676088e-09
1.401536676889269017e-09
1.336510510623033437e-09
1.378422025255914696e-09
1.334850081764627235e-09
1.323348328110553621e-09
9.598996486615451061e-10
9.486437597268708998e-10
9.587107411828079737e-10
9.155362228543843367e-10
9.468890265925304297e-10
9.144079395530331359e-10
8.819639006219383099e-10
8.283249756747137756e-10
7.429122457574954477e-10
5.621444208317486423e-10
5.936016328753929469e-10
5.720497378146563241e-10
5.717028327996139726e-10
5.607736408208531982e-10
5.710056547596746221e-10
5.600899348203329551e-10
5.386256080158206854e-10
5.594095968296674630e-10
5.379722141039934081e-10
5.376455171480796660e-10
5.478573230277723771e-10
5.264670924400651463e-10
5.261504995137158641e-10
5.468637601206122503e-10
5.150057549042491646e-10
5.146958979976094877e-10
5.143860410909697075e-10
5.350588855796087715e-10
5.032850806096151846e-10
5.029819597226850097e-10
5.131533494841202952e-10
5.023824539685341619e-10
5.020827010914587380e-10
4.913286456251465666e-10
4.910356287677806447e-10
5.011868104700873208e-10
4.800188685327956206e-10
5.005906727257912240e-10
4.794496748673378420e-10
4.895840165203705563e-10
4.684733307506101401e-10
4.890047188253484214e-10
4.679209771344262199e-10
4.780351107283302214e-10
4.673686235182422997e-10
4.670958147200051940e-10
4.668196379119132340e-10
4.561800947806634754e-10
4.662740203154388158e-10
4.556445812137535170e-10
4.657284027189645010e-10
4.551158036665530606e-10
4.548497308880254569e-10
4.545836581094978015e-10
4.543209533408250005e-10
4.437386663771065259e-10
4.537921757936244924e-10
4.432233608693252286e-10
4.429673921203619296e-10
4.427114233713986823e-10
4.424554546224353833e-10
4.421994858734721360e-10
4.213885529807870920e-10
4.416909163854003408e-10
4.311726216089227038e-10
4.309233888796690619e-10
4.306775241602700676e-10
4.304316594408711250e-10
4.404279126898579110e-10
4.094657980948662942e-10
4.296940652826744006e-10
4.192229226441636396e-10
2.656975822297895698e-10
1.021332148412730506e-10
1.020752850717708526e-10
1.122190571523969576e-10
1.019594255327664179e-10
1.019018325642496898e-10
1.018442395957329488e-10
1.017866466272162078e-10
1.017290536586994669e-10
1.016717974911682087e-10
1.016145413236369506e-10
1.015576219570911753e-10
1.015003657895599043e-10
1.014434464230141290e-10
1.013865270564683537e-10
1.013299444909080484e-10
1.012733619253477560e-10
1.012167793597874506e-10
8.092822479557881798e-11
0.000000000000000000e+00
0.000000000000000000e+00
0.000000000000000000e+00
0.000000000000000000e+00
0.000000000000000000e+00
0.000000000000000000e+00
0.000000000000000000e+00
0.000000000000000000e+00
0.000000000000000000e+00
0.000000000000000000e+00
0.000000000000000000e+00
0.000000000000000000e+00
0.000000000000000000e+00
0.000000000000000000e+00
0.000000000000000000e+00
0.000000000000000000e+00
0.000000000000000000e+00
0.000000000000000000e+00
0.000000000000000000e+00
0.000000000000000000e+00
0.000000000000000000e+00
0.000000000000000000e+00
0.000000000000000000e+00
0.000000000000000000e+00
0.000000000000000000e+00
0.000000000000000000e+00
0.000000000000000000e+00
0.000000000000000000e+00
0.000000000000000000e+00
0.000000000000000000e+00
0.000000000000000000e+00
0.000000000000000000e+00
0.000000000000000000e+00
0.000000000000000000e+00
0.000000000000000000e+00
0.000000000000000000e+00
0.000000000000000000e+00
0.000000000000000000e+00
0.000000000000000000e+00
0.000000000000000000e+00
0.000000000000000000e+00
0.000000000000000000e+00
0.000000000000000000e+00
0.000000000000000000e+00
0.000000000000000000e+00
0.000000000000000000e+00
0.000000000000000000e+00
0.000000000000000000e+00
0.000000000000000000e+00
0.000000000000000000e+00
0.000000000000000000e+00
0.000000000000000000e+00
0.000000000000000000e+00
0.000000000000000000e+00
0.000000000000000000e+00
0.000000000000000000e+00
0.000000000000000000e+00
0.000000000000000000e+00
0.000000000000000000e+00
0.000000000000000000e+00
0.000000000000000000e+00
0.000000000000000000e+00
0.000000000000000000e+00
0.000000000000000000e+00
0.000000000000000000e+00
0.000000000000000000e+00
0.000000000000000000e+00
0.000000000000000000e+00
0.000000000000000000e+00
0.000000000000000000e+00
0.000000000000000000e+00
0.000000000000000000e+00
0.000000000000000000e+00
0.000000000000000000e+00
0.000000000000000000e+00
0.000000000000000000e+00
0.000000000000000000e+00
0.000000000000000000e+00
0.000000000000000000e+00
0.000000000000000000e+00
0.000000000000000000e+00
0.000000000000000000e+00
0.000000000000000000e+00
0.000000000000000000e+00
0.000000000000000000e+00
0.000000000000000000e+00
0.000000000000000000e+00
0.000000000000000000e+00
0.000000000000000000e+00
0.000000000000000000e+00
0.000000000000000000e+00
0.000000000000000000e+00
0.000000000000000000e+00
0.000000000000000000e+00
0.000000000000000000e+00
0.000000000000000000e+00
0.000000000000000000e+00
0.000000000000000000e+00
0.000000000000000000e+00
0.000000000000000000e+00
0.000000000000000000e+00
0.000000000000000000e+00
0.000000000000000000e+00
