2.825004325925235468e-02
2.313358937877770666e-02
1.915935718555002512e-02
1.645665289942683379e-02
1.448055512613159561e-02
1.294267850974794437e-02
1.166636148338947611e-02
1.060434917106060047e-02
9.695488203825854134e-03
8.900561388353678619e-03
8.200847622105777307e-03
7.592026650650237664e-03
7.045296777774299329e-03
6.558782544189688951e-03
6.131847633352172089e-03
5.741752101391441390e-03
5.390471878629069652e-03
5.053826936384111720e-03
4.746318593796248521e-03
4.464329893666667964e-03
4.198081655420805511e-03
3.947540388714226856e-03
3.714514572146338043e-03
3.479077450779241749e-03
3.269370961040359014e-03
3.076684264342550990e-03
2.884506620880131385e-03
2.716328158238716459e-03
2.554673614692935801e-03
2.405688468446326445e-03
2.262959318539883857e-03
2.135324266869593774e-03
2.021135588489330042e-03
1.904733198342016239e-03
1.804737727932645636e-03
1.704521221250014044e-03
1.612613669021319618e-03
1.527789324640298034e-03
1.448775555018478678e-03
1.370659326627475484e-03
1.299070366366549987e-03
1.230649592689028390e-03
1.169844523335671202e-03
1.110248455416361401e-03
1.055039622617832528e-03
1.001404836007675422e-03
9.502617310233662856e-04
9.022667184158007911e-04
8.610267082804604110e-04
8.178007207202170510e-04
7.798662075804574248e-04
7.422398056094854863e-04
7.077380527741537189e-04
6.728478119433938844e-04
6.419563182379871280e-04
6.116676507323823503e-04
5.830769436895530140e-04
5.567870233093010976e-04
5.330289729682174482e-04
5.092374322827003617e-04
4.864606490335165209e-04
4.650067343894536678e-04
4.440082884296856478e-04
4.236093196352761761e-04
4.041346843472297130e-04
3.869742318595341206e-04
3.706476889482311914e-04
3.539795445237071915e-04
3.391801613185692495e-04
3.244782350157325752e-04
3.122884194488484053e-04
2.983062006478864078e-04
2.850443591556878057e-04
2.750883495625141813e-04
2.631523908064355025e-04
2.521226807707257307e-04
2.410899566040169961e-04
2.312652291610224902e-04
2.218443952718953055e-04
2.128354926192994423e-04
2.038825188419074094e-04
1.960859666578021476e-04
1.884665783957497872e-04
1.807001675216346134e-04
1.734230505796920422e-04
1.667467504168854023e-04
1.602616801207937247e-04
1.544333554790418360e-04
1.483123252269416493e-04
1.425918394942654621e-04
1.378948186874752392e-04
1.329600164352075795e-04
1.271504463863384025e-04
1.227404378313427758e-04
1.182550760013719154e-04
1.141123203949551493e-04
1.098627305897957189e-04
1.056536641014007427e-04
1.014258430201230412e-04
9.761665124426335924e-05
9.396051034246451098e-05
9.035661437798182534e-05
8.720148902890727455e-05
8.386216678544877832e-05
8.111193970057453196e-05
7.820330328653010959e-05
7.532547798936445327e-05
7.249453917440560366e-05
7.018705444294147183e-05
6.768599552065202507e-05
6.508111653061891746e-05
6.266411837285742309e-05
6.073808866449017878e-05
5.848619790478554517e-05
5.645031986667661291e-05
5.419307065186263015e-05
5.233603105302828064e-05
5.036780351067490080e-05
4.876361601231303224e-05
4.722774881659539406e-05
4.536501585920735643e-05
4.396244023433480957e-05
4.243126168683784935e-05
4.087864931890347901e-05
3.946602659070090505e-05
3.836955271395001870e-05
3.711902325280529532e-05
3.597767231451359549e-05
3.465681313005864849e-05
3.381687529166793122e-05
3.244728765606232329e-05
3.148326809154569774e-05
3.060374466603465104e-05
2.963316099400907093e-05
2.817013529743416146e-05
2.743482129505351317e-05
2.666169669380750765e-05
2.577999639590828129e-05
2.506132709471105399e-05
2.424245468296896516e-05
2.347884133954205929e-05
2.259034250172284379e-05
2.173148261872722824e-05
2.105320267291673172e-05
2.034608754054904000e-05
1.977480924520338737e-05
1.926213905261626007e-05
1.854269947349706057e-05
1.810360756763020501e-05
1.764542616543628508e-05
1.703938489256872133e-05
1.655015794108500416e-05
1.601538412117180232e-05
1.550823983541619366e-05
1.510186799606080992e-05
1.477697816471198977e-05
1.428808611667260480e-05
1.385582624107017093e-05
1.341073956354972929e-05
1.310735053332717927e-05
1.269736173677298266e-05
1.239109253692915773e-05
1.197149201152256384e-05
1.161207363506286545e-05
1.117569444709511870e-05
1.082551940569905114e-05
1.049939043160619302e-05
1.013397728349290854e-05
1.000246070090278265e-05
9.621842936416715475e-06
9.325989233691690873e-06
9.074376275963242809e-06
8.872295537651853648e-06
8.620917012334438465e-06
8.428146589775546916e-06
8.232529487939812998e-06
7.995886714173113045e-06
7.816344977665431643e-06
7.454615767439825963e-06
7.281872570852132855e-06
7.109430787364340255e-06
6.893150143013172642e-06
6.646460265916440502e-06
6.484701902302916190e-06
6.287376792901076004e-06
6.175887436282148559e-06
6.086769629744759383e-06
5.904113291204767647e-06
5.729494635328801322e-06
5.559464156640217024e-06
5.400351530236934741e-06
5.211030613154688270e-06
5.093747426948775072e-06
4.957307763726932414e-06
4.824083173570701105e-06
4.670027589176868306e-06
4.488208509247712163e-06
4.396679397911115532e-06
4.321861968446806671e-06
4.157859751756241854e-06
4.045365684804310174e-06
3.938364034339463738e-06
3.807550748982439884e-06
3.727709767853114082e-06
3.646763605357485147e-06
3.570003735916036289e-06
3.455500248298098679e-06
3.414876460500333746e-06
3.332222290438599389e-06
3.271675096737379691e-06
3.138242866445660181e-06
3.016595888360069854e-06
2.896583239082830728e-06
2.864422461323396441e-06
2.761154984262878474e-06
2.708464625365744476e-06
2.647177295052545847e-06
2.613449169173626292e-06
2.508440194202569091e-06
2.448023612844640291e-06
2.440528473760436133e-06
2.353898999814451716e-06
2.292062427852544817e-06
2.269687528736562192e-06
2.195626981056448957e-06
2.157089641716887681e-06
2.082744426109089785e-06
2.035975160107788506e-06
2.004695178406953726e-06
1.958729680672054649e-06
1.891815972494037851e-06
1.884099797136572728e-06
1.827367153666322313e-06
1.806536159428721457e-06
1.733892253318142601e-06
1.691131781545523925e-06
1.646562831173499659e-06
1.611974003442640800e-06
1.597057404031985858e-06
1.558044501801469261e-06
1.534869183453527519e-06
1.464043803045684779e-06
1.416772181877881593e-06
1.382089581182609158e-06
1.374135624379666798e-06
1.319372213162102540e-06
1.304428821475900802e-06
1.257264369410284591e-06
1.237371104816820132e-06
1.194483369735354490e-06
1.180440868314412250e-06
1.136993844480908237e-06
1.093215266237512986e-06
1.083663820005095264e-06
1.056673951426184453e-06
1.034031129554734498e-06
9.951053022197450953e-07
9.668528476556934551e-07
9.704530596822883645e-07
9.542504310453893061e-07
9.214499877072763639e-07
9.337576892865661744e-07
8.956557244246393891e-07
9.012620080827974605e-07
8.619543908212668425e-07
8.575705047349292988e-07
8.209756053725072781e-07
8.302859211250041484e-07
7.833324582293185895e-07
7.490852320116810691e-07
7.335323160567905564e-07
7.252970403606072563e-07
7.168775677700399946e-07
7.060903278280283470e-07
6.821715238336641657e-07
6.856746138614020965e-07
6.842613213263109081e-07
6.612166153216595347e-07
6.405497237717826489e-07
6.367318245063702823e-07
6.283826816391130968e-07
6.092931853120512636e-07
6.111585974969939554e-07
5.977356674480704858e-07
5.731704998061408437e-07
5.649050827999674504e-07
5.405576023968552656e-07
5.213006543476261657e-07
5.232129530147756456e-07
5.248372347197975921e-07
5.121577903172965619e-07
5.081724393297169286e-07
4.968058164290067057e-07
4.768623163188920561e-07
4.631111808945209111e-07
4.449125277293885277e-07
4.297983352865762261e-07
4.188335965190673690e-07
4.231270586754345803e-07
4.177619054971972543e-07
4.369552218920028182e-07
4.290816419157005832e-07
4.093826213199500815e-07
4.140846656784053048e-07
3.938397524683896705e-07
3.846098135425331368e-07
3.795929599464035306e-07
3.753564313755731032e-07
3.443410233957626220e-07
3.569769303505002666e-07
3.511395633157512868e-07
3.433396620972026894e-07
3.447663507700673290e-07
3.184198317077229580e-07
3.127914444222387053e-07
3.186673253530861258e-07
3.313953307550156453e-07
3.096152201561710783e-07
2.951527498160335121e-07
2.886512692511694935e-07
2.959039382416756397e-07
2.789728946133491355e-07
2.654190173176908619e-07
2.576978184085607940e-07
2.486678168389719278e-07
2.529244396164623467e-07
2.489049284775606643e-07
2.378953126485109706e-07
2.363520775770179672e-07
2.230513872852765451e-07
2.293971377485251000e-07
2.221424593373529229e-07
2.182220796179742235e-07
2.219830452978497534e-07
2.143315063051412877e-07
2.052104109986933768e-07
2.008221711675794945e-07
2.057147755858610223e-07
2.106834030860064424e-07
2.112118807211661678e-07
2.136590201889177691e-07
1.993338602609573235e-07
1.898949415858360891e-07
1.926716260428127638e-07
1.827323616218558927e-07
1.796535942580895740e-07
1.728028094007846877e-07
1.793397897307482330e-07
1.639124625674831968e-07
1.636525774946797256e-07
1.677116072400128641e-07
1.569719235870967168e-07
1.493528702284887048e-07
1.636217663778009466e-07
1.521891674985569066e-07
1.408141720117383626e-07
1.376948813312075724e-07
1.349871869837638141e-07
1.337189076400693814e-07
1.231366286059903991e-07
1.234162729820096381e-07
1.270225132706026667e-07
1.288825670004360311e-07
1.190400896748917958e-07
1.169958390506744963e-07
1.142861352825647204e-07
1.137824405022857474e-07
1.203127227633625802e-07
1.137579925508493246e-07
1.170055512505602022e-07
1.097940753837071603e-07
1.099424376095473053e-07
1.048542495797744883e-07
1.010105627491483670e-07
1.017111807546959744e-07
9.937924807179540499e-08
9.683297718452082059e-08
1.023220446371619483e-07
1.030665349939173502e-07
9.548532572451911961e-08
9.227561111401804985e-08
9.322606708903913262e-08
9.194908025579199636e-08
8.995941889300121285e-08
8.957528464234962354e-08
1.008066065515487039e-07
9.610422728964912453e-08
9.340724985242404779e-08
9.157398839813745353e-08
9.080571989683428816e-08
9.799341761913957981e-08
9.117444858904647474e-08
8.277707962580527521e-08
7.986676869453917244e-08
7.710783412011222134e-08
7.577893725299325941e-08
7.931317330105436498e-08
7.531375636881275350e-08
7.722002677396424658e-08
7.141313595264976898e-08
6.813978968772516331e-08
6.635810336386606505e-08
6.498365962831759400e-08
6.536477974797017663e-08
6.372341796728717910e-08
6.370365866407145106e-08
6.522914385301473088e-08
6.585574819736443716e-08
7.009294657508348417e-08
6.171165297717033344e-08
5.769314654860164001e-08
5.574769244046300065e-08
5.432200847793138312e-08
5.527346916328546811e-08
6.443307836583181968e-08
5.938641836315646319e-08
6.661999785733556717e-08
6.287477263934376968e-08
5.835960440282713203e-08
5.494626849817074205e-08
5.616799626310270309e-08
6.702288670086988229e-08
5.898486913339949319e-08
5.377343663611160663e-08
5.054798156372681772e-08
4.863266876557827816e-08
5.341140601278609271e-08
5.456782760607284305e-08
5.211499477976755807e-08
4.795817322868875511e-08
4.570226362765211769e-08
4.343999086117311079e-08
4.205215098785128779e-08
4.034749245618909063e-08
3.945698419770387778e-08
3.824965728087829077e-08
3.761401054353157110e-08
3.594518668041315741e-08
3.646060308124383405e-08
3.751923286878492655e-08
3.653629125966340988e-08
3.675531811225811959e-08
3.410254792968518700e-08
3.269796288414663601e-08
3.227769255185137581e-08
3.095720176118519033e-08
3.025862666664802968e-08
2.962904168164375565e-08
3.046053995323725274e-08
3.019111013227020747e-08
3.009037117621442081e-08
2.951989664913516938e-08
2.881659941603289166e-08
2.876247901942844787e-08
2.866388344541639488e-08
3.791274441587786553e-08
3.590164923264968581e-08
3.370568734814889846e-08
3.173668952787355161e-08
2.996062958187926580e-08
2.808872027011646530e-08
2.730561554622929271e-08
2.600461613602337684e-08
2.550162465297751200e-08
2.483429604979675028e-08
2.445491742805472027e-08
2.361404186001986358e-08
2.339082871437097023e-08
2.450833452742606251e-08
2.714881375359191581e-08
2.464253033757085960e-08
2.114513366838652649e-08
2.101334916304093473e-08
2.120970305245420333e-08
2.015033647733557366e-08
2.014005494159450544e-08
1.982481032944251577e-08
1.943407848093754740e-08
1.922895012128271723e-08
1.907857847477656448e-08
2.423290993480543289e-08
2.276653520378718229e-08
1.775269573865659930e-08
1.777757906457064861e-08
1.756478141604055600e-08
1.750352757607179311e-08
2.006198894872014996e-08
1.734910359788919255e-08
1.555626498933374976e-08
1.737810623616855428e-08
2.328674072387183400e-08
1.932687588840610097e-08
1.445366237955154254e-08
1.324020672969464197e-08
1.273497139357173829e-08
1.301049645722566481e-08
1.270928429939128885e-08
1.244065824669065198e-08
1.215126818044127989e-08
1.174546567694126493e-08
1.524108735787062800e-08
1.198746690581731641e-08
1.103148502396471645e-08
1.123246058090980355e-08
1.179298847569231808e-08
1.179188329432601563e-08
1.253037887942784318e-08
1.223305160154774525e-08
1.173595441912216784e-08
1.331509113984781768e-08
1.322838463810963811e-08
1.342570974751147663e-08
1.477801636538942676e-08
1.453276657310333255e-08
1.384775506806171184e-08
1.295460107236624933e-08
1.218877736620673648e-08
1.124672746763844836e-08
1.130895252759578447e-08
1.072431158482118845e-08
1.003655387153602778e-08
1.738835428156518689e-08
1.076627498639629210e-08
9.851888112330028862e-09
9.915151372964799501e-09
9.853864042651602659e-09
8.911847634427748493e-09
1.168829765899338052e-08
1.096356660545369832e-08
8.576575796304562420e-09
8.227807349374697704e-09
8.178810975468573527e-09
1.451843270568581982e-08
1.287831006774687051e-08
1.136468046073303016e-08
8.888035999535572636e-09
9.074778160096442269e-09
8.707389081661585916e-09
7.982021711577668425e-09
6.940706432108660535e-09
7.026307752480537654e-09
7.050487781161482923e-09
7.023561544236995210e-09
6.619333086925352338e-09
6.684572277881697601e-09
6.505365444818349608e-09
6.458746885366999290e-09
6.544281225050008492e-09
7.167804457711830259e-09
7.120683543093977175e-09
6.577101762594781981e-09
6.064900434829721551e-09
6.372978113272954030e-09
6.468291633530529512e-09
6.321101569745552402e-09
5.972400103504555604e-09
5.825913336952680877e-09
4.954628536172257689e-09
4.759044924680956910e-09
4.955834188571861184e-09
5.955755402321135282e-09
6.010646076847546063e-09
5.905051020848904017e-09
5.879765810801655475e-09
5.694430244706988129e-09
5.249444038219845930e-09
4.885136071472864993e-09
4.771034467988128908e-09
4.697054297134656030e-09
4.663028107190279045e-09
4.668888917466130863e-09
4.615069933961590223e-09
4.740223351109362347e-09
4.865175826190533199e-09
4.880782326696517337e-09
4.608907710585836911e-09
4.495978269156271190e-09
4.412922214961334415e-09
4.181738367337286225e-09
3.960836055454302944e-09
3.868603646884603706e-09
3.786384851300504323e-09
4.068842416252152808e-09
3.573185318637213303e-09
3.550445374766906347e-09
3.645691914335615151e-09
3.564042454606883971e-09
3.158789192755577177e-09
3.136501368535121221e-09
3.055494923419512291e-09
2.818068475593069783e-09
2.874345650379025287e-09
2.842613549028339331e-09
2.986618681057695671e-09
2.935348312764539682e-09
4.306757823107324167e-09
3.203019890648824027e-09
3.171157176954846955e-09
3.158785843721133698e-09
3.389222856664317178e-09
4.560480672535080110e-09
4.401568988198397709e-09
4.281673555126676070e-09
4.094228097332702399e-09
4.032806805641769722e-09
3.894190270031753742e-09
3.794422533964530382e-09
3.723757907209967736e-09
3.711065066669693768e-09
3.650246601178563251e-09
3.647232470179553272e-09
3.528877592951770168e-09
3.353053284676200324e-09
3.311927141711933240e-09
7.913366505489113121e-09
6.555567471124078934e-09
4.845650955385837080e-09
4.525985617768634318e-09
4.302404078330977339e-09
4.165194137187165299e-09
4.114087871581733144e-09
3.996335820553751787e-09
4.126546279710973123e-09
3.999450422586061989e-09
3.967701576063158640e-09
3.878952163314537360e-09
5.091804986971635770e-09
4.840962307165155625e-09
4.723310727170473663e-09
4.643737668796615675e-09
4.119211894280049447e-09
3.595556868718752916e-09
3.403623704770696995e-09
3.325356769829743965e-09
3.181140648630456331e-09
3.159773808881920183e-09
3.194988906053684511e-09
3.051221555469805227e-09
3.340541291995865929e-09
3.168682240501215939e-09
3.184998736309189005e-09
3.154348373083702800e-09
3.123751594409310184e-09
3.083831103844647422e-09
3.072072643914065935e-09
2.826360684874789877e-09
2.758713538153680689e-09
2.700517366631688457e-09
2.679760051151841428e-09
2.388467733338650821e-09
2.218822393611050856e-09
2.170539364041357844e-09
2.438820466194330481e-09
2.343942320414389848e-09
2.109794577307980962e-09
2.442521149254225864e-09
2.561301353856314208e-09
2.568625692183907862e-09
3.178230337699190053e-09
2.657318171346991660e-09
2.655305401646542080e-09
2.634805961818832150e-09
2.595866738346069743e-09
2.640063945894882634e-09
2.591958415150686544e-09
2.709831031418628581e-09
9.523347833437962649e-09
4.233514439831386804e-09
3.788930117477446322e-09
3.620674627043834145e-09
3.461863413740452794e-09
3.395050176595735864e-09
3.291675530433031214e-09
3.481622716956183316e-09
3.396657713128541076e-09
4.601774267221513680e-09
5.055467963261350362e-09
4.138200919573811323e-09
3.194935321502590921e-09
3.256433640985720298e-09
3.244926358638389780e-09
3.233435821463275829e-09
3.003527955962140876e-09
2.864904722283238352e-09
2.626517101571555534e-09
2.343068222424677086e-09
2.277835729537218781e-09
2.221766194886750679e-09
2.174842873301055389e-09
2.164213037977880698e-09
2.081203870265151383e-09
1.953110000876123328e-09
1.942664362447332516e-09
1.905145129578547550e-09
1.777456493357163863e-09
1.794211712677214635e-09
1.846979099366545798e-09
1.845656230761424894e-09
1.826339000092215350e-09
1.843013842585626152e-09
1.814747991883801176e-09
1.786522329595296496e-09
2.440139985765008113e-09
2.931463432810260420e-09
3.054801673289739930e-09
3.213770291211958571e-09
3.139930779805106004e-09
3.012560301855839964e-09
2.947900493858193753e-09
2.883334458824960807e-09
2.390681445105701259e-09
2.255286680630182247e-09
2.262611018957776314e-09
2.305535593418118619e-09
2.437353589108145580e-09
2.417868906716769136e-09
2.300702936716372961e-09
2.094931562448419296e-09
1.907191389623430675e-09
1.622201954632613899e-09
1.647651267367586482e-09
1.637654399554204018e-09
2.273438447313107557e-09
2.068547869103754025e-09
1.272073799718752496e-09
1.280024407487251627e-09
1.270322254704883494e-09
1.260633498060288862e-09
1.206908287520161488e-09
1.241296173184419686e-09
1.293229650297357970e-09
1.301136720618093534e-09
3.979825080748064820e-09
1.474951608227656655e-09
1.175648400025986784e-09
1.192383525139377719e-09
1.174050910596511388e-09
1.190765941503242485e-09
1.618695515570432623e-09
2.325847487317001192e-09
2.132045562149559481e-09
2.375101736875263708e-09
2.225158766777858025e-09
1.935892614802890499e-09
1.708017613208865584e-09
1.645913118491490774e-09
1.653512077643438713e-09
1.652406896277135027e-09
1.042929514070700060e-09
9.814345436220139545e-10
9.894588301482667199e-10
9.888024193973711757e-10
9.361355037413406487e-10
9.095307741234143713e-10
9.175818529252137248e-10
8.910240097894942868e-10
9.163695024567231689e-10
9.071261673930932005e-10
8.892590686378519909e-10
8.196493877329430238e-10
8.018660148387854707e-10
8.013402164311803189e-10
8.180351531312510614e-10
8.002886196159703255e-10
7.911658497923007273e-10
8.078373432512681536e-10
8.073115448436630018e-10
7.810350206011846000e-10
7.976830708190485032e-10
8.057341496208479601e-10
8.052117002476861835e-10
7.704487227257735798e-10
8.212803675068516553e-10
6.788258384247633768e-09
4.477022734206943273e-09
3.475125590136095792e-09
2.977991568331641364e-09
2.677616669108100732e-09
2.539546026112350258e-09
1.848080931698406006e-09
1.795829296313350076e-09
1.675602308831737083e-09
1.581028925186140595e-09
1.529051910625438744e-09
1.528077341602425553e-09
1.493167006565005785e-09
1.466783313220340100e-09
1.431956704044004194e-09
1.422582756637083730e-09
1.404755846295162403e-09
1.370039755255456535e-09
1.377625318269631180e-09
1.207829271992080882e-09
1.308360587912386965e-09
1.324409160964892082e-09
1.306712862966261664e-09
1.297469527902631489e-09
1.262974473136186317e-09
1.220110181295824145e-09
1.177302823040998835e-09
1.159757231592318751e-09
1.167433218536463596e-09
1.116343698103248008e-09
1.149201075026897694e-09
1.114957197843703285e-09
1.105884663536684108e-09
8.205268347570991605e-10
8.116518934822370533e-10
8.195120773207658809e-10
7.855763113063593029e-10
8.101481770171755423e-10
7.846084403522328626e-10
7.590988449972801461e-10
7.252869932572772101e-10
6.498566904898361002e-10
5.079112146431360768e-10
5.325634571805925975e-10
4.989726417138503574e-10
4.488007567181111497e-10
4.402205304742633726e-10
4.482548641038460568e-10
4.396846849633283020e-10
4.228356926788636956e-10
4.391488394523932314e-10
4.223232904090320446e-10
4.220654147568945316e-10
4.300830032142604948e-10
4.132909445153327500e-10
4.130397669320819356e-10
4.293026781889613086e-10
4.042920889660668973e-10
4.040476094517027817e-10
4.038064789717819895e-10
4.200358998842279205e-10
3.950922913502004448e-10
3.948545099047230279e-10
4.028386080176554975e-10
3.943822960482114659e-10
3.941478636371773725e-10
3.857049478055066866e-10
4.510881472429152738e-10
5.327878424882966687e-10
5.078978185053626793e-10
5.321582240129480227e-10
5.072949923055607249e-10
5.233502634269526959e-10
6.946634223073380064e-10
7.187563760927560368e-10
7.020078548415918078e-10
7.015925745706171074e-10
8.071742344314859624e-10
8.881840285815384745e-10
1.164549699880744113e-09
1.245254731896452169e-09
1.244527991422246676e-09
1.227541688725604772e-09
1.218700237795176313e-09
1.209868833968077670e-09
1.201047477244309049e-09
1.192239516658313929e-09
1.175333590788312409e-09
1.166552422477864084e-09
1.173970533769871416e-09
1.132834343702274517e-09
1.148350420278288249e-09
1.091112072607092849e-09
8.804645041896300615e-10
6.539123712007259471e-10
6.293304583865795820e-10
6.531588384509734523e-10
6.286070669468172573e-10
6.362997990631788754e-10
4.749399705484125638e-10
4.666209689911455716e-10
4.663563952701214115e-10
4.419821225914623966e-10
4.577929141984903037e-10
4.495040539512134816e-10
3.289136962324975862e-10
2.004430604685929480e-10
2.003291932975192248e-10
3.443711647057527173e-10
4.002029179107436602e-10
3.999785326030395891e-10
3.997507982608921944e-10
3.995264129531881749e-10
3.992986786110407285e-10
3.910935442248474595e-10
3.908725079515867636e-10
3.986255226879285151e-10
3.824664314987928431e-10
3.185430761752380168e-10
1.910188775450223985e-10
1.988666699561108412e-10
1.908052091475370504e-10
1.986442940690727952e-10
1.905922105569403257e-10
1.904860461650863138e-10
1.983124047557373620e-10
1.902740522848226534e-10
1.901682227964129790e-10
1.979821899596236423e-10
1.899575685299266428e-10
1.819419894932266530e-10
1.897475840703289558e-10
1.896427592922522681e-10
1.895379345141756063e-10
1.894334446395432562e-10
1.893292896683552436e-10
1.892251346971672568e-10
2.442815864285239987e-10
1.968930839586481051e-10
1.416852558704521736e-10
1.416078931748109300e-10
1.493930586418088250e-10
1.335946584622213028e-10
1.413758050878871993e-10
1.491485791274447094e-10
1.412217495034933354e-10
1.333036273690946853e-10
1.410683637259881725e-10
1.488247274967733250e-10
1.409153128519273471e-10
1.330146056966340672e-10
1.407629317847551967e-10
1.485025503833236024e-10
1.327992627819270574e-10
1.405348625391634387e-10
1.404591743607438827e-10
1.325845896741086709e-10
1.481030105742326363e-10
1.324422557102665428e-10
1.401577612608428796e-10
1.400827428893119987e-10
1.633421220017817198e-10
2.021252804694847291e-10
1.942473467484061680e-10
2.019096026513333560e-10
1.940403764198075187e-10
1.939368912555081811e-10
2.015870906344393217e-10
1.937309256372425185e-10
2.013730873335096361e-10
1.935252949224211676e-10
2.011597538394685998e-10
1.855877483882511222e-10
2.009470901523162385e-10
1.931163778168888542e-10
1.930145671698111784e-10
1.929130914261778659e-10
1.928116156825445276e-10
1.927101399389112151e-10
1.926089990987222144e-10
1.925078582585332394e-10
2.001034683760378552e-10
1.999986435979611676e-10
1.845173969801583310e-10
1.921053043184432356e-10
1.996855088775084805e-10
1.842287102111420503e-10
1.994771989351324811e-10
1.840371454409827719e-10
1.456203713413815985e-10
1.225639437161785281e-10
1.148440844208258552e-10
1.224370153107757967e-10
1.147251936980871338e-10
1.223104218088173770e-10
1.146066378787927500e-10
1.221841632103033206e-10
1.144887518663870282e-10
1.144298088601841803e-10
1.219956125711430282e-10
1.143122577512227961e-10
1.218703586829619585e-10
1.141947066422614248e-10
1.217454396982252264e-10
1.140778253401887027e-10
1.216208556169328317e-10
1.139616138450046685e-10
1.214969413425290863e-10
1.138454023498206215e-10
1.213730270681253409e-10
1.061476466817940181e-10
1.212497826006102705e-10
1.136139840697855399e-10
1.211268730365395377e-10
1.134987772849344925e-10
1.210042983759131423e-10
1.133842403069721330e-10
1.133269718179909339e-10
1.132697033290097477e-10
1.132127697434728991e-10
1.206992013381245041e-10
1.130989025723992146e-10
1.205779662912754330e-10
1.129850354013255044e-10
1.129284367192329932e-10
1.128718380371404692e-10
1.128155742584922826e-10
