2.857071534140704500e-02
2.334422678347069374e-02
1.928202139137585175e-02
1.653294797616705614e-02
1.453249750552449392e-02
1.297488311139619564e-02
1.168611915230746874e-02
1.061950861747249994e-02
9.708499074196552323e-03
8.911374080489151486e-03
8.208111081260316758e-03
7.595099999799333722e-03
7.047805685127832807e-03
6.558840850643332492e-03
6.130478507608135182e-03
5.740824209304483741e-03
5.387939210832179415e-03
5.050831584651143888e-03
4.743573944605920453e-03
4.461553414899486342e-03
4.195310257484320161e-03
3.944944752269054916e-03
3.710189486164006643e-03
3.474565127517490262e-03
3.264669250762053908e-03
3.073037688031934195e-03
2.880129227798580716e-03
2.710933623292824911e-03
2.549957628631186000e-03
2.402602988225250539e-03
2.261021127892836723e-03
2.132218270583626646e-03
2.017661845627253137e-03
1.900992857262388033e-03
1.801822712953622804e-03
1.702304931628270592e-03
1.609947135779167884e-03
1.525207270322396190e-03
1.445661904132707716e-03
1.367824639053366121e-03
1.295980769846534356e-03
1.228335286147718254e-03
1.168093802369487080e-03
1.108163186308011670e-03
1.053112859133242558e-03
9.999778782133245288e-04
9.490356846288031762e-04
9.013759867201347935e-04
8.599536991283114476e-04
8.164121628007540814e-04
7.781553776580475137e-04
7.409415035651029796e-04
7.063917323781205041e-04
6.714274709021301633e-04
6.406749655886395754e-04
6.102700972917362958e-04
5.817371206226106721e-04
5.557445683054690333e-04
5.316740475704206850e-04
5.075634148719198506e-04
4.849235541666728965e-04
4.633600311473981461e-04
4.422811943531729760e-04
4.223555765082037151e-04
4.029547568517364122e-04
3.858904590663701567e-04
3.694746380234840413e-04
3.530554743169769306e-04
3.381873065306284553e-04
3.236614274990735657e-04
3.114610395486704011e-04
2.975425224970569917e-04
2.842597800661637668e-04
2.741635988652000081e-04
2.623385920394386678e-04
2.512757125192725555e-04
2.401683755729466796e-04
2.303773795605830574e-04
2.211004852131341104e-04
2.119666568686653192e-04
2.032513300095496582e-04
1.954017530282811915e-04
1.876761888673530011e-04
1.800753060594892754e-04
1.729584409439509417e-04
1.662009121676734813e-04
1.596533026667968150e-04
1.538257029098903531e-04
1.477012746234362972e-04
1.420799172119474856e-04
1.373577363145161469e-04
1.324002318981642111e-04
1.267417709204819503e-04
1.223936340822440595e-04
1.179271669518216548e-04
1.136545743114190932e-04
1.093358529130462837e-04
1.051508380595147374e-04
1.009471042897054193e-04
9.700108988507764071e-05
9.355714355632879699e-05
8.989024156405715012e-05
8.672707897947496292e-05
8.344057210727670116e-05
8.065813890913002028e-05
7.773999356796944390e-05
7.486864551750331705e-05
7.208454098754611141e-05
6.978579121536268787e-05
6.730453200947094641e-05
6.474304887667443626e-05
6.234401919586006881e-05
6.043168133826790057e-05
5.821449255843764927e-05
5.616978522145263505e-05
5.390412781911742301e-05
5.210443772555401962e-05
5.007142971124261101e-05
4.851909672563554498e-05
4.700888130165347539e-05
4.517008204372399710e-05
4.374410174299192718e-05
4.221717300090469801e-05
4.071397717052679450e-05
3.927061501896535645e-05
3.816987588855965926e-05
3.697687924221348688e-05
3.583703094744171479e-05
3.450263962992590472e-05
3.363287855573348620e-05
3.227365124751341687e-05
3.131179979056157700e-05
3.047138730296181699e-05
2.951759166533666408e-05
2.803652426812998773e-05
2.731938921487387262e-05
2.657862152981706281e-05
2.565330538624310136e-05
2.491380791336228237e-05
2.411370794903216520e-05
2.337517984860144421e-05
2.245828721735248205e-05
2.162472719017583428e-05
2.095231697616912355e-05
2.025079216202322425e-05
1.968571487688783496e-05
1.915998074257198712e-05
1.842954188810416453e-05
1.799723520199615176e-05
1.750606420952176813e-05
1.691962730384798778e-05
1.643320289371547334e-05
1.591639367126777951e-05
1.542164602871889335e-05
1.503911160392804020e-05
1.469438270469105291e-05
1.422059356304603571e-05
1.376050934224724978e-05
1.332576251169588121e-05
1.302545761198240377e-05
1.260384744946169055e-05
1.231072927653343132e-05
1.190158724931916489e-05
1.152289688769249736e-05
1.110018364617684207e-05
1.077938821846644062e-05
1.044174576610604060e-05
1.005566811787689297e-05
9.913337500893368718e-06
9.561990127686739128e-06
9.257540325083181540e-06
9.002060544527737721e-06
8.817679219191636527e-06
8.554477885671608333e-06
8.375411395492947167e-06
8.178194241852083457e-06
7.957745576045050509e-06
7.771124666082857105e-06
7.417203441888032723e-06
7.257557827347564926e-06
7.089154434119993565e-06
6.869207167856115337e-06
6.633382249392336526e-06
6.454616598939568191e-06
6.265321558080549051e-06
6.142077550373114743e-06
6.024649777366275182e-06
5.841672370751006356e-06
5.671697925621550489e-06
5.493099408349832598e-06
5.357487545244581591e-06
5.183802743495779952e-06
5.080280451152431846e-06
4.938150393986169485e-06
4.800098386437564380e-06
4.656063011007314084e-06
4.467001956601767429e-06
4.375479826657922842e-06
4.290609597319931151e-06
4.143064425087596972e-06
4.031787153143455587e-06
3.917969456847330007e-06
3.792051318243069963e-06
3.704540384644463133e-06
3.632439130338811916e-06
3.549574499173439103e-06
3.437695547777511631e-06
3.393472108071264094e-06
3.318459393751693935e-06
3.264759502679821774e-06
3.128288575023965032e-06
3.009761065685806656e-06
2.886774443077191149e-06
2.855624160792798062e-06
2.742825976901087220e-06
2.695831469053004147e-06
2.631842859355596378e-06
2.601307627177472685e-06
2.494111747514610971e-06
2.437052479503602189e-06
2.429735388837164004e-06
2.339028868816850699e-06
2.276862010792905219e-06
2.250117359161031799e-06
2.172544164507751850e-06
2.139358200078150009e-06
2.069242487963391651e-06
2.022244637451687433e-06
1.986528276660965254e-06
1.942321550272822591e-06
1.866449771402647544e-06
1.847791023070049264e-06
1.799325743228712206e-06
1.775215110530211635e-06
1.715772523357406939e-06
1.679494595078350923e-06
1.636842207273987891e-06
1.599711899771569275e-06
1.585348474191996496e-06
1.546032064681422922e-06
1.520687989106761572e-06
1.449108190325991306e-06
1.404099224668800881e-06
1.368443031823256971e-06
1.354978782757741754e-06
1.305520731820958690e-06
1.280841846306882207e-06
1.241398415578709592e-06
1.221970854613274145e-06
1.181548023444139043e-06
1.169761791516381777e-06
1.123676488173219276e-06
1.077651352775235469e-06
1.071664642229967863e-06
1.045688803230931398e-06
1.014963039226409038e-06
9.781302287862621095e-07
9.494568602450531678e-07
9.565098804854298389e-07
9.404249831410258207e-07
9.086997627138150606e-07
9.249317372575444562e-07
8.884565918248476966e-07
8.960778648807997519e-07
8.547759131793335302e-07
8.511424378232721737e-07
8.143330260284724089e-07
8.216568020221526710e-07
7.754311068069068701e-07
7.407409437478410816e-07
7.261301610603119813e-07
7.174392356456298223e-07
7.087516528945688077e-07
6.991849496111763558e-07
6.760336613719117241e-07
6.821941904254729096e-07
6.700670068083703493e-07
6.494661709119526046e-07
6.288653350155349657e-07
6.252786569501680426e-07
6.179047410021724145e-07
6.046677930628873941e-07
6.086689614172621410e-07
5.955857760045445750e-07
5.708166385727004748e-07
5.604610666747447315e-07
5.375270515708468626e-07
5.175512937715622628e-07
5.191624576368994425e-07
5.221240576051334324e-07
5.093784812181400160e-07
5.054408234725647892e-07
4.926985897491924113e-07
4.713523398652846642e-07
4.584362876336186537e-07
4.403357641257326416e-07
4.245149372073900843e-07
4.130696569689779532e-07
4.178128966472217698e-07
4.039441852835617392e-07
4.250664767048603288e-07
4.219076595829854895e-07
4.025636652080757411e-07
4.088946701063095207e-07
3.893835425503481638e-07
3.783694659190491021e-07
3.741276257839600050e-07
3.705944303365295924e-07
3.391600216443486015e-07
3.527345786093578774e-07
3.471189037260248064e-07
3.375789417516007156e-07
3.356769661512337138e-07
3.130895852648369574e-07
3.087213924448729747e-07
3.147876583843210328e-07
3.287593237875088382e-07
3.054796772651964860e-07
2.907007585975295715e-07
2.834675687879793476e-07
2.881870755545137907e-07
2.699829294743757961e-07
2.570508324573288007e-07
2.503992661178380621e-07
2.419122431840388294e-07
2.452893362403670607e-07
2.423905783482084891e-07
2.333403165942654566e-07
2.325203612080264275e-07
2.193235252321937370e-07
2.261462359490812774e-07
2.186065238854824563e-07
2.145682519649141817e-07
2.191032436995677484e-07
2.115688798977625623e-07
2.021636272672659799e-07
1.953125039095996650e-07
2.037079378601826009e-07
2.086992031791069465e-07
2.097494680888350533e-07
2.114284880256792091e-07
1.962103433582087327e-07
1.858965547555157857e-07
1.871898313104929166e-07
1.783882637299546472e-07
1.767834509254973613e-07
1.707917263847982505e-07
1.778691480696084499e-07
1.613958332124405759e-07
1.614031870724068607e-07
1.639917457805337191e-07
1.554458919670043408e-07
1.475715792749402517e-07
1.616074238196518644e-07
1.493916596165919421e-07
1.386429904768028097e-07
1.364408436832671839e-07
1.337600274591998475e-07
1.333248126557415583e-07
1.229211064016428603e-07
1.233506386769454105e-07
1.233101924471309237e-07
1.270696862217051414e-07
1.182273381449902947e-07
1.164039151397175658e-07
1.151173239119825120e-07
1.145975397189120938e-07
1.213687734160357733e-07
1.145443913673376871e-07
1.164256424532542765e-07
1.083397391539788725e-07
1.087335049285363899e-07
1.040046387038629992e-07
1.005580182442173520e-07
9.905381961475314028e-08
9.706794315749825689e-08
9.485743970491008772e-08
1.008144005439504640e-07
1.021584855859672613e-07
9.525755654034756506e-08
9.228726564669888821e-08
9.280069877888934647e-08
9.176714718726637938e-08
8.966093483965438711e-08
8.903886513978040186e-08
1.010119519639534304e-07
9.606714966936140114e-08
9.304839015320778483e-08
9.121895035341719989e-08
9.022317086071188869e-08
9.804400093483949375e-08
9.128212669585470885e-08
8.254941798590968744e-08
7.970915670711914442e-08
7.662688658216591529e-08
7.503511016583067961e-08
7.889688944720847752e-08
7.533060162992987619e-08
7.738333135960537121e-08
7.133645286915923073e-08
6.784270085245701975e-08
6.597782881828350588e-08
6.516723289018334501e-08
6.587554331147993885e-08
6.421724788908616892e-08
6.417513032746117619e-08
6.512845799217937756e-08
6.418916951466949827e-08
6.874421723104925638e-08
6.016326544949906625e-08
5.612800192618973960e-08
5.414245973529697992e-08
5.319849152871765993e-08
5.469366496640508746e-08
6.416811073385700852e-08
5.896157787773821220e-08
5.873293968605964710e-08
5.734105455426209816e-08
5.495940672427710075e-08
5.330913369457380342e-08
5.480430713226123094e-08
6.713271909934991988e-08
5.926676306633839403e-08
5.397164962426226876e-08
5.060124189517611457e-08
4.860801157795498614e-08
5.362568393948548975e-08
5.482102045036638385e-08
5.242299356863833076e-08
4.840511189615836472e-08
4.604418858062375982e-08
4.389151320867941812e-08
4.191098501321820299e-08
3.997056878120937071e-08
3.904498522454572290e-08
3.763471544283250179e-08
3.705810596820455442e-08
3.560605289122843119e-08
3.610979229891789097e-08
3.684852095916586920e-08
3.559101090493379093e-08
3.583368828382068474e-08
3.313121159948906903e-08
3.175266369553943203e-08
3.141141116646831602e-08
3.040185989964435522e-08
2.975809631286988488e-08
2.915093489274570696e-08
3.000752587227126393e-08
2.984560724646849407e-08
2.987081093017107291e-08
2.927805639025353992e-08
2.859344545403006090e-08
2.851536083184276115e-08
2.878611658514632230e-08
3.852887796145845367e-08
3.658511906582858287e-08
3.432113299530388998e-08
3.228187420002115639e-08
3.044367662154345978e-08
2.848253587508423499e-08
2.764436297211056256e-08
2.625505169130120402e-08
2.566279855092683012e-08
2.510637876456991373e-08
2.471194445728818533e-08
2.381363703577215760e-08
2.360482083936631388e-08
2.477003995102171508e-08
2.760221198384935414e-08
2.512854062437735215e-08
2.149633548049201277e-08
2.137098559470332957e-08
2.157612486112603422e-08
2.042738508112232250e-08
2.000821506304496197e-08
1.941970570592614195e-08
1.911592443604679034e-08
1.899398406715156048e-08
1.887234453798222209e-08
2.422140857090180125e-08
2.275103769728242728e-08
1.753905629946135206e-08
1.758849429441641056e-08
1.735648001248060450e-08
1.728237316000233530e-08
2.008399324733374712e-08
1.730299739454410063e-08
1.548051033508526193e-08
1.736837989497147715e-08
2.398444714680687206e-08
1.990335570525320124e-08
1.481468516841197870e-08
1.359514777291481732e-08
1.304661667270353398e-08
1.323380583548130246e-08
1.294249270090839907e-08
1.265178124578728361e-08
1.233947618367430197e-08
1.193912536178334796e-08
1.557066197294448294e-08
1.218079994158393352e-08
1.118502044887862397e-08
1.111870200263735733e-08
1.159302597046173932e-08
1.184599875330140795e-08
1.254986343198202949e-08
1.222956940381478431e-08
1.172312243859228796e-08
1.335805264227504527e-08
1.329012971749568411e-08
1.348527441969150707e-08
1.469782564822071647e-08
1.459604154096030356e-08
1.388278397750458495e-08
1.294179074154798396e-08
1.216615907492381523e-08
1.117419021874648265e-08
1.125046980257842192e-08
1.088090491263717182e-08
1.021889038249186556e-08
1.786860950585885641e-08
1.097971404927486408e-08
1.001629154042114059e-08
1.009330651024970900e-08
1.002966219490526821e-08
9.048356435679025027e-09
1.195232888308642531e-08
1.122974528812802609e-08
8.936544337555519715e-09
8.573129948676965278e-09
8.522087475183813911e-09
1.504188601473349624e-08
1.327936634063596257e-08
1.170233107086947070e-08
9.132591558929022085e-09
9.316605191266810590e-09
8.933903633294904576e-09
8.178261095124504188e-09
7.103995860597373748e-09
7.182682162236456454e-09
7.218615796162546952e-09
7.180074884612052031e-09
6.758999548270703850e-09
6.837719276545997273e-09
6.640502122905133901e-09
6.602629744078846685e-09
6.681316045717929392e-09
7.341692670688929585e-09
7.282159831598356419e-09
6.726442004601855974e-09
6.182289793734124332e-09
6.513982304849088869e-09
6.613393120938568228e-09
6.449602603508020598e-09
6.096918164852977815e-09
5.944392423825306679e-09
5.026162727127931206e-09
4.832956769832304962e-09
5.038129462891224467e-09
6.080137993475400167e-09
6.127002137442262479e-09
6.027524468080362515e-09
6.001284558655264707e-09
5.808279161176901105e-09
5.344718570212240654e-09
4.954863712091326594e-09
4.908902087302142863e-09
4.894194367369603970e-09
4.858728706350458535e-09
4.864845780776946789e-09
4.798393627990838935e-09
4.711384093935386355e-09
4.852110232380816157e-09
4.858227306807304411e-09
4.575137124742139571e-09
4.468004755688076610e-09
4.381630327720620191e-09
4.130629716417358993e-09
3.910949863243163238e-09
3.815015417319556993e-09
3.729543508529779155e-09
4.024032173542661699e-09
3.518019754590900520e-09
3.484258852018481754e-09
3.583669668107960700e-09
3.508994562814115535e-09
3.086933140704562809e-09
3.053670295011677343e-09
2.979650351787553694e-09
2.732430293039679157e-09
2.791241116788108548e-09
2.758349306757157647e-09
2.908571952549938319e-09
2.855319978403284096e-09
4.416427456015559576e-09
3.337452408446395651e-09
3.304249730698689143e-09
3.291360419775991120e-09
3.531457262347447505e-09
4.751897177022288710e-09
4.586301621236384744e-09
4.461352855082224343e-09
4.266041019705348628e-09
4.202062437998803988e-09
4.057625942934029367e-09
3.953669104319947212e-09
3.880063651384831314e-09
3.866826703445546558e-09
3.803449801190787363e-09
3.800307697387018100e-09
3.676996836407162935e-09
3.493785443338421691e-09
3.450932495716796920e-09
5.576966838601515942e-09
6.181587834373708393e-09
5.049026546295787220e-09
4.715930116459989151e-09
4.482979888710298751e-09
4.340014165638777440e-09
4.286765534155744454e-09
4.164056352627674735e-09
4.299735069005346790e-09
4.167298736340075318e-09
4.134239793128073318e-09
4.041748290734129472e-09
5.305542552573751227e-09
5.044146257409080572e-09
4.921537355789642174e-09
4.838639297988058870e-09
4.292113795949394509e-09
3.746457386452198841e-09
3.546465822005879534e-09
3.464938256288919047e-09
3.314655442550960243e-09
3.292389960171268851e-09
3.329082378739332595e-09
3.179280908562802147e-09
3.480749055216398750e-09
3.301672537046873786e-09
3.318673324223440259e-09
3.286737515988104422e-09
3.254855190370705070e-09
3.213259084270588087e-09
3.201008222099507462e-09
2.944983587373835522e-09
2.874496839597142709e-09
2.813857578848008323e-09
2.792230545219934329e-09
2.488713345766645149e-09
2.311946608159252710e-09
2.261636177999106761e-09
2.221106381594098635e-09
2.122487776782803651e-09
1.888444498029035326e-09
2.235372869928661121e-09
2.369042645470093375e-09
2.376901247643138597e-09
3.012318203355895362e-09
2.469770471026259481e-09
2.477542163945157502e-09
2.456403159205753925e-09
2.416043838645418549e-09
2.471933174389066260e-09
2.422017178536201881e-09
2.545047255771890505e-09
9.817469908242181874e-09
4.411212900766750731e-09
3.947953149527983415e-09
3.772630442604876871e-09
3.607168593363812875e-09
3.537540910137725043e-09
3.429840288268087766e-09
3.408179828003802643e-09
3.300726563242121605e-09
4.556585341645413822e-09
5.029505390748962284e-09
4.073938141404663608e-09
3.100751712113907242e-09
3.155494514235541371e-09
3.153174705682545136e-09
3.141371760436682979e-09
2.901980219889264184e-09
2.757704172678299015e-09
2.518947738218875968e-09
2.214300718461678149e-09
2.155951182292950933e-09
2.088238845321714055e-09
2.048952519783730009e-09
2.038032037733819837e-09
2.017698614927084757e-09
2.035080465756448678e-09
2.024196753006370046e-09
1.985104301958405755e-09
1.852056261850485541e-09
1.869514993943133365e-09
1.924498467845482085e-09
1.923117947769995971e-09
1.902991770107764767e-09
1.920366935609887041e-09
1.890911383781356891e-09
1.861502629243520752e-09
1.850829504301567025e-09
2.064355513749443608e-09
2.296249459794888448e-09
2.527812482141851501e-09
2.516701468265542812e-09
2.431092510267302941e-09
2.410759087460567861e-09
2.362554535381670971e-09
1.886853390145424513e-09
1.774068576908197743e-09
1.800666151340745995e-09
1.864330522666913585e-09
2.020596704286519019e-09
2.019182757574822602e-09
1.915961304957367102e-09
1.711136248915036192e-09
1.525086934432039023e-09
1.246930523871516902e-09
1.273755399430295417e-09
1.282095345164769201e-09
1.281209539305195771e-09
1.354012752971263582e-09
1.325463062984033044e-09
1.333746183436949107e-09
1.323637968646949700e-09
1.313539781847813177e-09
1.257563536850018472e-09
1.293393548203855998e-09
1.347507929564736026e-09
1.355747595390579109e-09
4.146841634979362740e-09
1.536856453041691292e-09
1.224992622526686474e-09
1.242427955973987293e-09
1.223327976043412789e-09
1.240743253508987426e-09
1.613697604361965300e-09
2.341469013260203878e-09
2.148690916908070333e-09
2.401997966109844059e-09
2.236716620704315696e-09
1.944454169663040540e-09
1.697982867566276779e-09
1.642401056875763643e-09
1.641301320544444071e-09
1.649263545289741230e-09
1.014254394538750362e-09
9.411770824557578636e-10
9.586391572120269242e-10
9.580007084604099395e-10
9.573622597087927480e-10
9.477019618440116013e-10
9.560920475328008392e-10
9.284181354142803303e-10
9.548285206840509908e-10
9.451983067918589096e-10
9.265830130863339989e-10
8.540505551735697417e-10
8.355221707221916176e-10
8.349739738883423463e-10
8.523691953721908018e-10
8.338775802206441139e-10
8.243710448824302552e-10
8.417428677209313956e-10
8.411946708870822277e-10
8.138149131672124843e-10
8.311599946967454861e-10
8.395534230491556509e-10
8.390085688789276166e-10
8.027841232178083144e-10
8.557486282930537294e-10
7.073176502011462429e-09
4.664921069603046846e-09
3.621007220754883903e-09
3.102977926085514216e-09
2.789997645921084881e-09
2.646129403671885403e-09
1.925645001467496081e-09
1.871199696408133438e-09
1.745926691882732689e-09
1.647384968334721608e-09
1.593223789683146950e-09
1.592210962605974370e-09
1.555836097081908707e-09
1.528342688798923728e-09
1.492058075192626088e-09
1.482287469428350530e-09
1.463715630349899219e-09
1.427541324643095371e-09
1.435443381443214192e-09
1.258522881309254567e-09
1.363271931201521098e-09
1.379991934633921030e-09
1.361557144763931959e-09
1.351923588208118848e-09
1.315983268954787531e-09
1.271318597650563330e-09
1.226714094291517881e-09
1.208433066948096202e-09
1.216428718329603663e-09
1.163196800164675622e-09
1.197435703634902334e-09
1.161749426816769109e-09
1.152299716760112662e-09
8.549631023421113103e-10
8.457172947663379146e-10
8.539068206378653375e-10
8.185481248545931804e-10
8.441495855280741067e-10
8.175386404410416311e-10
7.909577793265985312e-10
7.557261047609256271e-10
6.771333977032310438e-10
5.292272177998254721e-10
5.549155877274531849e-10
5.199145569516315748e-10
4.676352979186975680e-10
4.586970153960591105e-10
4.670670451031221152e-10
4.581387905713468001e-10
4.405831212336889442e-10
4.575805657466345414e-10
4.400482950543238973e-10
4.397808819646413222e-10
4.481308556899782488e-10
4.306353542974989374e-10
4.303746265350584745e-10
4.473219310936885662e-10
4.212591828405053103e-10
4.210084830689279898e-10
4.207544406337295873e-10
4.376649758925283463e-10
4.116724235753867773e-10
4.114250664674303837e-10
4.197482988837990683e-10
4.109336949151387818e-10
4.106896804708035218e-10
4.018951324838693650e-10
4.700219597441140975e-10
5.551495741809255092e-10
5.292138471453414545e-10
5.544910694475822396e-10
5.285854263845874572e-10
5.453154578078505826e-10
7.238170378345581363e-10
7.489237842921263786e-10
7.314717375267204088e-10
7.310405339196074031e-10
8.410509363513779269e-10
9.254632207732884514e-10
1.213423663734296227e-09
1.297518395112208775e-09
1.296759610470234494e-09
1.279060206596872492e-09
1.269847825657309399e-09
1.260645472708609397e-09
1.251456490414393516e-09
1.242277536111040932e-09
1.224665041491825510e-09
1.215512828497440961e-09
1.223244409452887240e-09
1.180378091176778141e-09
1.196546555111707874e-09
1.136906750785262360e-09
9.174174294374653293e-10
6.813551818565940082e-10
6.557436931922498878e-10
6.805729985692725159e-10
6.549882512138967409e-10
6.630073012407516210e-10
4.948713211028629072e-10
4.862071369971490853e-10
4.859296959166034711e-10
4.605321377240054419e-10
4.770047840484490829e-10
4.683706839153245333e-10
3.427166157371262325e-10
2.088556398365711928e-10
2.087369752780245931e-10
3.588249117268774211e-10
4.170006293873111166e-10
4.167633002702178654e-10
4.165293138167456961e-10
4.162953273632734752e-10
4.160579982461801723e-10
4.075074647035814307e-10
4.072801635773512702e-10
4.153560388857636129e-10
3.985190422266275194e-10
3.319124583812279549e-10
1.990358969170667377e-10
2.072130549331963124e-10
1.988132755199060403e-10
2.069814083442587972e-10
1.985913226554695334e-10
1.984806804896134011e-10
2.066357769258441452e-10
1.982597304242631930e-10
1.981497567911312770e-10
2.062914825728779001e-10
1.979301437912295017e-10
1.895781644677199776e-10
1.977111993240519169e-10
1.976018942236441656e-10
1.974929233895985484e-10
1.973839525555529054e-10
1.972753159878693964e-10
1.971670136865479956e-10
2.545341410170541167e-10
2.051566482735376647e-10
1.476320814864809361e-10
1.475511890268519678e-10
1.556631651023714269e-10
1.392015495678771753e-10
1.473095144470513877e-10
1.554084541344488080e-10
1.471490665932418581e-10
1.388983699774495920e-10
1.469889530057944625e-10
1.550708451087246235e-10
1.468295079510712575e-10
1.385971959851946578e-10
1.466707314290722431e-10
1.547352416811730622e-10
1.383725689898613371e-10
1.464334023119790177e-10
1.463545154505226470e-10
1.381492790599764233e-10
1.543190800603546151e-10
1.380008647952026336e-10
1.460403050701456741e-10
1.459617524750514374e-10
1.701977350593409634e-10
2.106085326394402008e-10
2.023999535852728951e-10
2.103835713777447718e-10
2.021840175153542841e-10
2.020763837467570738e-10
2.100479679501931847e-10
2.018617847422868180e-10
2.098246780203082709e-10
2.016478542705408044e-10
2.096023908895096817e-10
1.933771016730223568e-10
2.093811065577973654e-10
2.012216646588592923e-10
2.011153679557104631e-10
2.010094055189237680e-10
2.009037773484992069e-10
2.007981491780745941e-10
2.006928552740120895e-10
2.005875613699495849e-10
2.085016517591039652e-10
2.083926809250583480e-10
1.922616548226841382e-10
2.001680570855101075e-10
2.080661026892835788e-10
1.919608150967912864e-10
2.078494980866406996e-10
1.917612580786157184e-10
1.517321926840382494e-10
1.277081349733221654e-10
1.196643492356717700e-10
1.275757654939293364e-10
1.195403364153315167e-10
1.274437302808985898e-10
1.194169921277154280e-10
1.273123636005920337e-10
1.192936478400993653e-10
1.192324770958344962e-10
1.271158149796753878e-10
1.191098013409426239e-10
1.269851168320930481e-10
1.189877941187749939e-10
1.268550872172349248e-10
1.188657868966073381e-10
1.267253918687388839e-10
1.187444482071638728e-10
1.265960307866049770e-10
1.186234437840825415e-10
1.264673382371952607e-10
1.106023881590551415e-10
1.263386456877855443e-10
1.183824377370061519e-10
1.262106216711000185e-10
1.182624361130111193e-10
1.260829319207766267e-10
1.181427687553781950e-10
1.180832693429238410e-10
1.180237699304694612e-10
1.179642705180151072e-10
1.257650446104165155e-10
1.178456059594684816e-10
1.256386919255415307e-10
1.177272756672839642e-10
1.176681105211917185e-10
1.176092796414615550e-10
1.175504487617313916e-10
