3.280413972386590077e-02
2.660717025045566952e-02
2.157727924591507432e-02
1.800697854499093420e-02
1.567219658196373350e-02
1.381294948361868301e-02
1.238601675129607713e-02
1.113113785510579795e-02
1.020250653357784691e-02
9.307439070011228402e-03
8.499406377787547054e-03
7.866162007330845460e-03
7.280638317606877297e-03
6.729834782626896092e-03
6.318443138117592860e-03
5.866081085985097934e-03
5.479549822302833689e-03
5.152770976145774548e-03
4.840336460346491600e-03
4.506526079700325614e-03
4.206248305751097288e-03
3.955003765639235509e-03
3.707196864610937375e-03
3.453202213232225114e-03
3.248178293162088358e-03
3.042029327573694212e-03
2.868069164313208005e-03
2.695234046570979189e-03
2.505148230882142842e-03
2.342876040505771293e-03
2.233746625234843929e-03
2.100491233850183478e-03
1.993268145707413445e-03
1.858497067999545851e-03
1.743320533067987347e-03
1.645129060335669352e-03
1.555144169633748512e-03
1.467709382106543222e-03
1.383913804318255515e-03
1.308804515468843391e-03
1.238429793175429509e-03
1.176408533855073744e-03
1.114890419891493862e-03
1.059750688991143363e-03
1.008240792450391422e-03
9.508415951342079862e-04
9.004676820542515748e-04
8.407215147819266160e-04
8.028496700236008483e-04
7.686014093719945777e-04
7.330359079260956789e-04
6.951249990872750226e-04
6.640409289557664416e-04
6.337600163192357071e-04
6.041260048557028309e-04
5.704855812965993131e-04
5.354013493223992596e-04
5.102737701847734862e-04
4.895948085339222027e-04
4.680236232845643427e-04
4.475712333005842699e-04
4.223967772663644567e-04
4.049648219862604236e-04
3.825904792419247170e-04
3.661726274914717640e-04
3.521329969615565048e-04
3.360870352574162859e-04
3.190175946443061248e-04
3.021825385141662171e-04
2.883429160763855640e-04
2.766752565141287752e-04
2.642060020201138508e-04
2.552743906557292239e-04
2.431864015873458958e-04
2.327344162100945585e-04
2.187822892204881555e-04
2.102506940403727138e-04
2.028691453900310676e-04
1.974454884541005219e-04
1.887951384692801611e-04
1.800635351970301403e-04
1.735413963175792427e-04
1.646941633670639146e-04
1.580657701886665177e-04
1.498913769605976433e-04
1.440711414794815150e-04
1.376385374725252390e-04
1.333227378594338802e-04
1.301496407289832471e-04
1.232423300158513131e-04
1.163631454406757894e-04
1.122159463990009921e-04
1.072977786646761941e-04
1.044104743471272357e-04
1.011815937097296870e-04
9.462929736013662746e-05
9.176246262076705922e-05
8.920407786098628943e-05
8.435856931638225319e-05
8.022230821724605609e-05
7.851692671915484311e-05
7.588760158919508579e-05
7.339968843062735771e-05
6.897372811053999165e-05
6.682051599365370265e-05
6.299301738675026788e-05
6.095496617916334038e-05
6.036119215563881985e-05
5.814047730765711889e-05
5.520738988776798065e-05
5.409593866952327015e-05
5.298589375817637677e-05
5.044891611450688201e-05
4.810788389860047652e-05
4.594451512078548340e-05
4.458321004369453780e-05
4.204451358048325526e-05
4.171793786754476863e-05
4.091743673004053373e-05
3.878656926719741140e-05
3.868281506940260276e-05
3.665367047216854418e-05
3.571925766672733184e-05
3.426341751483839685e-05
3.273960586288810409e-05
3.173175258611622706e-05
2.975292252455977713e-05
2.870381757878513894e-05
2.737532632931002124e-05
2.601558381543887132e-05
2.613636995232951828e-05
2.475303273383936989e-05
2.476850210971540237e-05
2.416238383675445089e-05
2.311718529902932054e-05
2.258935144338041628e-05
2.113366754781346662e-05
2.028644577003716704e-05
1.940953529108463771e-05
1.920796463573026298e-05
1.869185000422987207e-05
1.813229611521900334e-05
1.701318833719726588e-05
1.655691987701526674e-05
1.656785781955387717e-05
1.552220613849500123e-05
1.573204275328212706e-05
1.444569383384504792e-05
1.395389268604476598e-05
1.365188046692155806e-05
1.319737770317793553e-05
1.249772439587967535e-05
1.189112172832058800e-05
1.170508295137103818e-05
1.120700029942715442e-05
1.138480436820835189e-05
1.089700338225076221e-05
1.051158153845455602e-05
9.985419625450842258e-06
9.623795619492213777e-06
9.734550100511733028e-06
9.169136599426609314e-06
9.168542825403085396e-06
8.892234771245610114e-06
8.898031880791072658e-06
8.663475515866689565e-06
8.396152200223072485e-06
7.786299401166797032e-06
7.462442548230766169e-06
7.139929499663764233e-06
7.021174694958860466e-06
7.048035156707246416e-06
7.158742760830173456e-06
7.135929337821072822e-06
7.052550964412472469e-06
6.439119895582852437e-06
6.148701895550570449e-06
5.650322356594924732e-06
5.505222736004170503e-06
5.626618272550538222e-06
5.565756435139274850e-06
5.496550510134272793e-06
4.987873679560136165e-06
4.935652816754374285e-06
4.671876519619706412e-06
4.493494302447181859e-06
4.363004647961570444e-06
4.330628338047286224e-06
4.121604256134456992e-06
4.129573328555444444e-06
3.893157513399497782e-06
4.012740476610895836e-06
4.186075614583462008e-06
3.943878315514249641e-06
3.800013119867138422e-06
3.452545936679908857e-06
3.254334792248105602e-06
3.149174287555473475e-06
3.181222459193599518e-06
2.934462475522568041e-06
