7.817798770834759325e-02
5.525407465338046803e-02
3.895964965720088991e-02
2.907915132411404910e-02
2.280156043620897022e-02
1.852414968220406771e-02
1.541609878350639826e-02
1.309960493205883196e-02
1.131104883138516100e-02
9.870710123586192916e-03
8.685453627285422487e-03
7.763595640780395629e-03
7.029553523791642021e-03
6.369953315899952277e-03
5.808161607454629186e-03
5.313010678729911639e-03
4.908860660137195908e-03
4.521306440359496373e-03
4.184496359308861532e-03
3.880914673668334723e-03
3.604246884376593844e-03
3.347045120745924425e-03
3.104257047571666248e-03
2.875967299747998231e-03
2.669539113068455493e-03
2.490944767239639587e-03
2.312530730533204383e-03
2.162226518028077631e-03
2.016341718910275548e-03
1.888208168901926894e-03
1.764755296519453969e-03
1.641221469020810036e-03
1.536263160905358867e-03
1.427154063197149693e-03
1.335258967009260401e-03
1.252872417193433155e-03
1.175979775943197456e-03
1.104639919706677711e-03
1.033230147688010475e-03
9.656620639094486407e-04
9.097515168594830400e-04
8.572042869086137027e-04
8.123220345479168067e-04
7.614123058105024032e-04
7.212144108536889305e-04
6.784185926233941193e-04
6.413669078632188315e-04
6.011138162362889698e-04
5.693389331392471496e-04
5.319045514662643992e-04
5.038609632690953114e-04
4.794309170755504100e-04
4.513836491003735195e-04
4.278441091847074774e-04
4.037967599039700385e-04
3.806178382330648599e-04
3.624776365881908990e-04
3.429876923700691019e-04
3.251128027195549029e-04
3.061284599996998645e-04
2.905298810247884797e-04
2.752220045124904131e-04
2.621580566293267903e-04
2.461800925418149003e-04
2.341766566804889056e-04
2.221989792652172041e-04
2.105683049160776644e-04
2.000069740559943328e-04
1.876053862142282455e-04
1.796423466054270434e-04
1.708255984988246018e-04
1.610506361990004479e-04
1.537904341896821495e-04
1.451249249591988078e-04
1.377558015208507061e-04
1.310619173469272864e-04
1.242024431626545099e-04
1.187096385304652421e-04
1.140830536413036235e-04
1.083904370632927813e-04
1.020133817758378454e-04
9.815403060129501255e-05
9.319589771363384872e-05
8.858256002530018141e-05
8.441521143150749887e-05
7.936545207145302250e-05
7.584648036262834193e-05
7.192089318394575279e-05
6.900282922378894604e-05
6.670627976914346121e-05
6.326568733188415550e-05
6.020337607382298843e-05
5.806248122890592063e-05
5.562426032096152512e-05
5.322614899330175414e-05
5.058296445032490536e-05
4.814989523159137527e-05
4.636262705322041782e-05
4.521343238139573830e-05
4.236454824778488113e-05
4.078113977104405108e-05
3.902919746154763031e-05
3.746308394144329105e-05
3.514309430088835199e-05
3.359755073984740746e-05
3.177837888614914595e-05
3.037152615822082816e-05
2.912382382912830059e-05
2.784811838939669340e-05
2.691271881982309455e-05
2.516151246592822889e-05
2.420090641700144897e-05
2.324637200178747835e-05
2.207874164214389492e-05
2.158830082926911591e-05
2.053639948796971037e-05
1.937877812450724792e-05
1.842869624068267146e-05
1.782083371158014527e-05
1.737407186365752152e-05
1.663870502658597301e-05
1.589557385791804251e-05
1.491193239866265791e-05
1.412239922931682436e-05
1.375018968383150009e-05
1.335821973044448356e-05
1.312278753350774580e-05
1.261656047297965820e-05
1.168406792803219254e-05
1.130140781300481897e-05
1.083094819471219806e-05
1.014735583420988726e-05
9.639068097997451136e-06
9.300197341262469154e-06
8.803280119094024516e-06
8.735241023730469433e-06
8.466801218064088158e-06
8.128445630250192040e-06
7.990711539419587968e-06
7.625051998788083475e-06
7.182669086694700584e-06
7.061273210218567181e-06
6.580694202404594905e-06
6.360275499739533526e-06
6.033106437069240122e-06
5.954727165503867817e-06
5.708366027884071113e-06
5.366514650962799253e-06
5.110144517161884108e-06
5.013108771097148820e-06
4.902089868602910563e-06
4.704522587366063397e-06
4.606382907898998838e-06
4.405761410915707638e-06
4.178277534475739772e-06
4.013533873068147335e-06
3.823694125647605066e-06
3.782848589761425431e-06
3.739795187070586830e-06
3.557355473223657960e-06
3.353701839161968973e-06
3.371902021188369841e-06
3.163056220357726420e-06
3.108444634944501540e-06
2.995589523224388731e-06
2.810824189676552553e-06
2.714167460746617094e-06
2.584138825064269554e-06
2.456686033987357263e-06
2.287927734773294242e-06
2.143132149945790544e-06
2.048477220252078180e-06
2.046847078594638652e-06
1.851436147270341696e-06
1.843841085462317032e-06
1.783713512815453928e-06
1.718338576729519503e-06
1.666254998807628399e-06
1.620842858413813544e-06
1.538382713037830857e-06
1.482784947118525260e-06
1.439216375506599949e-06
1.399967863275789625e-06
1.330320704922841049e-06
1.293427250616999696e-06
1.246852300372731399e-06
1.183269416176577974e-06
1.107219444090120261e-06
1.003946474302224804e-06
9.933119158597869378e-07
9.516531490338912866e-07
9.229030434592315247e-07
9.236978755089084727e-07
8.826904293903868372e-07
8.401227573965733914e-07
8.341651968020036716e-07
9.118453105459008063e-07
7.899453044827041331e-07
7.469286995719434575e-07
7.862250489168547231e-07
6.773404176671192644e-07
6.817782299444827005e-07
6.445867136200123592e-07
6.413853067532576854e-07
6.094411538678587710e-07
5.890367848148075983e-07
5.860046477364101287e-07
5.845879332034210389e-07
5.982877467263261684e-07
5.512933017891727275e-07
5.700233718486912433e-07
4.688368361911979599e-07
4.413415349171857108e-07
4.110643214693038261e-07
3.976368115189731478e-07
3.760622730594531173e-07
3.743511762858428532e-07
3.764928070863614376e-07
3.571621972559758768e-07
3.421082254262134836e-07
3.230650062582342299e-07
3.211437941603806865e-07
3.399128698667815294e-07
3.022716846697624380e-07
3.098803616564160229e-07
3.096647266651610231e-07
2.795310245595819648e-07
2.554086078074861549e-07
2.491025722355810780e-07
2.377927745287185129e-07
2.248988323895136400e-07
2.070515410740576484e-07
2.089311716804234904e-07
2.139360377487832590e-07
1.954193948137150230e-07
1.973144804877134547e-07
1.995481057384261627e-07
1.779610560336796769e-07
1.721922680509081396e-07
1.601476186758951844e-07
1.547847102073799495e-07
1.405461771841381337e-07
1.538033134127093007e-07
1.548505782337189350e-07
1.418352034202578264e-07
1.543317295346242253e-07
1.210466655431961552e-07
1.022084100102493396e-07
1.032394838080247976e-07
9.562491917655883801e-08
9.364151883037406993e-08
8.786573926938777142e-08
8.691083687637300768e-08
8.662786194757595520e-08
8.490167808413388818e-08
7.974446920625270450e-08
8.501280737996836211e-08
8.053893327812894524e-08
7.828801307077972758e-08
7.274442750208332556e-08
6.854064910601379869e-08
6.479169127170386313e-08
6.576204873235121655e-08
6.388977768200092240e-08
5.929962259511616395e-08
5.897028246342128951e-08
6.722144869023040732e-08
6.644538350839299659e-08
6.415766552096614539e-08
6.166277603170217581e-08
5.939272097871258792e-08
5.282799701286169635e-08
4.972373628551202032e-08
4.866800797508453777e-08
4.729508280038780964e-08
5.618137871133698532e-08
3.603591883891211769e-08
3.001123909348065705e-08
2.772646492846001641e-08
2.704055430781281579e-08
2.709817963141440047e-08
2.514804447841981459e-08
2.552540571311600795e-08
2.495389939073018459e-08
2.501509409899930126e-08
2.497126794292682915e-08
2.482289929365379026e-08
2.457057691566141544e-08
2.473671889271195959e-08
2.261006478868493629e-08
2.298716843892058164e-08
2.201320479582561889e-08
2.135356779015385249e-08
2.111022407050042200e-08
2.117763760360265916e-08
2.083240083091424046e-08
2.357707365134522508e-08
2.415409964074268950e-08
2.411362208265728864e-08
3.605877026034033259e-08
4.990735720809944107e-08
3.644945229142463308e-08
3.282159595135022389e-08
2.940933780475070735e-08
2.458603198329402497e-08
2.343002972215497713e-08
1.701220249437401421e-08
9.301043690204254950e-09
8.478466114348699645e-09
7.960905337556700261e-09
6.841406474254671357e-09
6.529066916955666400e-09
7.722050947072740283e-09
1.011272912315682923e-08
8.897040862731850644e-09
7.685253166995101780e-09
5.082178204302877913e-09
5.074156288245952755e-09
5.165525176178732538e-09
5.058259647252413465e-09
5.050348124535720335e-09
5.240261467516418738e-09
4.935943826274338938e-09
5.026907938626263819e-09
4.920709545322196773e-09
5.109702943800953346e-09
5.003762134957427697e-09
4.898152506134603092e-09
4.401603261766934949e-09
3.515939571746274337e-09
3.510614932969039882e-09
3.602686658501301867e-09
3.597266345495865495e-09
3.494791887535654863e-09
3.586495635267140529e-09
3.484356037105636607e-09
3.575820599266617066e-09
3.474019540681827589e-09
3.372523903671681708e-09
3.463771358930205021e-09
3.458682225945467211e-09
3.357679679188361854e-09
3.448566516202124316e-09
3.443543619221526550e-09
7.736733261323719004e-09
8.202409168206248743e-09
8.000094973339385871e-09
5.135498187635377971e-09
2.184202152290444327e-09
3.888016645223319147e-09
5.681650839547703988e-09
2.269422131172249741e-09
2.077348758500994383e-09
2.262993558992685916e-09
2.259799511681946542e-09
2.068565128396461621e-09
2.253451894618553698e-09
2.250294645087892493e-09
2.059891891632162127e-09
2.244027983140670629e-09
2.054169836830089066e-09
2.237812838085557045e-09
2.234721824559035470e-09
2.045676909188169791e-09
2.228583954842085131e-09
2.040072607282345466e-09
2.222493922239235751e-09
2.034512462712613952e-09
1.108227703264247532e-09
1.014500077628491905e-09
6.447191856282918704e-10
0.000000000000000000e+00
0.000000000000000000e+00
0.000000000000000000e+00
0.000000000000000000e+00
0.000000000000000000e+00
0.000000000000000000e+00
0.000000000000000000e+00
0.000000000000000000e+00
0.000000000000000000e+00
0.000000000000000000e+00
0.000000000000000000e+00
0.000000000000000000e+00
0.000000000000000000e+00
0.000000000000000000e+00
0.000000000000000000e+00
0.000000000000000000e+00
0.000000000000000000e+00
0.000000000000000000e+00
0.000000000000000000e+00
0.000000000000000000e+00
0.000000000000000000e+00
0.000000000000000000e+00
0.000000000000000000e+00
0.000000000000000000e+00
0.000000000000000000e+00
0.000000000000000000e+00
0.000000000000000000e+00
0.000000000000000000e+00
0.000000000000000000e+00
0.000000000000000000e+00
0.000000000000000000e+00
0.000000000000000000e+00
0.000000000000000000e+00
0.000000000000000000e+00
0.000000000000000000e+00
0.000000000000000000e+00
0.000000000000000000e+00
0.000000000000000000e+00
0.000000000000000000e+00
0.000000000000000000e+00
0.000000000000000000e+00
0.000000000000000000e+00
0.000000000000000000e+00
0.000000000000000000e+00
0.000000000000000000e+00
0.000000000000000000e+00
0.000000000000000000e+00
0.000000000000000000e+00
0.000000000000000000e+00
0.000000000000000000e+00
0.000000000000000000e+00
0.000000000000000000e+00
0.000000000000000000e+00
0.000000000000000000e+00
0.000000000000000000e+00
0.000000000000000000e+00
0.000000000000000000e+00
0.000000000000000000e+00
0.000000000000000000e+00
0.000000000000000000e+00
0.000000000000000000e+00
0.000000000000000000e+00
0.000000000000000000e+00
0.000000000000000000e+00
0.000000000000000000e+00
0.000000000000000000e+00
0.000000000000000000e+00
0.000000000000000000e+00
0.000000000000000000e+00
0.000000000000000000e+00
0.000000000000000000e+00
0.000000000000000000e+00
0.000000000000000000e+00
0.000000000000000000e+00
0.000000000000000000e+00
0.000000000000000000e+00
0.000000000000000000e+00
0.000000000000000000e+00
0.000000000000000000e+00
0.000000000000000000e+00
0.000000000000000000e+00
0.000000000000000000e+00
0.000000000000000000e+00
0.000000000000000000e+00
0.000000000000000000e+00
0.000000000000000000e+00
0.000000000000000000e+00
0.000000000000000000e+00
0.000000000000000000e+00
0.000000000000000000e+00
0.000000000000000000e+00
0.000000000000000000e+00
0.000000000000000000e+00
0.000000000000000000e+00
0.000000000000000000e+00
0.000000000000000000e+00
0.000000000000000000e+00
0.000000000000000000e+00
0.000000000000000000e+00
0.000000000000000000e+00
0.000000000000000000e+00
0.000000000000000000e+00
0.000000000000000000e+00
0.000000000000000000e+00
0.000000000000000000e+00
0.000000000000000000e+00
0.000000000000000000e+00
0.000000000000000000e+00
0.000000000000000000e+00
0.000000000000000000e+00
0.000000000000000000e+00
0.000000000000000000e+00
0.000000000000000000e+00
0.000000000000000000e+00
0.000000000000000000e+00
0.000000000000000000e+00
0.000000000000000000e+00
0.000000000000000000e+00
0.000000000000000000e+00
0.000000000000000000e+00
0.000000000000000000e+00
0.000000000000000000e+00
0.000000000000000000e+00
0.000000000000000000e+00
0.000000000000000000e+00
0.000000000000000000e+00
0.000000000000000000e+00
0.000000000000000000e+00
0.000000000000000000e+00
0.000000000000000000e+00
0.000000000000000000e+00
0.000000000000000000e+00
0.000000000000000000e+00
0.000000000000000000e+00
0.000000000000000000e+00
0.000000000000000000e+00
0.000000000000000000e+00
0.000000000000000000e+00
0.000000000000000000e+00
0.000000000000000000e+00
0.000000000000000000e+00
0.000000000000000000e+00
0.000000000000000000e+00
0.000000000000000000e+00
0.000000000000000000e+00
0.000000000000000000e+00
0.000000000000000000e+00
0.000000000000000000e+00
0.000000000000000000e+00
0.000000000000000000e+00
0.000000000000000000e+00
0.000000000000000000e+00
0.000000000000000000e+00
0.000000000000000000e+00
0.000000000000000000e+00
0.000000000000000000e+00
0.000000000000000000e+00
0.000000000000000000e+00
0.000000000000000000e+00
0.000000000000000000e+00
0.000000000000000000e+00
0.000000000000000000e+00
0.000000000000000000e+00
0.000000000000000000e+00
0.000000000000000000e+00
0.000000000000000000e+00
0.000000000000000000e+00
0.000000000000000000e+00
0.000000000000000000e+00
0.000000000000000000e+00
0.000000000000000000e+00
0.000000000000000000e+00
0.000000000000000000e+00
0.000000000000000000e+00
0.000000000000000000e+00
0.000000000000000000e+00
0.000000000000000000e+00
0.000000000000000000e+00
0.000000000000000000e+00
0.000000000000000000e+00
0.000000000000000000e+00
0.000000000000000000e+00
0.000000000000000000e+00
0.000000000000000000e+00
0.000000000000000000e+00
0.000000000000000000e+00
0.000000000000000000e+00
0.000000000000000000e+00
0.000000000000000000e+00
0.000000000000000000e+00
0.000000000000000000e+00
0.000000000000000000e+00
0.000000000000000000e+00
0.000000000000000000e+00
0.000000000000000000e+00
0.000000000000000000e+00
0.000000000000000000e+00
0.000000000000000000e+00
0.000000000000000000e+00
0.000000000000000000e+00
0.000000000000000000e+00
0.000000000000000000e+00
0.000000000000000000e+00
0.000000000000000000e+00
0.000000000000000000e+00
0.000000000000000000e+00
0.000000000000000000e+00
0.000000000000000000e+00
0.000000000000000000e+00
0.000000000000000000e+00
0.000000000000000000e+00
0.000000000000000000e+00
0.000000000000000000e+00
0.000000000000000000e+00
0.000000000000000000e+00
0.000000000000000000e+00
0.000000000000000000e+00
0.000000000000000000e+00
0.000000000000000000e+00
0.000000000000000000e+00
0.000000000000000000e+00
0.000000000000000000e+00
0.000000000000000000e+00
0.000000000000000000e+00
0.000000000000000000e+00
0.000000000000000000e+00
0.000000000000000000e+00
0.000000000000000000e+00
0.000000000000000000e+00
0.000000000000000000e+00
0.000000000000000000e+00
0.000000000000000000e+00
0.000000000000000000e+00
0.000000000000000000e+00
0.000000000000000000e+00
0.000000000000000000e+00
0.000000000000000000e+00
0.000000000000000000e+00
0.000000000000000000e+00
0.000000000000000000e+00
0.000000000000000000e+00
0.000000000000000000e+00
0.000000000000000000e+00
0.000000000000000000e+00
0.000000000000000000e+00
0.000000000000000000e+00
0.000000000000000000e+00
0.000000000000000000e+00
0.000000000000000000e+00
0.000000000000000000e+00
0.000000000000000000e+00
0.000000000000000000e+00
0.000000000000000000e+00
0.000000000000000000e+00
0.000000000000000000e+00
0.000000000000000000e+00
0.000000000000000000e+00
0.000000000000000000e+00
0.000000000000000000e+00
0.000000000000000000e+00
0.000000000000000000e+00
0.000000000000000000e+00
0.000000000000000000e+00
0.000000000000000000e+00
0.000000000000000000e+00
0.000000000000000000e+00
0.000000000000000000e+00
0.000000000000000000e+00
0.000000000000000000e+00
0.000000000000000000e+00
0.000000000000000000e+00
0.000000000000000000e+00
0.000000000000000000e+00
0.000000000000000000e+00
0.000000000000000000e+00
0.000000000000000000e+00
0.000000000000000000e+00
0.000000000000000000e+00
0.000000000000000000e+00
0.000000000000000000e+00
0.000000000000000000e+00
0.000000000000000000e+00
0.000000000000000000e+00
0.000000000000000000e+00
0.000000000000000000e+00
0.000000000000000000e+00
0.000000000000000000e+00
0.000000000000000000e+00
0.000000000000000000e+00
0.000000000000000000e+00
0.000000000000000000e+00
0.000000000000000000e+00
0.000000000000000000e+00
0.000000000000000000e+00
0.000000000000000000e+00
0.000000000000000000e+00
0.000000000000000000e+00
0.000000000000000000e+00
0.000000000000000000e+00
0.000000000000000000e+00
0.000000000000000000e+00
0.000000000000000000e+00
0.000000000000000000e+00
0.000000000000000000e+00
0.000000000000000000e+00
0.000000000000000000e+00
0.000000000000000000e+00
0.000000000000000000e+00
0.000000000000000000e+00
0.000000000000000000e+00
0.000000000000000000e+00
0.000000000000000000e+00
0.000000000000000000e+00
0.000000000000000000e+00
0.000000000000000000e+00
0.000000000000000000e+00
0.000000000000000000e+00
0.000000000000000000e+00
0.000000000000000000e+00
0.000000000000000000e+00
0.000000000000000000e+00
0.000000000000000000e+00
0.000000000000000000e+00
0.000000000000000000e+00
0.000000000000000000e+00
0.000000000000000000e+00
0.000000000000000000e+00
0.000000000000000000e+00
0.000000000000000000e+00
0.000000000000000000e+00
0.000000000000000000e+00
0.000000000000000000e+00
0.000000000000000000e+00
0.000000000000000000e+00
0.000000000000000000e+00
0.000000000000000000e+00
0.000000000000000000e+00
0.000000000000000000e+00
0.000000000000000000e+00
0.000000000000000000e+00
0.000000000000000000e+00
0.000000000000000000e+00
0.000000000000000000e+00
0.000000000000000000e+00
0.000000000000000000e+00
0.000000000000000000e+00
0.000000000000000000e+00
0.000000000000000000e+00
0.000000000000000000e+00
0.000000000000000000e+00
0.000000000000000000e+00
0.000000000000000000e+00
0.000000000000000000e+00
0.000000000000000000e+00
0.000000000000000000e+00
0.000000000000000000e+00
0.000000000000000000e+00
0.000000000000000000e+00
0.000000000000000000e+00
0.000000000000000000e+00
0.000000000000000000e+00
0.000000000000000000e+00
0.000000000000000000e+00
0.000000000000000000e+00
0.000000000000000000e+00
0.000000000000000000e+00
0.000000000000000000e+00
0.000000000000000000e+00
0.000000000000000000e+00
0.000000000000000000e+00
0.000000000000000000e+00
0.000000000000000000e+00
0.000000000000000000e+00
0.000000000000000000e+00
0.000000000000000000e+00
0.000000000000000000e+00
0.000000000000000000e+00
0.000000000000000000e+00
0.000000000000000000e+00
0.000000000000000000e+00
0.000000000000000000e+00
0.000000000000000000e+00
0.000000000000000000e+00
0.000000000000000000e+00
0.000000000000000000e+00
0.000000000000000000e+00
0.000000000000000000e+00
0.000000000000000000e+00
0.000000000000000000e+00
0.000000000000000000e+00
0.000000000000000000e+00
0.000000000000000000e+00
0.000000000000000000e+00
0.000000000000000000e+00
0.000000000000000000e+00
0.000000000000000000e+00
0.000000000000000000e+00
0.000000000000000000e+00
0.000000000000000000e+00
0.000000000000000000e+00
0.000000000000000000e+00
0.000000000000000000e+00
0.000000000000000000e+00
0.000000000000000000e+00
0.000000000000000000e+00
0.000000000000000000e+00
0.000000000000000000e+00
0.000000000000000000e+00
0.000000000000000000e+00
0.000000000000000000e+00
0.000000000000000000e+00
0.000000000000000000e+00
0.000000000000000000e+00
0.000000000000000000e+00
0.000000000000000000e+00
0.000000000000000000e+00
0.000000000000000000e+00
0.000000000000000000e+00
0.000000000000000000e+00
0.000000000000000000e+00
0.000000000000000000e+00
0.000000000000000000e+00
0.000000000000000000e+00
0.000000000000000000e+00
0.000000000000000000e+00
0.000000000000000000e+00
0.000000000000000000e+00
0.000000000000000000e+00
0.000000000000000000e+00
0.000000000000000000e+00
0.000000000000000000e+00
0.000000000000000000e+00
0.000000000000000000e+00
0.000000000000000000e+00
0.000000000000000000e+00
0.000000000000000000e+00
0.000000000000000000e+00
0.000000000000000000e+00
0.000000000000000000e+00
0.000000000000000000e+00
0.000000000000000000e+00
0.000000000000000000e+00
0.000000000000000000e+00
0.000000000000000000e+00
0.000000000000000000e+00
0.000000000000000000e+00
0.000000000000000000e+00
0.000000000000000000e+00
0.000000000000000000e+00
0.000000000000000000e+00
0.000000000000000000e+00
0.000000000000000000e+00
0.000000000000000000e+00
0.000000000000000000e+00
0.000000000000000000e+00
0.000000000000000000e+00
0.000000000000000000e+00
0.000000000000000000e+00
0.000000000000000000e+00
0.000000000000000000e+00
0.000000000000000000e+00
0.000000000000000000e+00
0.000000000000000000e+00
0.000000000000000000e+00
0.000000000000000000e+00
0.000000000000000000e+00
0.000000000000000000e+00
0.000000000000000000e+00
0.000000000000000000e+00
0.000000000000000000e+00
0.000000000000000000e+00
0.000000000000000000e+00
0.000000000000000000e+00
0.000000000000000000e+00
0.000000000000000000e+00
0.000000000000000000e+00
0.000000000000000000e+00
0.000000000000000000e+00
0.000000000000000000e+00
0.000000000000000000e+00
0.000000000000000000e+00
0.000000000000000000e+00
0.000000000000000000e+00
0.000000000000000000e+00
0.000000000000000000e+00
0.000000000000000000e+00
0.000000000000000000e+00
0.000000000000000000e+00
0.000000000000000000e+00
0.000000000000000000e+00
0.000000000000000000e+00
0.000000000000000000e+00
0.000000000000000000e+00
0.000000000000000000e+00
0.000000000000000000e+00
0.000000000000000000e+00
0.000000000000000000e+00
0.000000000000000000e+00
0.000000000000000000e+00
0.000000000000000000e+00
0.000000000000000000e+00
0.000000000000000000e+00
0.000000000000000000e+00
0.000000000000000000e+00
0.000000000000000000e+00
0.000000000000000000e+00
0.000000000000000000e+00
0.000000000000000000e+00
0.000000000000000000e+00
0.000000000000000000e+00
0.000000000000000000e+00
0.000000000000000000e+00
0.000000000000000000e+00
0.000000000000000000e+00
0.000000000000000000e+00
0.000000000000000000e+00
0.000000000000000000e+00
0.000000000000000000e+00
0.000000000000000000e+00
0.000000000000000000e+00
0.000000000000000000e+00
0.000000000000000000e+00
0.000000000000000000e+00
0.000000000000000000e+00
0.000000000000000000e+00
0.000000000000000000e+00
0.000000000000000000e+00
0.000000000000000000e+00
0.000000000000000000e+00
0.000000000000000000e+00
0.000000000000000000e+00
0.000000000000000000e+00
0.000000000000000000e+00
0.000000000000000000e+00
0.000000000000000000e+00
0.000000000000000000e+00
0.000000000000000000e+00
0.000000000000000000e+00
0.000000000000000000e+00
0.000000000000000000e+00
0.000000000000000000e+00
0.000000000000000000e+00
0.000000000000000000e+00
0.000000000000000000e+00
0.000000000000000000e+00
0.000000000000000000e+00
0.000000000000000000e+00
0.000000000000000000e+00
0.000000000000000000e+00
0.000000000000000000e+00
0.000000000000000000e+00
0.000000000000000000e+00
0.000000000000000000e+00
0.000000000000000000e+00
0.000000000000000000e+00
0.000000000000000000e+00
0.000000000000000000e+00
0.000000000000000000e+00
0.000000000000000000e+00
0.000000000000000000e+00
0.000000000000000000e+00
0.000000000000000000e+00
0.000000000000000000e+00
0.000000000000000000e+00
0.000000000000000000e+00
0.000000000000000000e+00
0.000000000000000000e+00
0.000000000000000000e+00
0.000000000000000000e+00
0.000000000000000000e+00
0.000000000000000000e+00
0.000000000000000000e+00
0.000000000000000000e+00
0.000000000000000000e+00
0.000000000000000000e+00
0.000000000000000000e+00
0.000000000000000000e+00
0.000000000000000000e+00
0.000000000000000000e+00
0.000000000000000000e+00
0.000000000000000000e+00
0.000000000000000000e+00
0.000000000000000000e+00
0.000000000000000000e+00
0.000000000000000000e+00
0.000000000000000000e+00
0.000000000000000000e+00
0.000000000000000000e+00
0.000000000000000000e+00
0.000000000000000000e+00
0.000000000000000000e+00
0.000000000000000000e+00
0.000000000000000000e+00
0.000000000000000000e+00
0.000000000000000000e+00
0.000000000000000000e+00
0.000000000000000000e+00
0.000000000000000000e+00
0.000000000000000000e+00
0.000000000000000000e+00
0.000000000000000000e+00
0.000000000000000000e+00
0.000000000000000000e+00
0.000000000000000000e+00
0.000000000000000000e+00
0.000000000000000000e+00
0.000000000000000000e+00
0.000000000000000000e+00
0.000000000000000000e+00
0.000000000000000000e+00
0.000000000000000000e+00
0.000000000000000000e+00
0.000000000000000000e+00
0.000000000000000000e+00
0.000000000000000000e+00
0.000000000000000000e+00
0.000000000000000000e+00
0.000000000000000000e+00
0.000000000000000000e+00
0.000000000000000000e+00
0.000000000000000000e+00
0.000000000000000000e+00
0.000000000000000000e+00
0.000000000000000000e+00
0.000000000000000000e+00
0.000000000000000000e+00
0.000000000000000000e+00
0.000000000000000000e+00
0.000000000000000000e+00
