2.887528323486823756e-02
2.354035443193015428e-02
1.941052077309085577e-02
1.661370489814099211e-02
1.458371884999400646e-02
1.301169921425917621e-02
1.171132607773812950e-02
1.063711209965905770e-02
9.717783693594578276e-03
8.918309219423310383e-03
8.214179976906783170e-03
7.596419528509094216e-03
7.045192300649039119e-03
6.557808724027472565e-03
6.126973341920458060e-03
5.737759044717734985e-03
5.385795282308188624e-03
5.046304397523434029e-03
4.740197791664334595e-03
4.457019764080458191e-03
4.190584305383767555e-03
3.941227611736657262e-03
3.705621341131432218e-03
3.471427094408259442e-03
3.262629105792276378e-03
3.070533342523992532e-03
2.877506315885879247e-03
2.707391057714869740e-03
2.546887647826684073e-03
2.399368133730127913e-03
2.258821328041608900e-03
2.129486664368906556e-03
2.014329392864329209e-03
1.898334992915392920e-03
1.799621075713472114e-03
1.699878398254627779e-03
1.607673238756641412e-03
1.522988787411393109e-03
1.442779106987599489e-03
1.364452125073208457e-03
1.292781827174204791e-03
1.225888876742809710e-03
1.166217419879623032e-03
1.106485447707205227e-03
1.050918945986840589e-03
9.977259891729727860e-04
9.465300375637210198e-04
8.994894705216504574e-04
8.580936370461634188e-04
8.143511543571711926e-04
7.763340923137367847e-04
7.395038027235507948e-04
7.052084321978102296e-04
6.697599088350606172e-04
6.387794324705180736e-04
6.088243544012750339e-04
5.803922449476735766e-04
5.544076435562954189e-04
5.303797038300463130e-04
5.063181444875578365e-04
4.840754063836170680e-04
4.622932570221551462e-04
4.409515246334284704e-04
4.211798283230784633e-04
4.020738004142672254e-04
3.848336612067388362e-04
3.684945277144244312e-04
3.519536765246740733e-04
3.372652661897107941e-04
3.228558986695339553e-04
3.105319559446827454e-04
2.968649095510702933e-04
2.835616274051674154e-04
2.734317008360949192e-04
2.614553849431583595e-04
2.505811200705470839e-04
2.394073044172433595e-04
2.296939248933761312e-04
2.204882015747227817e-04
2.114485591602917303e-04
2.027743619743821836e-04
1.948431583073618664e-04
1.871980575745382010e-04
1.795603531572872091e-04
1.724676227192757628e-04
1.655476971087344723e-04
1.590739038056890894e-04
1.533084758168063691e-04
1.470394259766585009e-04
1.415204297748101007e-04
1.368328466825603057e-04
1.318974870186266678e-04
1.262978037378038648e-04
1.218818671447678638e-04
1.174413882318771639e-04
1.132480134983455321e-04
1.088408180055317544e-04
1.046524862144360227e-04
1.004907139201693689e-04
9.654141760053527041e-05
9.315356887209798147e-05
8.952063314127597644e-05
8.638594012312085198e-05
8.321191215396570885e-05
8.035727053908419391e-05
7.750968904361294463e-05
7.460697137750918766e-05
7.182360334905506368e-05
6.957915776891738884e-05
6.709634910964286934e-05
6.452781042895804682e-05
6.215729128792289466e-05
6.020668115371696641e-05
5.798341593181007502e-05
5.594270522608273886e-05
5.367808787620147008e-05
5.188313656518364527e-05
4.984477923259306208e-05
4.826734683864369950e-05
4.680052298212173301e-05
4.488622203345428197e-05
4.353639444144518197e-05
4.199527123303429659e-05
4.049381917178581736e-05
3.907843332811002183e-05
3.800159701996427922e-05
3.681280738974157031e-05
3.567074902609153320e-05
3.430041346817644501e-05
3.346224281571370866e-05
3.212912417297555538e-05
3.109545545208111233e-05
3.027611178471239969e-05
2.934948792192398724e-05
2.787560394599175847e-05
2.719369726980942843e-05
2.640403972358004663e-05
2.550686664461728566e-05
2.476632735771356128e-05
2.400386808102179627e-05
2.327956706876167006e-05
2.234564774924932274e-05
2.146054411251648142e-05
2.079800233528800589e-05
2.010789247274327989e-05
1.957048290715758795e-05
1.903051825073770988e-05
1.828275074634252948e-05
1.789518381033553402e-05
1.739085594712934466e-05
1.681817940410859768e-05
1.637840120408192110e-05
1.587330008970222836e-05
1.535155726528406435e-05
1.497881658003861291e-05
1.462083490632222832e-05
1.414478114037331395e-05
1.371804735144749864e-05
1.327958031645415624e-05
1.298782928672925060e-05
1.255659046922736591e-05
1.227771575252212271e-05
1.186826244634332265e-05
1.149074777559188643e-05
1.107934453167120481e-05
1.075020848868816375e-05
1.040160668790255159e-05
9.998070434181873371e-06
9.849270012706597360e-06
9.512939371848341398e-06
9.212346383052490728e-06
8.947154850156656183e-06
8.775156893476243085e-06
8.505729288934252866e-06
8.348557583015385475e-06
8.141191790051197370e-06
7.921622076392133616e-06
7.744648416508300885e-06
7.398399988859440846e-06
7.224317615972189336e-06
7.039981260131942888e-06
6.841457426238699806e-06
6.587595704015518406e-06
6.416673575054765209e-06
6.212367167168356297e-06
6.093992498389675084e-06
5.985367518320399976e-06
5.789028959482712734e-06
5.620090387880079675e-06
5.436191087050944057e-06
5.320909422966281461e-06
5.146221896986722844e-06
5.046035440593519660e-06
4.918247279267826591e-06
4.776708694900246869e-06
4.622697232907876098e-06
4.434595480048825077e-06
4.343284602342804646e-06
4.248510904164133619e-06
4.110233422571768791e-06
3.996968935461465758e-06
3.876711568173382682e-06
3.755613710479316102e-06
3.672371540670734768e-06
3.599416973431388644e-06
3.521251365674946488e-06
3.409230804365498787e-06
3.356831270494878917e-06
3.282259599714421455e-06
3.233043843501665972e-06
3.091868350989471445e-06
2.983394659193272902e-06
2.852664781446638204e-06
2.820208403929189429e-06
2.715644673501625240e-06
2.667982143559126697e-06
2.605580773857306730e-06
2.579159117454816930e-06
2.475277865236911203e-06
2.414412911997228462e-06
2.409833920265431332e-06
2.319410600428129515e-06
2.255422384839812760e-06
2.231982788397752068e-06
2.151315881193103564e-06
2.116408633651807154e-06
2.044324814473059507e-06
1.996756419456031608e-06
1.960692657116102455e-06
1.917888161720187252e-06
1.844698257167165788e-06
1.811730861482878645e-06
1.760393707485421721e-06
1.745658229687723689e-06
1.691587800890009105e-06
1.657463890407089007e-06
1.615970560044508197e-06
1.580044638131159924e-06
1.568819048268847810e-06
1.530240538634216623e-06
1.501768085641128048e-06
1.435278570604604944e-06
1.391428505143646931e-06
1.355821969584572558e-06
1.346916133242773984e-06
1.298023125345916218e-06
1.270999677812742915e-06
1.231886616279906228e-06
1.213762281165283445e-06
1.171488975705949926e-06
1.163272341497057656e-06
1.119654251388150743e-06
1.072287574068558969e-06
1.067224459862915687e-06
1.040217822137861885e-06
9.989766388970757029e-07
9.711564064590301908e-07
9.463350437895328638e-07
9.547298619644934929e-07
9.379973789621790029e-07
9.042298364113960460e-07
9.220045275171297422e-07
8.793412345094199752e-07
8.739889916041187200e-07
8.457148943468421369e-07
8.484548930703475341e-07
8.117557199834948184e-07
8.205573355149514083e-07
7.757827306074117526e-07
7.418638997835518074e-07
7.281000288951699990e-07
7.208785353269619306e-07
7.125744901158473887e-07
7.014867406801164725e-07
6.779361995044657419e-07
6.844684909397675064e-07
6.716224355747194979e-07
6.488148879179580239e-07
6.282564925876077418e-07
6.257753649091452384e-07
6.158878357731582535e-07
6.056876442061455279e-07
6.108852368767459792e-07
5.952823729800729671e-07
5.707232433172423493e-07
5.601902175494601434e-07
5.378398966735535559e-07
5.192885924326912841e-07
5.229699404108979305e-07
5.260192396038052529e-07
5.117309027020899200e-07
5.070039846588401462e-07
4.944470579934504292e-07
4.727556815958346420e-07
4.578521057169396976e-07
4.412776349109499856e-07
4.246695444887209546e-07
4.117495259679464127e-07
4.153569107904265255e-07
4.034353948719601068e-07
4.250158265359860143e-07
4.156594873365805022e-07
3.953095336269140295e-07
4.023057757663186289e-07
3.780021551869069307e-07
3.735072124957085214e-07
3.703637783773311376e-07
3.676910188863044313e-07
3.348769286520687980e-07
3.497011622366389772e-07
3.434613614626193196e-07
3.309098139358278344e-07
3.293740698660152540e-07
3.070328262864932752e-07
3.028683644229274742e-07
3.097429035515456774e-07
3.139752770399149219e-07
3.007399065188155233e-07
2.854964363197408533e-07
2.780718802694472602e-07
2.836255046760221325e-07
2.644011357180484638e-07
2.510050634313250125e-07
2.452584624275363794e-07
2.362262163286779299e-07
2.401620648018163407e-07
2.376547138226870870e-07
2.282358421370763897e-07
2.221443038706721755e-07
2.133181460193608752e-07
2.221658204250653672e-07
2.154617327507805779e-07
2.113218132070694607e-07
2.152660665842676482e-07
2.068430079316659054e-07
1.967850273413455595e-07
1.893846774147442210e-07
1.986139344647651051e-07
1.998326455534408418e-07
2.038316989051091373e-07
2.067300460211017682e-07
1.917020775621212589e-07
1.804223601176636312e-07
1.836770751657931915e-07
1.746364241628749388e-07
1.732190211422247803e-07
1.677359979297524409e-07
1.745580904570373022e-07
1.577297915484406843e-07
1.577795485804748838e-07
1.608164085153735438e-07
1.522171830736777261e-07
1.444251646178882050e-07
1.595980336228602363e-07
1.465492519718890793e-07
1.332637882225930521e-07
1.293645851311555319e-07
1.277663085751377928e-07
1.283771770022064337e-07
1.189435126854504271e-07
1.194027566432796637e-07
1.191290929670915267e-07
1.231600849541872069e-07
1.141651566293544534e-07
1.113360659228148238e-07
1.104017767875238464e-07
1.102511609067716503e-07
1.165262622778426007e-07
1.096829893923269636e-07
1.114782768995071903e-07
1.038977258298630634e-07
1.069934200931805713e-07
1.022167450178965583e-07
9.939975737320309573e-08
9.800185372997176556e-08
9.598299577479999087e-08
9.314650875268772649e-08
9.954801988081855227e-08
1.009264241466310938e-07
9.378292808809824609e-08
9.059477988012257120e-08
9.114883115574672753e-08
9.000172984966079797e-08
8.802926696489930148e-08
8.746781937370249710e-08
1.003864931098274282e-07
9.465972767961997319e-08
9.274441814246533750e-08
9.082070370125087207e-08
9.023404139787455197e-08
9.822912233574963759e-08
9.087583987188336949e-08
8.186342934660617748e-08
7.894053991075883632e-08
7.607715719565509557e-08
7.454242171432967043e-08
7.232621661183304513e-08
7.228688166083302551e-08
7.530693178761203930e-08
6.972069635328496358e-08
6.672350756554869940e-08
6.495578814368472805e-08
6.421985474420579620e-08
6.578249450700985293e-08
6.385609049649623191e-08
6.404604132824844770e-08
6.520692667699251816e-08
6.438627184459048341e-08
6.924161682187450924e-08
6.031964306428112076e-08
5.612559593842470105e-08
5.405025702797085776e-08
5.242407619047446063e-08
5.282952876232078416e-08
6.258728617962393270e-08
5.722798315491232630e-08
5.707064335091226104e-08
5.567811884627920893e-08
5.325616169239787681e-08
5.158224099984163692e-08
5.302889308662000477e-08
6.696052586003597236e-08
5.944721402287050328e-08
5.413027171462046156e-08
5.067720093067886890e-08
4.860656876649853795e-08
5.383979823031265184e-08
5.507296575397126870e-08
5.260629451049163226e-08
4.842939338891726814e-08
4.595129147591625690e-08
4.345436257782121617e-08
4.154544076775206009e-08
3.952960857804183046e-08
3.859397465810127528e-08
3.709285879301518898e-08
3.637171802468155986e-08
3.496271990809124436e-08
3.568587785339923024e-08
3.628430702245930800e-08
3.484370646660401704e-08
3.507400083784342752e-08
3.240053533487566759e-08
3.125050912217690453e-08
3.095865723360327542e-08
2.994724469865927291e-08
2.926735519945130201e-08
2.864993094721600663e-08
2.954273347606765449e-08
2.940045526014281150e-08
2.953775777286423586e-08
2.898357201877511647e-08
2.833373845648511021e-08
2.827829970930645496e-08
2.856141049765785492e-08
3.884107883746035187e-08
3.694123432377581112e-08
3.455155200148424004e-08
3.228747256546279899e-08
2.988417429859428837e-08
2.790643313408322205e-08
2.700055257451447702e-08
2.573719463547293575e-08
2.523068149721118915e-08
2.466546850899557423e-08
2.428065838152020060e-08
2.335985071234118976e-08
2.314414725454965229e-08
2.439328409592195824e-08
2.720953210905815532e-08
2.467400789152036374e-08
2.087411714645384590e-08
2.087573088803333660e-08
2.113786303585139386e-08
1.994446751820389766e-08
1.952170084399432048e-08
1.892280100030689678e-08
1.859635452662300197e-08
1.851802082078535883e-08
1.869875987768800283e-08
2.435714300846467511e-08
2.284042764144354403e-08
1.732667609972846429e-08
1.732045647072418604e-08
1.708014345384545842e-08
1.713272453364376997e-08
2.004744440274496263e-08
1.717922046290276302e-08
1.528458698973531883e-08
1.733044149674726820e-08
2.438679550998776708e-08
2.015442202161851275e-08
1.485082670101548443e-08
1.359462974023291825e-08
1.302464276651131608e-08
1.320830673002677705e-08
1.292899495831042426e-08
1.261562651534362828e-08
1.229136531671528994e-08
1.189858734019119918e-08
1.565309160333461720e-08
1.212797398179214614e-08
1.110432390653702679e-08
1.103587436787375094e-08
1.117408461023363552e-08
1.202257648488184678e-08
1.276637687456078421e-08
1.242207838465380498e-08
1.191849015300488196e-08
1.360777501018249696e-08
1.352601210348844601e-08
1.374067335317656681e-08
1.494516334418304502e-08
1.468044248591456028e-08
1.395045975850998715e-08
1.297222978479420259e-08
1.209795166449042475e-08
1.101015536145066424e-08
1.107877299819513648e-08
1.071763108055225285e-08
1.001834306277418836e-08
1.798639382919283454e-08
1.081082465676767531e-08
9.820659719286928408e-09
9.890050607204906058e-09
9.846916639569844237e-09
8.950382333315632407e-09
1.203847856336305103e-08
1.127608652590376370e-08
8.902608858639543097e-09
8.536188661247086334e-09
8.461116058184661221e-09
1.534298426314303595e-08
1.356591858796453139e-08
1.191479199521855462e-08
9.142115004728530328e-09
9.389454521401283197e-09
9.058402160292599191e-09
8.272678109163217963e-09
7.166693593737977757e-09
7.226570130260224151e-09
7.275284954191014439e-09
7.235378469714929053e-09
6.797651066278852743e-09
6.890777403261796141e-09
6.674838608156579916e-09
6.635671755237760825e-09
6.651641072951442471e-09
7.305710706887607682e-09
7.233125955426893537e-09
6.655440089586486324e-09
6.089790046359759622e-09
6.446057119647939484e-09
6.538813640852250975e-09
6.368765621913719622e-09
6.013170940950326173e-09
5.854856168079321652e-09
4.900126306114827392e-09
4.699484436398505572e-09
4.902244341937904799e-09
5.779480988470742860e-09
5.763478051140822100e-09
5.671427541877536136e-09
5.644666327351029463e-09
5.444461512645820259e-09
4.811168801545559753e-09
4.384670349933419431e-09
4.305092718294925766e-09
4.312119218088945227e-09
4.265152614202601267e-09
4.282971010809446582e-09
4.225346988575234878e-09
4.124723477170920289e-09
4.271775678601749708e-09
4.289526835976115968e-09
4.017275183670021750e-09
3.885015613384497548e-09
3.795856391117794399e-09
3.631859903102342415e-09
3.553795154194617972e-09
3.475898503368090339e-09
3.355348645418724266e-09
3.683432394413474337e-09
3.168245395161981355e-09
3.101584420082638030e-09
3.290620798273142808e-09
3.213336024462170852e-09
2.764090540502499444e-09
2.740496293825737644e-09
2.663880550377928768e-09
2.407127541158165293e-09
2.458067983683997822e-09
2.434820019054501706e-09
2.580846822190031122e-09
2.546971696867282630e-09
4.160427509617088320e-09
3.028028061712607952e-09
3.004406919342854530e-09
2.991362508241994400e-09
3.251971687444408717e-09
4.500590786726629253e-09
4.360262508543665617e-09
4.199190927141036390e-09
4.017376042518739918e-09
3.940689697876827415e-09
3.801302768948565583e-09
3.683062578634842017e-09
3.617302609270712236e-09
3.583010600706595672e-09
3.548752211758718222e-09
3.524983143077512120e-09
3.407482584321053607e-09
3.206864248336100078e-09
3.173039552437709843e-09
3.222433492616533622e-09
3.323678966921275953e-09
3.123796900531962904e-09
3.121268705390765330e-09
3.108382306486230772e-09
3.147283564436759457e-09
3.206813818911740580e-09
3.152551758301461766e-09
3.335923231155639879e-09
3.261008640289541166e-09
3.279018668708949926e-09
3.204275537885671768e-09
4.540060216191602850e-09
4.310135660730825103e-09
4.203897673414542934e-09
4.128690591887161365e-09
3.591785320545060633e-09
3.045459832732700563e-09
2.848378280376123813e-09
2.917792702025468512e-09
3.150780004525649631e-09
3.107410699576913599e-09
3.156038112505480702e-09
3.000476786204476727e-09
3.314255388489391627e-09
3.189385409853272128e-09
3.247984400958424752e-09
3.214932956233539099e-09
3.181931940933012530e-09
3.138824868990943572e-09
3.116087922528284965e-09
2.860118250366898137e-09
2.786965327391739907e-09
2.724052939523081350e-09
2.701712704532046685e-09
2.386192606125934604e-09
2.202498384955859095e-09
2.190714709463974006e-09
2.219298107190652726e-09
2.116798621200183260e-09
1.873446391013416838e-09
2.234342885457752951e-09
2.373437323724732755e-09
2.381680853626616492e-09
3.042618975160476832e-09
2.468372396061352803e-09
2.486557246485206692e-09
2.464637256697163432e-09
2.422733767016462525e-09
2.480929322726742473e-09
2.439076262470400651e-09
2.557108011163440388e-09
1.012095013153662390e-08
4.498136554741158226e-09
4.016401073647798999e-09
3.834149134014390739e-09
3.662117557717739262e-09
3.589768143570700982e-09
3.477814821493732236e-09
3.455356917845859845e-09
3.343659104852309854e-09
4.649895502445494189e-09
5.141817727259371085e-09
4.157939658015378179e-09
3.135936943955985329e-09
3.192939003289769292e-09
3.190592354076263925e-09
3.178381709458139526e-09
2.929462070822139621e-09
2.779474876893617035e-09
2.531217544697532719e-09
2.224270448432449262e-09
2.153807094756437510e-09
2.083447961890768087e-09
2.042650557584340809e-09
2.031357728489549925e-09
2.020078347241254852e-09
2.028416012068608438e-09
2.017160164551680828e-09
1.976564477942689887e-09
1.848029961136483404e-09
1.856471846774179319e-09
1.913719329306510384e-09
1.912347648963945523e-09
1.901229641873599355e-09
1.909611012202064120e-09
1.879040695155641529e-09
1.858243600549991661e-09
1.837476763598957574e-09
2.059618377900330836e-09
2.300862658148891089e-09
2.551470001520104931e-09
2.530272833481207168e-09
2.441295157142196640e-09
2.429891383313815522e-09
2.370132515448406854e-09
1.875436672294785282e-09
1.767853900328929253e-09
1.785921082095945210e-09
1.861844261449224163e-09
2.014783257683560507e-09
2.013374595763132373e-09
1.915702886664630508e-09
1.693107407544026935e-09
1.499663497664545753e-09
1.220032339593918483e-09
1.238385288098968769e-09
1.256714702872651593e-09
1.246255640260595819e-09
1.331615845892254702e-09
1.292401925510700273e-09
1.301079148462071432e-09
1.300181504708481220e-09
1.280181195007703809e-09
1.231567229925632517e-09
1.259343756862566922e-09
1.325218032921910268e-09
1.324313665245072357e-09
4.236811277712846317e-09
1.512795319767628034e-09
1.198001405072285610e-09
1.206688713908528420e-09
1.196374215646301995e-09
1.205051438597672947e-09
1.678345034053336880e-09
2.435270521912108893e-09
2.234766492622368102e-09
2.498223253320253642e-09
2.326322793526936115e-09
2.022351033299033258e-09
1.766004821435766204e-09
1.708195891312238133e-09
1.707052824360100817e-09
1.715333335839847827e-09
1.054886060703081486e-09
9.788821942708282871e-10
9.970435109633143005e-10
9.963778425617755864e-10
9.957155361218608251e-10
9.856666328279250118e-10
9.943942852036550484e-10
9.656125317411647708e-10
9.930797582086973839e-10
9.830611125693769385e-10
9.637029375387707795e-10
8.882638806593381261e-10
8.689931166309542214e-10
8.684215831548855638e-10
8.865156606148930393e-10
8.672852401259962574e-10
8.573977109900093485e-10
8.754648927570252021e-10
8.748933592809565445e-10
8.464175443262441054e-10
8.644578304002686472e-10
8.731854827759986838e-10
8.726173112615539789e-10
8.349431693037608074e-10
8.900322724735269294e-10
7.356543566641474549e-09
4.851814917578909779e-09
3.766069411129747628e-09
3.227288165201492846e-09
2.901766230964179876e-09
2.752135404967794213e-09
2.002787778609367429e-09
1.946162258977463692e-09
1.815869436241940265e-09
1.713380036136342864e-09
1.657050369127345521e-09
1.655994713177430357e-09
1.618162559023312440e-09
1.589569075411762069e-09
1.551831056183114209e-09
1.541671208155588575e-09
1.522353376664469642e-09
1.484729664131035348e-09
1.492949660301551623e-09
1.308939414738826624e-09
1.417887143123999402e-09
1.435278570604604786e-09
1.416101941501691042e-09
1.406083295862370803e-09
1.368701644565859659e-09
1.322249420807977573e-09
1.275857712359326017e-09
1.256842457414360970e-09
1.265163312433595206e-09
1.209795166449042557e-09
1.245405063969740738e-09
1.208292369603144573e-09
1.198461993814764447e-09
8.892153157989112724e-10
8.795967435928389287e-10
8.881159543478850326e-10
8.513394561436820737e-10
8.779661922052313607e-10
8.502905241170149183e-10
8.226451136834138437e-10
7.860030939441680640e-10
7.042569970582371838e-10
5.504270809935587392e-10
5.771445900189542332e-10
5.407412695550077542e-10
4.863716261727633834e-10
4.770724403209646892e-10
4.857765589653271600e-10
4.764908209600241733e-10
4.582320073804440473e-10
4.759125635607077136e-10
4.576772837124951534e-10
4.573982408977087300e-10
4.660855497339515405e-10
4.478872514636022537e-10
4.476182945336875852e-10
4.652416973663444167e-10
4.381375627541965285e-10
4.378719677859058644e-10
4.376097347792391014e-10
4.551995179956565089e-10
4.281659845776112664e-10
4.279071135325684044e-10
4.365608027525719976e-10
4.273960953657305859e-10
4.271439482439356294e-10
4.179960506652139298e-10
4.888527538512258256e-10
5.773900132175014393e-10
5.504136331470630316e-10
5.767041730462191122e-10
5.497614125920200251e-10
5.671595639958733152e-10
7.528138087927014858e-10
7.789261647257891050e-10
7.607749339181748464e-10
7.603244310605678672e-10
8.747454329695035543e-10
9.625363368552660018e-10
1.262036688123337353e-09
1.349498119769954499e-09
1.348708058788330154e-09
1.330301318897297038e-09
1.320719728269087967e-09
1.311148223525750549e-09
1.301590166628909354e-09
1.292045557578563350e-09
1.273726228689752592e-09
1.264205153370774258e-09
1.272246965575221864e-09
1.227663992480246543e-09
1.244483886484783063e-09
1.182452332561595575e-09
9.541684143732968408e-10
7.086510809007175700e-10
6.820142589542964248e-10
7.078374861877258658e-10
6.812275599342960323e-10
6.895652247616499288e-10
5.146961528543988797e-10
5.056827337406344108e-10
5.053936050409762327e-10
4.789786725617346243e-10
4.961145909589211515e-10
4.871314294997721539e-10
3.564486192158724830e-10
2.172227282493966593e-10
2.170993442577983225e-10
3.731979120263067194e-10
4.337064973338528172e-10
4.334610741353057662e-10
4.332156509367586118e-10
4.329702277382115608e-10
4.327281665012883592e-10
4.238324160443616160e-10
4.235937167690624188e-10
4.319952588672710038e-10
4.144828007682039408e-10
3.452095815070644813e-10
2.070094250320506011e-10
2.155141793521139098e-10
2.067777858761616116e-10
2.152734628998403048e-10
2.065471553087598131e-10
2.064318400250589267e-10
2.149137330060794550e-10
2.062022180461442934e-10
2.060879113509305722e-10
2.145556840931306075e-10
2.058592979605031298e-10
1.971726615165850530e-10
2.056316931585628526e-10
2.055180588556739167e-10
2.054047607489473865e-10
2.052914626422208305e-10
2.051785007316567059e-10
2.050655388210925296e-10
2.647309441533562890e-10
2.133756355631301222e-10
1.535461665036184461e-10
1.534621174630201186e-10
1.618992963544423805e-10
1.447781705884011575e-10
1.532106427335499217e-10
1.616343737784764501e-10
1.530438894370028634e-10
1.444628185880762462e-10
1.528774723366181849e-10
1.612830487887754564e-10
1.527117276285582917e-10
1.441494837647256910e-10
1.525463191166607784e-10
1.609340771722111985e-10
1.439161636280247509e-10
1.522995511334640791e-10
1.522175192698401077e-10
1.436835158836485704e-10
1.605013927112110447e-10
1.435292018451100804e-10
1.518907365999938450e-10
1.518093771286946590e-10
1.770160206002947186e-10
2.190455838418931299e-10
2.105082184940776657e-10
2.188119275090298101e-10
2.102839756537613412e-10
2.101720223316843818e-10
2.184626196963031725e-10
2.099484518836928168e-10
2.182306443442517774e-10
2.097258900241884687e-10
2.179993413845251676e-10
2.011236388170310991e-10
2.177690470132857747e-10
2.092827834821540769e-10
2.091725111408890679e-10
2.090622387996241107e-10
2.089523026545214816e-10
2.088423665094188783e-10
2.087327665604786547e-10
2.086231666115384312e-10
2.168545934515760052e-10
2.167409591486870694e-10
1.999640982529366066e-10
2.081871201889143246e-10
2.164014010246698069e-10
1.996510996257484312e-10
2.161761495958663172e-10
1.994433303973893614e-10
1.578104786274150732e-10
1.328240436421826000e-10
1.244581383371877176e-10
1.326865394117637445e-10
1.243293752069910978e-10
1.325493713775072687e-10
1.242009482729568578e-10
1.324125395394132244e-10
1.240728575350849976e-10
1.240089802642302832e-10
1.322081322726780815e-10
1.238815619186832084e-10
1.320723090230712024e-10
1.237544797692985650e-10
1.319371581657890827e-10
1.236277338160762755e-10
1.318020073085069631e-10
1.235013240590163917e-10
1.316675288435496547e-10
1.233755866942812932e-10
1.315337227709171317e-10
1.150332151206539507e-10
1.313999166982845828e-10
1.231247843571359074e-10
1.312667830179768451e-10
1.230000555808880000e-10
1.311336493376691075e-10
1.228756630008024722e-10
1.228138029069220881e-10
1.227519428130417299e-10
1.226900827191613716e-10
1.308035047061988920e-10
1.225663625314006293e-10
1.306720520067030790e-10
1.224433147359646723e-10
1.223821270344090995e-10
1.223209393328535266e-10
1.222594154351355481e-10
