3.525773405740583594e-02
2.762613060909658094e-02
2.192768099361947637e-02
1.821823135644230415e-02
1.564937562672963356e-02
1.371304110815441298e-02
1.218400176920480214e-02
1.095304290573458246e-02
9.932344110332497547e-03
9.056148890373415597e-03
8.288733122827289523e-03
7.611816234897112593e-03
7.048031316712511860e-03
6.546956129020207321e-03
6.096637989606770031e-03
5.690548122473269507e-03
5.327949947763415718e-03
4.977873630610486419e-03
4.668677495481631835e-03
4.388844111896686613e-03
4.118284938320479309e-03
3.867446016351299299e-03
3.626450479734353617e-03
3.398646418725503882e-03
3.188707767321933683e-03
3.000042881404110795e-03
2.810005278481384188e-03
2.642051678886323755e-03
2.480064376127208946e-03
2.336454740782520790e-03
2.195456615837404653e-03
2.069015987324776627e-03
1.953111798847346559e-03
1.837739956720598269e-03
1.741214514644097129e-03
1.640202631624740901e-03
1.551250569706999786e-03
1.468576177018999585e-03
1.389926188818545747e-03
1.313208048695724056e-03
1.242874716690831180e-03
1.175604887270052150e-03
1.115727641134216415e-03
1.058843587687121257e-03
1.007266257295567381e-03
9.556487498209430970e-04
9.052030739358704874e-04
8.595886922900067848e-04
8.187285988074670569e-04
7.769142996020066919e-04
7.402426670295503058e-04
7.064838729796938960e-04
6.735520572230354512e-04
6.402151225454175750e-04
6.081069369917011013e-04
5.797620048855735503e-04
5.516983123609383189e-04
5.270496718972824150e-04
5.039311086805554375e-04
4.807388874781994134e-04
4.602485751123240446e-04
4.398386169125893309e-04
4.185581552463305747e-04
3.998490268965737538e-04
3.819635287497590123e-04
3.654473995175918331e-04
3.496711982319701388e-04
3.327901271619139911e-04
3.179071963565563170e-04
3.039222233578207726e-04
2.921232184871375430e-04
2.790100881910284819e-04
2.668732610135287611e-04
2.567911568260515770e-04
2.455268419692295057e-04
2.351075850929869966e-04
2.244743852493949184e-04
2.153856594408319494e-04
2.068634305035608610e-04
1.984747903674986325e-04
1.900255497978053433e-04
1.835952076523967897e-04
1.756250787983173447e-04
1.687169641733973064e-04
1.620609607447436658e-04
1.549897941243631543e-04
1.485527557984428839e-04
1.433277261451446701e-04
1.373781697604779036e-04
1.323392939254056154e-04
1.274340068915422142e-04
1.232375105648447961e-04
1.176103752718175616e-04
1.138487958693566222e-04
1.095726149945696883e-04
1.056811296901813033e-04
1.012840827571577496e-04
9.739293226179494779e-05
9.325603194165188177e-05
8.926309950251087454e-05
8.579983494184723807e-05
8.232317802016014103e-05
7.947696649365187081e-05
7.669102059174910538e-05
7.383275594031973421e-05
7.085329042162814654e-05
6.826756031702593363e-05
6.601195191165170522e-05
6.356248908046308499e-05
6.135576279282444021e-05
5.889893416307291667e-05
5.662591568836821662e-05
5.490164920659928815e-05
5.277293342192223679e-05
5.088528013566725203e-05
4.888278735363619793e-05
4.713106653176920240e-05
4.519486593680421713e-05
4.367382853356611641e-05
4.223582376867338989e-05
4.047171501285971027e-05
3.923191719111401718e-05
3.791544810250908350e-05
3.667966798907042181e-05
3.576195644993865043e-05
3.442539881979854623e-05
3.330984862744789098e-05
3.222717668140979958e-05
3.107154984869647552e-05
3.029830840410514779e-05
2.905024079942747424e-05
2.814043075329954053e-05
2.729758251228884189e-05
2.619863884760726351e-05
2.497872868198138972e-05
2.429484776631902029e-05
2.375885199725807220e-05
2.300004082166951069e-05
2.244861035652904362e-05
2.175358030031465377e-05
2.088963909069202506e-05
2.008767103170540355e-05
1.924190995217210529e-05
1.877796508541730933e-05
1.793796272112409775e-05
1.750314623959530142e-05
1.687943050583077132e-05
1.619785977244494443e-05
1.589204520847451309e-05
1.539753227768369582e-05
1.493204728941120427e-05
1.460885613701284571e-05
1.428127898637930958e-05
1.364186070931478654e-05
1.341573069343386764e-05
1.308527418518028985e-05
1.263194276453657657e-05
1.230061575281647452e-05
1.193778321178871097e-05
1.170321600846302005e-05
1.121238597695365275e-05
1.088849172560156319e-05
1.047935509633522911e-05
1.026270017587839976e-05
9.851253364335519749e-06
9.450219113488371185e-06
9.203699227949253223e-06
8.818434482207213553e-06
8.720101071392547174e-06
8.365404389686528804e-06
8.154943436203043183e-06
7.951446510451751635e-06
7.772156277250342701e-06
7.380998892657986988e-06
7.272018554829679115e-06
7.095138946612490033e-06
6.944709251416611007e-06
6.803855094352497139e-06
6.515149271589518202e-06
6.325479958594936646e-06
6.125130237684154774e-06
5.995994396515557890e-06
5.744218009274736399e-06
5.639523226973932181e-06
5.466795250674012317e-06
5.277561189412692891e-06
5.114609636659890263e-06
5.055147553715781080e-06
4.967728917135224221e-06
4.713407981299947595e-06
4.682906879069045630e-06
4.488315873398346211e-06
4.393062705619072714e-06
4.336479980295005181e-06
4.205703574901036242e-06
3.993267248166592897e-06
3.867312092741065357e-06
3.867211650033388895e-06
3.758967892061370845e-06
3.605591877440333374e-06
3.490384091736122521e-06
3.400588311073903783e-06
3.277961157362702705e-06
3.223450899907013899e-06
3.165816874242605322e-06
3.086209332228974775e-06
3.043430783029826482e-06
3.014797915161694861e-06
2.911285008721209818e-06
2.834931810436277173e-06
2.711671867666718192e-06
2.586680962234877916e-06
2.468647388354719526e-06
2.449134718343555640e-06
2.384797815986912215e-06
2.367843086931226570e-06
2.251741361128700706e-06
2.271150240341932671e-06
2.214587603559400431e-06
2.122227185761191265e-06
2.112390496589468999e-06
2.012329471202777630e-06
1.978430057362174834e-06
1.930314652295182266e-06
1.878626834925184903e-06
1.852438072943832379e-06
1.826259355233247501e-06
1.753307816648270724e-06
1.772117387705703184e-06
1.685549166050135716e-06
1.622571588337371734e-06
1.590593978303633818e-06
1.567652863870467644e-06
1.565118359546779942e-06
1.503262392069729682e-06
1.455036500024293640e-06
1.400385622777858634e-06
1.387441905848696219e-06
1.380759117697995393e-06
1.361149353069411774e-06
1.337608930480446307e-06
1.245034234905862382e-06
1.186024144146294739e-06
1.175306907237280568e-06
1.161666787534898914e-06
1.134075175736340268e-06
1.105452352138976081e-06
1.057855901061641848e-06
1.025242153879290360e-06
9.719171203741763997e-07
9.874957843347023438e-07
9.348370207905050007e-07
9.079150270431187476e-07
9.041082484222036898e-07
8.573722565406260693e-07
8.176873427378939744e-07
8.071241179806494260e-07
7.753574376330309164e-07
7.932094548772870301e-07
8.003174504904820218e-07
7.743195296537137177e-07
7.901827812859877329e-07
7.448563354021282106e-07
7.522589629578390255e-07
7.286482304735002466e-07
7.424356661471399704e-07
6.918527185615770247e-07
6.773019183096008448e-07
6.593092812745984248e-07
6.287010401555082335e-07
6.064496323150494274e-07
6.034932686191233363e-07
5.862171228988754467e-07
5.750947670689018727e-07
5.805889831787715475e-07
5.843756732581514187e-07
5.811715508832914299e-07
5.365816848557215187e-07
5.148057058315951096e-07
5.034288951421760855e-07
4.972985418836928386e-07
5.057558178700001568e-07
4.959660019618597107e-07
4.933745801038225432e-07
4.742435923818271501e-07
4.762457503548326181e-07
4.524408286356538431e-07
4.457915213875119439e-07
4.398620535443804042e-07
4.459488816295375018e-07
4.545601697676145487e-07
4.577743364132420249e-07
4.509710170133304498e-07
4.068599278923487648e-07
4.033009079503674988e-07
3.846219124129134340e-07
3.637231330358229424e-07
3.551252372587693178e-07
3.647242120223256499e-07
3.523195376243569676e-07
3.703858326449882640e-07
3.531264273760197319e-07
3.330907856668904424e-07
3.219898576145544291e-07
3.059052972163677941e-07
3.027426911606806055e-07
2.961345654226857806e-07
2.985371549902923422e-07
2.817243849614558011e-07
2.890734430730728733e-07
2.785601048606406185e-07
2.671089665675414782e-07
2.800178633580429634e-07
2.522514812481282677e-07
2.494561606935091307e-07
2.584939955301829821e-07
2.486666810111768579e-07
2.413551215104254638e-07
2.297395919857634873e-07
2.250335163221238702e-07
2.500869408977135246e-07
2.239296509647661545e-07
2.051471994384060004e-07
2.017914085749555433e-07
1.933066782485500873e-07
2.027228472841363376e-07
2.021871528431984073e-07
1.907222873800501980e-07
1.805886226026327162e-07
1.699637929846802868e-07
1.653588296467677104e-07
1.623311516283917386e-07
1.588173309048645895e-07
1.539294539403316448e-07
1.609098873147783179e-07
1.489575399103765838e-07
1.451661625046384830e-07
1.450245382868155285e-07
1.590235732646256870e-07
1.576371290896732229e-07
1.625454294047668949e-07
1.466413310713712929e-07
1.363235213298813817e-07
1.457992863720219784e-07
1.358541190760095355e-07
1.306277501866089715e-07
1.213645888757156165e-07
1.165379819628649724e-07
1.115804647210101144e-07
1.195137645822751028e-07
1.185712771752499611e-07
1.149576833620981189e-07
1.154679323170914857e-07
1.379091768750576121e-07
1.089050057975508174e-07
9.272636406317452583e-08
9.053905669901987452e-08
8.914625115258129269e-08
9.341104852049829564e-08
8.661141201986816969e-08
8.432634042024237302e-08
8.499361480823567776e-08
1.038775134693484527e-07
9.245851684270556066e-08
8.965817415270258730e-08
8.686620168833927944e-08
8.611053771759122242e-08
8.507430378340193831e-08
8.519416541456179159e-08
8.301121056773978963e-08
8.123303983285147769e-08
8.353719554693570693e-08
8.234862350610470128e-08
8.111652629194748002e-08
7.762413334605785186e-08
7.234653867574259380e-08
7.069057323519324994e-08
8.333564051353281259e-08
8.085771891516935412e-08
7.460716921650060743e-08
7.221663277381514721e-08
7.094268443145966462e-08
7.050341498989057180e-08
6.785172750724787086e-08
6.815472967540338614e-08
9.185184288834335633e-08
8.497854840208428779e-08
8.062435702433577852e-08
7.623568031695186644e-08
7.284205603361017738e-08
8.531938399013104826e-08
7.642216894420338406e-08
6.312522849304751337e-08
6.117797920023817535e-08
6.016819517907019558e-08
5.822965092092610995e-08
5.668182879564111150e-08
5.926119752875718429e-08
5.735412531901819303e-08
5.493211682792763844e-08
5.414129790949303131e-08
5.375827638422242263e-08
5.263331805825279273e-08
5.492910354669735647e-08
4.935922059704535683e-08
5.264034904779010407e-08
5.685392063479241292e-08
5.837261437485141857e-08
5.850252027677885854e-08
5.550698392485913503e-08
5.196202596195246523e-08
5.011756303999810231e-08
4.810000385181566408e-08
4.846360645360227315e-08
4.989156694772741832e-08
4.701756627209548251e-08
4.758071505313147123e-08
4.617552157274619452e-08
4.514866229127332333e-08
4.494041107735870453e-08
4.783851800283283648e-08
5.924311784137553222e-08
4.913121565062115815e-08
4.349872341318453678e-08
4.081690311823907578e-08
3.921450712178353422e-08
4.686656740155610189e-08
5.104933655820449013e-08
4.830624621157676157e-08
4.223481934159663426e-08
3.878996927734023124e-08
3.650556729576559511e-08
3.455229144049571302e-08
3.190937595432337655e-08
3.185095177935858759e-08
3.042925221401191517e-08
2.866497605368543579e-08
2.722864533392064496e-08
2.911716912364215655e-08
2.815763993721466958e-08
2.752310987192370460e-08
2.934048674370815208e-08
2.441203092527418804e-08
2.311916587297308286e-08
2.275037373128988369e-08
2.291740995415483573e-08
2.252839534732623571e-08
2.113676163247719804e-08
2.139044643116386247e-08
2.085535464647200043e-08
2.091732779710800442e-08
2.108543540885483250e-08
2.106213270067403429e-08
2.254470054687228192e-08
2.340967966447422851e-08
3.667364142660986715e-08
3.299760573018619997e-08
3.243365340748880670e-08
3.239826409348434776e-08
2.857045946576245476e-08
2.487728154722877084e-08
2.375704402851991007e-08
2.167325961507652301e-08
2.123027379332342503e-08
2.112360363777166126e-08
2.095435767533783844e-08
1.994906009511271564e-08
1.921750237420687462e-08
1.990643890615559587e-08
2.572156946704948568e-08
2.309147716655710241e-08
1.695184969806506764e-08
1.676767125309009556e-08
1.625179750646688034e-08
1.457597789070028021e-08
1.412565975128684335e-08
1.388325801676243510e-08
1.380668719261087205e-08
1.358578019752909846e-08
1.449977535647686340e-08
2.431282701099299725e-08
2.208520864015778163e-08
1.293307000214880336e-08
1.300187325690676755e-08
1.302946152061506995e-08
1.313904451468943432e-08
1.341218171776265440e-08
1.323479989600708649e-08
1.291472246754667979e-08
1.710676583420379959e-08
2.944745822738294007e-08
2.234833505336597768e-08
1.259759135851143305e-08
1.075503684800290511e-08
1.045980224924099530e-08
1.083475487699497925e-08
1.082384010276086931e-08
1.067123414889867958e-08
1.035708284019115049e-08
1.032651477615512879e-08
1.693792164260067904e-08
1.121345736583552771e-08
9.167338967770592396e-09
9.057588569183434582e-09
9.249701988064795645e-09
9.280705303834078970e-09
8.990593283163637247e-09
9.122072787511338552e-09
8.732555967144354895e-09
1.216555379189500271e-08
1.229355128237660438e-08
1.244130250536779586e-08
1.372593125563948287e-08
1.325415185768596905e-08
1.254435672344322756e-08
1.197518137994668981e-08
1.063209497380765283e-08
8.795265697636648046e-09
8.747120159757354603e-09
8.540509510068110877e-09
8.255151777560992662e-09
8.286791230478888751e-09
8.002237039633178396e-09
7.659024307504766933e-09
7.770046980389150277e-09
7.723240678612199410e-09
7.243492825849735601e-09
8.849136469853467953e-09
8.624647018197921639e-09
8.243600866178268299e-09
7.922083758907842630e-09
7.777479740757163898e-09
1.992451859353724795e-08
1.654257914518849418e-08
1.377257015290363864e-08
9.329286093446635693e-09
9.788577114745783195e-09
9.292423619729595120e-09
7.901928255567553858e-09
5.950125560010249262e-09
5.769763937926964527e-09
5.298620677122065127e-09
5.487653852968032145e-09
5.308229696156388536e-09
5.419486735358682368e-09
5.201827387825094606e-09
5.100447214877594022e-09
4.864172485521413684e-09
6.190384516770905423e-09
6.165474725267292317e-09
5.601622845277574615e-09
4.692649821713603019e-09
4.803672494597987190e-09
4.242599529520635172e-09
4.219598149462863670e-09
4.177479174044120091e-09
4.173729312957553930e-09
3.997820650914565166e-09
3.879566103077519339e-09
4.009773333127992633e-09
4.139746196860554611e-09
4.155113931134961353e-09
4.132380398297658863e-09
4.090629712807059864e-09
3.877925538852147575e-09
3.551620662515837809e-09
3.358703701973070124e-09
3.279919790162381838e-09
3.295977231029496058e-09
3.274154378741787958e-09
3.233465037862297118e-09
3.249529174909922711e-09
3.246689994372951769e-09
3.206137925193951121e-09
3.222188669880553554e-09
3.144081072301549584e-09
2.972059543045616346e-09
2.950692031032705235e-09
2.910585257857734102e-09
2.926833539869432813e-09
2.868074555879054480e-09
2.584665411900849006e-09
3.293553213684251793e-09
2.542837720334365074e-09
2.521979118040345250e-09
2.501160692829395323e-09
2.499027959336411118e-09
2.347831551471939596e-09
2.308598629853748644e-09
2.232232039207792835e-09
1.858618647556153530e-09
1.857045045135898604e-09
1.892588371292129274e-09
1.853914580746667601e-09
1.815307752006322974e-09
1.832289265784054953e-09
1.849247342929995882e-09
1.866175287263634183e-09
1.827692337862756587e-09
1.863061563325682441e-09
1.787786450103137420e-09
2.062530736499172192e-09
2.024017654285991554e-09
2.003955897472866564e-09
1.983927621562300096e-09
1.872161672641115390e-09
1.797258197436971050e-09
1.759130145603214667e-09
1.794301833741044863e-09
1.774538056960691513e-09
1.773081637699391418e-09
1.753368082272876060e-09
1.770185539628070904e-09
1.786976212261218805e-09
1.821960407344720817e-09
1.765866503198009024e-09
1.800813869288696206e-09
1.799354101937140631e-09
1.761577599580249774e-09
1.760154661221508409e-09
1.813131493340012773e-09
1.739205660490579869e-09
1.810215306727156896e-09
1.718326969655024683e-09
1.789242869364437308e-09
1.715574839464706149e-09
1.786383600285931210e-09
1.730868915753483644e-09
1.729492850658324377e-09
1.746119466868935143e-09
1.726747416648517630e-09
1.725378047733869943e-09
1.813807807571696675e-09
1.668822107131849374e-09
1.470273658778721695e-09
1.451199588591075822e-09
1.521666844206203039e-09
1.431034040980019162e-09
2.001876733423976244e-09
1.928871625394905827e-09
1.963058974997512384e-09
1.943696969047862345e-09
1.960002168593910628e-09
1.869456415714378953e-09
1.779051282625593364e-09
1.759896858271807078e-09
1.740772566730323421e-09
1.757174860893791173e-09
1.720349216169565431e-09
1.488641281922380622e-09
1.274996294605571105e-09
1.238629338246398245e-09
1.273041009896147817e-09
1.272066715631692067e-09
1.288746901286396304e-09
1.393609088099993831e-09
1.463055176187083200e-09
1.461943610222137050e-09
1.425630223307057869e-09
1.406964620130627301e-09
1.441044830845046296e-09
1.422395968119895196e-09
1.421321231147763670e-09
1.437783790935836887e-09
1.419181801474267678e-09
1.400606596734745412e-09
1.417049067981283681e-09
1.415987723370175316e-09
1.467334035534074769e-09
1.570967473223770902e-09
1.517468339025352297e-09
1.586057316006940953e-09
1.550045257214889306e-09
1.566296887316843290e-09
1.547745119209112073e-09
1.529220135823427798e-09
1.528088481316946493e-09
1.544313326696853535e-09
1.543174976009860650e-09
1.542039973413123245e-09
1.506279021390261348e-09
1.539773316309904948e-09
1.538645009893679330e-09
1.520243905847461880e-09
1.519132339882515731e-09
1.518024122007825475e-09
1.516919252223390906e-09
1.464139957429982614e-09
1.377012604701686108e-09
1.358815734161076104e-09
1.340642300252257148e-09
1.356847057090629242e-09
1.373031725387465973e-09
1.337739506000424846e-09
1.353914130026494103e-09
1.352939835762038353e-09
1.351968889587838290e-09
1.316797201450008094e-09
1.350030345329694264e-09
1.349066095336005781e-09
1.313974761364316413e-09
1.261878476983104017e-09
1.243939409392195343e-09
1.617676680383301473e-09
1.752654939048377741e-09
1.853439151930335044e-09
1.852126700550037136e-09
1.714975531308906560e-09
1.662862506476414902e-09
1.695603481088489460e-09
1.643577506602650004e-09
1.625487774950227563e-09
1.641267324326105090e-09
1.758477268003321607e-09
1.757245170789164319e-09
1.654706558613135281e-09
1.451075709251608998e-09
1.079119622276621339e-09
1.061518711801555030e-09
1.077616329751739353e-09
1.076869705624682098e-09
1.092937190762563792e-09
1.108984587358910331e-09
1.225755931212608913e-09
1.208128236015495455e-09
1.190527325540429146e-09
1.189707043427743056e-09
1.222381056234699947e-09
1.221540685580478496e-09
1.270868099320093303e-09
1.353552536278860897e-09
1.386025663670466443e-09
6.508185243857325107e-09
1.717660699694108048e-09
1.166548303127945586e-09
1.199061607602621236e-09
1.164961308346667086e-09
1.197434435738272218e-09
1.961130475010135833e-09
3.371526887653022085e-09
3.004110811064983013e-09
2.852810612402579821e-09
2.635415763999204970e-09
2.534259913098846987e-09
2.449794292123960714e-09
2.398524986035945988e-09
2.281204555380286428e-09
2.147522007644228600e-09
9.905023693844664229e-10
8.578610777179819077e-10
8.902638952142143072e-10
8.896712832389268158e-10
8.726161114755656936e-10
8.884894073786074163e-10
8.714576722470375497e-10
8.544493737472585252e-10
8.867249638137682063e-10
8.697300576750127565e-10
8.691575342412604202e-10
7.046993408733194164e-10
6.714829374449127150e-10
6.874064547017923257e-10
7.033132315073925714e-10
6.865058184229654089e-10
6.860571743286798974e-10
6.856085302343943859e-10
7.014751299569243213e-10
6.684127386802871774e-10
6.842692941320496386e-10
6.838239981280199173e-10
6.996537688577354360e-10
6.504167535550291383e-10
6.987464363983969388e-10
1.187098881118426502e-08
7.497746799879894096e-09
5.595361916499113436e-09
4.667907434722783355e-09
4.081790754531584140e-09
3.609743509357602136e-09
1.973565282220407437e-09
1.794472586344093785e-09
1.696386934208360926e-09
1.663009822447672776e-09
1.565138448088315250e-09
1.531888563757349818e-09
1.482567846198246799e-09
1.433310742354005346e-09
1.400211522084553682e-09
1.367155826988428222e-09
1.350214490293766554e-09
1.301171664225900228e-09
1.284293941246099919e-09
9.465687290470452292e-10
9.139047605108557089e-10
9.293528489514029690e-10
9.287702812468830551e-10
8.961799706963224716e-10
8.796236643810849556e-10
8.790745775791235648e-10
8.465780135557270733e-10
8.300853209553509166e-10
8.455200170348746020e-10
7.971635494694599624e-10
8.126015936392396448e-10
7.961725147537249507e-10
7.797635244097452050e-10
7.792813994129011704e-10
7.470091574366473830e-10
7.624338092454036976e-10
7.302117886229877981e-10
7.456263961609764317e-10
7.134579449826544172e-10
7.288625082498754732e-10
7.125807453356186527e-10
7.121421455121006154e-10
6.800741370414545836e-10
7.112716420455765348e-10
6.792438106580008134e-10
6.788286474662738249e-10
6.626372829889253061e-10
6.779983210828201581e-10
6.618270451470066911e-10
6.456792058429843764e-10
6.610235034855998634e-10
6.291664247010729611e-10
6.287847424119048058e-10
6.441122996032409280e-10
6.280247259238240787e-10
6.119538926956864911e-10
6.429471641942008934e-10
5.955449023517069521e-10
6.108490229112521288e-10
5.948284110369525325e-10
6.257580688206055756e-10
5.941152678124539031e-10
5.781348330212247206e-10
5.934054726782111674e-10
5.930505751110898513e-10
5.771002731321631947e-10
5.767554198358095595e-10
5.608319025789299489e-10
5.760690613333577693e-10
5.601656326180133138e-10
5.753860509211619761e-10
5.595027107473525724e-10
5.591712498120223051e-10
5.433180424505157375e-10
5.585116760316174573e-10
5.426785572116461484e-10
5.423571405470834586e-10
5.420390719727764558e-10
5.262427821456196669e-10
5.414029348241627603e-10
5.256267335385410232e-10
5.253187092350017014e-10
5.250106849314624829e-10
5.247060087181789513e-10
5.243979844146397328e-10
5.240933082013562013e-10
5.083840687208518204e-10
5.234839557747894483e-10
5.077914567455643290e-10
5.074968248030483750e-10
5.072055409507884180e-10
5.069109090082725674e-10
4.912652832426294424e-10
5.063249932134966565e-10
5.060337093612366995e-10
4.750906592165601852e-10
4.901336287361481377e-10
4.898523891546557583e-10
4.895711495731633790e-10
4.892899099916708963e-10
4.890120185004344106e-10
4.887307789189419278e-10
4.579250004747557612e-10
4.881749959364688530e-10
4.726499014200368659e-10
2.438086020499211417e-10
0.000000000000000000e+00
0.000000000000000000e+00
0.000000000000000000e+00
0.000000000000000000e+00
0.000000000000000000e+00
0.000000000000000000e+00
0.000000000000000000e+00
0.000000000000000000e+00
0.000000000000000000e+00
0.000000000000000000e+00
0.000000000000000000e+00
0.000000000000000000e+00
0.000000000000000000e+00
0.000000000000000000e+00
0.000000000000000000e+00
0.000000000000000000e+00
0.000000000000000000e+00
0.000000000000000000e+00
0.000000000000000000e+00
0.000000000000000000e+00
0.000000000000000000e+00
0.000000000000000000e+00
0.000000000000000000e+00
0.000000000000000000e+00
0.000000000000000000e+00
0.000000000000000000e+00
0.000000000000000000e+00
0.000000000000000000e+00
0.000000000000000000e+00
0.000000000000000000e+00
0.000000000000000000e+00
0.000000000000000000e+00
0.000000000000000000e+00
0.000000000000000000e+00
0.000000000000000000e+00
0.000000000000000000e+00
0.000000000000000000e+00
0.000000000000000000e+00
0.000000000000000000e+00
0.000000000000000000e+00
0.000000000000000000e+00
0.000000000000000000e+00
0.000000000000000000e+00
0.000000000000000000e+00
0.000000000000000000e+00
0.000000000000000000e+00
0.000000000000000000e+00
0.000000000000000000e+00
0.000000000000000000e+00
0.000000000000000000e+00
0.000000000000000000e+00
0.000000000000000000e+00
0.000000000000000000e+00
0.000000000000000000e+00
0.000000000000000000e+00
0.000000000000000000e+00
0.000000000000000000e+00
0.000000000000000000e+00
0.000000000000000000e+00
0.000000000000000000e+00
0.000000000000000000e+00
0.000000000000000000e+00
0.000000000000000000e+00
0.000000000000000000e+00
0.000000000000000000e+00
0.000000000000000000e+00
0.000000000000000000e+00
0.000000000000000000e+00
0.000000000000000000e+00
0.000000000000000000e+00
0.000000000000000000e+00
0.000000000000000000e+00
0.000000000000000000e+00
0.000000000000000000e+00
0.000000000000000000e+00
0.000000000000000000e+00
0.000000000000000000e+00
0.000000000000000000e+00
0.000000000000000000e+00
0.000000000000000000e+00
0.000000000000000000e+00
0.000000000000000000e+00
0.000000000000000000e+00
0.000000000000000000e+00
0.000000000000000000e+00
0.000000000000000000e+00
0.000000000000000000e+00
0.000000000000000000e+00
0.000000000000000000e+00
0.000000000000000000e+00
0.000000000000000000e+00
0.000000000000000000e+00
0.000000000000000000e+00
0.000000000000000000e+00
0.000000000000000000e+00
0.000000000000000000e+00
0.000000000000000000e+00
0.000000000000000000e+00
0.000000000000000000e+00
0.000000000000000000e+00
0.000000000000000000e+00
0.000000000000000000e+00
0.000000000000000000e+00
0.000000000000000000e+00
0.000000000000000000e+00
0.000000000000000000e+00
0.000000000000000000e+00
0.000000000000000000e+00
0.000000000000000000e+00
0.000000000000000000e+00
0.000000000000000000e+00
0.000000000000000000e+00
0.000000000000000000e+00
0.000000000000000000e+00
0.000000000000000000e+00
0.000000000000000000e+00
0.000000000000000000e+00
0.000000000000000000e+00
0.000000000000000000e+00
0.000000000000000000e+00
0.000000000000000000e+00
