3.272103428804932768e-01
2.550399938593984617e-01
1.525974603790342110e-01
7.274213823923009192e-02
2.917955268845107489e-02
1.040682994322356808e-02
3.397203886356115789e-03
1.057737878165427746e-03
3.246410805750245417e-04
9.942592588586739665e-05
3.106651338982113742e-05
1.014407114303032635e-05
3.455363554854029142e-06
1.217577469215201748e-06
4.369618120788892855e-07
1.647226594686580548e-07
6.377602651929880361e-08
2.539805909901200968e-08
9.833137023988171690e-09
3.420723608683480745e-09
7.987663352030965529e-10
1.451583619102820430e-10
5.823116746104423352e-11
6.354205390574179109e-11
6.885294035043937452e-11
7.416382679513693209e-11
7.947471323983448966e-11
8.478559968453208601e-11
9.009648612922965651e-11
9.540737257392721408e-11
1.007182590186247846e-10
1.060291454633223680e-10
1.084953342286362318e-10
1.087438388957680343e-10
1.088907070718868930e-10
1.090040691556253096e-10
1.091174312393637132e-10
1.092777211516010929e-10
1.094714873634440940e-10
1.096652535752871208e-10
1.098590197871301089e-10
1.099791662136999927e-10
1.100803183932148304e-10
1.101814705727296810e-10
1.103282658588780657e-10
1.105101077142484145e-10
1.106919495696187891e-10
1.108694119153684088e-10
1.109584944589940502e-10
1.110475770026197044e-10
1.111370511487811259e-10
1.112411910944183415e-10
1.113453310400555570e-10
1.114494709856927984e-10
1.115536109313300140e-10
1.116577508769672166e-10
1.117181436122172291e-10
1.117714665465341396e-10
1.118247894808510244e-10
1.118781124151679349e-10
1.119277719669353175e-10
1.119715929704536489e-10
1.120154139739720062e-10
1.120717169314775565e-10
1.121300767313230555e-10
1.121884365311685546e-10
1.122467963310140407e-10
1.123643581636262987e-10
1.124839354797860929e-10
1.126035127959459001e-10
1.127230901121057072e-10
1.128426674282655144e-10
1.129622447444253215e-10
1.130586787856817314e-10
1.131431884694940558e-10
1.132067301324403033e-10
1.132409727838380354e-10
1.132752154352357803e-10
1.133094580866335124e-10
1.133437007380312574e-10
1.133779433894289894e-10
1.134121860408267215e-10
1.134464286922244535e-10
1.134806713436221985e-10
1.135149139950199306e-10
1.135491566464176755e-10
1.135833992978154076e-10
1.136176419492131267e-10
1.136518846006108717e-10
1.136930459348288284e-10
1.137475507117634707e-10
1.138020554886981389e-10
1.138706123625867709e-10
1.139558513264128779e-10
1.140410902902389461e-10
1.141263292540650531e-10
1.142024468648820772e-10
1.142781620574355481e-10
1.143538772499890320e-10
1.144295924425425030e-10
1.145077247649370989e-10
1.145915706235458615e-10
1.146754164821546111e-10
1.147592623407633737e-10
1.148431081993721363e-10
1.149269540579808989e-10
1.150107999165896486e-10
1.150945555525274775e-10
1.151780996513780344e-10
1.152616437502285912e-10
1.153451878490791609e-10
1.154290893115887455e-10
1.155132090928785612e-10
1.155973288741683898e-10
1.156814486554582183e-10
1.157715575228734589e-10
1.158628323010797012e-10
1.159541070792859952e-10
nan
nan
nan
nan
nan
nan
nan
nan
nan
nan
nan
nan
nan
nan
nan
nan
nan
nan
nan
nan
nan
nan
nan
nan
nan
nan
nan
nan
nan
nan
nan
nan
nan
nan
nan
nan
nan
nan
nan
nan
nan
nan
nan
nan
nan
nan
nan
nan
nan
nan
nan
nan
nan
nan
nan
nan
nan
nan
nan
nan
nan
nan
nan
nan
nan
nan
nan
nan
nan
nan
nan
nan
nan
nan
nan
nan
nan
nan
nan
nan
nan
nan
