2.741309850246161917e-01
2.094554156270194978e-01
1.347624758089980279e-01
7.877192746133650225e-02
4.258869972507595830e-02
2.234909630310366255e-02
1.140483292783401117e-02
5.854661459686068443e-03
2.911553515460082054e-03
1.513642726744834173e-03
7.647890711120658739e-04
4.007503063109987113e-04
2.027543665177484469e-04
1.121218342847659521e-04
5.694739864781411587e-05
3.060093456788562301e-05
1.655373380030165914e-05
8.813252377875945896e-06
4.154079210289135899e-06
1.910599538958766110e-06
5.626799055557100266e-07
1.283914327748360213e-07
1.883504621691293623e-08
2.113598178853021002e-09
1.060934004121035431e-10
4.505855630557085553e-11
5.727541784633245998e-11
5.575470645297007842e-11
5.047997118031286808e-11
4.911998807192672787e-11
4.929477122180295571e-11
4.965312939663724721e-11
4.993727383478092921e-11
5.026581690146969013e-11
5.061178312926743895e-11
5.090910742253161498e-11
5.114305376806568033e-11
6.693028167682155873e-11
1.056111986003315813e-10
1.442921155238416296e-10
1.829730324473516909e-10
2.216539493708617005e-10
2.603348662943717877e-10
2.710753385644716621e-10
2.721241489759244660e-10
2.732105645089249092e-10
2.743158235316623917e-10
2.754210825543998741e-10
2.765263415771373565e-10
2.776234764405258759e-10
2.786560655673132868e-10
2.794733404167005130e-10
2.801049145929613982e-10
2.807364887692222835e-10
2.813680629454831688e-10
2.819996371217440541e-10
2.826922748996495854e-10
2.833828910180130499e-10
2.840141047516887760e-10
2.846016177762830790e-10
2.851766215515609552e-10
2.857516253268388830e-10
2.863266291021167592e-10
2.869016328773946871e-10
2.874509109754620902e-10
2.878156715391688180e-10
2.881626316201730195e-10
2.884990645250111873e-10
2.888112581253887918e-10
2.890973510400431846e-10
2.893581867437084690e-10
2.896103695530002719e-10
2.898652956291770786e-10
2.901129168532105359e-10
2.903434714952849863e-10
2.905652960211175430e-10
2.907896338696964808e-10
2.910121454415947152e-10
2.912463951722414107e-10
2.914806449028881579e-10
2.917148946335349051e-10
2.919491443641816524e-10
2.921833940948283996e-10
2.924176438254751468e-10
2.926477531885907761e-10
2.928090584512695791e-10
2.929703637139483822e-10
2.931311601967667748e-10
2.933140925963199350e-10
2.935064598572681256e-10
2.936988271182163161e-10
2.938911943791645067e-10
2.940835616401126972e-10
2.942759289010608877e-10
2.944236009669939497e-10
2.945674453338685408e-10
2.947112897007430803e-10
2.948551340676176714e-10
2.949989784344922108e-10
2.951410281830970234e-10
2.952819736139678387e-10
2.954229190448385507e-10
2.955638644757093660e-10
2.957048099065801297e-10
2.958457553374508933e-10
2.959867007683216569e-10
2.961264702509721624e-10
2.962632961606884767e-10
2.964001220704048427e-10
2.965369479801211570e-10
2.966737738898374712e-10
2.968105997995538372e-10
2.969367305033358067e-10
2.970546156021745671e-10
2.971725007010133793e-10
2.972903857998521397e-10
2.974082708986909518e-10
2.975227700793646776e-10
2.976215561893063275e-10
2.977203422992479257e-10
2.978273447995984420e-10
2.979390655551301928e-10
2.980507863106618403e-10
2.981625070661934877e-10
nan
nan
nan
nan
nan
nan
nan
nan
nan
nan
nan
nan
nan
nan
nan
nan
nan
nan
nan
nan
nan
nan
nan
nan
nan
nan
nan
nan
nan
nan
nan
nan
nan
nan
nan
nan
nan
nan
nan
nan
nan
nan
nan
nan
nan
nan
nan
nan
nan
nan
nan
nan
nan
nan
nan
nan
nan
nan
nan
nan
nan
nan
nan
nan
nan
nan
nan
nan
nan
nan
nan
nan
nan
nan
nan
nan
