3.046077691902717710e-01
2.410653779341058178e-01
1.502164360147700550e-01
7.613372216814610904e-02
3.369747634332459496e-02
1.369883341350104644e-02
5.277372969028139640e-03
2.182642157843977301e-03
8.102688854256237180e-04
3.771688247628242167e-04
1.595844493041847004e-04
7.590628270558845978e-05
3.573986223924027078e-05
1.567951520106036545e-05
8.300912100985209289e-06
4.424033140956791323e-06
1.983629882611596041e-06
1.225955018128881232e-06
6.102469596343831903e-07
2.333386195671158917e-07
8.395025768317781159e-08
1.993509956243900041e-08
5.388087660983644380e-10
5.276893588723896067e-11
5.478692419140194278e-11
5.495401467102522256e-11
6.026490111572278660e-11
6.557578756042037002e-11
7.088667400511792759e-11
7.619756044981551102e-11
8.150844689451306859e-11
8.681933333921066494e-11
9.213021978390823544e-11
9.744110622860580594e-11
1.027519926733033635e-10
1.069717168603623701e-10
1.072202215274941856e-10
1.074478914625297673e-10
1.075612535462681581e-10
1.076746156300065746e-10
1.077879777137449783e-10
1.079451951944112105e-10
1.081389614062542115e-10
1.083327276180972255e-10
1.085264938299402136e-10
1.086989421856138688e-10
1.088000943651287065e-10
1.089012465446435313e-10
1.090023987241583689e-10
1.091481050534010652e-10
1.093299469087714140e-10
1.095117887641417886e-10
1.096936306195121374e-10
1.098249406806145966e-10
1.099140232242402637e-10
1.100031057678659050e-10
1.100937497916493704e-10
1.101978897372865859e-10
1.103020296829238015e-10
1.104061696285610300e-10
1.105103095741982585e-10
1.106144495198354611e-10
1.107073701666521607e-10
1.107606931009690454e-10
1.108140160352859559e-10
1.108673389696028665e-10
1.109206619039197641e-10
1.109728112682320219e-10
1.110166322717503792e-10
1.110604532752687106e-10
1.111078409115658289e-10
1.111662007114113280e-10
1.112245605112568270e-10
1.112829203111023002e-10
1.113412801109477734e-10
1.114494144237869210e-10
1.115689917399467281e-10
1.116885690561065223e-10
1.118081463722663424e-10
1.119277236884261496e-10
1.120473010045859567e-10
1.121668783207457509e-10
1.122643817296147086e-10
1.123488914134270202e-10
1.124296333618470259e-10
1.124638760132447579e-10
1.124981186646424900e-10
1.125323613160402220e-10
1.125666039674379670e-10
1.126008466188356991e-10
1.126350892702334311e-10
1.126693319216311890e-10
1.127035745730289082e-10
1.127378172244266402e-10
1.127720598758243852e-10
1.128063025272221172e-10
1.128405451786198493e-10
1.128747878300175943e-10
1.129090304814153263e-10
1.129432731328130584e-10
1.129783910499975126e-10
1.130328958269321808e-10
1.130874006038668102e-10
1.131419053808014783e-10
1.132197107051493694e-10
1.133049496689754247e-10
1.133901886328015187e-10
1.134754275966275870e-10
1.135533109193709865e-10
1.136290261119244704e-10
1.137047413044779414e-10
1.137804564970314124e-10
1.138561716895848963e-10
1.139356613421141003e-10
1.140195072007228758e-10
1.141033530593316125e-10
1.141871989179403751e-10
1.142710447765491506e-10
1.143548906351579003e-10
1.144387364937666500e-10
1.145225823523754126e-10
1.146062793284343593e-10
1.146898234272849290e-10
1.147733675261354858e-10
1.148569116249860556e-10
1.149406307304956272e-10
1.150247505117854428e-10
1.151088702930752714e-10
1.151929900743650871e-10
1.152771098556549157e-10
1.153683450184858509e-10
1.154596197966921062e-10
1.155508945748983356e-10
nan
nan
nan
nan
nan
nan
nan
nan
nan
nan
nan
nan
nan
nan
nan
nan
nan
nan
nan
nan
nan
nan
nan
nan
nan
nan
nan
nan
nan
nan
nan
nan
nan
nan
nan
nan
nan
nan
nan
nan
nan
nan
nan
nan
nan
nan
nan
nan
nan
nan
nan
nan
nan
nan
nan
nan
nan
nan
nan
nan
nan
nan
nan
nan
nan
nan
nan
