3.321596468048335637e-01
1.959803165930258939e-01
1.156320006399517708e-01
6.822501261574964726e-02
4.025401550313555815e-02
2.375061142535596012e-02
1.401329869896605733e-02
8.268104635689423054e-03
4.878334197768353572e-03
2.878307132494563585e-03
1.698254283759192311e-03
1.002001342993196755e-03
5.911992691328516814e-04
3.488184704215425199e-04
2.058093297132989480e-04
1.214312996265620563e-04
7.164670595612494970e-05
4.227287766951130462e-05
2.494177733105811730e-05
1.471610854826570714e-05
8.682775406493118068e-06
5.122997599014483615e-06
3.022663050789222408e-06
1.783426937456309072e-06
1.052254779246508227e-06
6.208497231887543093e-07
3.663127850648166488e-07
2.161312979455852673e-07
1.275214512192847489e-07
7.524000769738843353e-08
4.439299195684642086e-08
2.619268385520152113e-08
1.545416646405443544e-08
9.118243186494877661e-09
5.379931619181445465e-09
3.174258860515701250e-09
1.872871260600803400e-09
1.105028579242766959e-09
6.519872383281548119e-10
3.846844931685582500e-10
2.269709444985614473e-10
1.339170425671315714e-10
7.901352452644232363e-11
4.661943646911905755e-11
2.750632717277286545e-11
1.622924024482351763e-11
9.575551009402451859e-12
5.649751667390252587e-12
3.333457664403452529e-12
1.966801490498603745e-12
1.160449146942985502e-12
6.846863952189250648e-13
4.039775987020656594e-13
2.383542325255416439e-13
1.406333924093139963e-13
8.297629478189701950e-14
4.895754399277546118e-14
2.888585372611100795e-14
1.704318634957286793e-14
1.005579422025872122e-14
5.933104017414145681e-15
3.500640775895900535e-15
2.065442609112722993e-15
1.218649225853959219e-15
7.190255149778474937e-16
4.242383125684723131e-16
2.503084273114960719e-16
1.476865877667342965e-16
8.713781010272669654e-17
5.141291476983458882e-17
3.033456776127520771e-17
1.789795434440717941e-17
1.056012309901511614e-17
6.230667355635556952e-18
3.676208632473538372e-18
2.169030881940627355e-18
1.279768216975926148e-18
7.550868467655929415e-19
4.455151632892375703e-19
2.628621615789465621e-19
1.550935224736623098e-19
9.150803816267086697e-20
5.399142991160560808e-20
3.185593924238446365e-20
1.879559157214237715e-20
1.108974561568582419e-20
6.543154406637595116e-21
3.860581754782955878e-21
2.277814423918184031e-21
1.343952512696227926e-21
7.929567647901508227e-22
4.678591132397999229e-22
2.760455040691423594e-22
1.628719376418990340e-22
9.609744654483507746e-23
5.669926548514183531e-23
3.345361216288615384e-23
1.973824805610701309e-23
1.164593032368087162e-23
6.871313640324143256e-24
4.054201753869099012e-24
2.392053793705161553e-24
1.411355847428801385e-24
8.327259751905855296e-25
4.913236807148229676e-25
2.898900315628008689e-25
1.710404641543392293e-25
1.009170278136794744e-25
5.954290730617534602e-26
3.513141327365975652e-26
2.072818164988501453e-26
1.223000939824912384e-26
7.215931064657165363e-27
4.257532388923457480e-27
2.512022617776160947e-27
1.482139665839296784e-27
8.744897332966417184e-28
5.159650681153513709e-28
3.044289045129051018e-28
1.796186672897157721e-28
1.059783258444376155e-28
6.252916647396134593e-29
3.689336124886183742e-29
2.176776344533241418e-29
1.284338182730823690e-29
7.577832108305275540e-30
4.471060678081279767e-30
2.638008245811523101e-30
1.556473509537813915e-30
9.183480717846143166e-31
5.418422965649771755e-31
3.196969464707179356e-31
1.886270935854177988e-31
1.112934634730421312e-31
6.566519568524531945e-32
3.874367631146590939e-32
2.285948345182424604e-32
1.348751676230508755e-32
7.957883597712860512e-33
4.695298064928981786e-33
2.770312438958219607e-33
1.634535423165455858e-33
9.644060402758806331e-34
5.690173472774245680e-34
3.357307274952524805e-34
1.980873200506113786e-34
1.168751715327803989e-34
6.895850636641838928e-35
4.068679034155431947e-35
2.400595656033137036e-35
1.416395703713062748e-35
8.356995833325619103e-36
4.930781643515139010e-36
2.909252092608833001e-36
1.716512380847433544e-36
1.012773956952051232e-36
5.975553100140919867e-37
3.525686517459966015e-37
2.080220058475534610e-37
1.227368193472150474e-37
7.241698666491483955e-38
4.272735749156737200e-38
2.520992880661648355e-38
1.487432286352157707e-38
8.776124769944234449e-39
5.178075444800030651e-39
3.055159995430623569e-39
1.802600734033913148e-39
1.063567672789458723e-39
6.275245389873008983e-40
3.702510494686424937e-40
2.184549465648949675e-40
1.288924467524393645e-40
7.604892034291833465e-41
4.487026533394659972e-41
2.647428394854629764e-41
1.562031571179476708e-41
9.216274306430869407e-42
5.437771787624098186e-42
3.208385626461601231e-42
1.893006681801765115e-42
1.116908849045726010e-42
6.589968165824386798e-43
3.888202735942467849e-43
2.294111312129387733e-43
1.353567977253204030e-43
7.986300661866155800e-44
4.712064656786111336e-44
2.780205037327572494e-44
1.640372238621549956e-44
9.678498690250359744e-45
5.710492697431543243e-45
3.369295992184085165e-45
1.987946764743002201e-45
1.172925248663119128e-45
6.920475252914100033e-46
4.083208011830542816e-46
2.409168020773801476e-46
1.421453556983300830e-46
8.386838100281088755e-47
4.948389131306161623e-47
2.919640835085228951e-47
1.722641930475464374e-47
1.016390504260640847e-47
5.996891396148031603e-48
3.538276505579352952e-48
2.087648383623621120e-48
1.231751042286832222e-48
7.267558282689294836e-49
4.287993399561208636e-49
2.529995175749295806e-49
1.492743806454931270e-49
8.807463717987595909e-50
5.196566002031575338e-50
3.066069765160522655e-50
1.809037699349205784e-50
1.067365601022251350e-50
6.297653866779133815e-51
3.715731909270268992e-51
2.192350344054514104e-51
1.293527129630782490e-51
7.632048589444086446e-52
4.503049401697692222e-52
2.656882182612867697e-52
1.567609480283404399e-52
9.249184998702807511e-53
5.457189702933100208e-53
3.219842554557643298e-53
1.899766480642580227e-53
1.120897255011567361e-53
6.613500496479516084e-54
3.902087244961877237e-54
2.302303428479274379e-54
1.358401476961154751e-54
8.014819201433645991e-55
4.728891121008875443e-55
2.790132961496727385e-55
1.646229896950883286e-55
9.713059954537561910e-56
5.730884480666031277e-56
3.381327520314060892e-56
1.995045588199410664e-56
1.177113685403744460e-56
6.945187802025563798e-57
4.097788871502426968e-57
2.417770996849258677e-57
1.426529471505495177e-57
8.416786931953687162e-58
4.966059494245329097e-58
2.930066675058440508e-58
1.728793368310713243e-58
1.020019966015105011e-58
6.018305889767035889e-59
3.550911451694881111e-59
2.095103234818450045e-59
1.236149541958229144e-59
7.293510241827821399e-60
4.303305534003494133e-60
2.539029617423860719e-60
1.498074293636785534e-60
8.838914575295034718e-61
5.215122587792518959e-61
3.077018492940366574e-61
1.815497650632347127e-61
1.071177091399902182e-61
6.320142362840854870e-62
3.729000536631457007e-62
2.200179078869308781e-62
1.298146227532303836e-62
7.659302118818357371e-63
4.519129486579780041e-63
2.666369729207851197e-63
1.573207307723475950e-63
9.282213212831167650e-64
5.476676958304555607e-64
3.231340394569064355e-64
1.906550418267906284e-64
1.124899903305385747e-64
6.637116859495786555e-65
3.916021334624071987e-65
2.310524798322665239e-65
1.363252236769664356e-65
8.043439578777284841e-66
4.745777671397441676e-66
2.800096337611606698e-66
1.652108472581993412e-66
9.747744634762366628e-67
5.751349081579314585e-67
3.393402012217322867e-67
2.002169761074304123e-67
1.181317078768682395e-67
6.969988597978943573e-68
4.112421798438069007e-68
2.426404693570446447e-68
1.431623511775175610e-68
8.446842708878814972e-69
4.983792956855685856e-69
2.940529745001078111e-69
1.734966772514439410e-69
1.023662388332027010e-69
6.039796853094538957e-70
3.563591516348513984e-70
2.102584706782800217e-70
1.240563748374473995e-70
7.319554873657252939e-71
4.318672347042285714e-71
2.548096320478664634e-71
1.503423815627876681e-71
8.870477741487219013e-72
5.233745437866200024e-72
3.088006317886630497e-72
1.821980669964622936e-72
1.075002192351929111e-72
6.342711163801164249e-73
3.742316545363729082e-73
2.208035769566655448e-73
1.302781819920033620e-73
7.686652968702819185e-74
4.535266992357520294e-74
2.675891155190103741e-74
1.578825124626834653e-74
9.315359368478423919e-75
5.496233801346986258e-75
3.242879292589591455e-75
1.913358580875708685e-75
1.128916844785570701e-75
6.660817554947549048e-76
3.930005181978062644e-76
2.318775526121740166e-76
1.368120318313403698e-76
8.072162157552884241e-77
4.762724522515444937e-77
2.810095292268910804e-77
1.658008040209103640e-77
9.782553171634469645e-78
5.771886760198484516e-78
3.405519621314599714e-78
2.009319373888798861e-78
1.185535482167110456e-78
6.994877955897253377e-79
4.127106978566206500e-79
2.435069220638747727e-79
1.436735742518160092e-79
8.477005812950978271e-80
5.001589744461608296e-80
2.951030177858885813e-80
1.741162221527082890e-80
1.027317817492713884e-80
6.061364559198697695e-81
3.576316860655601192e-81
2.110092894577519839e-81
1.244993717623308155e-81
7.345692509105607800e-82
4.334094033931215601e-82
2.557195400116917071e-82
1.508792440400264569e-82
8.902153617611073821e-83
5.252434788878071816e-83
3.099033379612695517e-83
1.828486839720501746e-83
1.078840952480772419e-83
6.365360556423604952e-84
3.755680104662545625e-84
2.215920515975151559e-84
1.307433965694684856e-84
7.714101486622539826e-85
4.551462124077048486e-85
2.685446581540701575e-85
1.584463002374389236e-85
9.348623886805895004e-86
5.515860480553333690e-86
3.254459395234600451e-86
1.920191054971762825e-86
1.132948130492157062e-86
6.684602883979753735e-87
3.944038964705257589e-87
2.327055716711807195e-87
1.373005783447118051e-87
8.100987302714846756e-88
4.779731889692848331e-88
2.820129952517008865e-88
1.663928674793235200e-88
9.817486007437715932e-89
5.792497777479084185e-89
3.417680501574573438e-89
2.016494517487084083e-89
1.189768949198759232e-89
7.019856192029476490e-90
4.141844598479454350e-90
2.443764688147247127e-90
1.441866228691439530e-90
8.507276627427675717e-91
5.019450083192512836e-91
2.961568107052308286e-91
1.747379794069165885e-91
1.030986299943724905e-91
6.083009282122949769e-92
3.589087646306520118e-92
2.117627893603091916e-92
1.249439505992740733e-92
7.371923480282517891e-93
4.349570790621090640e-93
2.566326971953279200e-93
1.514180236168603572e-93
8.933942606146398096e-94
5.271190878298486328e-94
3.110099818230447745e-94
1.835016242568580435e-94
1.082693420562459640e-94
6.388090828495192015e-95
3.769091384327870592e-95
2.223833418279844338e-95
1.312102723967282958e-95
7.741648021343470454e-96
4.567715087516835669e-96
2.695036129672508801e-96
1.590121012602103350e-96
9.382007190478706519e-97
5.535557245303818269e-97
3.266080849643017119e-97
1.927047927370803551e-97
1.136993811647342098e-97
6.708473148813382162e-98
3.958122861121497064e-98
2.335365475302499962e-98
1.377908694246470933e-98
8.129915380521030295e-99
4.796799989028134361e-99
2.830200445858230908e-99
1.669870451563067482e-99
9.852543586035184947e-100
5.813182395308680246e-100
3.429884807515443743e-100
2.023695283037919917e-100
1.194017533654877833e-100
7.044923623753702891e-101
4.156634845436739674e-101
2.452491206582233192e-101
1.447015035483839597e-101
8.537655536935721614e-102
5.037374199985169820e-102
2.972143666478222549e-102
1.753619569142315714e-102
1.034667882297506458e-102
6.104731296888807386e-103
3.601904035569338778e-103
2.125189799600609044e-103
1.253901169971781553e-103
7.398248120483556042e-104
4.365102813762569832e-104
2.575491152015048675e-104
1.519587271391266192e-104
8.965845111009962083e-105
5.290013944445788584e-105
3.121205774352104900e-105
1.841568961472712998e-105
1.086559645547101710e-105
6.410902268831146993e-106
3.782550554765904849e-106
2.231774577023534908e-106
1.316788154059934735e-106
7.769292922877197522e-107
4.584026089189784617e-107
2.704659921432174539e-107
1.595799227201701470e-107
9.415509703671294362e-108
5.555324345869177175e-108
3.277743803479286192e-108
1.933929285197410610e-108
1.141053939656331751e-108
6.732428652748438979e-109
3.972257050179375934e-109
2.343704907479216050e-109
1.382829113008675991e-109
8.158946758536488442e-110
4.813929037391869274e-110
2.840306900250128904e-110
1.675833446015915441e-110
9.887726352875238852e-111
5.833940876509525028e-111
3.442132694207479018e-111
2.030921762035565357e-111
1.198281289518767187e-111
7.070080569581361958e-112
4.171477907365795459e-112
2.461248886824325985e-112
1.452182228317092374e-112
8.568142927475162072e-113
5.055362322586725078e-113
2.982756990511645500e-113
1.759881626030269781e-113
1.038362611332836953e-113
6.126530879500207078e-114
3.614766191291573489e-114
2.132778708653108191e-114
1.258378766251194920e-114
7.424666764194685004e-115
4.380690300708166509e-115
2.584688056744064526e-115
1.525013614771043097e-115
8.997861537560897570e-116
5.308904226489339035e-116
3.132351389092001065e-116
1.848145079692801207e-116
1.090439676559668831e-116
6.433795167278037619e-117
3.796057786991466362e-117
2.239744093108119370e-117
1.321490315506619536e-117
7.797036542484514780e-118
4.600395336346629434e-118
2.714318079101378083e-118
1.601497718321629764e-118
9.449131852072790105e-119
5.575162033413848334e-119
3.289448404934777781e-119
1.940835215887501251e-119
1.145128566107896730e-119
6.756469700168180639e-120
3.986441711470629296e-120
2.352074119204191139e-120
1.387767102253523413e-120
8.188081805639510544e-121
4.831119252428910880e-121
2.850449444107183230e-121
1.681817733918690204e-121
9.923034754995782584e-122
5.854773484842722168e-122
3.454424317274691785e-122
2.038174046301058755e-122
1.202560270966531985e-122
7.095327349161464557e-123
4.186373972865078069e-123
2.470037840150300321e-123
1.457367872846507123e-123
8.598739186424422699e-124
5.073414679557592966e-124
2.993408214007435355e-124
1.766166044299881122e-124
1.042070533995715662e-124
6.148408306947377268e-125
3.627674276901949427e-125
2.140394717186552729e-125
1.262872351724076090e-125
7.451179747095662494e-126
4.396333449515497588e-126
2.593917802997901170e-126
1.530459335256057792e-126
9.029992292605845486e-127
5.327861964452559195e-127
3.143536804068379918e-127
1.854744680786377535e-127
1.094333562900676922e-127
6.456769814716901173e-128
3.809613252629732977e-128
2.247742067795617609e-128
1.326209268053795868e-128
7.824879232681210968e-129
4.616823036978055067e-129
2.724010725398458109e-129
1.607216558367971070e-129
9.482874062892435864e-130
5.595070559999163344e-130
3.301194802730791478e-130
1.947765807188997857e-130
1.149217742774929333e-130
6.780596596542223637e-131
4.000677025227963272e-131
2.360473216818244895e-131
1.392722724724019092e-131
8.217320892025399004e-132
4.848370852561314147e-132
2.860628206302432641e-132
1.687823391308861590e-132
9.958469241032749683e-133
5.875680485011913075e-133
3.466759832896523541e-133
2.045452227983150138e-133
1.206854532367634353e-133
7.120664283283859803e-134
4.201323231206870248e-134
2.478858178234223606e-134
1.462572034961842353e-134
8.629444702545232570e-135
5.091531500274362289e-135
3.004097472302010083e-135
1.772472903802132104e-135
1.045791697399724582e-135
6.170363857208090013e-136
3.640628456413094640e-136
2.148037921971415992e-136
1.267381983486789716e-136
7.477787406065563492e-137
4.412032458949308790e-137
2.603180508051423296e-137
1.535924502040641756e-137
9.062237784404124794e-138
5.346887399215976004e-138
3.154762161405194630e-138
1.861367848609248381e-138
1.098241354046411540e-138
6.479826503068044833e-139
3.823217123919067339e-139
2.255768602709839658e-139
1.330945071661385860e-139
7.852821347241659974e-140
4.633309399817467246e-140
2.733737983479972702e-140
1.612955820005364747e-140
9.516736764865006920e-141
5.615050178586863680e-141
3.312983146118763858e-141
1.954721147163331021e-141
1.153321521615297836e-141
6.804809648431568739e-142
4.014963172328021217e-142
2.368902307041865287e-142
1.397696043387219051e-142
8.246664389211393816e-143
4.865684056991101380e-143
2.870843316169114058e-143
1.693850494495423716e-143
9.994030261223566702e-144
5.896662142664479615e-144
3.479139397810417397e-144
2.052756399559820485e-144
1.211164128285788449e-144
7.146091693884526839e-145
4.216325872339215362e-145
2.487710013148945107e-145
1.467794780788145590e-145
8.660259865987563790e-146
5.109713014932711194e-146
3.014824901215063384e-146
1.778802284673247294e-146
1.049526148826535215e-146
6.192397809253976763e-147
3.653628894423211747e-147
2.155708420123672408e-147
1.271907718839551480e-147
7.504490079186227098e-148
4.427787528484118100e-148
2.612476289598274756e-148
1.541409184566216509e-148
9.094598422672926298e-149
5.365980772520283849e-149
3.166027603734092113e-149
1.868014667316398425e-149
1.102163099650052199e-149
6.502965525294015991e-150
3.836869573712776767e-150
2.263823799837422703e-150
1.335697786503386429e-150
7.880863241203539359e-151
4.649854634343641694e-151
2.743499976942263069e-151
1.618715576157932021e-151
9.550720388256806093e-152
5.635101143041043110e-152
3.324813584883754569e-152
1.961701324186338439e-152
1.157439954772375978e-152
6.829109163491734973e-153
4.029300334293232792e-153
2.377361496976633443e-153
1.402687121435030357e-153
8.276112670041404526e-154
4.883059085703052971e-154
2.881094903502304027e-154
1.699899120059961699e-154
1.002971826741200330e-154
5.917718724397579609e-155
3.491563169313415565e-155
2.060086653839226163e-155
1.215489113479517862e-155
7.171609904048847784e-156
4.231382086888447932e-156
2.496593457367516659e-156
1.473036176686591544e-156
8.691185068294584530e-157
5.127959454550327809e-157
3.025590637051465062e-157
1.785154267335310317e-157
1.053273935726838551e-157
6.214510443052512305e-158
3.666675756118271425e-158
2.163406309106091920e-158
1.276449615287192291e-158
7.531288105746761595e-159
4.443598858306755859e-159
2.621805265752376783e-159
1.546913452522172888e-159
9.127074618592504436e-160
5.385142326969724442e-160
3.177333274195509367e-160
1.874685221363641562e-160
1.106098849542024350e-160
6.526187175403516172e-161
3.850570775481412802e-161
2.271907761529193388e-161
1.340467472968672180e-161
7.909005270872345477e-162
4.666458950783390267e-162
2.753296829823025059e-162
1.624495900010292839e-162
9.584825364868953711e-163
5.655223708133285339e-163
3.336686269345508837e-163
1.968706426949440914e-163
1.161573094575737146e-163
6.853495450476857487e-164
4.043688693294231288e-164
2.385850894106582362e-164
1.407696022285014865e-164
8.305666108690736365e-165
4.900496159467499892e-165
2.891383098560732487e-165
1.705969344857239012e-165
1.006553371305703839e-165
5.938850497760038656e-166
3.504031305264258402e-166
2.067443083960934413e-166
1.219829542902884950e-166
7.197219238015924352e-167
4.246492066161617366e-167
2.505508623764624600e-167
1.478296289255326945e-167
8.722220702407641182e-168
5.146271050970146238e-168
3.036394816602302788e-168
1.791528932497888866e-168
1.057035105720708129e-168
6.236702039570913372e-169
3.679769207274113886e-169
2.171131686729475855e-169
1.281007730539889119e-169
7.558181826247852594e-170
4.459466649318903576e-170
2.631167555049426109e-170
1.552437375846846912e-170
9.159666784811940811e-171
5.404372306033944191e-171
3.188679316441566372e-171
1.881379595508273016e-171
1.110048653730694696e-171
6.549491748455126198e-172
3.864320903314982977e-172
2.280020590501464674e-172
1.345254191661762049e-172
7.937247793825914015e-173
4.683122560114232179e-173
2.763128666603041512e-173
1.630296865008127281e-173
9.619052128046139329e-174
5.675418129544628607e-174
3.348601350360552099e-174
1.975736544460770710e-174
1.165720993541821053e-174
6.877968819243613613e-175
4.058128432152168816e-175
2.394370606299563087e-175
1.412722809581193710e-175
8.335325080670850557e-176
4.917995499843408902e-176
2.901708032067782360e-176
1.712061246016751143e-176
1.010147705323634885e-176
5.960057731256077974e-177
3.516543964085389248e-177
2.074825783397108337e-177
1.224185471706188927e-177
7.222920021182695143e-178
4.261656002148916410e-178
2.514455625618023848e-178
1.483575185330315251e-178
8.753367162671740875e-179
5.164648036862112448e-179
3.047237577147654435e-179
1.797926361158658164e-179
1.060809706598266016e-179
6.258972880779712109e-180
3.692909414258552056e-180
2.178884651153902613e-180
1.285582122513897977e-180
7.585171582406088703e-181
4.475391103139652345e-181
2.640563276448555413e-181
1.557981024728054010e-181
9.192375335452285513e-182
5.423670954052920969e-182
3.200065874637175743e-182
1.888097874810248523e-182
1.114012562403005965e-182
6.572879540561067403e-183
3.878120131925156677e-183
2.288162389837343008e-183
1.350058003403589414e-183
7.965591168918969758e-184
4.699845674067339006e-184
2.772995612207136860e-184
1.636118544859662609e-184
9.653401112679951094e-185
5.695684663869126036e-185
3.360558979324109594e-185
1.982791766046301770e-185
1.169883704374599483e-185
6.902529580755154257e-186
4.072619734341039901e-186
2.402920741808615201e-186
1.417767547194856582e-186
8.365089962834611053e-187
4.935557329180077718e-187
2.912069835214132793e-187
1.718174900943322219e-187
1.013754874465267096e-187
5.981340694348733820e-188
3.529101304764966697e-188
2.082234845953692758e-188
1.228556955236667663e-188
7.248712580108065839e-189
4.276874087526122250e-189
2.523434576609975330e-189
1.488872931986271460e-189
8.784624844838578108e-190
5.183090645727903610e-190
3.058119056457640292e-190
1.804346634604531284e-190
1.064597786320289659e-190
6.281323249656338874e-191
3.706096544033488136e-191
2.186665300889973139e-191
1.290172849332289819e-191
7.612257717158308753e-192
4.491372422108314708e-192
2.649992549333237791e-192
1.563544469604511336e-192
9.225200686114961246e-193
5.443038516238847685e-193
3.211493093462054206e-193
1.894840144633269243e-193
1.117990625925115854e-193
6.596350848890953920e-194
3.891968636647484882e-194
2.296333262988038163e-194
1.354878969232275938e-194
7.994035756288138263e-195
4.716628505129156336e-195
2.782897792006704767e-195
1.641961013536240398e-195
9.687872755214941212e-196
5.716023568617115109e-196
3.372559308172027174e-196
1.989872181350985795e-196
1.174061279966246855e-196
6.927178047085063863e-197
4.087162783990013295e-197
2.411501409273343307e-197
1.422830299225454198e-197
8.394961133379166335e-198
4.953181870621639715e-198
2.922468639658773559e-198
1.724310387318182744e-198
1.017374924563959234e-198
6.002699657463273217e-199
3.541703486858884894e-199
2.089670365771608021e-199
1.232944049039199875e-199
7.274597242517065670e-200
4.292146515657044127e-200
2.532445590828835961e-200
1.494189596537176847e-200
8.815994146074544977e-201
5.201599111902722022e-201
3.069039392794352627e-201
1.810789834412689921e-201
1.068399393018821251e-201
6.303753430188719317e-202
3.719330764157033843e-202
2.194473734800062948e-202
1.294779969325689321e-202
7.639440574666386305e-203
4.507410809285976482e-203
2.659455493513710419e-203
1.569127781166378587e-203
9.258143253884945904e-204
5.462475238679555230e-204
3.222961118112558049e-204
1.901606490645862810e-204
1.121982894843035362e-204
6.619905971675572456e-205
3.905866593443632047e-205
2.304533313774175558e-205
1.359717150403982316e-205
8.022581917354700444e-206
4.733471266545710874e-206
2.792835331820673968e-206
1.647824345273348260e-206
9.722467493654183599e-207
5.736435102218483836e-207
3.384602489382705485e-207
1.996977880339889527e-207
1.178253773397811545e-207
6.951914531421314093e-208
4.101757765885768351e-208
2.420112717721433610e-208
1.427911130001089302e-208
8.424938971853616325e-209
4.970869348108780713e-209
2.932904577530836941e-209
1.730467783099958448e-209
1.021007901616737804e-209
6.024134891990635264e-210
3.554350670492803494e-210
2.097132437327945037e-210
1.237346808857011217e-210
7.300574337305004659e-211
4.307473480596225008e-211
2.541488782769933400e-211
1.499525246537638870e-211
8.847475464963788187e-212
5.220173670558563624e-212
3.079998724913603857e-212
1.817256042451624598e-212
1.072214574997779023e-212
6.326263707378875258e-213
3.732612242785639599e-213
2.202310052099578538e-213
1.299403541033090039e-213
7.666720500319873788e-214
4.523506468459608770e-214
2.668952229227893582e-214
1.574731030356246096e-214
9.291203457336605197e-215
5.481981368341635287e-215
3.234470094303531982e-215
1.908396998822474251e-215
1.125989419883272266e-215
6.643545208210675457e-216
3.919814178903610389e-216
2.312762646387250673e-216
1.364572608393380046e-216
8.051230014831917782e-217
4.750374172324243543e-217
2.802808357917264682e-217
1.653708614571565557e-217
9.757185767564823849e-218
5.756919524025954184e-218
3.396688675979032421e-218
2.004108953299340128e-218
1.182461237939891234e-218
6.976739348070255119e-219
4.116404865475079961e-219
2.428754776569490778e-219
1.433010104079818475e-219
8.455023859161923154e-220
4.988619986381862694e-220
2.943377781431282459e-220
1.736647166525659562e-220
1.024653851784881490e-220
6.045646670290875591e-221
3.567043016364176747e-221
2.104621155437166518e-221
1.241765290632453716e-221
7.326644194542073393e-222
4.322855177090430296e-222
2.550564267337880803e-222
1.504879949783414355e-222
8.879069201513774632e-223
5.238814557707207731e-223
3.090997192066697595e-223
1.823745340882170368e-223
1.076043380733632136e-223
6.348854367246557356e-224
3.745941148676444027e-224
2.210174352358217429e-224
1.304043623202301738e-224
7.694097840742551520e-225
4.539659604143636187e-225
2.678482877142916687e-225
1.580354288370035208e-225
9.324381716539529063e-226
5.501557153073581774e-226
3.246020168270341077e-226
1.915211755444556940e-226
1.130010251953539586e-226
6.667268858860773121e-227
3.933811570248245314e-227
2.321021365390291372e-227
1.369445404894893911e-227
8.079980412727359464e-228
4.767337437236205195e-228
2.812816997015432783e-228
1.659613896197506757e-228
9.792028018084238819e-229
5.777477094318384209e-229
3.408818021530526273e-229
2.011265490838070071e-229
1.186683727053376564e-229
7.001652812460602799e-230
4.131104268866239804e-230
