2.736267843769126795e-01
1.741027114300252587e-01
1.107777303172672173e-01
7.048543605926196887e-02
4.484833442818698251e-02
2.853600989701477603e-02
1.815683617295581892e-02
1.155279595855636908e-02
7.350790258207674267e-03
4.677146347429556560e-03
2.975965465869183195e-03
1.893541445183390039e-03
1.204818821235882761e-03
7.665997465736135554e-04
4.877705768605949911e-04
3.103577019354926783e-04
1.974737873092514420e-04
1.256482324462009190e-04
7.994720986502744104e-05
5.086865322947881773e-05
3.236660648632482641e-05
2.059416062608693460e-05
1.310361196105818425e-05
8.337540409803652737e-06
5.304993790391150235e-06
3.375451000273048947e-06
2.147725314190089781e-06
1.366550432768772129e-06
8.695060178143591934e-07
5.532475764422160519e-07
3.520192782662665272e-07
2.239821330406597052e-07
1.425149104575370163e-07
9.067910652959452725e-08
5.769712330174433699e-08
3.671141197460107778e-08
2.335866490467017734e-08
1.486260529848768593e-08
9.456749226042861136e-09
6.017121771602319804e-09
3.828562389556014485e-09
2.436030136518179374e-09
1.549992457276615717e-09
9.862261478621378808e-10
6.275140308979006255e-10
3.992733916326624813e-10
2.540488872220733873e-10
1.616457255888273942e-10
1.028516239014181585e-10
6.544222868018683318e-11
4.163945237009361294e-11
2.649426874128178861e-11
1.685772113178449906e-11
1.072619759888737776e-11
6.824843881979582031e-12
4.342498223063286560e-12
2.763036216417912439e-12
1.758059241726430718e-12
1.118614471665046448e-12
7.117498128161418913e-13
4.528707690414199681e-13
2.881517209547143867e-13
1.833446094675398864e-13
1.166581469978020607e-13
7.422701600272690642e-14
4.722901954522628644e-14
3.005078753430450216e-14
1.912065590451554407e-14
1.216605327902092339e-14
7.740992418205720041e-15
4.925423409253786148e-15
3.133938705762012454e-15
1.994056347119459190e-15
1.268774245066347078e-15
8.072931776823255448e-16
5.136629130569613550e-16
3.268324266131601392e-16
2.079562926786602395e-16
1.323180203163821915e-16
8.419104935430089555e-17
5.356891506107845427e-17
3.408472376611900182e-17
2.168736090488327164e-17
1.379919128129143098e-17
8.780122249673712327e-18
5.586598891757710160e-18
3.554630139523207052e-18
2.261733064002255602e-18
1.439091059270425355e-18
9.156620247693427722e-19
5.826156296389986885e-19
3.707055253112115962e-19
2.358717815061216121e-19
1.500800325653763019e-19
9.549262752416123835e-20
6.075986095949132993e-20
3.866016465912660763e-20
2.459861342453102477e-20
1.565155730051119503e-20
9.958742051976276116e-21
6.336528778165872878e-21
4.031794050590563174e-21
2.565341977517637870e-21
1.632270740776093522e-21
1.038578012032478960e-21
6.608243719203557974e-22
4.204680298106257869e-22
2.675345698571432770e-22
1.702263691745676093e-22
1.083112989017799847e-22
6.891609993608102753e-23
4.384980033068236707e-23
2.790066458815998953e-23
1.775257991120917013e-23
1.129557658055238913e-23
7.187127218988710694e-24
4.573011151184840231e-24
2.909706528306514099e-24
1.851382338894147379e-24
1.177993908122430374e-24
7.495316436919392805e-25
4.769105179762540512e-25
3.034476850584566588e-25
1.930770953806497899e-25
1.228507139655624285e-25
7.816721031613878383e-26
4.973607862238604022e-26
3.164597414603445799e-26
2.013563809995917772e-26
1.281186415123623406e-26
8.151907687994498790e-27
5.186879767779274080e-27
3.300297642602075781e-27
2.099906883792707455e-27
1.336124616058356946e-27
8.501467390843225250e-28
5.409296927017662877e-28
3.441816794611064654e-28
2.189952411097897993e-28
1.393418606819090828e-28
8.866016466797363768e-29
5.641251495052524047e-29
3.589404390304262691e-29
2.283859155798115428e-29
1.453169405378906228e-29
9.246197671026392097e-30
5.883152442877246146e-30
3.743320648939835735e-30
2.381792689690418442e-30
1.515482361434727584e-30
9.642681320506939269e-31
6.135426278457426606e-31
3.903836948166088439e-31
2.483925684410368007e-31
1.580467342154736009e-31
1.005616647589277327e-31
6.398517798728983694e-32
4.071236302501337005e-32
2.590438215878253467e-32
1.648238925890817958e-32
1.048738217406454991e-32
6.672890873842430692e-33
4.245813862331315201e-33
2.701518081800223316e-33
1.718916604197556215e-33
1.093708871353227087e-33
6.959029265036235918e-34
4.427877434304023250e-34
2.817361132783898041e-34
1.792624992513820716e-34
1.140607899495596720e-34
7.257437477580669319e-35
4.617748024039159088e-35
2.938171617652842646e-35
1.869494049878784222e-35
1.189517991915041291e-35
7.568641650297503129e-36
4.815760402109960147e-36
3.064162543567997397e-36
1.949659308069270982e-36
1.240525384503577131e-36
7.893190483221957242e-37
5.022263694294120075e-37
3.195556051591557923e-37
2.033262110562808184e-37
1.293720011010695520e-37
8.231656205043970964e-38
5.237621997135416308e-38
3.332583808355277048e-38
2.120449861747558032e-38
1.349195661610170108e-38
8.584635582033944253e-39
5.462215019900991602e-39
3.475487414523779410e-39
2.211376286818553424e-39
1.407050148266319883e-39
8.952750970231949375e-40
5.696438754066238360e-40
3.624518830773085906e-40
2.306201702818472405e-40
1.467385477191322333e-40
9.336651412755720853e-41
5.940706171507754414e-41
3.779940822035452066e-41
2.405093301300871633e-41
1.530308028697512025e-41
9.737013784161324266e-42
6.195447952634909374e-42
3.942027420793485327e-42
2.508225443114051659e-42
1.595928744762088368e-42
1.015454398387618027e-42
6.461113245745043161e-43
4.111064410241180434e-43
2.615779965825810884e-43
1.664363324634524020e-43
1.058997818080602156e-43
6.738170458939549368e-44
4.287349828162715953e-44
2.727946504330453442e-44
1.735732428831862406e-44
1.104408411131218299e-44
7.027108085998283416e-45
4.471194492418206203e-45
2.844922825203828862e-45
1.810161891881466447e-45
1.151766243284693180e-45
7.328435567668009889e-46
4.662922548962611656e-46
2.966915175395722006e-46
1.887782944186322002e-46
1.201154813563368950e-46
7.642684189883493139e-47
4.862872043364087334e-47
3.094138645874428637e-47
1.968732443404095200e-47
1.252661201488128637e-47
7.970408020505098355e-48
5.071395516829538089e-48
3.226817550864714929e-48
2.053153115747911790e-48
1.306376220612694763e-48
8.312184886223791838e-49
5.288860627787809287e-49
3.365185823347548989e-49
2.141193807634150242e-49
1.362394578641766642e-49
8.668617391357678699e-50
5.515650800127539892e-50
3.509487427519605083e-50
2.233009748121359689e-50
1.420815044414962125e-50
9.040333980334141362e-51
5.752165899231203212e-51
3.659976788938871006e-51
2.328762822602463112e-51
1.481740622051242239e-51
9.427990045732534072e-52
5.998822936998337444e-52
3.816919243115442624e-52
2.428621858233219883e-52
1.545278732560752715e-52
9.832269083840462443e-53
6.256056807100606713e-53
3.980591503338162539e-53
2.532762921600043131e-53
1.611541403244316931e-53
1.025388389976112094e-53
6.524321051765140028e-54
4.151282148562014780e-54
2.641369629152027492e-54
1.680645465214515224e-54
1.069357786419669075e-54
6.804088661438183474e-55
4.329292132216536318e-55
2.754633470944562156e-55
1.752712759386633327e-55
1.115212622412272696e-55
7.095852908738420209e-56
4.514935312831999308e-56
2.872754148265116164e-56
1.827870351302531730e-56
1.163033746966676204e-56
7.400128218171802196e-57
4.708539007419843680e-57
2.995939925737046310e-57
1.906250755166563349e-57
1.212905475959811276e-57
7.717451073139386625e-58
4.910444568581840707e-58
3.124407998521482615e-58
1.987992167488066287e-58
1.264915740794448103e-58
8.048380961838834841e-59
5.121007986366433188e-59
3.258384875265292535e-59
2.073238710742739603e-59
1.319156243435562552e-59
8.393501363726738034e-60
5.340600515933044478e-60
3.398106777470093073e-60
2.162140687482371460e-60
1.375722618094771071e-60
8.753420778281166030e-61
5.569609332131083871e-61
3.543820055986489604e-61
2.254854845340974778e-61
1.434714599847914737e-61
9.128773797878301802e-62
5.808438212147782757e-62
3.695781625367896382e-62
2.351544653404578611e-62
1.496236200483084751e-62
9.520222226674807262e-63
6.057508247428456135e-63
3.854259416849759434e-63
2.452380590431957800e-63
1.560395891889140111e-63
9.928456247468659156e-64
6.317258586124421370e-64
4.019532850752857431e-64
2.557540445434472298e-64
1.627306797308057231e-64
1.035419563859583724e-64
6.588147207377626423e-65
4.191893329143596202e-65
2.667209631144991488e-65
1.697086890788367153e-65
1.079819104300872549e-65
6.870651728807352795e-66
4.371644749620059703e-66
2.781581510928670349e-66
1.769859205191058816e-66
1.126122529177198124e-66
7.165270248621559769e-67
4.559104041128957595e-67
2.900857739711500068e-67
1.845752049115408445e-67
1.174411478431392058e-67
7.472522223840525934e-68
4.754601722760034483e-68
3.025248619528915090e-68
1.924899233126264671e-68
1.224771092786103850e-68
7.792949386177398457e-69
4.958482486500740423e-69
3.154973470319787655e-69
2.007440305682361935e-69
1.277290163859803536e-69
8.127116697193346780e-70
5.171105804980471727e-70
3.290261016620735304e-70
2.093520799181365460e-70
1.332061290719837986e-70
8.475613344410257291e-71
5.392846565275195616e-71
3.431349790842080202e-71
2.183292486555502714e-71
1.389181043148594137e-71
8.839053780137472466e-72
5.624095729890080374e-72
3.578488553836571979e-72
2.276913648870205215e-72
1.448750131910635125e-72
9.218078804844164901e-73
5.865261026085532637e-73
3.731936733502408034e-73
2.374549354397568970e-73
1.510873586321013335e-73
9.613356696987497261e-74
6.116767664762040866e-74
3.891964882193857483e-74
2.476371749656691240e-74
1.575660939427841376e-74
1.002558439128864630e-74
6.379059090171318354e-75
4.058855153745996691e-75
2.582560362934025811e-75
1.643226421135626338e-75
1.045548870753414445e-75
6.652597761775603079e-76
4.232901800954599706e-76
2.693302420818910252e-76
1.713689159609872028e-76
1.090382763206912220e-76
6.937865969633646576e-77
4.414411694388336074e-77
2.808793178312366892e-77
1.787173391318055932e-77
1.137139165424189280e-77
7.235366684751051058e-78
4.603704863448003128e-78
2.929236263091207727e-78
1.863808680077316302e-78
1.185900516015626412e-78
7.545624445894246380e-79
4.801115060626773034e-79
3.054844034534432972e-79
1.943730145495062161e-79
1.236752788618929706e-79
7.869186284431897317e-80
5.006990349966475009e-80
3.185837958145031579e-80
2.027078701205338162e-80
1.289785643483522453e-80
8.206622688833089487e-81
5.221693720746587587e-81
3.322448996026810257e-81
2.114001303320653295e-81
1.345092585555332585e-81
8.558528610526110807e-82
5.445603727490088030e-82
3.464918014106050422e-82
2.204651209538174396e-82
1.402771129340023498e-82
8.925524512886954735e-83
5.679115157411796523e-83
3.613496206814227385e-83
2.299188249356010173e-83
1.462922970835852593e-83
9.308257465210337454e-84
5.922639726488088921e-84
3.768445539981877362e-84
2.397779105876847051e-84
1.525654166839099464e-84
9.707402283590739485e-85
6.176606805374452453e-85
3.930039212723988420e-85
2.500597609695479350e-85
1.591075321938244241e-85
1.012366272072528475e-85
6.441464176450902612e-86
4.098562139131367495e-86
2.607825045388441022e-86
1.659301783526587762e-86
1.055777270673619090e-86
6.717678823330061609e-87
4.274311450617287096e-87
2.719650471146141302e-87
1.730453845177155246e-87
1.101049764320060949e-87
7.005737754219912721e-88
4.457597019805114127e-88
2.836271052111053048e-88
1.804656958738464255e-88
1.148263575266939878e-88
7.306148860592941999e-89
4.648742006880623546e-89
2.957892408009686892e-89
1.882041955525112308e-89
1.197501948605423786e-89
7.619441812675640847e-90
4.848083429372292301e-90
3.084728975691275366e-90
1.962745276993175911e-90
1.248851699036450480e-90
7.946168993337241214e-91
5.055972756364185949e-91
3.217004387212377106e-91
2.046909215307137486e-91
1.302403363938179785e-91
8.286906472024281660e-92
5.272776528189125557e-92
3.354951864134023681e-92
2.134682164222499761e-92
1.358251362997086660e-92
8.642255020458182990e-93
5.498877002694741968e-93
3.498814628726613390e-93
2.226218880726421871e-93
1.416494164684153999e-93
9.012841171886684158e-94
5.734672829222053728e-94
3.648846332807672599e-94
2.321680757897769207e-94
1.477234459869722628e-94
9.399318325757002193e-95
5.980579751483915016e-95
3.805311504967971671e-95
2.421236109467263263e-95
1.540579342882866870e-95
9.802367899756844142e-96
6.237031340585036787e-96
3.968486016976056140e-96
2.525060466580439498e-96
1.606640500335142675e-96
1.022270053125845167e-96
6.504479759472798691e-97
4.138657570181506818e-97
2.633336887285355297e-97
1.675534408040818959e-97
1.066105733027875353e-97
6.783396560169082409e-98
4.316126202776044788e-98
2.746256279291685186e-98
1.747382536381396256e-98
1.111821118616868716e-98
7.074273515187834680e-99
4.501204818806248996e-99
2.864017736569892410e-99
1.822311564476267460e-99
1.159496813033406960e-99
7.377623484604386841e-100
4.694219739870728381e-100
2.986828890384019930e-100
1.900453603537168749e-100
1.209216875739087280e-100
7.693981320305365811e-101
4.895511280474463955e-101
3.114906275377015811e-101
1.981946429800229920e-101
1.261068970726072233e-101
8.023904809013475895e-102
5.105434348054765094e-102
3.248475711354068846e-102
2.066933727446323232e-102
1.315144521081967608e-102
8.367975655749875899e-103
5.324359068736773995e-103
3.387772701437086257e-103
2.155565341938010345e-103
1.371538870182557744e-103
8.726800509468126568e-104
5.552671439921811454e-104
3.533042847292322431e-104
2.247997544219761409e-104
1.430351449796599341e-104
9.101012032668077787e-105
5.790774010859192302e-105
3.684542282163273134e-105
2.344393306247269415e-105
1.491685955399073187e-105
9.491270016875553942e-106
6.039086592401447681e-106
3.842538122472331832e-106
2.444922588331664150e-106
1.555650529001991536e-106
9.898262545954631017e-107
6.298046997194369455e-107
4.007308938787450030e-107
2.549762638805250522e-107
1.622357949825127217e-107
1.032270720930358818e-107
6.568111811606933171e-108
4.179145246984190034e-108
2.659098306537209174e-108
1.691925833142885234e-108
1.076535236707386722e-108
6.849757200762336161e-109
4.358350020469287069e-109
2.773122366849817733e-109
1.764476837657635123e-109
1.122697846964103054e-109
7.143479748088369520e-110
4.545239224368110811e-110
2.892035861410949932e-110
1.840138881765841457e-110
1.170839943365863093e-110
7.449797330870270844e-111
4.740142372619704272e-111
3.016048452700656548e-111
1.919045369097361392e-111
1.221046407711521207e-111
7.769250033345969593e-112
4.943403108959231091e-112
3.145378793677908431e-112
2.001335423726271977e-112
1.273405761592913426e-112
8.102401098956480010e-113
5.155379812813981697e-113
3.280254913298840155e-113
2.087154135467657896e-113
1.328010322471814711e-113
8.449837923429309145e-114
5.376446231180519191e-114
3.420914618566297454e-114
2.176652815692907053e-114
1.384956366449588961e-114
8.812173090445966964e-115
5.606992137597178401e-115
3.567605913819555184e-115
2.269989264114545775e-115
1.444344298016521778e-115
9.190045451719683257e-116
5.847424019373776168e-116
3.720587438003489427e-116
2.367328047011006284e-116
1.506278827080125634e-116
9.584121253387619174e-117
6.098165794290227535e-117
3.880128920688160521e-117
2.468840787381869241e-117
1.570869153584545974e-117
9.995095310703590078e-118
6.359659558027730858e-118
4.046511657642850949e-118
2.574706467545176290e-118
1.638229160046583996e-118
1.042369223310247728e-118
6.632366363650324721e-119
4.220029006803062336e-119
2.685111744710331183e-119
1.708477612347801168e-119
1.087066770179627320e-119
6.916767034511193716e-120
4.400986905504931443e-120
2.800251280082999783e-120
1.781738369136734535e-120
1.133680980215438192e-120
7.213363012016973850e-121
4.589704409899036455e-121
2.920328082082262614e-121
1.858140600210433155e-121
1.182294041321734484e-121
7.522677239744814066e-122
4.786514257494662187e-122
3.045553864275168728e-122
1.937819014260348698e-122
1.232991665679392403e-122
7.845255085471011048e-123
4.991763453826357164e-123
3.176149418659780364e-123
2.020914096384139271e-123
1.285863240869650763e-123
8.181665302736902629e-124
5.205813884277190298e-124
3.312345004954872056e-124
2.107572355782147632e-124
1.341001987477940349e-124
8.532501033647401438e-125
5.429042952137428004e-125
3.454380756582642183e-125
2.197946584075285522e-125
1.398505123455878034e-125
8.898380854670255784e-126
5.661844244023625845e-126
3.602507104060266726e-126
2.292196124699776217e-126
1.458474035531221829e-126
9.279949867279938435e-127
5.904628223831373578e-127
3.756985216546786107e-127
2.390487153853736436e-127
1.521014457968010386e-127
9.677880835369140298e-128
6.157822956445242133e-128
3.918087462323841938e-128
2.492992973490954609e-128
1.586236658992065437e-128
1.009287537143328914e-128
6.421874862481929697e-129
4.086097889022159331e-129
2.599894316878450250e-129
1.654255635210555658e-129
1.052566517362010838e-129
6.697249505397724517e-130
4.261312724440734755e-130
2.711379667256720625e-130
1.725191314368509460e-130
1.097701331582178090e-130
6.984432412345799517e-131
4.444040898840299605e-131
2.827645590163597485e-131
1.799168766799184223e-131
1.144771559309317506e-131
7.283929930236272967e-132
4.634604589635525217e-132
2.948897080009929685e-132
1.876318425942559369e-132
1.193860192475658819e-132
7.596270118500936571e-133
4.833339789441611116e-133
3.075347921515146830e-133
1.956776318318844645e-133
1.245053781767564428e-133
7.922003680142275672e-134
5.040596898480316703e-134
3.207221066642206478e-134
2.040684303363906046e-134
1.298442589227481348e-134
8.261704932706181096e-135
5.256741342388571222e-135
3.344749027695632522e-135
2.128190323548911724e-135
1.354120747399578275e-135
8.615972820890660362e-136
5.482154216519147624e-136
3.488174287275883288e-136
2.219448665225290320e-136
1.412186425299661004e-136
8.985431972575954007e-137
5.717232957869416985e-137
3.637749725812860491e-137
2.314620230654906310e-137
1.472742001501996670e-137
9.370733800137968064e-138
5.962392045822909592e-138
3.793739067432358992e-138
2.413872821705092199e-138
1.535894244648230189e-138
9.772557648986852182e-139
6.218063732939158004e-139
3.956417344941597760e-139
2.517381435708722895e-139
1.601754501696649853e-139
1.019161199535572427e-139
6.484698807080362764e-140
4.126071384753667538e-140
2.625328574010988721e-140
1.670438894243720106e-140
1.062863569545143868e-140
6.762767386218577181e-141
4.303000312605887113e-141
2.737904563746874815e-141
1.742068523264022166e-141
1.108439928816987299e-141
7.052759747324816426e-142
4.487516080963728187e-142
2.855307893416691258e-142
1.816769682629592207e-142
1.155970635367254256e-142
7.355187190801529006e-143
4.679944019040206328e-143
2.977745562851330912e-143
1.894674081785124991e-143
1.205539493022000923e-143
7.670582941982548931e-144
4.880623406400496817e-144
3.105433448184280711e-144
1.975919077971647177e-144
1.257233899176010016e-144
7.999503091290029119e-145
5.089908071163135949e-145
3.238596682473904277e-145
2.060647918408115091e-145
1.311144998887620379e-145
8.342527574705979618e-146
5.308167013852518126e-146
3.377470052647084903e-146
2.149009992857930619e-146
1.367367845581252036e-146
8.700261196287135301e-147
5.535785058002646534e-147
3.522298413464090649e-147
2.241161097025693120e-147
1.426001568640973799e-147
9.073334694526006884e-148
5.773163528659237342e-148
3.673337119234563469e-148
2.337263707248597426e-148
1.487149548190603891e-148
9.462405854438250710e-149
6.020720959976485506e-149
3.830852474045792234e-149
2.437487266966793211e-149
1.550919597368506239e-149
9.868160667337174023e-150
6.278893833156094202e-150
3.995122201297108118e-150
2.542008485477805035e-150
1.617424152418463954e-150
1.029131454034018522e-150
6.548137346029671224e-151
4.166435933368250396e-151
2.651011649501755438e-151
1.686780470931787383e-151
1.073261355773977228e-151
6.828926215641357939e-152
4.345095722285067294e-152
2.764688948106731468e-152
1.759110838590183934e-152
1.119283579646297998e-152
7.121755515245797620e-153
4.531416572282930049e-153
2.883240811567185451e-153
1.834542784773917304e-153
1.167279269793873101e-153
7.427141547197181656e-154
4.725726995206856584e-154
3.006876264752831521e-154
1.913209307415394112e-154
1.217333049879183478e-154
7.745622753268396243e-155
4.928369589727591034e-155
3.135813295671109739e-155
1.995249107494641165e-155
1.269533172288615390e-155
8.077760664005330508e-156
5.139701645394882936e-156
3.270279239813020802e-156
2.080806833590114612e-156
1.323971673734770576e-156
8.424140888790175495e-157
5.360095772593023965e-157
3.410511180979989342e-157
2.170033336916026062e-157
1.380744537531112073e-157
8.785374148359356992e-158
5.589940559509311499e-158
3.556756369298672811e-158
2.263085937295982802e-158
1.439951862825148595e-158
9.162097351597095828e-159
5.829641257274149405e-159
3.709272657159537933e-159
2.360128700541126709e-159
1.501698041088050870e-159
9.554974718500071086e-160
6.079620494478781154e-160
3.868328953850820163e-160
2.461332727723735407e-160
1.566091940173087938e-160
9.964698951300810249e-161
6.340319022335378117e-161
4.034205699685498705e-161
2.566876456853796868e-161
1.633247096265805395e-161
1.039199245580450228e-161
6.612196491786819848e-162
4.207195360460182893e-162
2.676945977492339878e-162
1.703281914065573076e-162
1.083760861510020786e-162
6.895732263941157179e-163
4.387602943116558357e-163
2.791735358855481090e-163
1.776319875550985198e-163
1.130233311788922829e-163
7.191426255257768467e-164
4.575746533514765096e-164
2.911446991987809720e-164
1.852489757697264956e-164
1.178698534377314015e-164
7.499799818975698122e-165
4.771957857266890179e-165
3.036291946608421105e-165
1.931925859529556035e-165
1.229241980794397991e-165
7.821396664338288756e-166
4.976582864619400324e-166
3.166490343258755983e-166
2.014768238912420166e-166
1.281952766782381099e-166
8.156783815234835900e-167
5.189982340415771240e-167
3.302271741408421581e-167
2.101162959493038535e-167
1.336923829431006138e-167
8.506552609949471860e-168
5.412532540214734819e-168
3.443875544203257190e-168
2.191262348233520376e-168
1.394252091039701769e-168
8.871319743780024422e-169
5.644625853685756381e-169
3.591551420569303587e-169
2.285225263986380111e-169
1.454038630006258382e-169
9.251728356365124256e-170
5.886671496451378245e-170
3.745559745416882060e-170
2.383217377586725506e-170
1.516388859043334724e-170
9.648449165636675390e-171
6.139096231596270664e-171
3.906172058720958892e-171
2.485411463955003986e-171
1.581412711037016488e-171
1.006218165039703173e-171
6.402345122115109387e-172
4.073671544287192244e-172
2.591987706725323247e-172
1.649224832875125516e-172
1.049365528360595088e-172
6.676882315625962028e-173
4.248353529047826409e-173
2.703134015936457559e-173
1.719944787587027074e-173
1.094363081855177314e-173
6.963191862732761055e-174
4.430526003767746787e-174
2.819046359345672820e-174
1.793697265151337120e-174
1.141290163017455139e-174
7.261778570479739339e-175
4.620510166078794513e-175
2.939929107949526517e-175
1.870612302343217941e-175
1.190229511390609630e-175
7.573168892402612793e-176
4.818640986799775156e-176
3.065995396320854454e-176
1.950825512008885593e-176
1.241267414449328393e-176
7.897911856745816141e-177
5.025267800540698720e-177
3.197467498397265169e-177
2.034478322171571908e-177
1.294493859737678227e-177
8.236580034482347825e-178
5.240754921632527923e-178
3.334577219383714117e-178
2.121718225390524204e-178
1.350002693530756650e-178
8.589770548843011020e-179
5.465482286468472282e-179
3.477566304460151672e-179
2.212699038812701806e-179
1.407891786299873930e-179
8.958106128135005272e-180
5.699846123389314747e-180
3.626686865014842958e-180
2.307581175375673688e-180
1.468263205272998356e-180
9.342236203706140827e-181
5.944259651293923382e-181
3.782201823154887914e-181
2.406531926639895250e-181
1.531223394394720108e-181
9.742838054990542334e-182
6.199153808206682757e-182
3.944385375277666848e-182
2.509725757749036839e-182
1.596883362003028339e-182
1.016061800365476063e-182
6.464978011086413193e-183
4.113523475520573509e-183
2.617344615038426081e-183
1.665358876553805041e-183
1.059631265894970699e-183
6.742200948216470418e-184
4.289914339941413361e-184
2.729578246833959306e-184
1.736770670738125072e-184
1.105069021646421579e-184
7.031311405573081394e-185
4.473868972318431497e-185
2.846624538007107438e-185
1.811244654352255642e-185
1.152455181257005916e-185
7.332819128628968875e-186
4.665711712497021631e-186
2.968689858875880465e-186
1.888912136295673451e-186
1.201873293694726866e-186
7.647255721112163884e-187
4.865780808250212391e-187
3.095989429067090243e-187
1.969910056088632783e-187
1.253410490567611130e-187
7.975175582302085115e-188
5.074429011659571193e-188
3.228747696980419272e-188
2.054381225316809924e-188
1.307157639750317557e-188
8.317156884521884631e-189
5.292024201072108834e-189
3.367198735525931831e-189
2.142474579430394415e-189
1.363209505597682053e-189
8.673802592542037430e-190
5.518950029724388818e-190
3.511586654829349660e-190
2.234345440339381134e-190
1.421664916028675125e-190
9.045741526698863304e-191
5.755606602181486075e-191
3.662166032635293534e-191
2.330155790269704735e-191
1.482626936774975472e-191
9.433629471599915359e-192
6.002411179781861538e-192
3.819202363166366828e-192
2.430074557362405553e-192
1.546203053101445303e-192
9.838150332371429815e-193
6.259798916332227431e-193
3.982972525229627680e-193
2.534277913519501308e-193
1.612505359318912574e-193
1.026001734048654982e-193
6.528223625349535378e-194
4.153765270395813291e-194
2.642949585021698105e-194
1.681650756423399730e-194
1.069997431130028622e-194
6.808158580202863508e-195
4.331881732112044689e-195
2.756281176465619310e-195
1.753761158210262721e-195
1.115879695550853247e-195
7.100097348565954801e-196
4.517635956645646203e-196
2.874472508591694926e-196
1.828963706226657291e-196
1.163729424684335093e-196
7.404554662651701162e-197
4.711355456795222634e-197
2.997731970598354215e-197
1.907390993941317907e-197
