4.272596382559738504e-01
2.230455437455703127e-01
1.164381329999442105e-01
6.078506922325343370e-02
3.173208420026352172e-02
1.656533718822208665e-02
8.647726837848698084e-03
4.514437503585458540e-03
2.356705566205060005e-03
1.230288628731876846e-03
6.422567722043818301e-04
3.352821051980053695e-04
1.750298244114639485e-04
9.137212800371703346e-05
4.769967520678621947e-05
2.490101811725708856e-05
1.299926468236729190e-05
6.786103342703615629e-06
3.542600270330584358e-06
1.849370108523331489e-06
9.654405062133750941e-07
5.039961264334337364e-07
2.631048664574735376e-07
1.373506007744047707e-07
7.170216114622555172e-08
3.743121532816299543e-08
1.954049722554362313e-08
1.020087187856260231e-08
5.325237422660008321e-09
2.779973510626488800e-09
1.451250358697546925e-09
7.576070763153186390e-10
3.954992869722093032e-10
2.064654500803846454e-10
1.077827027280860658e-10
5.626661023841056271e-11
2.937327927012742617e-11
1.533395261283955320e-11
8.004897940419443874e-12
4.178856727578302133e-12
2.181519824437820589e-12
1.138835106025067685e-12
5.945146059121216519e-13
3.103589051416755475e-13
1.620189799255796520e-13
8.457997956959658906e-14
4.415391917218187524e-14
2.305000058151305112e-14
1.203296415740345786e-14
6.281658254251195792e-15
3.279261028873269352e-15
1.711897155215243251e-15
8.936744724591117300e-16
4.665315672100955142e-16
2.435469624690075661e-16
1.271406419132364716e-16
6.637217997808884224e-17
3.464876540461441909e-17
1.808795408649138035e-17
9.442589922452066785e-18
4.929385823141961863e-18
2.573324140193413639e-18
1.343371642652511593e-18
7.012903435271293860e-19
3.660998418526351599e-19
1.911178379135054550e-19
9.977067398853422308e-20
5.208403096644120362e-20
2.718981613800623100e-20
1.419410302737361413e-20
7.409853738219147412e-21
3.868221353326340121e-21
2.019356517275323799e-21
1.054179782228792176e-21
5.503213542299064231e-22
2.872883715158474259e-22
1.499752967495182535e-22
7.829272558588513399e-23
4.087173696281686064e-23
2.133657846060304875e-23
1.113849359569990713e-23
5.814711098620133596e-24
3.035497113673349524e-24
1.584643255845648786e-24
8.272431678442160241e-25
4.318519365292308554e-25
2.254428955515619873e-25
1.176896404891594285e-25
6.143840303585796692e-26
3.207314893568890814e-26
1.674338576233010077e-26
8.740674866328860857e-27
4.562959857901610374e-27
2.382036053649266781e-27
1.243512092498299110e-27
6.491599158713575436e-28
3.388858049039739246e-28
1.769110907152371779e-28
9.235421951923683487e-29
4.821236378411388273e-29
2.516866076885171746e-29
1.313898417704760968e-29
6.859042155248676637e-30
3.580677064035449599e-30
1.869247621856102936e-30
9.758173131303929449e-31
5.094132085397525112e-31
2.659327863350684327e-31
1.388268809335642530e-31
7.247283471643345104e-32
3.783353581464515362e-32
1.975052359740922966e-32
1.031051351591659215e-32
5.382474466441157665e-33
2.809853392575232068e-33
1.466848776894770053e-33
7.657500352022631390e-34
3.997502166880376452e-34
2.086845947057956724e-34
1.089411793902985008e-34
5.687137847276734347e-35
2.968899095359644045e-35
1.549876594366011006e-35
8.090936675881195044e-36
4.223772171996551465e-36
2.204967369737751679e-36
1.151075603424423583e-36
6.009046042964740179e-37
3.136947237787714134e-37
1.637604022719180117e-37
8.548906729834906607e-38
4.462849703682556469e-38
2.329774801279661510e-38
1.216229760146045842e-38
6.349175159128806319e-39
3.314507383576735881e-39
1.730297073311822195e-39
9.032799192864391513e-40
4.715459704410341044e-40
2.461646688822995732e-40
1.285071827657781877e-40
6.708556551749964433e-41
3.502117939201470145e-41
1.828236814501832316e-41
9.544081347134559280e-42
4.982368150459893427e-42
2.600982900692737290e-42
1.357810552211293701e-42
7.088279954494535286e-43
3.700347786476066520e-43
1.931720223916401277e-43
1.008430352715919560e-43
5.264384374549901465e-44
2.748205938899606628e-44
1.434666495690470397e-44
7.489496783057259652e-45
3.909798007545232613e-45
2.041061088962056789e-45
1.065510382079957417e-45
5.562363519935205691e-46
2.903762220271279838e-46
1.515872704409835486e-46
7.913423626539618582e-47
4.131103707514585831e-47
2.156590958306012612e-47
1.125821303635434049e-47
5.877209133413875386e-48
3.068123430098886208e-48
1.601675415768952914e-48
8.361345936450691437e-49
4.364935940247056516e-49
2.278660147214097000e-49
1.189545995080012988e-49
6.209875905105504116e-50
3.241787952404148787e-50
1.692334804905273629e-50
8.834621924514820123e-51
4.612003743165156192e-51
2.407638799793636765e-51
1.256877685509754061e-51
6.561372563308837357e-52
3.425282381163513752e-52
1.788125773609870587e-52
9.334686681107423524e-53
4.873056287228235925e-53
2.543918011362481350e-53
1.328020541337806600e-53
6.932764933216475397e-54
3.619163117071919220e-54
1.889338783897946396e-54
9.863056526805439725e-55
5.148885148605195908e-55
2.687911014346973784e-55
1.403190285377593378e-55
7.325179168762048396e-56
3.824018054687872787e-56
1.996280738761796055e-56
1.042133361024802383e-56
5.440326708929945587e-57
2.840054431305454027e-57
1.482614850968021776e-57
7.739805167398131378e-58
4.040468365076082494e-58
2.109275912777037579e-58
1.101121076624926220e-58
5.748264691418618323e-59
3.000809598876307009e-59
1.566535073124061348e-59
8.177900178161332482e-60
4.269170379351784213e-60
2.228666935383521840e-60
1.163447664889388727e-60
6.073632840537457459e-61
3.170663966665253016e-61
1.655205418808218128e-61
8.640792613963606541e-62
4.510817578840758577e-62
2.354815829823025011e-62
1.229302115518083225e-62
6.417417753348313453e-63
3.350132575313661178e-63
1.748894758537665079e-63
9.129886079670253442e-64
4.766142697886021557e-64
2.488105110883632468e-64
1.298884115566009167e-64
6.780661871115969388e-65
3.539759618229725962e-65
1.847887181666428321e-65
9.646663628178560676e-66
5.035919945680909534e-66
2.628938944779605169e-66
1.372404654944176896e-66
7.164466640249037396e-67
3.740120091717971879e-67
1.952482857814885656e-67
1.019269225740263897e-67
5.320967353863581084e-68
2.777744374683752100e-68
1.450086666193221405e-68
7.569995852159111976e-69
3.951821538511323934e-69
2.062998947058631165e-69
1.076962766180010307e-69
5.622149256992176602e-70
2.934972615628424140e-70
1.532165700470391539e-70
7.998479172165456749e-71
4.175505889990982569e-71
2.179770561636617238e-71
1.137921925285019651e-71
5.940378913421924995e-72
3.101100422701504783e-72
1.618890641799144671e-72
8.451215868145753102e-73
4.411851412682265386e-73
2.303151782094718240e-73
1.202331546370224198e-73
6.276621274531374067e-74
3.276631536686624106e-74
1.710524461747335663e-74
8.929578750239085690e-75
4.661574764927115897e-75
2.433516730945912618e-75
1.270386935408533622e-75
6.631895910694693147e-76
3.462098211529852514e-76
1.807345016822345011e-76
9.435018333547077481e-77
4.925433169970239248e-77
2.571260707102687945e-77
1.342294453247038036e-77
7.007280102872350634e-78
3.658062828266231953e-78
1.909645891001038922e-78
9.969067236457099577e-79
5.204226712048110812e-79
2.716801384521474782e-79
1.418272141344363546e-79
7.403912109194623969e-80
3.865119600298710048e-80
2.017737285949322904e-80
1.053334482792041317e-80
5.498800762443140455e-81
2.870580078694149875e-81
1.498550382926545405e-81
7.822994616442811360e-82
4.083896375200803198e-82
2.131946961630660037e-82
1.112956213778217743e-82
5.810048542859432474e-83
3.033063084825801725e-83
1.583372601566203607e-83
8.265798386895225140e-84
4.315056538506417372e-84
2.252621230155643883e-84
1.175952704504875962e-84
6.138913833892898172e-85
3.204743091757928683e-85
1.672995999303292691e-85
8.733666111592824265e-86
4.559301025259599105e-86
2.380126005886606687e-86
1.242514975982604184e-86
6.486393836808496396e-87
3.386140675923338737e-87
1.767692336545584738e-87
9.228016481712889010e-88
4.817370445423729563e-88
2.514847914980501248e-88
1.312844861555101390e-88
6.853542197302012113e-89
3.577805879863224214e-89
1.867748756113739866e-89
9.750348490392900338e-90
5.090047329594923320e-90
2.657195467735703196e-90
1.387155618908020679e-90
7.241472200416341726e-91
3.780319880092797323e-91
1.973468653929622018e-91
1.030224597805014878e-91
5.378158501829212074e-92
2.807600297296669241e-92
1.465672576719251267e-92
7.651360146297192103e-93
3.994296749372871474e-93
2.085172598988328310e-93
1.088538243497936686e-93
5.682577586778332956e-94
2.966518468472860305e-94
1.548633817911450453e-94
8.084448917028099014e-95
4.220385318731029365e-95
2.203199305402698097e-95
1.150152607579105791e-95
6.004227658737348279e-96
3.134431860640551925e-96
1.636290901578615221e-96
8.542051745357508636e-97
4.459271144878493914e-97
2.327906659468865238e-97
1.215254520107748800e-97
6.344084040634297055e-98
3.311849628920816816e-98
1.728909625775701147e-98
9.025556196746719523e-99
4.711678588988394989e-99
2.459672804866369506e-99
1.284041386256422799e-99
6.703177261452236535e-100
3.499309748064347395e-100
1.826770833484554404e-100
9.536428376813085745e-101
4.978373013138663543e-101
2.598897289283736794e-101
1.356721784892543298e-101
7.082596181048987050e-102
3.697380643724550573e-102
1.930171264199317616e-102
1.007621737692649269e-102
5.260163101080552361e-103
2.746002275946334646e-103
1.433516101041286856e-103
7.483491291850740220e-104
3.906662916065350603e-104
2.039424453714484597e-104
1.064655997143922974e-104
5.557903310367854517e-105
2.901433823720151795e-105
1.514657194147900655e-105
7.907078207430913270e-106
4.127791160929979621e-106
2.154861684843279431e-106
1.124918558079247846e-106
5.872496463285030501e-107
3.065663239673098179e-107
1.600391104165153490e-107
8.354641348552513756e-108
4.361435894093692526e-108
2.276832991949447415e-108
1.188592151554872911e-108
6.204896484428530636e-109
3.239188508195124951e-109
1.690977797607755575e-109
8.827537837850990966e-110
4.608305584433494522e-110
2.405708222338407897e-110
1.255869851725103272e-110
6.556111293243165349e-111
3.422535801010613882e-111
1.786691955835376354e-111
9.327201614967222275e-112
4.869148802182241529e-112
2.541878157726096655e-112
1.326955661291242619e-112
6.927205860284266878e-113
3.616261072661764350e-113
1.887823807954823064e-113
9.855147784608476953e-114
5.144756488779441669e-114
2.685755699186574585e-114
1.402065130088298826e-114
7.319305436472788035e-115
3.820951746300779256e-115
1.994680010866527378e-115
1.041297721072368975e-115
5.435964355202357041e-116
2.837777119169861432e-116
1.481426008685570026e-116
7.733598965136679109e-117
4.037228494903343161e-117
2.107584579124931208e-117
1.100238137071756316e-117
5.743655416048537175e-118
2.998403384389515409e-118
1.565278938983362752e-118
8.171342687180133783e-119
4.265747123302075684e-119
2.226879867430873106e-119
1.162514748443463959e-119
6.068762667056826266e-120
3.168121553586974184e-120
1.653878183898398020e-120
8.633863950321347799e-121
4.507200556751399377e-121
2.352927608735699580e-121
1.228316393344902110e-121
6.412271914181549089e-122
3.347446254415990628e-122
1.747492398352736423e-122
9.122565233936934046e-123
4.762320942047176711e-123
2.486110011106322660e-123
1.297842598711158557e-123
6.775224762799933252e-124
3.536921243920127503e-124
1.846405443902010395e-124
9.638928401731664488e-125
5.031881867579391320e-125
2.626830916673985969e-125
1.371304185269691951e-125
7.158721776120917540e-126
3.737121057340688786e-126
1.950917249473852874e-126
1.018451919511330969e-126
5.316700709043661995e-127
2.775517026185043258e-127
1.448923906801646565e-127
7.563925812363223875e-128
3.948652750248736211e-128
2.061344720827647660e-128
1.076099198091386384e-128
5.617641107926463536e-129
2.932619192862462647e-129
1.530937125586461075e-129
7.992065550833544673e-130
4.172157739289819023e-130
2.178022701490661539e-130
1.137009476783627428e-130
5.935615590282777287e-131
3.098613789506039989e-131
1.617592526078498804e-131
8.444439217584094967e-132
4.408313747118031188e-132
2.301304988087717209e-132
1.201367450685516859e-132
6.271588333739305186e-133
3.274004152971774088e-133
1.709152868980700534e-133
8.922418521960085523e-134
4.657836857418679753e-134
2.431565403139493164e-134
1.269368269162946109e-134
6.626578091123207624e-135
3.459322110415638709e-135
1.805895787999600065e-135
9.427452815959482529e-136
4.921483686253664351e-136
2.569198928586295436e-136
1.341218127591366238e-136
7.001661279570983626e-137
3.655129591924191521e-137
1.908114631700452776e-137
9.961073489032306753e-138
5.200053676307285986e-138
2.714622903470354473e-138
1.417134892591895867e-138
7.397975244495594832e-139
3.862020334427516010e-139
2.016119353012165062e-139
1.052489861162971513e-139
5.494391520997256821e-140
2.868278289412620822e-140
1.497348762656447780e-140
7.816721708297215013e-141
4.080621682056578950e-141
2.130237449082423836e-141
1.112063784159938906e-141
5.805389725792691420e-142
3.030631007716746767e-142
1.582102966167375097e-142
8.259170414287368756e-143
4.311596488405759670e-143
2.250814954329518771e-143
1.175009760829135703e-143
6.133991314514857714e-144
3.202173352159323384e-144
1.671654498925688755e-144
8.726662976862656515e-145
4.555645126471242371e-145
2.378217489705608541e-145
1.241518659009847824e-145
6.481192688817113968e-146
3.383425481746483431e-146
1.766274903426875901e-146
9.220616949616035302e-147
4.813507612354023265e-147
2.512831371349285980e-147
1.311792150204815749e-147
6.848046649524981336e-148
3.574936997964624904e-148
1.866251092244466131e-148
9.742530123710243583e-149
5.085965849174602010e-149
2.655064781992988437e-149
1.386043321097783516e-149
7.235665588986925236e-150
3.777288611310002980e-150
1.971886218021017594e-150
1.029398506955097742e-150
5.373845997995357702e-151
2.805349008674090270e-151
1.464497319685844252e-151
7.645224864126931336e-152
3.991093902145634537e-152
2.083500592701416602e-152
1.087665393553737699e-152
5.678020982948399108e-153
2.964139750503849908e-153
1.547392037983486677e-153
8.077966360417657829e-154
4.217001181231077792e-154
2.201432658799021348e-154
1.149230351842683316e-154
5.999413138156016725e-155
3.131918500461432904e-155
1.634978833370936264e-155
8.535202257584267357e-156
4.455695455559939733e-156
2.326040015637143912e-156
1.214280062070651950e-156
6.338997004479036185e-157
3.309194005398934327e-157
1.727523290771490151e-157
9.018319008462565779e-158
4.707900505473142078e-158
2.457700503678629253e-158
1.283011771119722415e-158
6.697802284565973638e-159
3.496503808689614221e-159
1.825306027971712542e-159
9.528781543064638758e-160
4.974381079338747594e-160
2.596813350232922470e-160
1.355633890607422294e-160
7.076916965166073178e-161
3.694415880191482656e-161
1.928623546523512974e-161
1.006813771061460759e-161
5.255945212461095797e-162
2.743800380011367014e-162
1.432366628841962313e-162
7.477490616178090208e-163
3.903530338474568070e-163
2.037789130811206877e-163
1.063802297300778370e-163
5.553446677242380545e-164
2.899107294205678442e-164
1.513442658549134928e-164
7.900737876428668833e-165
4.124481270527870217e-165
2.153133798007325921e-165
1.124016536394191773e-165
5.867787572034689488e-166
3.063205021963467531e-166
1.599107822393189120e-166
8.347942136762347667e-167
4.357938654470379308e-167
2.275007301798536540e-167
1.187639072873996143e-167
6.199921056525519580e-168
3.236591148363703077e-168
1.689621878433438613e-168
8.820459431597943978e-169
4.604610391089345747e-169
2.403779192926561409e-169
1.254862826077167948e-169
6.550854241953644823e-170
3.419791423216924206e-170
1.785259287775005499e-170
9.319722550765493666e-171
4.865244450372997800e-171
2.539839939756829842e-171
1.325891635124196347e-171
6.921651244923052261e-172
3.613361355270724722e-172
1.886310046802754602e-172
9.847245384077074493e-173
5.140631139540705337e-173
2.683602112276633632e-173
1.400940877010414295e-173
7.313436414065938056e-174
3.817887896648764219e-174
1.993080566523088160e-174
1.040462751182095059e-174
5.431605499449897552e-175
2.835501633108703697e-175
1.480238119682367829e-175
7.727397739350171596e-176
4.033991222636802584e-176
2.105894601677402358e-176
1.099355905508202872e-176
5.739049836649428249e-177
2.995999099338086505e-177
1.564023812080100299e-177
8.164790454356767668e-178
4.262326612207695012e-178
2.225094232447779442e-178
1.161582580061285074e-178
6.063896398749820738e-179
3.165581179155683387e-179
1.652552013238661987e-179
8.626940842463378514e-180
4.503586434989272868e-180
2.351040901728153762e-180
1.227331461578109409e-180
6.407130201232175533e-181
3.344762087558437675e-181
1.746091162657526483e-181
9.115250258461376665e-182
4.758502250702748389e-182
2.484116511109947934e-182
1.296801917001800905e-182
6.769792014257132905e-183
3.534085145575551937e-183
1.844924894276579027e-183
9.631199377815558495e-184
5.027847027431543484e-184
2.624724578901532992e-184
1.370204598012429925e-184
7.152981518541409491e-185
3.734124427754102832e-185
1.949352896523911123e-185
1.017635268643596320e-185
5.312437485454659951e-186
2.773291463697091783e-186
1.447762079774663697e-186
7.557860639859930134e-187
3.945486502895183635e-187
2.059691821046407443e-187
1.075236322459148789e-187
5.613136573743238360e-188
2.930267657200636244e-188
1.529709535841569513e-188
7.985657072296617042e-189
4.168812273320496814e-189
2.176276242875343209e-189
1.136097759933721253e-189
5.930856086638589145e-190
3.096129150229825781e-190
1.616295451258612243e-190
8.437668000914503810e-191
4.404778918248979264e-191
2.299459674941913224e-191
1.200404128065887275e-191
6.266559428636666795e-192
3.271378876037960914e-192
1.707782376032723469e-192
8.915264035146154714e-193
4.654101947170582175e-193
2.429615640015299375e-193
1.268350419740084748e-193
6.621264535672475194e-194
3.456548235331972675e-194
1.804447721248431348e-194
9.419893364820763409e-195
4.917537369450757235e-195
2.567138803317379364e-195
1.340142664992950772e-195
6.996046961751946604e-196
3.652198707612677322e-196
1.906584600247948901e-196
9.953086151433821337e-197
5.195883986736608652e-197
2.712446169245380421e-197
1.415998555748142132e-197
7.392043140301395300e-198
3.858923553718582633e-198
2.014502717422844060e-198
1.051645916798064153e-198
5.489985815124121514e-199
2.865978345832325269e-199
1.496148105911737122e-199
7.810453830115017625e-200
4.077349614741759170e-200
2.128529307315425198e-200
1.111172070140934220e-200
5.800734644422349209e-201
3.028200880781129471e-201
1.580834348832168932e-201
8.252547756352461146e-202
4.308139212764051569e-202
2.249010126874880098e-202
1.174067573257592575e-202
6.129072742284096686e-203
3.199605673119617945e-203
1.670314074237054301e-203
8.719665457631801250e-204
4.551992159183980743e-204
2.376310503877844262e-204
1.240523140938974533e-204
6.475995711392968982e-205
3.380712464761931527e-205
1.764858606884145092e-205
9.213223350872006480e-206
4.809647876716859067e-206
2.510816444693870025e-206
1.310740282976497072e-206
6.842555508380388110e-207
3.572070416493714445e-207
1.864754629284659728e-207
9.734718026224800308e-208
5.081887641510178447e-208
2.652935804751582361e-208
1.384931915189260042e-208
7.229863633618508173e-209
3.774259773165546554e-209
1.970305050996552145e-209
1.028573078510372716e-209
5.369536952164857768e-210
2.803099525258779767e-210
1.463323005038285467e-210
7.639094501564198843e-211
3.987893623137902585e-211
2.081829927121276871e-211
1.086793243508719689e-211
5.673468032854011859e-212
2.961762939922063344e-212
1.546151253783137819e-212
8.071489001878303909e-213
4.213619757319045793e-213
2.199667428789998970e-213
1.148308835621760889e-213
5.994602478122576128e-214
3.129407155632996222e-214
1.633667817251750809e-214
8.528358262107986094e-215
4.452122633426235231e-215
2.324174868583302700e-215
1.213306385407703918e-215
6.333914047389849967e-216
3.306540511302415614e-216
1.726138067407075253e-216
9.011087623354760839e-217
4.704125451433162716e-217
2.455729783990729083e-217
1.281982981585208525e-217
6.692431617632348912e-218
3.493700119271684670e-218
1.823842397020489116e-218
9.521140840969118972e-219
4.970392346491315992e-219
2.594731082199267864e-219
1.354546868655807105e-219
7.071242303191592550e-220
3.691453493969285663e-220
1.927077069893022984e-220
1.006006452302437828e-220
5.251730705976698754e-221
2.741600249677966350e-221
1.431218078352785316e-221
7.471494752177844899e-222
3.900400272756886562e-222
2.036155119200000420e-222
1.062949282001238770e-222
5.548993617690915161e-223
2.896782630230765089e-223
1.512229096831806864e-223
7.894402629453860562e-224
4.121174034178266429e-224
2.151407296686124973e-224
1.123115237999826071e-224
5.863082456632988559e-225
3.060748775388510603e-225
1.597825569627260570e-225
8.341248296768862937e-226
4.354444219126377206e-226
2.273183075586652413e-226
1.186686758424088521e-226
6.194949618194756833e-227
3.233995871238329608e-227
1.688267046509973640e-227
8.813386701201315911e-228
4.600918160754571402e-228
2.401851710316790447e-228
1.253856607917779500e-228
6.545601406058080040e-229
3.417049246016668014e-229
1.783827768506726638e-229
9.312249483689552872e-230
4.861343229288309953e-230
2.537803356143184119e-230
1.324828462151960326e-230
6.916101083558109123e-231
3.610463963032870156e-231
1.884797499467896516e-231
9.839349320125297801e-232
5.136509098234303575e-232
2.681450252231191400e-232
1.399817525420755246e-232
7.307572097764650532e-233
3.814826503760007810e-233
1.991482404702256382e-233
1.039628450816628213e-233
5.427250138868779410e-234
2.833227971657653250e-234
1.479051183193939303e-234
7.721201486048201101e-235
4.030756546193774867e-235
2.104205979347031720e-235
1.098474381366529828e-235
5.734447950257331482e-236
2.993596742174892693e-236
1.562769691606837843e-236
8.158243475475183935e-237
4.258908843867587730e-237
2.223310029285081017e-237
1.160651159143211287e-237
6.059034032484883403e-238
3.163042841736411838e-238
1.651226905975635166e-238
8.620023285934275215e-239
4.499975211229631587e-239
2.349155707586247699e-239
1.226347319583809054e-239
6.401992611191562297e-240
3.342080073013583047e-240
1.744691050550406933e-240
9.107941148536223789e-241
4.754686621395188511e-241
2.482124609611715712e-241
1.295762069768455365e-241
6.764363621991853534e-242
3.531251321370902793e-242
1.843445531837313580e-242
9.623476551456712060e-243
5.023815422640854462e-243
2.622619930106620300e-243
1.369105892464820271e-243
7.147245863816321495e-244
3.731130201030664073e-244
1.947789797958363510e-244
1.016819272611468595e-244
5.308177680353242304e-245
2.771067685787618781e-245
1.446601184364691940e-245
7.551800330746153348e-246
3.942322794413001675e-246
2.058040246651289536e-246
1.074374138728200097e-246
5.608635651544048390e-247
2.927918007129677930e-247
1.528482930445691112e-247
7.979253732430900459e-248
4.165469489930129220e-248
2.174531184666652088e-248
1.135186774148622418e-248
5.926100399426344753e-249
3.093646503274643378e-249
1.614999416504788226e-249
8.430902213779066675e-250
4.401246923800490477e-250
2.297615841469738862e-250
1.199441577891483223e-250
6.261534555987242544e-251
3.268755704195664988e-251
1.706412982021508550e-251
8.908115285194484380e-252
4.650370031779586747e-252
2.427667440318614683e-252
1.267333386484903922e-252
6.615955240923293227e-253
3.453776584494390211e-253
1.803000815636872702e-253
9.412339975266507119e-254
4.913594217021832524e-254
2.565080329970712389e-254
1.339068064759706742e-254
6.990437145801898567e-255
3.649270173445701661e-255
1.905055795658862804e-255
9.945105218523870117e-256
5.191717640652786324e-256
2.710271180445695509e-256
1.414863130081884477e-256
7.386115792795628998e-257
3.855829256179279386e-257
2.012887378141018737e-257
1.050802649154191998e-257
5.485583641988719011e-258
2.863680246473687832e-258
1.494948411919848072e-258
7.804190977862919686e-259
4.074080171150579123e-259
2.126822535230859448e-259
1.110281071147365231e-259
5.796083295752424656e-260
3.025772702455193984e-260
1.579566748744155644e-260
8.245930408830545399e-261
4.304684709356454916e-261
2.247206746630216487e-261
1.173126141183960825e-261
6.124158114035222690e-262
3.197040052986631296e-262
1.668974724374795293e-262
8.712673549396945506e-263
4.548342121047175554e-263
2.374405047176530627e-263
1.239528421129415850e-263
6.470802901191686255e-264
3.378001623223698661e-264
1.763443446006022920e-264
9.205835680722852648e-265
4.805791236028134540e-265
2.508803133717672281e-265
1.309689259193207591e-265
6.837068770336115117e-266
3.569206133605781608e-266
1.863259366271207322e-266
9.726912192909585518e-267
5.077812703977090255e-267
2.650808534641589172e-267
1.383821400467234158e-267
7.224066330577193587e-268
3.771233363710409521e-268
1.968725151839044501e-268
1.027748311939715660e-268
5.365231361564741083e-269
2.800851845603062858e-269
1.462149632020918097e-269
7.632969054663964632e-270
3.984695910289992334e-270
2.080160601172855492e-270
1.085921792801603116e-270
5.668918733566531062e-271
2.959388035197967754e-271
1.544911464511842291e-271
8.065016837241943961e-272
4.210241044818790401e-272
2.197903614239790408e-272
1.147388058323321628e-272
5.989795675541086394e-273
3.126897824539223228e-273
1.632357852377622105e-273
8.521519754524877560e-274
4.448552676178186622e-274
2.322311217107010535e-274
1.212333489492355694e-274
6.328835166095739442e-275
3.303889144923488795e-275
1.724753954791082501e-275
9.003862036769488950e-276
4.700353424440061202e-276
2.453760644534464491e-276
1.280955016990759041e-276
6.687065257195406071e-277
3.490898678006220846e-277
1.822379939689418229e-277
9.513506265609554698e-278
4.966406812029386232e-278
2.592650483842859793e-278
1.353460718338366689e-278
7.065572191474168221e-279
3.688493483151594399e-279
1.925531833312599842e-279
1.005199780896080588e-279
5.247519578916128640e-280
2.739401883530454607e-280
1.430070448834677874e-280
7.465503695991314490e-281
3.897272716898813009e-281
2.034522417829340758e-281
1.062096950696308599e-281
5.544544128847971057e-282
2.894459830299356775e-282
1.511016508215305205e-282
7.888072462428263058e-283
4.117869449752768593e-283
