2.545893368150879410e-01
1.660511868374090760e-01
1.083038158433902720e-01
7.063916103005200842e-02
4.607308645749944725e-02
3.005031861600318890e-02
1.959976459915071037e-02
1.278358400291780723e-02
8.337856260107190387e-03
5.438212554346338358e-03
3.546973570142829789e-03
2.313447917227277363e-03
1.508903621604294320e-03
9.841544831574770228e-04
6.418965617493652132e-04
4.186651618592753627e-04
2.730666094813781583e-04
1.781026462352721599e-04
1.161641573689721366e-04
7.576592342944599092e-05
4.941692242369739781e-05
3.223127378766488607e-05
2.102225227763759884e-05
1.371137528526007696e-05
8.942990966445000850e-06
5.832900475847479137e-06
3.804401468009795279e-06
2.481350503017491435e-06
1.618414978176878853e-06
1.055581240297192764e-06
6.884833432044410220e-07
4.490505285377272435e-07
2.928849029832440048e-07
1.910287616737484187e-07
1.245949771221000186e-07
8.126476970294862208e-08
5.300344321586532138e-08
3.457051564911447432e-08
2.254797952235555154e-08
1.470650266547552361e-08
9.592044397379516690e-09
6.256233573281361379e-09
4.080512652145943519e-09
2.661438916768262019e-09
1.735874315685195075e-09
1.132191921020863369e-09
7.384512429512674235e-10
4.816411670952234928e-10
3.141415442863001604e-10
2.048930128663002422e-10
1.336376785719541450e-10
8.716270449766173483e-11
5.685026211568085857e-11
3.707953213760502735e-11
2.418443912793237808e-11
1.577385318029648239e-11
1.028820403224383270e-11
6.710290821097194806e-12
4.376663095189488158e-12
2.854597566556970100e-12
1.861858472942427236e-12
1.214362757776954876e-12
7.920456516467168279e-13
5.165971290497193615e-13
3.369409240333130395e-13
2.197634866791842791e-13
1.433366701179255463e-13
9.348869237084709280e-14
6.097627071997851634e-14
3.977064494781124192e-14
2.593966769185554534e-14
1.691866855181399544e-14
1.103488868733708323e-14
7.197302079002193549e-15
4.694307181897803765e-15
3.061775047945793907e-15
1.996986153861696626e-15
1.302497288751163430e-15
8.495297696098158508e-16
5.540900819419593831e-16
3.613950092030979166e-16
2.357132115037372106e-16
1.537395831777548616e-16
1.002738000338823958e-16
6.540173171674004062e-17
4.265707004325303089e-17
2.782228508192905045e-17
1.814657092939676919e-17
1.183576530561499912e-17
7.719659042726781062e-18
5.035004851581620470e-18
3.283988802502334133e-18
2.141920965890019128e-18
1.397028339628746944e-18
9.111858993895671453e-19
5.943041523889240848e-19
3.876238929765467163e-19
2.528205158963187892e-19
1.648975061038062489e-19
1.075513489198229346e-19
7.014837839446607227e-20
4.575298255944236997e-20
2.984153676815133894e-20
1.946359049987528654e-20
1.269476696492217643e-20
8.279926989560887092e-21
5.400429258913898630e-21
3.522330114420466433e-21
2.297374678961829004e-21
1.498420149186759146e-21
9.773168321431606664e-22
6.374368303234079221e-22
4.157563845101526127e-22
2.711694132471985728e-22
1.768652350762260368e-22
1.153570788238303864e-22
7.523952137361596573e-23
4.907358641749353162e-23
3.200733922690357746e-23
2.087619510158502589e-23
1.361611219320340731e-23
8.880857376343806348e-24
5.792374990735464900e-24
3.777969469780056430e-24
2.464110720976963684e-24
1.607170649154859840e-24
1.048247334633053936e-24
6.836999388603394382e-25
4.459306415133991661e-25
2.908500143674481604e-25
1.897015432051271909e-25
1.237293234200872023e-25
8.070016308427511849e-26
5.263518899006082006e-26
3.433032864042922899e-26
2.239132198769965456e-26
1.460432568555151718e-26
9.525401351774764743e-27
6.212766879210192486e-27
4.052162304764118533e-27
2.642947926969181573e-27
1.723813909541133193e-27
1.124325744145528833e-27
7.333206745529071571e-28
4.782948487365855103e-28
3.119589700200750821e-28
2.034694691633268977e-28
1.327091985171690956e-28
8.655712055223582976e-29
5.645528118629205421e-29
3.682191313076203355e-29
2.401641189484663095e-29
1.566426052483042201e-29
1.021672424940441141e-29
6.663669454610061268e-30
4.346255171063438802e-30
2.834764560377052582e-30
1.848922761431765347e-30
1.205925679163216227e-30
7.865427231471255325e-31
5.130079457010753370e-31
3.345999455686393306e-31
2.182366267671305573e-31
1.423408039763861835e-31
9.283915709650056861e-32
6.055262334908962694e-32
3.949432878462631469e-32
2.575944558431077576e-32
1.680112201500087386e-32
1.095822113247938199e-32
7.147297084153291672e-33
4.661692348745959973e-33
3.040502626165991977e-33
1.983111610145014556e-33
1.293447874192793206e-33
8.436274563142182528e-34
5.502404072459092932e-34
3.588841300743253164e-34
2.340755370254804044e-34
1.526714402846971331e-34
9.957712358496582236e-35
6.494733738651601338e-35
4.236069974444210045e-35
2.762898303528223516e-35
1.802049324419053497e-35
1.175353346698377395e-35
7.666024846686321821e-36
5.000022939067197926e-36
3.261172496982486507e-36
2.127039452554811014e-36
1.387322147758492536e-36
9.048552152380296198e-37
5.901750807239192338e-37
3.849307823416363537e-37
2.510639842881780114e-37
1.637518408457960285e-37
1.068041099419816903e-37
6.966100558979924692e-38
4.543510266054470790e-38
2.963420548262266110e-38
1.932836250305035293e-38
1.260656700475354733e-38
8.222400196615705179e-39
5.362908472053742685e-39
3.497857875059888812e-39
2.281413113402039854e-39
1.488009513226341032e-39
9.705266873610287993e-40
6.330080839588756505e-40
4.128678165943355585e-40
2.692853982421622734e-40
1.756364211301298093e-40
1.145556076518478893e-40
7.471677662323262819e-41
4.873263582113249199e-41
3.178496050559918083e-41
2.073115269304627863e-41
1.352151096449166150e-41
8.819155474369459495e-42
5.752131066221033546e-42
3.751721114243167132e-42
2.446990716486801016e-42
1.596004442825012742e-42
1.040964383050171338e-42
6.789497683734402124e-43
4.428324306578481347e-43
2.888292636318783162e-43
1.883835459074334178e-43
1.228696840562840833e-43
8.013947920647766193e-44
5.226949329944914138e-44
3.409181038900890483e-44
2.223575286910967940e-44
1.450285860487856908e-44
9.459221324828438540e-45
6.169602180496349635e-45
4.024008928269333338e-45
2.624585407788614719e-45
1.711837295982206385e-45
1.116514219434266922e-45
7.282257520178880722e-46
4.749717797331106549e-46
3.097915597158121509e-46
2.020558158741152724e-46
1.317871693018579546e-46
8.595574404756102760e-47
5.606304448232629195e-47
3.656608399420207311e-47
2.384955207155314598e-47
1.555542929081260644e-47
1.014574108962359237e-47
6.617372001328916484e-48
4.316058513335910456e-48
2.815069348798646758e-48
1.836076923901747966e-48
1.197547219191290789e-48
7.810780275726269339e-49
5.094436990707866546e-49
3.322752316173659344e-49
2.167203750831584865e-49
1.413518568554364300e-49
9.219413462538106521e-50
6.013191937065086880e-50
3.921993239473463582e-50
2.558047561339441081e-50
1.668439216114802511e-50
1.088208624397970827e-50
7.097639511085778404e-51
4.629304115026198860e-51
3.019377999675292663e-51
1.969333463172482915e-51
1.284461332628128860e-51
8.377661507660598622e-52
5.464174790947775350e-52
3.563906958848539691e-52
2.324492406862799857e-52
1.516107185724195110e-52
9.888528746397449024e-53
6.449610007066944139e-53
4.206638854987734267e-53
2.743702400130034602e-53
1.789529151415890279e-53
1.167187295391621857e-53
7.612763287179340367e-54
4.965284071840526348e-54
3.238514713256982328e-54
2.112261332128432105e-54
1.377683392000985514e-54
8.985685150439342546e-55
5.860746967817640611e-55
3.822563827434378949e-55
2.493196566077107839e-55
1.626141353739234520e-55
1.060620625874490700e-55
6.917701892542768971e-56
4.511943130903501318e-56
2.942831468128592538e-56
1.919407403540030307e-56
1.251897983511469008e-56
8.165273084961278450e-57
5.325648369924247594e-57
3.473555662493962581e-57
2.265562444674786915e-57
1.477671207674180671e-57
9.637837187500894849e-58
6.286101073795603811e-58
4.099993177019061345e-58
2.674144728864956191e-58
1.744161446657691343e-58
1.137597048944420075e-58
7.419766376828064063e-59
4.839405406140391322e-59
3.156412681418161208e-59
2.058711800167865680e-59
1.342756700066915077e-59
8.757882261264433823e-60
5.712166746093905191e-60
3.725655125497222424e-60
2.429989657363467616e-60
1.584915816411089434e-60
1.033732031532770906e-60
6.742326008435136215e-61
4.397557453706487979e-61
2.868225525501974066e-61
1.870747057143544805e-61
1.220160172446253302e-61
7.958269081536411865e-62
5.190633836798848374e-62
3.385494930075974565e-62
2.208126460455231785e-62
1.440209649125993836e-62
9.393501099606389624e-63
6.126737378954133428e-63
3.996051154158767970e-63
2.606350466645841071e-63
1.699943892839139429e-63
1.108756967177985486e-63
7.231662276879736928e-64
4.716717985543025296e-64
3.076392080182180221e-64
2.006519842826272315e-64
1.308715461072551400e-64
8.535854575142781873e-65
5.567353293761289969e-65
3.631203229236859697e-65
2.368385154719072538e-65
1.544735418808375454e-65
1.007525110249278034e-65
6.571396210788535181e-66
4.286071654182562106e-66
2.795510974460461888e-66
1.823320335931092493e-66
1.189226970593991420e-66
7.756512992907519275e-67
5.059042159049854386e-67
3.299666691778462649e-67
2.152146579240422259e-67
1.403697806835098010e-67
9.155359360369797715e-68
5.971413833473193590e-68
3.894744244004722448e-68
2.540274907958519421e-68
1.656847331615353107e-68
1.080648032100997231e-68
7.048326946002951545e-69
4.597140906384244842e-69
2.998400141630221215e-69
1.955651043204435430e-69
1.275537227231849176e-69
8.319455680541034266e-70
5.426211116604896150e-70
3.539145854317588540e-70
2.308342434337578437e-70
1.505573664804769073e-70
9.819825804156088450e-71
6.404799783508029380e-71
4.177412215343250673e-71
2.724639864907828233e-71
1.777095965339195033e-71
1.159077979699012549e-71
7.559871775223559090e-72
4.930786561285795285e-72
3.216014349957361088e-72
2.097585886263672030e-72
1.368111603827541681e-72
8.923254932181055530e-73
5.820028012475703555e-73
3.796005641825090029e-73
2.475874480651850498e-73
1.614843343856527083e-73
1.053251707861687465e-73
6.869639487532370009e-74
4.480595316049678648e-74
2.922385435602776381e-74
1.906071856931909918e-74
1.243200119849553829e-74
8.108542877715404290e-75
5.288647141355309631e-75
3.449422295420631902e-75
2.249821902297633195e-75
1.467404729997230807e-75
9.570875985424488718e-76
6.242426868049419549e-76
4.071507483984819494e-76
2.655565462367013960e-76
1.732043463669297236e-76
1.129693318637129732e-76
7.368215757529283677e-77
4.805782468024102017e-77
3.134482741818115083e-77
2.044408402612353975e-77
1.333427573522918976e-77
8.697034758609372527e-78
5.672480087735139148e-78
3.699770236504913796e-78
2.413106717205415336e-78
1.573904230907816407e-78
1.026549928524630250e-78
6.695482069745101882e-79
4.367004360977122604e-79
2.848297835785224588e-79
1.857749590046966700e-79
1.211682814893629071e-79
7.902977084610368303e-80
5.154570654314311001e-80
3.361973386213886646e-80
2.192784968453213020e-80
1.430203444676661171e-80
9.328237481524998139e-81
6.084170390975585741e-81
3.968287623437662822e-81
2.588242217161751474e-81
1.688133121987550916e-81
1.101053610305645712e-81
7.181418556255521348e-82
4.683947447918985997e-82
3.055018103039830378e-82
1.992579061502479802e-82
1.299622844259861475e-82
8.476549663472360719e-83
5.528672761845245183e-83
3.605974567610600327e-83
2.351930226724898223e-83
1.534002996323841913e-83
1.000525086157571082e-83
6.525739848159416535e-84
4.256293135977180146e-84
2.776088486652755869e-84
1.810652377437028613e-84
1.180964528933780886e-84
7.702622745145298688e-85
5.023893241534986770e-85
3.276741460335509238e-85
2.137194020986226610e-85
1.393945277230301640e-85
9.091750289550008961e-86
5.929925993348442646e-86
3.867684567514660382e-86
2.522625734380236140e-86
1.645335984533672692e-86
1.073139968845391577e-86
6.999356991878393639e-87
4.565201159404074633e-87
2.977568032321590273e-87
1.942063685154411180e-87
1.266675124213645918e-87
8.261654252466422617e-88
5.388511204060260506e-88
3.514556783541815992e-88
2.292304667647798781e-88
1.495113328066496385e-88
9.751600192202683348e-89
6.360300889802202947e-89
4.148388634838105709e-89
2.705709771254099596e-89
1.764749161826207133e-89
1.151025005436115397e-89
7.507347739823899076e-90
4.896528730519149844e-90
3.193670313367230442e-90
2.083012401604239801e-90
1.358606317964712653e-90
8.861258462945662358e-91
5.779591961912662044e-91
3.769631975625885552e-91
2.458672744599517955e-91
1.603623829626721665e-91
1.045933987186905247e-91
6.821911007691332967e-92
4.449465297712319489e-92
2.902081456827172035e-92
1.892828962255376664e-92
1.234562686696541392e-92
8.052206817288480745e-93
5.251902987760106518e-93
3.425456600744852435e-93
2.234190721141093188e-93
1.457209581154059870e-93
9.504380012475624313e-94
6.199056099398229650e-94
4.043219702184119690e-94
2.637115279811192314e-94
1.720009673295011918e-94
1.121844501405424463e-94
7.317023298611183588e-95
4.772393133392818414e-95
3.112705165771153480e-95
2.030204381366694194e-95
1.324163263339265709e-95
8.636610008677714098e-96
5.633069162022280659e-96
3.674065189031797261e-96
2.396341075352460703e-96
1.562969151054944267e-96
1.019417724912151317e-96
6.648963590635414217e-97
4.336663543240340277e-97
2.828508598506642371e-97
1.844842425992792291e-97
1.203264355830445813e-97
7.848069242189654779e-98
5.118758029501882564e-98
3.338615263959984503e-98
2.177550065172991045e-98
1.420266760749983409e-98
9.263427298196248893e-99
6.041899147428770695e-99
3.940716986552976914e-99
2.570259779115297258e-99
1.676404409319538632e-99
1.093403774366110374e-99
7.131523916017942704e-100
4.651404591521613840e-100
3.033792626767083814e-100
1.978735137124558157e-100
1.290593400598947709e-100
8.417656787001842727e-101
5.490260972268600503e-101
3.580921188205486877e-101
2.335589623318053395e-101
1.523345139937198238e-101
9.935736964242683185e-102
6.480400694138703543e-102
4.226721511220517206e-102
2.756800941270912843e-102
1.798072432644754680e-102
1.172759492582965729e-102
7.649106912897916174e-103
4.988988529615633473e-103
3.253975507476155961e-103
2.122345349242657437e-103
1.384260505680817258e-103
9.028583158115550029e-104
5.888726400015023757e-104
3.840812894663720677e-104
2.505099182698977734e-104
1.633904615316689369e-104
1.065684069673010359e-104
6.950727268340004583e-105
4.533483321531616453e-105
2.956880659124717237e-105
1.928570728556687587e-105
1.257874592796947319e-105
8.204254413776472379e-106
5.351073220765364007e-106
3.490138551275349109e-106
2.276378327216411207e-106
1.484725667044662732e-106
9.683848594169335169e-107
6.316111162909833987e-107
4.119566702669641105e-107
2.686911198998903206e-107
1.752488140713297519e-107
1.143027981157302462e-107
7.455188627848641754e-108
4.862508914307572128e-108
3.171481517368877191e-108
2.068540169749942457e-108
1.349167072371572797e-108
8.799692729156540796e-109
5.739436850579059926e-109
3.743441546843803795e-109
2.441590521763908931e-109
1.592482265682375289e-109
1.038667108144226055e-109
6.774514132993585146e-110
4.418551562697324143e-110
2.881918544848869199e-110
1.879678075788699773e-110
1.225985264196942362e-110
7.996262165250726410e-111
5.215414123048453339e-111
3.401657413522332221e-111
2.218668141391605435e-111
1.447085265570281690e-111
9.438346036362009859e-112
6.155986659639160631e-112
4.015128456581083812e-112
2.618793284355769143e-112
1.708059490586359470e-112
1.114050215727510260e-112
7.266186511668000472e-113
4.739235779229623698e-113
3.091078894694595143e-113
2.016099045989852002e-113
1.314963319188596322e-113
8.576605074293037179e-114
5.593932053236485472e-114
3.648538733585579525e-114
2.379691916846430845e-114
1.552110045310941586e-114
1.012335074007170354e-114
6.602768309896826994e-115
4.306533525664105577e-115
2.808856851734626726e-115
1.832024937578873455e-115
1.194904386045288675e-115
7.793542885268266996e-116
5.083194221551461506e-116
3.315419427903071838e-116
2.162421010063547982e-116
1.410399114335294850e-116
9.199067399272135867e-117
5.999921593558149379e-117
3.913337903328296986e-117
2.552402278401267496e-117
1.664757184716191892e-117
1.085807087509708158e-117
7.081975930846480431e-118
4.619087834480321453e-118
3.012714619618188421e-118
1.964987396755534706e-118
1.281626691179151097e-118
8.359173083017379296e-119
5.452116057879346733e-119
3.556041873205944266e-119
2.319362550200716945e-119
1.512761331582423678e-119
9.866706031503593513e-120
6.435376544843329440e-120
4.197355342470480203e-120
2.737647400769987820e-120
1.785579890057867611e-120
1.164611462704258829e-120
7.595962894822909543e-121
4.954326326614144460e-121
3.231367726573871801e-121
2.107599842232966287e-121
1.374643021421266600e-121
8.965854895586043051e-122
5.847813050809058433e-122
3.814127919251530880e-122
2.487694400969349469e-122
1.622552668298821257e-122
1.058279972161223688e-122
6.902435411553400434e-123
4.501985850999868659e-123
2.936337016450669920e-123
1.915171517534425924e-123
1.249135205198250070e-123
8.147253374331921863e-124
5.313895346903166351e-124
3.465889970576275060e-124
2.260562638882438046e-124
1.474410176807129438e-124
9.616567716730106238e-125
6.272228454820156731e-125
4.090945017837442547e-125
2.668243234365704719e-125
1.740312306006469485e-125
1.135086518136478529e-125
7.403391903903927896e-126
4.828725458987167221e-126
3.149446883390968007e-126
2.054168487222515742e-126
1.339793408217471654e-126
8.738554738175380727e-127
5.699560726581570411e-127
3.717433082392517496e-127
2.424626981797940052e-127
1.581418110445004394e-127
1.031450717499158933e-127
6.727446559532672659e-128
4.387852608324189808e-128
2.861895719572380032e-128
1.866618558282614990e-128
1.217467435412176086e-128
7.940706202197573705e-129
5.179178773538866781e-129
3.378023576902218724e-129
2.203253408514723596e-129
1.437031291114797755e-129
9.372770847249299507e-130
6.113216455217294356e-130
3.987232381692888283e-130
2.600598585389750497e-130
1.696192334658982471e-130
1.106310082732180330e-130
7.215702925582559390e-131
4.706308793794314162e-131
3.069602877360520424e-131
2.002091710837972283e-131
1.305827293872310550e-131
8.517017038685900947e-132
5.555066858968186799e-132
3.623189629355215767e-132
2.363158432390997248e-132
1.541326385827289875e-132
1.005301631530310576e-132
6.556893982030396205e-133
4.276612843663743356e-133
2.789341640220509647e-133
1.819296501762139281e-133
1.186602499169701215e-133
7.739395363383986568e-134
5.047877501747940470e-134
3.292384750520496918e-134
2.147397067719210076e-134
1.400600025777763855e-134
9.135154656293766723e-135
5.958235688883408447e-135
3.886149042898518689e-135
2.534668846987219365e-135
1.653190882019306910e-135
1.078263180470375260e-135
7.032772192271123413e-136
4.586995605915344914e-136
2.991783057015696213e-136
1.951335172133883333e-136
1.272722280139103683e-136
8.301095708694751012e-137
5.414236164497339548e-137
3.531335413257366620e-137
2.303248218593844634e-137
1.502251056792885544e-137
9.798154707846096248e-138
6.390665211701505238e-138
4.168193202272069419e-138
2.718626934118543945e-138
1.773174142428532040e-138
1.156520043231456971e-138
7.543188107651287102e-139
4.919904947641369353e-139
3.208917018690686237e-139
2.092956783195421773e-139
1.365092356956869292e-139
8.903562452814256589e-140
5.807183956979988913e-140
3.787628344152100026e-140
2.470410543165268178e-140
1.611279591675108110e-140
1.050927316405510994e-140
6.854479074107506679e-141
4.470707216753750934e-141
2.915936105696753547e-141
1.901865400767702147e-141
1.240456536606036299e-141
8.090648363378444096e-142
5.276975775300698477e-142
3.441809862749248343e-142
2.244856833863767499e-142
1.464166355929896869e-142
9.549754289440498500e-143
6.228650632445519373e-143
4.062522189074997916e-143
2.649704969926346986e-143
1.728221065852539141e-143
1.127200230348414206e-143
7.351955050211167085e-144
4.795176722383956146e-144
3.127565340355446637e-144
2.039896655431337850e-144
1.330484869859443302e-144
8.677841518156181473e-145
5.659961651588445907e-145
3.691605318030776329e-145
2.407781300123774612e-145
1.570430826098872446e-145
1.024284464471423118e-145
6.680705999408321329e-146
4.357366942352768727e-146
2.842012007711339436e-146
1.853649774929143074e-146
1.209008786300547149e-146
7.885536227618183663e-147
5.143195177873386027e-147
3.354553942071163285e-147
2.187945773218371157e-147
1.427047169075544947e-147
9.307651257604503625e-148
6.070743407122490090e-148
3.959530121523731081e-148
2.582530298490098818e-148
1.684407628664068192e-148
1.098623726180684856e-148
7.165570086406788835e-149
4.673610576544767200e-149
3.048276069844844874e-149
1.988181695030930967e-149
1.296754743298903129e-149
8.457843005350366682e-150
5.516471690025748014e-150
3.598016644149879978e-150
2.346739818312951878e-150
1.530617648422913914e-150
9.983170555941871816e-151
6.511338377138699022e-151
4.246900042829289049e-151
2.769962015352684852e-151
1.806656499827952335e-151
1.178358291658672184e-151
7.685624044487995154e-152
5.012806153387013494e-152
3.269510112123534763e-152
2.132477507843770504e-152
1.390869018755155572e-152
9.071685962536144967e-153
5.916839407101475622e-153
3.859149083644378501e-153
2.517058622871936219e-153
1.641704939004485039e-153
1.070771686547643878e-153
6.983910308555684465e-154
4.555126345861115506e-154
2.970996921500831806e-154
1.937777799640653075e-154
1.263879734645799108e-154
8.243421840959533047e-155
5.376619450825571412e-155
3.506800607407631173e-155
2.287245845198686643e-155
1.491813804676419120e-155
9.730079661069122690e-156
6.346264521347619473e-156
4.139233673087159640e-156
2.699738616753942948e-156
1.760854586727612313e-156
1.148484840850155216e-156
7.490779986062364994e-157
4.885722719514473068e-157
3.186622292523944701e-157
2.078415460347751678e-157
1.355608048040996327e-157
8.841702801836131401e-158
5.766837143595082758e-158
3.761312881252186309e-158
2.453246769138689224e-158
1.600084837474480173e-158
1.043625745001904469e-158
6.806855924900850944e-159
4.439645898374795911e-159
2.895676935198555970e-159
1.888651731461471714e-159
1.231838165160446517e-159
8.034436629412662566e-160
5.240312711340914158e-160
3.417897057288391628e-160
2.229260148719648716e-160
1.453993706472812583e-160
9.483405064576589786e-161
6.185375577518941059e-161
4.034296834781264418e-161
2.631295504557627946e-161
1.716213832510463818e-161
1.119368734449914854e-161
7.300875566485058268e-162
4.761861073732405653e-162
3.105835824626097928e-162
2.025723980639065052e-162
1.321241004820324263e-162
8.617550117899093937e-163
5.620637700735119682e-163
3.665956998301161255e-163
2.391052657892593540e-163
1.559519878564938231e-163
1.017168000717693857e-163
6.634290180616570774e-164
4.327093082909870279e-164
2.822266442741930770e-164
1.840771095330893822e-164
1.200608905697048829e-164
7.830749559764617993e-165
5.107461586931652718e-165
3.331247368197666327e-165
2.172744491415987719e-165
1.417132414136028450e-165
9.242984102039203650e-166
6.028565450789898395e-166
3.932020329499145231e-166
2.564587545378591391e-166
1.672704799760889245e-166
1.090990772448064969e-166
7.115785557241801817e-167
4.641139538058217317e-167
3.027097435476309912e-167
1.974368322418843865e-167
1.287745226462337056e-167
8.399080097906124209e-168
5.478144670343299734e-168
3.573018554340306919e-168
2.330435276522331490e-168
1.519983312558568612e-168
9.913810066865900010e-169
6.466099280816871457e-169
4.217393678856364366e-169
2.750717035110329465e-169
1.794104317360653160e-169
1.170171362770949026e-169
7.632226314819593060e-170
4.977978471690739517e-170
3.246794400802670862e-170
2.117661605214568238e-170
1.381205620254638858e-170
9.008658232860563405e-171
5.875730735987673920e-171
3.832336713129547666e-171
2.499570750042659864e-171
1.630298797353422633e-171
1.063332241588602936e-171
6.935387904580944516e-172
4.523478505189524759e-172
2.950355202683939529e-172
1.924314620267879451e-172
1.255098624873478057e-172
8.186148676352704623e-173
5.339264088358816151e-173
3.482436263048419687e-173
2.271354652158261065e-173
1.481449067890362922e-173
9.662477582124550680e-174
6.302172315516216706e-174
4.110475347227027127e-174
2.680981530537243126e-174
1.748620624115964491e-174
1.140505464978399240e-174
7.438735982558433856e-175
4.851777980674624960e-175
3.164482464353173766e-175
2.063975166853318876e-175
1.346189633652521458e-175
8.780272935726638469e-176
5.726770649443090797e-176
3.735180251387806349e-176
2.436202244578279541e-176
1.588967861532982270e-176
1.036374903029408764e-176
6.759563649028036833e-177
4.408800386008774978e-177
2.875558520181574396e-177
1.875529867314777214e-177
1.223279671932348405e-177
7.978615440047698625e-178
5.203904372874403284e-178
3.394150391820100451e-178
2.213771825313139578e-178
1.443891733955324643e-178
9.417516816980429329e-179
6.142401186490787065e-179
4.006267582954896839e-179
2.613013943396589863e-179
1.704290022322624818e-179
1.111591649760964170e-179
7.250150969811840714e-180
4.728776893597936506e-180
3.084257279956661949e-180
2.011649773928610788e-180
1.312061363766683818e-180
8.557677606709907474e-181
5.581586962529530692e-181
3.640486876468742941e-181
2.374440241944323372e-181
1.548684737474845854e-181
1.010100980315020599e-181
6.588196846938938819e-182
4.297029558418720824e-182
2.802658064854930132e-182
1.827981893470261709e-182
1.192267385293137706e-182
7.776343535520801747e-183
5.071976263744875317e-183
3.308102722376521064e-183
2.157648824191106140e-183
1.407286544351645654e-183
9.178766237158863258e-184
5.986680535997531639e-184
3.904701668400202913e-184
2.546769453878618595e-184
1.661083279088572916e-184
1.083410850505398119e-184
7.066346918120059466e-185
4.608894099955595129e-185
3.006065944786351665e-185
1.960650921549881813e-185
1.278798305420352706e-185
8.340725459956731078e-186
5.440083936888456722e-186
3.548194144798686665e-186
2.314244014474496883e-186
1.509422861311667842e-186
9.844931476543224450e-187
