2.752594397291162065e-01
1.747711328664809383e-01
1.109678524140444850e-01
7.045708331474008490e-02
4.473548402737170110e-02
2.840400761728027745e-02
1.803462433152343281e-02
1.145076705940977282e-02
7.270462851819647042e-03
4.616252326629209299e-03
2.931008104632047088e-03
1.860991969581469790e-03
1.181604071777718262e-03
7.502386927309956897e-04
4.763508433276608558e-04
3.024505775794930824e-04
1.920356669028638115e-04
1.219296642048405601e-04
7.741709263115789240e-05
4.915461934999193749e-05
3.120985975221406182e-05
1.981615072262849154e-05
1.258191586183185287e-05
7.988665859986850333e-06
5.072262676316125657e-06
3.220543844049566812e-06
2.044827587473929025e-06
1.298327259298164295e-06
8.243500246977054600e-07
5.234065281710660376e-07
3.323277558371515876e-07
2.110056549842296721e-07
1.339743240018187020e-07
8.506463721593509637e-08
5.401029308108635418e-08
3.429288426046897494e-08
2.177366283009011290e-08
1.382480369506144555e-08
8.777815597606289889e-09
5.573319402220817567e-09
3.538680986604650740e-09
2.246823162506608632e-09
1.426580791737306816e-09
9.057823460763115435e-10
5.751105462904533926e-10
3.651563114331641449e-10
2.318495681213468939e-10
1.472087995058359756e-10
9.346763432661358877e-11
5.934562808704411599e-11
3.768046124649733509e-11
2.392454516896007006e-11
1.519046855072183662e-11
9.644920443037136432e-12
6.123872350737696452e-12
3.888244883886299122e-12
2.468772601905528557e-12
1.567503678890611332e-12
9.952588510740583660e-13
6.319220771094445382e-13
4.012277922546222288e-13
2.547525195098334896e-13
1.617506250798861892e-13
1.027007103367395577e-13
6.520800706928721177e-14
4.140267552197359442e-14
2.628789956050043791e-14
1.669103879376586751e-14
1.059768108797862722e-14
6.728810940421978664e-15
4.272339986084508935e-15
2.712647021637353537e-15
1.722347446122105273e-15
1.093574173676600020e-15
6.943456594806406282e-16
4.408625463590918348e-16
2.799179085062644161e-16
1.777289455627738119e-16
1.128458634869676233e-16
7.164949336641184459e-17
4.549258378670129521e-17
2.888471477399458205e-17
1.833984087355612178e-17
1.164455892672277101e-17
7.393507584541422202e-18
4.694377412374492025e-18
2.980612251739331160e-18
1.892487249065254722e-18
1.201601444731553588e-18
7.629356724565025676e-19
4.844125669611645451e-19
3.075692270022737459e-19
1.952856631945296572e-19
1.239931921051560213e-19
7.872729332470988910e-20
4.998650820263167590e-20
3.173805292639877216e-20
2.015151767504051546e-20
1.279485120114929132e-20
8.123865403066775686e-21
5.158105244804813428e-21
3.275048070889908382e-21
2.079434086274738503e-21
1.320300046156669147e-21
8.383012586872586601e-22
5.322646184572333675e-22
3.379520442389241518e-22
2.145766978393369276e-22
1.362416947627131491e-22
8.650426434334545479e-23
5.492435896820145316e-23
3.487325429523657060e-23
2.214215856109186251e-23
1.405877356881769675e-23
8.926370647828146438e-24
5.667641814726855125e-24
3.598569341040764012e-24
2.284848218288925065e-24
1.450724131137129944e-24
9.211117341701089276e-25
5.848436712504505722e-25
3.713361876883197148e-25
2.357733716978966748e-25
1.497001494733218145e-25
9.504947310610417916e-26
6.034998875774703407e-26
3.831816236366194028e-26
2.432944226090625597e-26
1.544755082744013351e-26
9.808150306420448635e-27
6.227512277380078331e-27
3.954049229805600058e-27
2.510553912276462843e-27
1.594031985979238116e-27
1.012102532393292760e-27
6.426166758803407194e-28
4.080181393707138725e-28
2.590639308067689390e-28
1.644880797421505662e-28
1.044388089573183621e-28
6.631158217374610218e-29
4.210337109629870549e-29
2.673279387344370778e-29
1.697351660144959775e-29
1.077703539643431098e-29
6.842688799448837525e-30
4.344644726841504064e-30
2.758555643213249902e-30
1.751496316762305101e-30
1.112081735664598756e-30
7.060967099747575214e-31
4.483236688886193000e-31
2.846552168369936393e-31
1.807368160449419710e-31
1.147556578693201764e-31
7.286208367057823000e-32
4.626249664189971541e-32
2.937355738024239527e-32
1.865022287597322672e-32
1.184163051212303083e-32
7.518634716494016374e-33
4.773824680832240821e-33
3.031055895471122732e-33
1.924515552143945144e-33
1.221937251628374774e-33
7.758475348529712503e-34
4.926107265616770726e-34
3.127745040391347190e-34
1.985906621639068563e-34
1.260916429868734351e-34
8.005966775017258144e-35
5.083247587578321834e-35
3.227518519968471508e-35
2.049256035097459081e-35
1.301139024114532659e-35
8.261353052417405929e-36
5.245400606067649252e-36
3.330474722912822564e-36
2.114626262697760548e-36
1.342644698705338991e-36
8.524886022467819994e-37
5.412726223560387125e-37
3.436715176484797900e-37
2.182081767385582048e-37
1.385474383253024729e-37
8.796825560529908725e-38
5.585389443339770836e-38
3.546344646612739168e-38
2.251689068441879526e-38
1.429670313003369657e-38
9.077439831857101514e-39
5.763560532210034458e-39
3.659471241204985578e-39
2.323516807078821374e-39
1.475276070485001142e-39
9.367005556038715619e-40
5.947415188400305689e-40
3.776206516757237904e-40
2.397635814128408972e-40
1.522336628487113158e-40
9.665808279878156646e-41
6.137134714823820338e-41
3.896665588360958559e-41
2.474119179890341813e-41
1.570898394408031720e-41
9.974142658976947567e-42
6.332906197864816189e-42
4.020967243220451853e-42
2.553042326207688530e-42
1.621009256018605042e-42
1.029231274830118723e-42
6.534922691868165349e-43
4.149234057791553542e-43
2.634483080842070910e-43
1.672718628685203735e-43
1.062063230201568189e-43
6.743383409514645154e-44
4.281592518657013496e-44
2.718521754221173509e-44
1.726077504099307211e-44
1.095942508288401160e-44
6.958493918268180439e-45
4.418173147257209450e-45
2.805241218634684838e-45
1.781138500561550554e-45
1.130902518153746098e-45
7.180466343090470788e-46
4.559110628600225723e-46
2.894726989956165889e-46
1.837955914869582810e-46
1.166977734592939751e-46
7.409519575622150734e-47
4.704543944077749315e-47
2.987067311972142737e-47
1.896585775861343172e-47
1.204203732129746320e-47
7.645879490035808701e-48
4.854616508517144049e-48
3.082353243401278842e-48
1.957085899666348164e-48
1.242617220097185268e-48
7.889779165775505513e-49
5.009476311606050715e-49
3.180678747689026010e-49
2.019515946719226725e-49
1.282256078837422341e-49
8.141459117401624060e-50
5.169276063827973674e-50
3.282140785667061787e-50
2.083937480592223283e-50
1.323159397056263603e-50
8.401167531766635814e-51
5.334173347053568384e-51
3.386839411168528007e-51
2.150414028704265540e-51
1.365367510369391983e-51
8.669160512757772491e-52
5.504330769934974840e-52
3.494877869692930143e-52
2.219011144966799078e-52
1.408922041078220033e-52
8.945702333846179238e-53
5.679916128257813315e-53
3.606362700218861426e-53
2.289796474427686338e-53
1.453865939214396367e-53
9.231065698693004638e-54
5.861102570408355102e-54
3.721403840264216642e-54
2.362839819977486087e-54
1.500243524893801392e-54
9.525532010067412486e-55
6.048068768118288050e-55
3.840114734298079252e-55
2.438213211183645176e-55
1.548100532021501327e-55
9.829391647344100164e-56
6.240999092656951380e-56
3.962612445610368328e-56
2.515990975320158469e-56
1.597484153390990364e-56
1.014294425285287235e-56
6.440083796643521882e-57
4.089017771750602203e-57
2.596249810663339242e-57
1.648443087221861118e-57
1.046649902736123355e-57
6.645519201659459243e-58
4.219455363648825446e-58
2.679068862125705836e-58
1.701027585182220125e-58
1.080037503498484629e-58
6.857507891844768775e-59
4.354053848536373075e-59
2.764529799302211040e-59
1.755289501942887396e-59
1.114490151782230944e-59
7.076258913670811801e-60
4.492945956788359102e-60
2.852716897006479392e-60
1.811282346312314209e-60
1.150041822062823396e-60
7.301987982085301812e-61
4.636268652811133258e-61
2.943717118375923705e-61
1.869061334002943113e-61
1.186727572584249408e-61
7.534917693233104208e-62
4.784163270106229575e-62
3.037620200627910175e-62
1.928683442080270340e-62
1.224583579930689037e-62
7.775277743963789205e-63
4.936775650642160320e-63
3.134518743551412327e-63
1.990207465149317153e-63
1.263647174700999793e-63
8.023305158339219218e-64
5.094256288672222523e-64
3.234508300821947498e-64
2.053694073333170550e-64
1.303956878321161358e-64
8.279244521368769322e-65
5.256760479139875663e-65
3.337687474228524403e-65
2.119205872101056021e-65
1.345552441031205620e-65
8.543348220199493755e-66
5.424448470818913319e-66
3.444158010907273471e-66
2.186807464004834783e-66
1.388474881083537972e-66
8.815876693000362032e-67
5.597485624337251832e-67
3.554024903676337234e-67
2.256565512385175087e-67
1.432766525192037791e-67
9.097098685785508098e-68
5.776042575243066010e-68
3.667396494571475537e-68
2.328548807109298604e-68
1.478471050271278088e-68
9.387291517431319123e-69
5.960295402271930783e-69
3.784384581684300417e-69
2.402828332406344412e-69
1.525633526507242111e-69
9.686741353144834253e-70
6.150425800981731373e-70
3.905104529409138823e-70
2.479477336866338471e-70
1.574300461801930164e-70
9.995743486658234969e-71
6.346621262926446862e-71
4.029675382205627843e-71
2.558571405672158891e-71
1.624519847635949523e-71
1.031460263142391284e-71
6.549075260545295414e-72
4.158219981991366268e-72
2.640188535135661257e-72
1.676341206393649966e-72
1.064363322109875620e-72
6.757987437950686302e-73
4.290865089278787470e-73
2.724409209611389753e-73
1.729815640198357585e-73
1.098315971961374662e-73
6.973563807800343696e-74
4.427741508176341247e-74
2.811316480864190370e-74
1.784995881305199155e-74
1.133351694113429064e-74
7.196016954451418315e-75
4.568984215377164429e-75
2.900996049967828936e-75
1.841936344101480131e-75
1.169505038022873061e-75
7.425566243594170037e-76
4.714732493262269257e-76
2.993536351816910666e-76
1.900693178765848514e-76
1.206811655256584607e-76
7.662438038573063210e-77
4.865130067250350288e-77
3.089028642334303525e-77
1.961324326639101271e-77
1.245308334648365744e-77
7.906865923608378169e-78
5.020325247527616050e-78
3.187567088460504204e-78
2.023889577361570651e-78
1.285033038577147412e-78
8.159090934138254007e-79
5.180471075300089073e-79
3.289248861013626874e-79
2.088450627832607214e-79
1.326024940402484504e-79
8.419361794509690756e-80
5.345725473710603264e-80
3.394174230511474022e-80
2.155071143051398370e-80
1.368324463094222763e-80
8.687935163249436536e-81
5.516251403570104753e-81
3.502446666050774766e-81
2.223816818898297138e-81
1.411973319094392366e-81
8.965075886161236099e-82
5.692217024056716689e-82
3.614172937339646213e-82
2.294755446918902856e-82
1.457014551450877011e-82
9.251057257495570706e-83
5.873795858540841979e-83
3.729463219985809467e-83
2.367956981174716688e-83
1.503492576262825269e-83
9.546161289450828353e-84
6.061166965700841158e-84
3.848431204142962934e-84
2.443493607226233735e-84
1.551453226480449492e-84
9.850678990271412473e-85
6.254515116095551962e-85
3.971194206623013253e-85
2.521439813316905460e-85
1.600943797101814351e-85
1.016491065121676267e-85
6.454030974371038447e-86
4.097873286584633525e-86
2.601872463827142370e-86
1.652013091811422641e-86
1.048916614268597135e-86
6.659911287278822299e-87
4.228593364912105817e-87
2.684870875072152152e-87
1.704711471106547919e-87
1.082376521978574823e-87
6.872359077691956077e-88
4.363483347402889801e-88
2.770516893517348608e-88
1.759090901958719156e-88
1.116903783764873101e-88
7.091583844810113593e-89
4.502676251883605222e-89
2.858894976488857365e-89
1.815205009059636878e-89
1.152532447680885500e-89
7.317801770750921050e-90
4.646309339382164610e-90
2.950092275458566031e-90
1.873109127701304068e-90
1.189297647895630092e-90
7.551235933732475319e-91
4.794524249483611255e-91
3.044198721986339883e-91
1.932860358343507501e-91
1.227235639340252781e-91
7.792116528054205370e-92
4.947467140003878002e-92
3.141307116402916545e-92
1.994517622921726352e-92
1.266383833459909611e-92
8.040681091097078433e-93
5.105288831118911288e-93
3.241513219322573629e-93
2.058141722951279044e-93
1.306780835105767551e-93
8.297174737563982559e-94
5.268144954092167014e-94
3.344915846074591410e-94
2.123795399484908744e-94
1.348466480604190065e-94
8.561850401192432762e-95
5.436196104744997129e-95
3.451616964147107426e-95
2.191543394983283919e-95
1.391481877040136761e-95
8.834969084177572147e-96
5.609608001824101165e-96
3.561721793739387726e-96
2.261452517158533085e-96
1.435869442793716316e-96
9.116800114552868724e-97
5.788551650420100746e-97
3.675338911521553860e-97
2.333591704854958244e-97
1.481672949369837837e-97
9.407621411778635174e-98
5.973203510599234996e-98
3.792580357704720531e-98
2.408032096031011826e-98
1.528937564562160882e-98
9.707719760805184417e-99
6.163745671414303801e-99
3.913561746525565600e-99
2.484847097909921142e-99
1.577709896994172287e-99
1.001739109487720835e-99
6.360366030466310417e-100
4.038402380256353640e-100
2.564112459368083161e-100
1.628038042080665299e-100
1.033694078735973614e-100
6.563258479194921422e-101
4.167225366851292275e-101
2.645906345632536163e-101
1.679971629455803195e-101
1.066668395287316806e-101
6.772623094077792531e-102
4.300157741345854888e-102
2.730309415361621862e-102
1.733561871913891942e-102
1.100694575803408322e-102
6.988666333930867734e-103
4.437330591128682496e-103
2.817404900183725672e-103
1.788861615911389068e-103
1.135806174211005015e-103
7.211601243501549120e-104
4.578879185209459914e-104
2.907278686774016573e-104
1.845925393679894687e-104
1.172037814790006564e-104
7.441647663556568051e-105
4.724943107611030298e-105
3.000019401549017149e-105
1.904809477001469993e-105
1.209425226317301838e-105
7.679032447671553775e-106
4.875666395015338523e-106
3.095718498062963398e-106
1.965571932699630198e-106
1.248005277299632182e-106
7.923989685935855665e-107
5.031197678801522420e-107
3.194470347192062085e-107
2.028272679899932401e-107
1.287816012330393787e-107
8.176760935794554579e-108
5.191690331614290016e-108
3.296372330195486768e-108
2.092973549117685426e-108
1.328896689606206502e-108
8.437595460251973527e-109
5.357302618607881415e-109
3.401524934745442951e-109
2.159738343230260422e-109
1.371287819640201265e-109
8.706750473676008983e-110
5.528197853514646808e-110
3.510031854019605107e-110
2.228632900394438554e-110
1.415031205210437080e-110
8.984491395442362867e-111
5.704544559691959699e-111
3.622000088955489025e-111
2.299725158970793458e-111
1.460169982582262979e-111
9.271092111670133409e-112
5.886516636307260925e-112
3.737540053766215812e-112
2.373085224519055620e-112
1.506748664045998972e-112
9.566835245306635267e-113
6.074293529822699422e-113
3.856765684822169299e-113
2.448785438931008250e-113
1.554813181811609856e-113
9.872012434827496695e-114
6.268060410951488245e-114
3.979794553006568001e-114
2.526900451767587963e-114
1.604410933302943880e-114
1.018692462182885356e-114
6.468008357259343268e-115
4.106747979653359611e-115
2.607507293873261621e-115
1.655590827897976360e-115
1.051188234778903794e-115
6.674334541588085108e-116
4.237751156186396545e-116
2.690685453337357538e-116
1.708403335158649161e-116
1.084720606030368516e-116
6.887242426494627595e-117
4.372933267571475592e-117
2.776516953878458232e-117
1.762900534600702214e-117
1.119322642908417766e-117
7.106941964886656898e-118
4.512427619709967493e-118
2.865086435730766248e-118
1.819136167049604052e-118
1.155028467203597625e-118
7.333649807064661822e-119
4.656371770893872214e-119
2.956481239108361780e-119
1.877165687636185009e-119
1.191873289174515890e-119
7.567589514362135712e-120
4.804907667454105933e-120
3.050791490334495805e-120
1.937046320481817106e-120
1.229893442268895127e-120
7.808991779606910049e-121
4.958181783738583596e-121
3.148110190715710268e-121
1.998837115127974525e-121
1.269126418953277984e-121
8.058094654610999383e-122
5.116345266551480017e-122
3.248533308253552516e-122
2.062599004766987494e-122
1.309610907684579656e-122
8.315143784917039876e-123
5.279554084204465686e-123
3.352159872280135969e-123
2.128394866328637636e-123
1.351386831062073944e-123
8.580392652037690790e-124
5.447969180318024048e-124
3.459092071112443793e-124
2.196289582485336476e-124
1.394495385195700233e-124
8.854102823415306748e-125
5.621756632533360894e-125
3.569435352823687933e-125
2.266350105633327149e-125
1.438979080330160918e-125
9.136544210362904397e-126
5.801087816284184248e-126
3.683298529226305551e-126
2.338645523916692426e-126
1.484881782765714692e-126
9.427995334225367869e-127
5.986139573792585645e-127
3.800793883175159518e-127
2.413247129356263884e-127
1.532248758115005264e-127
9.728743601038699866e-128
6.177094388459139594e-128
3.922037279290349342e-128
2.490228488151747374e-128
1.581126715941093027e-128
1.003908558494566225e-128
6.374140564810911853e-129
4.047148278215209417e-129
2.569665513227846189e-129
1.631563855818041301e-129
1.035932732065195259e-129
6.577472414195250388e-130
4.176250254516943674e-130
2.651636539092462205e-130
1.683609914862137470e-130
1.068978460521739847e-130
6.787290446391409254e-131
4.309470518348132125e-131
2.736222399085142717e-131
1.737316216778446573e-131
1.103078330946539171e-131
7.003801567339968810e-132
4.446940440991579175e-132
2.823506505087332603e-132
1.792735722471885258e-132
1.138265969933569524e-132
7.227219283176050476e-133
4.588795584406350386e-133
2.913574929777633639e-133
1.849923082273761748e-133
1.174576076747834842e-133
7.457763910770914943e-134
4.735175834910242068e-134
3.006516491509431978e-134
1.908934689832806653e-134
1.212044457543479293e-134
7.695662794993876620e-135
4.886225541122536956e-135
3.102422841896001992e-135
1.969828737726954378e-135
1.250708060672800311e-135
7.941150532898493318e-136
5.042093656311033632e-136
3.201388556191266719e-136
2.032665274847404131e-136
1.290605013121569679e-136
8.194469205067056230e-137
5.202933885277207569e-137
3.303511226551037916e-137
2.097506265614847344e-137
1.331774658107347256e-137
8.455868614327757855e-138
5.368904835926819449e-138
3.408891558272115572e-138
2.164415651083562303e-138
1.374257593876069074e-138
8.725606532093631738e-139
5.540170175678534040e-139
3.517633469098398127e-139
2.233459411994642293e-139
1.418095713737421901e-139
9.003948952555033937e-140
5.716898792857376990e-140
3.629844191697661878e-140
2.304705633841838458e-140
1.463332247376096121e-140
9.291170354980467536e-141
5.899264963241520899e-141
3.745634379405388587e-141
2.378224574011085822e-141
1.510011803482026270e-141
9.587553974389896629e-142
6.087448521916699156e-142
3.865118215341669373e-142
2.454088731063810724e-142
1.558180413739727618e-142
9.893392080854549088e-143
6.281635040617630336e-143
3.988413525011050190e-143
2.532372916228208064e-143
1.607885578220826590e-143
1.020898626771481488e-143
6.482016010723228583e-144
4.115641892490983963e-144
2.613154327173107905e-144
1.659176312225489722e-144
1.053464774898331698e-144
6.688789032089117019e-145
4.246928780330219692e-145
2.696512624133815198e-145
1.712103194616713684e-145
1.087069766624348623e-145
6.902158007907539990e-146
4.382403653268192004e-146
2.782530008466255969e-146
1.766718417697941546e-146
1.121746740533236416e-146
7.122333345777551765e-147
4.522200105904549759e-147
2.871291303708518548e-147
1.823075838680215562e-147
1.157529892312510839e-147
7.349532165195437831e-148
4.666455994438897162e-148
2.962884039225870288e-148
1.881231032792579051e-148
1.194454508475025668e-148
7.583978511657592731e-149
4.815313572612857558e-149
3.057398536526575635e-149
1.941241348085692668e-149
1.232557001155220863e-149
7.825903577599299498e-150
4.968919631991300146e-150
3.154927998328493270e-150
2.003165961983596909e-150
1.271874944016422945e-150
8.075545930377252902e-151
5.127425646714409905e-151
3.255568600469406118e-151
2.067065939640579912e-151
1.312447109302467190e-151
8.333151747524379709e-152
5.290987922871722855e-152
3.359419586747533205e-152
2.133004294157898793e-152
1.354313506072307902e-152
8.598975059513851270e-153
5.459767752636528905e-153
3.466583366787321890e-153
2.201046048723116977e-153
1.397515419653584577e-153
8.873278000260093526e-154
5.633931573321500097e-154
3.577165617029047696e-154
2.271258300730496657e-154
1.442095452354699525e-154
9.156331065617848649e-155
5.813651131505147092e-155
3.691275384937002589e-155
2.343710287946739194e-155
1.488097565476396048e-155
9.448413380122406959e-156
5.999103652393693526e-156
3.809025196534860642e-156
2.418473456788694545e-156
1.535567122662270409e-156
9.749812972238475110e-157
6.190472014588847013e-157
3.930531167369371157e-157
2.495621532777110637e-157
1.584550934633382203e-157
1.006082705839480648e-157
6.387944930425521326e-158
4.055913117013626297e-158
2.575230593239994100e-158
1.635097305349047047e-158
1.038176233607115353e-158
6.591717132067402978e-159
4.185294687225209355e-159
2.657379142332931927e-159
1.687256079640090923e-159
1.071293528624355905e-159
6.801989563535418698e-160
4.318803463870086348e-160
2.742148188454675375e-160
1.741078692362527538e-160
1.105467248546819910e-160
7.018969578861629568e-161
4.456571102739570084e-161
2.829621324130801577e-161
1.796618219117785173e-161
1.140731092792949638e-161
7.242871146568066238e-162
4.598733459376908929e-162
2.919884808445551289e-162
1.853929428592447415e-162
1.177119835775540361e-162
7.473915060662410012e-163
4.745430723048998569e-163
3.013027652104834425e-163
1.913068836565990082e-163
1.214669361193307808e-163
7.712329158370817785e-164
4.896807554989232956e-164
3.109141705210231145e-164
1.974094761642892098e-164
1.253416697417019913e-164
7.958348544809614984e-165
5.053013231050108672e-165
3.208321747835653169e-165
2.037067382761531305e-165
1.293400054003399912e-165
8.212215824830342144e-166
5.214201788909192120e-166
3.310665583490550223e-166
2.102048798537533541e-166
1.334658859374931243e-166
8.474181342256240430e-167
5.380532179966631990e-167
3.416274135567240850e-167
2.169103088501319943e-167
1.377233799700466626e-167
8.744503426750021126e-168
5.552168426092782689e-168
3.525251546863061760e-168
2.238296376287330549e-168
1.421166859017226295e-168
9.023448648561508667e-169
5.729279781371186304e-169
3.637705282277133991e-169
2.309696894840888412e-169
1.466501360631920362e-169
9.311292081394196473e-170
5.912040899005705637e-170
3.753746234785142092e-170
2.383375053703130737e-170
1.513282009842506821e-170
9.608317573665217331e-171
6.100632003548807509e-171
3.873488834791579331e-171
2.459403508444219921e-171
1.561554938023603017e-171
9.914818028410015101e-172
6.295239068623686359e-172
3.997051162973641828e-172
2.537857232310149657e-172
1.611367748116915024e-172
1.023109569212386560e-172
6.496054000319153109e-173
4.124555066721311013e-173
2.618813590154982363e-173
1.662769561574194729e-173
1.055746245281192691e-173
6.703274826429407974e-174
4.256126280295156273e-174
2.702352414732951234e-174
1.715811066796205085e-174
1.089424014754663796e-174
6.917105891736297040e-175
4.391894548814878967e-175
2.788556085422032682e-175
1.770544569118254445e-175
1.124176087984217517e-175
7.137758059514964787e-176
4.531993756202907650e-176
2.877509609461180562e-176
1.827024042389314188e-176
1.160036734714376818e-176
7.365448919473203282e-177
4.676562057211869120e-177
2.969300705776489298e-177
1.885305182196435397e-177
1.197041317877384357e-177
7.600403002320103532e-178
4.825742013659845163e-178
3.064019891483772045e-178
1.945445460788056408e-178
1.235226328464807410e-178
7.842852001179141316e-179
4.979680735015651538e-179
3.161760571148918872e-179
2.007504183747739299e-179
1.274629421512531295e-179
8.093035000068613114e-180
5.138530023464386927e-180
3.262619128895532334e-180
2.071542548477516359e-180
1.315289453232983766e-180
8.351198709663858233e-181
5.302446523604675823e-181
3.366695023452578383e-181
2.137623704545024885e-181
1.357246519331826676e-181
8.617597710587433582e-182
5.471591876918370677e-182
3.474090886231251639e-182
2.205812815957417226e-182
1.400541994547689642e-182
8.892494704452637431e-183
5.646132881167638999e-183
3.584912622533459499e-183
2.276177125420618656e-183
1.445218573452055074e-183
9.176160772922388951e-184
5.826241654879881193e-184
3.699269515985693818e-184
2.348786020648360451e-184
1.491320312551892491e-184
9.468875645027142769e-185
6.012095807074869536e-185
3.817274336307289015e-185
2.423711102787756550e-185
1.538892673734053841e-185
9.770927973009851177e-186
6.203878612411330801e-186
3.939043450514415208e-186
2.501026257025636993e-186
1.587982569096764966e-186
1.008261561697573459e-186
6.401779191915204828e-187
4.064696937671338861e-187
2.580807725449357164e-187
1.638638407210388256e-187
1.040424593861395045e-187
6.605992699478246127e-188
4.194358707304448690e-188
2.663134182229591270e-188
1.690910140853834556e-188
1.073613610429789826e-188
6.816720514302362354e-189
4.328156621590208652e-189
2.748086811203574476e-189
1.744849316274692869e-189
1.107861339784494257e-189
7.034170439482640725e-190
4.466222621444594045e-190
2.835749385931766274e-190
1.800509124019300793e-190
1.143201554326195599e-190
7.258556906929032522e-191
4.608692856630844361e-191
2.926208352308209534e-191
1.857944451385835324e-191
1.179669103778031765e-191
7.490101188818964978e-192
4.755707820021320396e-192
3.019552913807753052e-192
1.917211936549015988e-192
1.217299949551422341e-192
7.729031615801725345e-193
4.907412486139738077e-193
3.115875119450152258e-193
1.978370024412911633e-193
1.256131200208834826e-193
7.975583802156706662e-194
5.063956454122715116e-194
3.215269954572876413e-194
2.041479024244381360e-194
1.296201148056767218e-194
8.230000878140569082e-195
5.225494095244546701e-195
3.317835434496740571e-195
2.106601169144946342e-195
1.337549306907152359e-195
8.492533729741827728e-196
5.392184705143669208e-196
3.423672701182102233e-196
2.173800677420954965e-196
1.380216451042173770e-196
8.763441246083263218e-197
5.564192660909755724e-197
3.532886122966547470e-197
2.243143815909654761e-197
1.424244655423151970e-197
9.042990574721258538e-198
5.741687583176979372e-198
3.645583397484065050e-198
2.314698965327273889e-198
