3.648215230862973391e-01
2.064078640931446829e-01
1.167809563401669554e-01
6.607205507232861985e-02
3.738209206614710040e-02
2.114995221069105799e-02
1.196617026470825178e-02
6.770191694882759029e-03
3.830423148886812935e-03
2.167167808648295252e-03
1.226135110478949282e-03
6.937198416983354635e-04
3.924911819693187569e-04
2.220627386792566808e-04
1.256381344984880768e-04
7.108324851860755883e-05
4.021731331914132749e-05
2.275405702915484212e-05
1.287373691965669858e-05
7.283672624366617924e-06
4.120939182619440963e-06
2.331535287574090802e-06
1.319130556483440547e-06
7.463345866228992938e-07
4.222594287213506884e-07
2.389049473787449066e-07
1.351670797615394277e-07
7.647451277891715647e-08
4.326757014422730686e-08
2.447982416831730672e-08
1.385013739653426616e-08
7.836098191879402185e-09
4.433489222145980305e-09
2.508369114523606399e-09
1.419179183580017758e-09
8.029398637725485903e-10
4.542854294189453252e-10
2.570245428004010082e-10
1.454187418827220851e-10
8.227467408501797307e-11
4.654917177907589477e-11
2.633648103034527652e-11
1.490059235325682269e-11
8.430422128989525167e-12
4.769744422772718013e-12
2.698614791819238160e-12
1.526815935850952874e-12
8.638383325531591673e-13
4.887404219895878770e-13
2.765184075364714420e-13
1.564479348674275999e-13
8.851474497608123621e-14
5.007966442522797067e-14
2.833395486391749149e-14
1.603071840525529253e-14
9.069822191177863924e-15
5.131502687528624380e-15
2.903289532812109636e-15
1.642616329875855506e-15
9.293556073828283014e-16
5.258086317936386696e-16
2.974907721784567819e-16
1.683136300548001503e-16
9.522809011779975589e-17
5.387792506484078324e-17
3.048292584364232918e-17
1.724655815662394860e-17
9.757717148790310417e-18
5.520698280266836398e-18
3.123487700759995429e-18
1.767199531927207631e-18
9.998419987003273677e-19
5.656882566479969723e-19
3.200537726214916755e-19
1.810792714280967740e-19
1.024506046979440319e-19
5.796426239290610366e-20
3.279488417525240496e-20
1.855461250896298955e-20
1.049778506665860725e-20
5.939412167865340598e-21
3.360386660213361043e-21
1.901231668553904919e-21
1.075674386019244088e-21
6.085925265582979922e-22
3.443280496371222217e-22
1.948131148395665656e-22
1.102209063522159707e-22
6.236052540460938711e-23
3.528219153190420318e-23
1.996187542066397623e-23
1.129398297012774584e-23
6.389883146825732319e-24
3.615253072196317956e-24
2.045429388253797736e-24
1.157258233042747155e-24
6.547508438257839783e-25
3.704433939203071979e-25
2.095885929636320403e-25
1.185805416465997335e-25
6.709022021843051025e-26
3.795814715007729908e-26
2.147587130249276102e-26
1.215056800264014152e-26
6.874519813761635029e-27
3.889449666841332070e-27
2.200563693279156311e-27
1.245029755613490347e-27
7.044100096249003270e-28
3.985394400596116237e-28
2.254847079297014259e-28
1.275742082202390523e-28
7.217863575961473328e-29
4.083705893847431966e-29
2.310469524941498668e-29
1.307212018800418812e-29
7.395913443781558993e-30
4.184442529690370275e-30
2.367464062063047885e-30
1.339458254090234297e-30
7.578355436099028982e-31
4.287664131411052854e-31
2.425864537339830804e-31
1.372499937765936396e-31
7.765297897603135059e-32
4.393431998013183020e-32
2.485705632378158159e-32
1.406356691905231487e-32
7.956851845624056940e-33
4.501808940621030098e-33
2.547022884308293248e-33
1.441048622622177094e-33
8.153131036061465354e-34
4.612859319780084612e-34
2.609852706888504326e-34
1.476596332007362791e-34
8.354252030939520125e-35
4.726649083678482453e-35
2.674232412129675977e-35
1.513020930362633458e-35
8.560334267627725052e-36
4.843245807310624735e-36
2.740200232453359015e-36
1.550344048737616759e-36
8.771500129770504550e-37
4.962718732607217756e-37
2.807795343396405379e-37
1.588587851775523914e-37
8.987875019965277263e-38
5.085138809555163966e-38
2.877057886875690634e-38
1.627775050875715906e-38
9.209587434233941621e-39
5.210578738331800251e-39
2.948028995026764997e-39
1.667928917681192034e-39
9.436769038331308508e-40
5.339113012478503056e-40
3.020750814630341372e-40
1.709073297898558222e-40
9.669554745935895778e-41
5.470817963139289335e-41
3.095266532141766406e-41
1.751232625459018919e-41
9.908082798769539932e-42
5.605771804390789259e-42
3.171620399337484914e-42
1.794431937028670715e-42
1.015249484869338278e-42
5.744054679689993036e-43
3.249857759594367960e-43
1.838696886876733691e-43
1.040293604182915513e-43
5.885748709468592505e-44
3.330025074817249574e-44
1.884053762110552158e-44
1.065955510475481710e-44
6.030938039900558665e-45
3.412169953030718192e-45
1.930529498286437441e-45
1.092250443282793737e-45
6.179708892873127622e-46
3.496341176651532597e-46
1.978151695405463823e-46
1.119194018068637193e-46
6.332149617190379184e-47
3.582588731458469764e-47
2.026948634304119433e-47
1.146802235498211746e-47
6.488350741039907396e-48
3.670963836276839454e-48
2.076949293449007348e-48
1.175091490940260892e-48
6.648405025753736570e-49
3.761518973395004933e-49
2.128183366145976598e-49
1.204078584203595468e-49
6.812407520895502057e-50
3.854307919731735211e-50
2.180681278173736241e-50
