6.037814576585233406e-02
5.581785738346236453e-02
4.972274494021573787e-02
4.340703658156781081e-02
3.747037573728077137e-02
3.217706594362017974e-02
2.754907692789470425e-02
2.357258399910329427e-02
2.012938184302646635e-02
1.720759668122223696e-02
1.471716968268197215e-02
1.259055759541745714e-02
1.074993000816107727e-02
9.154830094585010916e-03
7.761484978686223127e-03
6.543859917359795726e-03
5.476284252408504354e-03
4.533307114986297702e-03
3.703919257333359444e-03
2.985737439151541113e-03
2.324707241152700748e-03
1.805480326215234445e-03
1.382771551677740036e-03
1.040225622366665673e-03
7.726683704582693220e-04
5.676133890343804632e-04
4.105627875745983691e-04
2.901337540970895502e-04
2.119929024455424608e-04
1.566131482558370228e-04
1.076940380854849772e-04
6.929459743739235463e-05
6.034636494269066527e-05
3.424696076453347284e-05
2.332921247599069971e-05
1.565038035920236011e-05
1.100567647276491705e-05
1.110889544336323583e-05
5.691426539799512780e-06
4.405478344824268733e-06
4.191877648600081197e-06
1.692382290125365124e-06
1.131688075279544109e-06
7.707991863906558358e-07
1.165985780061244947e-06
8.139673740511252996e-07
2.426235881511615828e-07
4.970145676176966310e-07
1.132810293641191548e-07
7.662483295860730240e-08
8.249963257593581010e-08
6.225237437480980338e-08
1.066128635541183223e-07
4.299665792579063085e-08
1.422437985091022128e-08
2.110521042781838869e-08
5.183810582470515323e-09
3.615941405413780329e-09
4.729577063647257543e-09
4.671118086369573637e-09
7.488843390562735899e-09
4.322638484078396770e-09
5.234752797559906120e-10
3.458776000294593230e-10
2.380580511572787217e-10
1.616637806560178912e-10
1.087474450565537870e-10
7.265683567609604738e-11
4.843295507908115570e-11
3.353819973295258717e-11
2.294662729637360182e-11
1.558895482791022303e-11
1.054996714082732522e-11
7.258856029716233834e-12
7.152668587843735194e-12
7.616076624731065799e-12
8.079484661618398826e-12
8.542892698505728623e-12
9.006300735393060035e-12
9.469708772280391447e-12
9.933116809167724475e-12
1.003113323302847662e-11
9.890428347638928608e-12
9.749723462249383823e-12
9.609018576859837423e-12
9.468313691470291023e-12
9.327608806080744622e-12
9.186903920691198222e-12
9.046199035301651821e-12
1.303902213116471329e-11
1.361492683658014266e-11
1.419083154199558012e-11
1.476673624741101435e-11
1.534264095282644696e-11
1.591854565824187957e-11
1.649445036365731218e-11
1.654465265643099090e-11
1.656761727731774966e-11
1.659058189820450195e-11
1.661354651909126071e-11
1.663651113997801624e-11
1.665947576086477499e-11
1.668244038175153052e-11
1.670540500263828928e-11
1.672836962352504480e-11
1.692429560144480945e-11
1.722195300451757205e-11
1.751961040759032818e-11
1.781726781066308755e-11
1.811492521373584368e-11
1.841258261680860951e-11
1.871024001988136887e-11
1.900797599205917484e-11
1.933472792072474039e-11
1.966147984939031888e-11
1.998823177805589413e-11
2.031498370672146615e-11
2.064173563538704463e-11
2.096848756405261342e-11
2.129523949271818867e-11
2.146680063923910174e-11
2.153323626163002481e-11
2.159967188402095111e-11
2.166610750641187742e-11
2.173254312880280373e-11
2.179897875119373003e-11
2.186541437358465311e-11
2.193184999597558264e-11
2.199828561836650895e-11
2.206472124075743525e-11
2.213115686314835833e-11
2.224405590896037995e-11
2.244996544484261462e-11
2.265587498072485575e-11
2.286178451660709364e-11
2.306769405248933800e-11
2.327360358837157590e-11
2.347951312425381379e-11
2.368542266013605492e-11
2.389133219601828958e-11
2.407243043718630639e-11
2.421823154593358009e-11
2.436403265468086348e-11
2.450983376342814040e-11
2.465563487217541733e-11
2.480143598092269425e-11
2.494723708966997118e-11
2.509303819841725457e-11
2.523883930716452827e-11
2.538464041591180842e-11
2.550348905099537481e-11
2.557477457256011073e-11
2.564606009412484664e-11
2.571734561568957932e-11
2.578863113725431524e-11
2.585991665881904792e-11
2.593120218038378383e-11
2.600248770194851652e-11
2.607377322351325243e-11
2.614505874507798834e-11
2.621634426664272103e-11
2.628762978820745371e-11
2.635891530977218639e-11
2.643020083133692231e-11
3.056364104070541959e-11
3.587452748540291901e-11
4.118541393010054120e-11
4.649630037479818279e-11
4.994138774190979135e-11
5.018989240904166499e-11
5.043839707617343523e-11
5.068690174330530887e-11
5.093540641043697571e-11
5.118391107756895274e-11
5.143241574470081992e-11
5.168092041183249323e-11
5.192942507896436040e-11
5.217792974609623404e-11
5.242643441322801074e-11
5.267493908035977452e-11
5.287987421970368870e-11
5.299323630344212468e-11
5.310659838718045725e-11
5.321996047091889323e-11
5.333332255465743260e-11
5.344668463839576518e-11
5.356004672213420116e-11
5.367340880587253373e-11
5.378677088961096971e-11
5.390013297334950908e-11
5.401349505708783520e-11
5.412685714082627764e-11
5.424021922456461021e-11
5.435358130830304619e-11
5.446694339204148217e-11
5.458030547577991814e-11
5.469366755951834765e-11
5.480702964325668023e-11
5.492039172699512267e-11
5.503375381073355218e-11
