3.497882810071444720e-02
3.380815662266143523e-02
3.191559163082246381e-02
2.965297318948088151e-02
2.729131082199930461e-02
2.490362165928712568e-02
2.259238043193651999e-02
2.041840784706919903e-02
1.839401906496008696e-02
1.652961506788780746e-02
1.482734885273941268e-02
1.328893807148309909e-02
1.188153532692429008e-02
1.061365496569550808e-02
9.476931707639996150e-03
8.440420784323610093e-03
7.504629332218590819e-03
6.643362982887795337e-03
5.860527181085854569e-03
5.143330645401157641e-03
4.484891923103275641e-03
3.879620654074921685e-03
3.328251985890082199e-03
2.835589391897702996e-03
2.402746111639204700e-03
2.024038722814117293e-03
1.692013085915117709e-03
1.409725509661957730e-03
1.171622294310300074e-03
9.786691967472946081e-04
8.082185372418089616e-04
6.769854056591695151e-04
5.587283124613329384e-04
4.632374218952315021e-04
3.866171282640336868e-04
3.173800001780008708e-04
2.635174517201843204e-04
2.167531909031350187e-04
1.798556388517128012e-04
1.559489290792741994e-04
1.299453503741731326e-04
1.019638031164070495e-04
9.080727300249577234e-05
6.962473774852517600e-05
6.156374202928402591e-05
5.218301362310708268e-05
4.036380110924192468e-05
3.960711816095069160e-05
2.884551497315409498e-05
2.420617827440373166e-05
2.213021679062557155e-05
1.515579165453044106e-05
1.426492993567390561e-05
1.137220188846596067e-05
9.168764510452664997e-06
7.522713175668325966e-06
5.803992605197093556e-06
5.098802337835375766e-06
5.268956586167660573e-06
3.418532123799605585e-06
3.406663898736336797e-06
2.311522067455777334e-06
2.106319049966301137e-06
2.069635403149275418e-06
1.266374899948313272e-06
1.127520021808957226e-06
1.011977804275023301e-06
7.647517102074257937e-07
7.746917915306649196e-07
8.375499489272609986e-07
4.298263318545252282e-07
5.370018723443576635e-07
3.902398282913940945e-07
2.932453716496850691e-07
3.383381854727051373e-07
2.035185233054535284e-07
1.523062763972407798e-07
1.416163225918059779e-07
1.068469629864039849e-07
9.606498168886900379e-08
9.548865463467792726e-08
6.355164585607401305e-08
7.806717864299095958e-08
3.707986856563362966e-08
3.476105000977512957e-08
4.684546001214363474e-08
2.473601132564332946e-08
2.805817207054054394e-08
1.418025587728592720e-08
1.283064821595031653e-08
1.293043553778288614e-08
1.008356106303994421e-08
1.056800024745138372e-08
1.049544815433220007e-08
5.135351964637202326e-09
7.861137387960183531e-09
9.059719276605998451e-09
4.081971957418382297e-09
5.750613220976290806e-09
2.139566106920020416e-09
1.937336907867669766e-09
2.237552154928348557e-09
1.458434805474732085e-09
2.659110708783759113e-09
9.601728562443619213e-10
7.723445754524838765e-10
2.311199526845155701e-09
5.788835073884687896e-10
7.517767580686646925e-10
3.348824796888218605e-10
3.084957584983994945e-10
4.072780391816991398e-10
2.281744692686370501e-10
2.953500993418263964e-10
1.294128725693152501e-10
1.236503725693152402e-10
1.801091846656572931e-10
8.091358969567892095e-11
3.848149832768350441e-10
5.293147977827669224e-11
5.833038160396850987e-11
1.312623859584346542e-10
3.313262495603305257e-11
6.579327101763536887e-11
2.172451249774117424e-11
2.081367916440784457e-11
2.746397283873014780e-11
1.223824390377592157e-11
9.328601802471155918e-12
7.356294110163481645e-12
5.896554533785554896e-12
4.778245406871116649e-12
4.002689851315558160e-12
4.191200678251936723e-12
4.596598050084099901e-12
5.001995421916262272e-12
5.320725592082167776e-12
5.606658820459655691e-12
5.892592048837143607e-12
6.178525277214630714e-12
6.464458505592117822e-12
6.750391733969605737e-12
7.036324962347092845e-12
7.319062969862704148e-12
7.598434412103984544e-12
7.877805854345264940e-12
8.157177296586545336e-12
8.436548738827827348e-12
8.715920181069106129e-12
8.995291623310386525e-12
9.289789473510357416e-12
9.601723700044166235e-12
9.913657926577976670e-12
1.022559215311178549e-11
1.053752637964559431e-11
1.084946060617940636e-11
1.116370888490709176e-11
1.150823202546615392e-11
1.185275516602521931e-11
1.219727830658428470e-11
1.254180144714334848e-11
1.288632458770241064e-11
1.323084772826147765e-11
1.357537086882054142e-11
1.391989400937960681e-11
1.426441714993866897e-11
1.460894029049773436e-11
1.495429879341385944e-11
1.530155708848685961e-11
1.564881538355985977e-11
1.599607367863285994e-11
1.634333197370586010e-11
1.669059026877886350e-11
1.703784856385186366e-11
1.738510685892486706e-11
1.773236515399786399e-11
1.807962344907086416e-11
1.838076437882250645e-11
1.866618602509994323e-11
1.895160767137738324e-11
1.923702931765482002e-11
1.951899855634724068e-11
1.976363921455272294e-11
2.000827987275821167e-11
2.025292053096369393e-11
2.049756118916918265e-11
2.074220184737466815e-11
2.098684250558015364e-11
2.123148316378563590e-11
2.147612382199112463e-11
2.172076448019660689e-11
2.196000168390462140e-11
2.217178346872967273e-11
2.238356525355471437e-11
2.259534703837975924e-11
2.280712882320480734e-11
2.301891060802985221e-11
2.323069239285490032e-11
2.344247417767994519e-11
2.365425596250499329e-11
2.386603774733004139e-11
2.687073393168325382e-11
6.555165085519330865e-11
1.042325677787033570e-10
1.227098364124041206e-10
1.237586468238568987e-10
1.248074572353097286e-10
1.258562676467625584e-10
1.269050780582153882e-10
1.279538884696682180e-10
1.290026988811210478e-10
1.300515092925738518e-10
1.311003197040266816e-10
1.321491301154795115e-10
1.331979405269323413e-10
1.342731298706243536e-10
1.353783888933618619e-10
1.364836479160993443e-10
1.375889069388368267e-10
1.386941659615743350e-10
1.397994249843117916e-10
1.409046840070492999e-10
1.420099430297868081e-10
1.431152020525242647e-10
1.442204610752617730e-10
1.453257200979992554e-10
1.464309791207367378e-10
1.475362381434742461e-10
1.486414971662117285e-10
1.497467561889492368e-10
1.508520152116867192e-10
1.519572742344242016e-10
1.530625332571617099e-10
1.541677922798991665e-10
1.552730513026366747e-10
1.563783103253741572e-10
1.574835693481116654e-10
1.585798075961318082e-10
1.596708383141105239e-10
1.607618690320892655e-10
1.618528997500680071e-10
1.629006569127185244e-10
1.639395719413439667e-10
1.649784869699694607e-10
1.660150495088487267e-10
1.669582885145942078e-10
1.679015275203396632e-10
1.688447665260850927e-10
1.697625343996797063e-10
1.703941085759406175e-10
1.710256827522015286e-10
1.716572569284624139e-10
1.722888311047233250e-10
1.729204052809842103e-10
1.735519794572451214e-10
1.741835536335059808e-10
1.748151278097668919e-10
1.754467019860278030e-10
1.760782761622886625e-10
1.767098503385495736e-10
1.773414245148104589e-10
1.779729986910713700e-10
1.786045728673322553e-10
1.792361470435931664e-10
1.798677212198540775e-10
1.804992953961149369e-10
1.811308695723758739e-10
1.817624437486367333e-10
1.823940179248976444e-10
1.830255921011585556e-10
1.836571662774194408e-10
1.842887404536803261e-10
1.849203146299412114e-10
1.855518888062021225e-10
1.862324559230192978e-10
1.869653257283714175e-10
1.876981955337235113e-10
1.884310653390756568e-10
1.891389414557319354e-10
1.898306587594112144e-10
1.905223760630904676e-10
1.912140933667697983e-10
1.918754965578796325e-10
1.925215830768185451e-10
1.931676695957574318e-10
1.938137561146963444e-10
1.944351724734713399e-10
1.950420505625875972e-10
1.956489286517038544e-10
1.962558067408201117e-10
1.968462856099946153e-10
1.974212893852724915e-10
1.979962931605503935e-10
1.985712969358283214e-10
1.991463007111062234e-10
1.997213044863841254e-10
2.002963082616620533e-10
2.008713120369399553e-10
2.014463158122178315e-10
2.020213195874957335e-10
2.025963233627736356e-10
2.031713271380515376e-10
2.037463309133294396e-10
2.043213346886073675e-10
2.048963384638852695e-10
2.054713422391631457e-10
2.060463460144410477e-10
2.066213497897189497e-10
2.071963535649968776e-10
2.077713573402747796e-10
2.083463611155526816e-10
2.089213648908305578e-10
2.094963686661084598e-10
2.100713724413863877e-10
2.106463762166642897e-10
2.112213799919421917e-10
2.117963837672200937e-10
2.123713875424979699e-10
2.129463913177759236e-10
2.134624828097554877e-10
2.138325555648908505e-10
2.142026283200262392e-10
2.145727010751616538e-10
2.149427738302970425e-10
2.153010098687602709e-10
2.156479699497644466e-10
2.159949300307686482e-10
2.163418901117728756e-10
2.166888501927770513e-10
2.170358102737812528e-10
2.173827703547854285e-10
2.177297304357896559e-10
2.180766905167938575e-10
2.184236505977980332e-10
2.187482473715156321e-10
2.190706735482360717e-10
2.193930997249565372e-10
2.197155259016769768e-10
2.200379520783974423e-10
2.203409936625964956e-10
2.206428234006418355e-10
2.209446531386871494e-10
2.212464828767324117e-10
2.215483126147777256e-10
2.218254516465817676e-10
2.220982431261093336e-10
2.223710346056369512e-10
2.226438260851645172e-10
2.229166175646921090e-10
2.231798864629877721e-10
2.234298050948546699e-10
2.236797237267215678e-10
2.239296423585884398e-10
2.241795609904553118e-10
2.244294796223222096e-10
2.246828246155503253e-10
2.249378228708973636e-10
2.251928211262444019e-10
2.254478193815914402e-10
2.257028176369385043e-10
2.259577833668062962e-10
2.262126083630200700e-10
2.264674333592338180e-10
2.267222583554475917e-10
2.269770833516613655e-10
2.272319083478751652e-10
2.274716353151442177e-10
2.277093816985155176e-10
2.279471280818867916e-10
2.281848744652580914e-10
2.284226208486293654e-10
2.286540918352720898e-10
2.288729332313673420e-10
2.290917746274626201e-10
2.293106160235578723e-10
2.295294574196531245e-10
2.297482988157483509e-10
2.299722675803128289e-10
2.302015959394500247e-10
2.304309242985872981e-10
2.306528343944865125e-10
2.308737225445844276e-10
2.310948251950269453e-10
2.313222975942285191e-10
2.315497699934300929e-10
2.317723680600954356e-10
2.319872565315466083e-10
2.322021450029977809e-10
2.324285312001382402e-10
2.326627809307849874e-10
2.328970306614317088e-10
2.331312803920784560e-10
2.333655301227252032e-10
2.335997798533719504e-10
2.338340295840186977e-10
2.340682793146654449e-10
2.343025290453121921e-10
2.345367787759588876e-10
2.347710285066056865e-10
2.350052782372523821e-10
2.352395279678991293e-10
2.354737776985459282e-10
2.357080274291926237e-10
2.359422771598393709e-10
2.361765268904861181e-10
2.364107766211328654e-10
2.366450263517796126e-10
2.368792760824263598e-10
2.371135258130730553e-10
2.373477755437198025e-10
2.375820252743666015e-10
2.378162750050132970e-10
2.380505247356600442e-10
2.382847744663067914e-10
2.385190241969535386e-10
2.387532739276002859e-10
2.389875236582470331e-10
2.392217733888937286e-10
2.394560231195405275e-10
2.396902728501872747e-10
2.399245225808339703e-10
2.401587723114807175e-10
2.403930220421274647e-10
2.406272717727742119e-10
2.408615215034209591e-10
2.410957712340677064e-10
2.413087224632825520e-10
2.414700277259613550e-10
2.416313329886402097e-10
2.417926382513190127e-10
2.419539435139978158e-10
2.421152487766766188e-10
2.422765540393554218e-10
2.424378593020342248e-10
2.425991645647130796e-10
2.427604698273918826e-10
2.429217750900706856e-10
2.430830803527494886e-10
2.432443856154282916e-10
2.434056908781071464e-10
2.435669961407859494e-10
2.437277480747663872e-10
2.438869047886686280e-10
2.440460615025709722e-10
2.442211732371167344e-10
2.444135404980649250e-10
2.446059077590131155e-10
2.447982750199613060e-10
2.449906422809094966e-10
2.451830095418576871e-10
2.453753768028059294e-10
2.455677440637541199e-10
2.457601113247022588e-10
2.459524785856505010e-10
2.461448458465986915e-10
2.463372131075468821e-10
2.465295803684950726e-10
2.467219476294432632e-10
2.469143148903914537e-10
2.471066821513396443e-10
2.472990494122878865e-10
2.474914166732360253e-10
2.476837839341842159e-10
2.478761511951324581e-10
2.480685184560806487e-10
2.482608857170288392e-10
2.484532529779770298e-10
2.486456202389252203e-10
2.488379874998734108e-10
2.490303547608216531e-10
2.492227220217698436e-10
2.494150892827179825e-10
2.496074565436662247e-10
2.497998238046144153e-10
2.499921910655626058e-10
2.501561324286738497e-10
2.502999767955484408e-10
2.504438211624230319e-10
2.505876655292975714e-10
2.507315098961721625e-10
2.508753542630467019e-10
2.510191986299212931e-10
2.511630429967958325e-10
2.513068873636704236e-10
2.514507317305450148e-10
2.515945760974195542e-10
2.517384204642941453e-10
2.518822648311686848e-10
2.520261091980432759e-10
2.521699535649178153e-10
2.523137979317924065e-10
2.524576422986669459e-10
2.526014866655415370e-10
2.527453310324160765e-10
2.528891753992906676e-10
2.530330197661652587e-10
2.531768641330397982e-10
2.533207084999143893e-10
2.534645528667889287e-10
2.536083972336635199e-10
2.537522416005380593e-10
2.538960859674126504e-10
2.540399303342872416e-10
2.541828521734775716e-10
2.543237976043483353e-10
2.544647430352190989e-10
2.546056884660898626e-10
2.547466338969606262e-10
2.548875793278313899e-10
2.550285247587022052e-10
2.551694701895729688e-10
2.553104156204437325e-10
2.554513610513144961e-10
2.555923064821853115e-10
2.557332519130560234e-10
2.558741973439268388e-10
2.560151427747976024e-10
2.561560882056683661e-10
2.562970336365391297e-10
2.564379790674098934e-10
2.565789244982807087e-10
2.567198699291514724e-10
2.568608153600222360e-10
2.570017607908929997e-10
2.571427062217637633e-10
2.572836516526345270e-10
2.574245970835053423e-10
2.575655425143761060e-10
2.577064879452468696e-10
2.578474333761176333e-10
2.579883788069883969e-10
2.581293242378592123e-10
2.582702696687299242e-10
2.584112150996007395e-10
2.585521605304715032e-10
2.586931059613422668e-10
2.588340513922130305e-10
2.589749968230838458e-10
2.591159422539546095e-10
2.592568876848253214e-10
2.593978331156961368e-10
2.595387785465669521e-10
2.596788195345410159e-10
2.598156454442573819e-10
2.599524713539736962e-10
2.600892972636900105e-10
2.602261231734063248e-10
2.603629490831226907e-10
2.604997749928390050e-10
2.606366009025553710e-10
2.607734268122716853e-10
2.609102527219880513e-10
2.610470786317043656e-10
2.611839045414206798e-10
2.613207304511369941e-10
2.614575563608533601e-10
2.615943822705696744e-10
2.617312081802859887e-10
2.618680340900023547e-10
2.620048599997186689e-10
2.621416859094350349e-10
2.622785118191512975e-10
2.624153377288676635e-10
2.625521636385839778e-10
2.626889895483003438e-10
2.628258154580166581e-10
2.629626413677330240e-10
2.630994672774493383e-10
2.632362931871656526e-10
2.633731190968820186e-10
2.635099450065983329e-10
2.636467709163146472e-10
2.637835968260309614e-10
2.639067952568075926e-10
2.640246803556464047e-10
2.641425654544851651e-10
2.642604505533239772e-10
2.643783356521627377e-10
2.644962207510014981e-10
2.646141058498402585e-10
2.647319909486790706e-10
2.648498760475178310e-10
2.649677611463566431e-10
2.650856462451954035e-10
2.652035313440342156e-10
2.653214164428729760e-10
2.654393015417117365e-10
2.655571866405504969e-10
2.656750717393893090e-10
2.657929568382281211e-10
2.659108419370668815e-10
2.660287270359056419e-10
2.661466121347444023e-10
2.662644972335832144e-10
2.663823823324219748e-10
2.665002674312607870e-10
2.666181525300995474e-10
2.667360376289383595e-10
2.668539227277771199e-10
2.669718078266158803e-10
2.670896929254546407e-10
2.672075780242934528e-10
2.673064221181271250e-10
2.674052082280688267e-10
2.675039943380104249e-10
2.676027804479520748e-10
2.677015665578936730e-10
2.678003526678353229e-10
2.678991387777769212e-10
2.679979248877185711e-10
2.680967109976602210e-10
2.681954971076018192e-10
2.682942832175434692e-10
2.683930693274850674e-10
2.684918554374267173e-10
2.685963861358003637e-10
2.687081068913320111e-10
2.688198276468637619e-10
2.689315484023954611e-10
2.690432691579271085e-10
2.691549899134588594e-10
2.692667106689905068e-10
2.693784314245222059e-10
2.694901521800539051e-10
2.696018729355856042e-10
2.697135936911173034e-10
2.698253144466490025e-10
2.699370352021807017e-10
2.700487559577124008e-10
2.701604767132440999e-10
2.702721974687757474e-10
2.703839182243074465e-10
2.704956389798391457e-10
2.706073597353708448e-10
2.707190804909025439e-10
2.708308012464342431e-10
2.709425220019659422e-10
2.710542427574976414e-10
2.711659635130293405e-10
nan
nan
nan
nan
nan
nan
nan
nan
nan
nan
nan
nan
nan
nan
nan
nan
nan
nan
nan
nan
nan
nan
nan
nan
nan
nan
nan
nan
nan
nan
nan
nan
nan
nan
nan
nan
nan
nan
nan
nan
nan
nan
nan
nan
nan
nan
nan
nan
nan
nan
nan
nan
nan
nan
nan
nan
nan
nan
nan
nan
nan
nan
nan
nan
nan
nan
nan
nan
nan
nan
nan
nan
nan
nan
nan
nan
nan
nan
nan
nan
nan
nan
nan
nan
nan
nan
nan
nan
nan
nan
nan
nan
nan
nan
nan
nan
nan
nan
nan
nan
nan
nan
nan
nan
nan
nan
nan
nan
nan
nan
nan
nan
nan
nan
nan
nan
nan
nan
nan
nan
nan
nan
nan
nan
nan
nan
nan
nan
nan
nan
nan
nan
nan
nan
nan
nan
nan
nan
nan
nan
nan
nan
nan
nan
nan
nan
nan
nan
nan
nan
nan
nan
nan
nan
nan
nan
nan
nan
nan
nan
nan
nan
nan
nan
nan
nan
nan
nan
nan
nan
nan
nan
nan
nan
nan
nan
nan
nan
nan
nan
nan
nan
nan
nan
nan
nan
nan
nan
nan
nan
nan
nan
nan
nan
nan
nan
nan
nan
nan
nan
nan
nan
nan
nan
nan
nan
nan
nan
nan
nan
nan
nan
nan
nan
nan
nan
nan
nan
nan
nan
nan
nan
nan
nan
nan
nan
nan
nan
nan
nan
nan
nan
nan
nan
nan
nan
nan
nan
nan
nan
nan
nan
nan
nan
nan
nan
nan
nan
nan
nan
nan
nan
nan
nan
nan
nan
nan
nan
nan
nan
nan
nan
nan
nan
nan
nan
nan
nan
nan
nan
nan
nan
nan
nan
nan
nan
nan
nan
nan
nan
nan
nan
nan
nan
nan
nan
nan
nan
nan
nan
nan
nan
nan
nan
nan
nan
nan
nan
nan
nan
nan
nan
nan
nan
nan
nan
nan
nan
nan
nan
nan
nan
nan
nan
nan
nan
nan
nan
nan
nan
nan
nan
nan
nan
nan
nan
nan
nan
nan
nan
nan
nan
nan
nan
nan
nan
nan
nan
nan
nan
nan
nan
nan
nan
nan
nan
nan
nan
nan
nan
nan
nan
nan
nan
nan
nan
nan
nan
nan
nan
nan
