3.726329405873813477e-02
3.589203344537816864e-02
3.370357136908953832e-02
3.116124869630759395e-02
2.851546817212035831e-02
2.588844152582748387e-02
2.335284237641637589e-02
2.100321550479451391e-02
1.880691014047399662e-02
1.681299989769454231e-02
1.501305927996406976e-02
1.340092121539862222e-02
1.192681241760033990e-02
1.061644254644633113e-02
9.438677861859602267e-03
8.349732885479254491e-03
7.378599996971204819e-03
6.504323200539507098e-03
5.693999547489764397e-03
4.951543300436972266e-03
4.288417488721283158e-03
3.652391582107423085e-03
3.100807949664656504e-03
2.613995354361240472e-03
2.176673511616913394e-03
1.808393593702561008e-03
1.478971833730474564e-03
1.208211775557492193e-03
9.965185820365188643e-04
8.074478987066340506e-04
6.621171792057530371e-04
5.468394539306969861e-04
4.365981650850927413e-04
3.616720900178321666e-04
2.856639104276593880e-04
2.384247742940057764e-04
1.878961895383933131e-04
1.567117257269022904e-04
1.237623904844356376e-04
1.040964071068091750e-04
8.235523349544203659e-05
6.863018028897500467e-05
5.600115281476751458e-05
4.309223155830884349e-05
3.805142664900856099e-05
2.766080242486198545e-05
2.429026154246246454e-05
2.611845297382768362e-05
1.563858613215150345e-05
1.626581210297928300e-05
1.220423239157997897e-05
1.017869632859836850e-05
7.944314641611353194e-06
5.470949771216335411e-06
4.764960580745649727e-06
3.480666174019637496e-06
2.888080953368081317e-06
2.480683351370684152e-06
1.977307155989176000e-06
1.724305991998189552e-06
1.179709568568221135e-06
1.072327442816459617e-06
1.310298345268965789e-06
6.413399843727845924e-07
8.109306897011302324e-07
5.745027912421944887e-07
3.723859777560070605e-07
3.589334825864669020e-07
2.615505843891885149e-07
3.893752535915162428e-07
1.471429634394512885e-07
1.850812763829270089e-07
1.084873945856250111e-07
8.152747698869631479e-08
1.083183690154099970e-07
5.752466025313393488e-08
5.865708706358005163e-08
3.453496047637236685e-08
4.655166330120984669e-08
4.484583805849140158e-08
2.013193638025282390e-08
4.348823426774471963e-08
1.387674536301028198e-08
1.169568472932380390e-08
1.221631837928223975e-08
7.475881871346876160e-09
9.653319872111327597e-09
5.116705291197119060e-09
6.197851678037294477e-09
6.425096300234034760e-09
3.363181492025156702e-09
5.644540984611686445e-09
3.753404752097563511e-09
2.559489277593891985e-09
2.471768329340928793e-09
1.073797011611787141e-09
4.070183480155174423e-09
6.926498269068472790e-10
2.096968389885399618e-09
3.916342830549409677e-10
8.688877407383608001e-10
2.478215320142597238e-10
5.051097523143004441e-10
2.190639291224320661e-10
1.635925342043496483e-10
2.034538996981379178e-10
9.583639591875341790e-11
1.670095941587034783e-10
6.098845059071837905e-11
1.561878182450615360e-10
1.547187706260139169e-10
9.677287575757605665e-11
3.159295364909255852e-11
1.944489658423262459e-11
1.465856979764170736e-11
1.104471015091894090e-11
8.646884063962414458e-12
6.856104180736983259e-12
5.515116913288022684e-12
4.604283579954691397e-12
4.498836633490288753e-12
4.650286923595702392e-12
4.801737213701116839e-12
5.034198459300301426e-12
5.439595831132463796e-12
5.844993202964626167e-12
6.250390574796789346e-12
6.655787946628950908e-12
7.061185318461113279e-12
7.466582690293275650e-12
7.797140220860273815e-12
8.083073449237762538e-12
8.369006677615248030e-12
8.654939905992735138e-12
8.940873134370223861e-12
9.226806362747710969e-12
9.512739591125198076e-12
9.793693684506524798e-12
1.007306512674780519e-11
1.035243656898908721e-11
1.063180801123036760e-11
1.091117945347164638e-11
1.119055089571292839e-11
1.147305454511911505e-11
1.178498877165292387e-11
1.209692299818673268e-11
1.240885722472054312e-11
1.272079145125435355e-11
1.303272567778816399e-11
1.334564540513522081e-11
1.369016854569428781e-11
1.403469168625334997e-11
1.437921482681241536e-11
1.472373796737148075e-11
1.506826110793054291e-11
1.541278424848960830e-11
1.575730738904867369e-11
1.610183052960773908e-11
1.644635367016680124e-11
1.679087681072586340e-11
1.713763246009564583e-11
1.748489075516864599e-11
1.783214905024164616e-11
1.817940734531464632e-11
1.852666564038764972e-11
1.887392393546064988e-11
1.922118223053365005e-11
1.956844052560665344e-11
1.991569882067965038e-11
2.021680261515162069e-11
2.050222426142906070e-11
2.078764590770649748e-11
2.107306755398393750e-11
2.134527321099110848e-11
2.158991386919660044e-11
2.183455452740208593e-11
2.207919518560756819e-11
2.232383584381305369e-11
2.256847650201854241e-11
2.281311716022402144e-11
2.305775781842951340e-11
2.330239847663499566e-11
2.354703913484048115e-11
2.376170842684098783e-11
2.397349021166602947e-11
2.418527199649108080e-11
2.439705378131612567e-11
2.460883556614117377e-11
2.482061735096622188e-11
2.503239913579126675e-11
2.524418092061631162e-11
2.545596270544135649e-11
3.864489356535236651e-11
7.732581048886237611e-11
1.160067274123724245e-10
1.311550203305775460e-10
1.322038307420303759e-10
1.332526411534832057e-10
1.343014515649360355e-10
1.353502619763888653e-10
1.363990723878416693e-10
1.374478827992944991e-10
1.384966932107473031e-10
1.395455036222001329e-10
1.405943140336529627e-10
1.416466690737228143e-10
1.427519280964602709e-10
1.438571871191978050e-10
1.449624461419352616e-10
1.460677051646727699e-10
1.471729641874102523e-10
1.482782232101477347e-10
1.493834822328852430e-10
1.504887412556227254e-10
1.515940002783602078e-10
1.526992593010976902e-10
1.538045183238351985e-10
1.549097773465726809e-10
1.560150363693101892e-10
1.571202953920476716e-10
1.582255544147851541e-10
1.593308134375226623e-10
1.604360724602601447e-10
1.615413314829976272e-10
1.626465905057351354e-10
1.637518495284726179e-10
1.648538427617541022e-10
1.659448734797328438e-10
1.670359041977116113e-10
1.681269349156903270e-10
1.691866918961125930e-10
1.702256069247380353e-10
1.712645219533635293e-10
1.723034369819890233e-10
1.732496753380146355e-10
1.741929143437600650e-10
1.751361533495055203e-10
1.760150692344757121e-10
1.766466434107366232e-10
1.772782175869975343e-10
1.779097917632583937e-10
1.785413659395193049e-10
1.791729401157801901e-10
1.798045142920411013e-10
1.804360884683019865e-10
1.810676626445628977e-10
1.816992368208238088e-10
1.823308109970846682e-10
1.829623851733455793e-10
1.835939593496064646e-10
1.842255335258673757e-10
1.848571077021282868e-10
1.854886818783891463e-10
1.861202560546500315e-10
1.867518302309109427e-10
1.873834044071718538e-10
1.880149785834327390e-10
1.886465527596936502e-10
1.892781269359545613e-10
1.899097011122154207e-10
1.905412752884763318e-10
1.911728494647372171e-10
1.918835154403940930e-10
1.926163852457461868e-10
1.933492550510983323e-10
1.940787490896825199e-10
1.947704663933617990e-10
1.954621836970411038e-10
1.961539010007203829e-10
1.968310335397274161e-10
1.974771200586663287e-10
1.981232065776052154e-10
1.987692930965441538e-10
1.993969783478264019e-10
2.000038564369426591e-10
2.006107345260589164e-10
2.012176126151751736e-10
2.018071804695511681e-10
2.023821842448290701e-10
2.029571880201069463e-10
2.035321917953848483e-10
2.041071955706627503e-10
2.046821993459406782e-10
2.052572031212185802e-10
2.058322068964964823e-10
2.064072106717743584e-10
2.069822144470522605e-10
2.075572182223301883e-10
2.081322219976080903e-10
2.087072257728859924e-10
2.092822295481638944e-10
2.098572333234417706e-10
2.104322370987197243e-10
2.110072408739976005e-10
2.115822446492755025e-10
2.121572484245534045e-10
2.127322521998313065e-10
2.133072559751092344e-10
2.138822597503870847e-10
2.144572635256650126e-10
2.150322673009429146e-10
2.156072710762208166e-10
2.161822748514987445e-10
2.167572786267766465e-10
2.173322824020545485e-10
2.177731069232152583e-10
2.181431796783506470e-10
2.185132524334860616e-10
2.188833251886214503e-10
2.192511297205636923e-10
2.195980898015678938e-10
2.199450498825720954e-10
2.202920099635762711e-10
2.206389700445804985e-10
2.209859301255846742e-10
2.213328902065888758e-10
2.216798502875931032e-10
2.220268103685972789e-10
2.223737704496014805e-10
2.226977355411587806e-10
2.230201617178792461e-10
2.233425878945996858e-10
2.236650140713201512e-10
2.239834328108392739e-10
2.242852625488845879e-10
2.245870922869299018e-10
2.248889220249751899e-10
2.251907517630205039e-10
2.254827994172866144e-10
2.257555908968141804e-10
2.260283823763417463e-10
2.263011738558693381e-10
2.265739653353969041e-10
2.268432845431537748e-10
2.270932031750206467e-10
2.273431218068875187e-10
2.275930404387544166e-10
2.278429590706213144e-10
2.280928777024882122e-10
2.283462149478108854e-10
2.286012132031579237e-10
2.288562114585049878e-10
2.291112097138520261e-10
2.293662079691990643e-10
2.296211304208152352e-10
2.298759554170290348e-10
2.301307804132428086e-10
2.303856054094565566e-10
2.306404304056703303e-10
2.308888210688397556e-10
2.311265674522110555e-10
2.313643138355823295e-10
2.316020602189536293e-10
2.318398066023249291e-10
2.320760601474860077e-10
2.322949015435812341e-10
2.325137429396765122e-10
2.327325843357717644e-10
2.329514257318670166e-10
2.331702671279622688e-10
2.333943895427554654e-10
2.336237179018927129e-10
2.338529355400271571e-10
2.340738236901250464e-10
2.342947118402229357e-10
2.345175564928832642e-10
2.347450288920848638e-10
2.349725012912864118e-10
2.351902453363419221e-10
2.354051338077931206e-10
2.356221043041836593e-10
2.358563540348304066e-10
2.360906037654771538e-10
2.363248534961239010e-10
2.365591032267706482e-10
2.367933529574173954e-10
2.370276026880640910e-10
2.372618524187108899e-10
2.374961021493576371e-10
2.377303518800043326e-10
2.379646016106510798e-10
2.381988513412978270e-10
2.384331010719445743e-10
2.386673508025913215e-10
2.389016005332380687e-10
2.391358502638847642e-10
2.393700999945315631e-10
2.396043497251782587e-10
2.398385994558250059e-10
2.400728491864717531e-10
2.403070989171185003e-10
2.405413486477652475e-10
2.407755983784119948e-10
2.410098481090587420e-10
2.412440978397054892e-10
2.414783475703522364e-10
2.417125973009989319e-10
2.419468470316456792e-10
2.421810967622924264e-10
2.424153464929391736e-10
2.426495962235859208e-10
2.428838459542326680e-10
2.431180956848794152e-10
2.433523454155261625e-10
2.435865951461729097e-10
2.438208448768196052e-10
2.440550946074664041e-10
2.442484937505383342e-10
2.444097990132171372e-10
2.445711042758959402e-10
2.447324095385747433e-10
2.448937148012535463e-10
2.450550200639324010e-10
2.452163253266112040e-10
2.453776305892900071e-10
2.455389358519688101e-10
2.457002411146476131e-10
2.458615463773264678e-10
2.460228516400052709e-10
2.461841569026840739e-10
2.463454621653629286e-10
2.465063071959527583e-10
2.466654639098549991e-10
2.468246206237572916e-10
2.470025177749490156e-10
2.471948850358972061e-10
2.473872522968453450e-10
2.475796195577935872e-10
2.477719868187417778e-10
2.479643540796899683e-10
2.481567213406381588e-10
2.483490886015863494e-10
2.485414558625345399e-10
2.487338231234827822e-10
2.489261903844309727e-10
2.491185576453791116e-10
2.493109249063273538e-10
2.495032921672755443e-10
2.496956594282237349e-10
2.498880266891719254e-10
2.500803939501201160e-10
2.502727612110683065e-10
2.504651284720164971e-10
2.506574957329647393e-10
2.508498629939128782e-10
2.510422302548610687e-10
2.512345975158093109e-10
2.514269647767575015e-10
2.516193320377056920e-10
2.518116992986538826e-10
2.520040665596020731e-10
2.521964338205502637e-10
2.523888010814985059e-10
2.525770548360184048e-10
2.527208992028929442e-10
2.528647435697675354e-10
2.530085879366420748e-10
2.531524323035166659e-10
2.532962766703912054e-10
2.534401210372657965e-10
2.535839654041403359e-10
2.537278097710149271e-10
2.538716541378895182e-10
2.540154985047640576e-10
2.541593428716386488e-10
2.543031872385131882e-10
2.544470316053877793e-10
2.545908759722623188e-10
2.547347203391369099e-10
2.548785647060115010e-10
2.550224090728860405e-10
2.551662534397606316e-10
2.553100978066351710e-10
2.554539421735097622e-10
2.555977865403843016e-10
2.557416309072588927e-10
2.558854752741334322e-10
2.560293196410080233e-10
2.561731640078826144e-10
2.563170083747571539e-10
2.564605282555565778e-10
2.566014736864273415e-10
2.567424191172981051e-10
2.568833645481689205e-10
2.570243099790396324e-10
2.571652554099104478e-10
2.573062008407812114e-10
2.574471462716519751e-10
2.575880917025227387e-10
2.577290371333935024e-10
2.578699825642643177e-10
2.580109279951350814e-10
2.581518734260058450e-10
2.582928188568766087e-10
2.584337642877473723e-10
2.585747097186181360e-10
2.587156551494889513e-10
2.588566005803597150e-10
2.589975460112304786e-10
2.591384914421012423e-10
2.592794368729720576e-10
2.594203823038428212e-10
2.595613277347135332e-10
2.597022731655843485e-10
2.598432185964551122e-10
2.599841640273258758e-10
2.601251094581966395e-10
2.602660548890674548e-10
2.604070003199382185e-10
2.605479457508089821e-10
2.606888911816797458e-10
2.608298366125505611e-10
2.609707820434212731e-10
2.611117274742920884e-10
2.612526729051628521e-10
2.613936183360336157e-10
2.615345637669043794e-10
2.616755091977751430e-10
2.618131420911246619e-10
2.619499680008410279e-10
2.620867939105573422e-10
2.622236198202737082e-10
2.623604457299900225e-10
2.624972716397063884e-10
2.626340975494227027e-10
2.627709234591390170e-10
2.629077493688553830e-10
2.630445752785716973e-10
2.631814011882880116e-10
2.633182270980043258e-10
2.634550530077206918e-10
2.635918789174370061e-10
2.637287048271533721e-10
2.638655307368696864e-10
2.640023566465860524e-10
2.641391825563023667e-10
2.642760084660186809e-10
2.644128343757349952e-10
2.645496602854513612e-10
2.646864861951676755e-10
2.648233121048839898e-10
2.649601380146003558e-10
2.650969639243166700e-10
2.652337898340330360e-10
2.653706157437493503e-10
2.655074416534656646e-10
2.656442675631819789e-10
2.657678151660363349e-10
2.658857002648751470e-10
2.660035853637139074e-10
2.661214704625526678e-10
2.662393555613914799e-10
2.663572406602302403e-10
2.664751257590690524e-10
2.665930108579078128e-10
2.667108959567465732e-10
2.668287810555853337e-10
2.669466661544241458e-10
2.670645512532629062e-10
2.671824363521017183e-10
2.673003214509404787e-10
2.674182065497792391e-10
2.675360916486180512e-10
2.676539767474568116e-10
2.677718618462955720e-10
2.678897469451343841e-10
2.680076320439731963e-10
2.681255171428119567e-10
2.682434022416507171e-10
2.683612873404894775e-10
2.684791724393282896e-10
2.685970575381670500e-10
2.687149426370058621e-10
2.688328277358446225e-10
2.689450954607072425e-10
2.690438815706488407e-10
2.691426676805904906e-10
2.692414537905321405e-10
2.693402399004737388e-10
2.694390260104153887e-10
2.695378121203569869e-10
2.696365982302986368e-10
2.697353843402402868e-10
2.698341704501818850e-10
2.699329565601235349e-10
2.700317426700651848e-10
2.701305287800067831e-10
2.702339978223681344e-10
2.703457185778997819e-10
2.704574393334315327e-10
2.705691600889631802e-10
2.706808808444949310e-10
2.707926016000265784e-10
2.709043223555582776e-10
2.710160431110900284e-10
2.711277638666216759e-10
2.712394846221534267e-10
2.713512053776851258e-10
2.714629261332167216e-10
2.715746468887484724e-10
2.716863676442801716e-10
2.717980883998118707e-10
2.719098091553435698e-10
2.720215299108752173e-10
2.721332506664069681e-10
2.722449714219386673e-10
2.723566921774703664e-10
2.724684129330020139e-10
2.725801336885337130e-10
2.726918544440654121e-10
nan
nan
nan
nan
nan
nan
nan
nan
nan
nan
nan
nan
nan
nan
nan
nan
nan
nan
nan
nan
nan
nan
nan
nan
nan
nan
nan
nan
nan
nan
nan
nan
nan
nan
nan
nan
nan
nan
nan
nan
nan
nan
nan
nan
nan
nan
nan
nan
nan
nan
nan
nan
nan
nan
nan
nan
nan
nan
nan
nan
nan
nan
nan
nan
nan
nan
nan
nan
nan
nan
nan
nan
nan
nan
nan
nan
nan
nan
nan
nan
nan
nan
nan
nan
nan
nan
nan
nan
nan
nan
nan
nan
nan
nan
nan
nan
nan
nan
nan
nan
nan
nan
nan
nan
nan
nan
nan
nan
nan
nan
nan
nan
nan
nan
nan
nan
nan
nan
nan
nan
nan
nan
nan
nan
nan
nan
nan
nan
nan
nan
nan
nan
nan
nan
nan
nan
nan
nan
nan
nan
nan
nan
nan
nan
nan
nan
nan
nan
nan
nan
nan
nan
nan
nan
nan
nan
nan
nan
nan
nan
nan
nan
nan
nan
nan
nan
nan
nan
nan
nan
nan
nan
nan
nan
nan
nan
nan
nan
nan
nan
nan
nan
nan
nan
nan
nan
nan
nan
nan
nan
nan
nan
nan
nan
nan
nan
nan
nan
nan
nan
nan
nan
nan
nan
nan
nan
nan
nan
nan
nan
nan
nan
nan
nan
nan
nan
nan
nan
nan
nan
nan
nan
nan
nan
nan
nan
nan
nan
nan
nan
nan
nan
nan
nan
nan
nan
nan
nan
nan
nan
nan
nan
nan
nan
nan
nan
nan
nan
nan
nan
nan
nan
nan
nan
nan
nan
nan
nan
nan
nan
nan
nan
nan
nan
nan
nan
nan
nan
nan
nan
nan
nan
nan
nan
nan
nan
nan
nan
nan
nan
nan
nan
nan
nan
nan
nan
nan
nan
nan
nan
nan
nan
nan
nan
nan
nan
nan
nan
nan
nan
nan
nan
nan
nan
nan
nan
nan
nan
nan
nan
nan
nan
nan
nan
nan
nan
nan
nan
nan
nan
nan
nan
nan
nan
nan
nan
nan
nan
nan
nan
nan
nan
nan
nan
nan
nan
nan
nan
nan
nan
nan
nan
nan
nan
nan
nan
nan
nan
nan
nan
nan
nan
nan
nan
nan
nan
nan
nan
nan
nan
nan
nan
nan
nan
nan
nan
nan
nan
nan
nan
nan
nan
nan
nan
nan
nan
nan
nan
nan
nan
nan
nan
nan
nan
nan
nan
nan
nan
nan
nan
