3.666413734731187313e-02
3.535238559465744140e-02
3.324936544320953452e-02
3.078463304947914522e-02
2.820531771568663207e-02
2.564093517778431516e-02
2.317444333363262443e-02
2.086079686118320203e-02
1.870230014436344984e-02
1.675517595858145789e-02
1.498085745104353952e-02
1.337365610476284883e-02
1.191868126852836489e-02
1.063002870395437539e-02
9.448381898441667037e-03
8.371813133531429488e-03
7.410345378872758293e-03
6.548306687284284437e-03
5.734544884896402087e-03
5.001582526855691095e-03
4.338724392230204445e-03
3.704315076689815647e-03
3.165327410815717279e-03
2.667947991681523731e-03
2.234442510985158812e-03
1.860897819764722495e-03
1.534067521369970053e-03
1.257275358368944518e-03
1.042716781212238300e-03
8.491360266788312459e-04
6.987749024126406949e-04
5.785267565782422185e-04
4.643222962101989783e-04
3.864007225027828759e-04
3.095840185395221404e-04
2.571873307229015143e-04
2.063080862552663748e-04
1.704827652337881859e-04
1.371644337142879845e-04
1.138209621992779545e-04
9.394224343728484596e-05
7.393727725015467208e-05
6.447557748743362749e-05
4.829525792814864471e-05
4.390813815016381480e-05
3.363135100901606657e-05
2.820376869428274744e-05
2.940260749741603708e-05
1.878505452253759480e-05
1.818446683325620924e-05
1.462096274354343635e-05
1.139049526513025050e-05
9.412883778146323603e-06
6.087910452166231052e-06
5.837177319474579204e-06
4.400734782496589400e-06
3.546317682018470629e-06
3.118130214600633569e-06
2.234653784870906178e-06
2.158310898017778887e-06
1.461398801873547926e-06
1.312450809221617382e-06
1.504109590632031827e-06
7.839926730281315817e-07
9.066490133563926615e-07
6.917068668251916781e-07
4.608195138339723345e-07
4.577401287228328858e-07
2.865438219418804813e-07
5.486619082769585221e-07
1.934557273702141702e-07
2.707651895898463750e-07
1.631820749566565490e-07
1.364922409779309566e-07
1.643224739623066959e-07
6.680013150150127640e-08
8.145833570559807057e-08
4.622591819868986854e-08
6.123206929136559684e-08
5.952624404864714511e-08
2.474168412698833352e-08
5.040283473266989204e-08
2.010325799174242893e-08
1.787610221445795596e-08
1.714846030853668118e-08
9.413450918165800569e-09
1.332558014974741446e-08
5.796246019472391707e-09
8.141368586226231756e-09
7.976677803807180583e-09
4.419264697841485166e-09
7.043276953892820696e-09
5.164195706936036292e-09
3.442075584068149863e-09
3.120284703901482716e-09
2.726345598954464430e-09
5.598772251530980191e-09
1.149224874575109156e-09
2.986540043800226635e-09
5.154178851749425501e-10
1.129028541682976389e-09
4.085155047430509071e-10
7.900550438003861885e-10
4.120801357930785609e-10
3.124560928598869903e-10
3.419646315079446457e-10
1.272220158155766203e-10
2.672906491420304995e-10
9.222623079696315800e-11
2.137632380956304689e-10
2.122941904765828497e-10
1.053469898955940879e-10
7.945566391875732585e-11
3.029847382465824034e-11
2.453597382465826283e-11
1.945302477848118332e-11
1.581552477848119200e-11
1.257635411703703252e-11
1.017852803008050608e-11
8.166645147853104186e-12
6.719145147853100105e-12
5.490415037500430057e-12
4.579581704167098770e-12
4.103408175285313837e-12
4.254858465390728283e-12
4.652702425601991942e-12
5.058099797434154312e-12
5.463497169266315875e-12
5.868894541098479054e-12
6.274291912930640617e-12
6.679689284762802987e-12
7.062422291623899875e-12
7.348355520001388598e-12
7.634288748378875706e-12
7.920221976756362814e-12
8.206155205133849921e-12
8.492088433511338644e-12
8.778021661888825752e-12
9.062434098296546062e-12
9.341805540537826458e-12
9.621176982779108470e-12
9.900548425020388866e-12
1.017991986726166765e-11
1.045929130950294966e-11
1.073866275174423005e-11
1.103371466214332815e-11
1.134564888867713859e-11
1.165758311521094579e-11
1.196951734174475784e-11
1.228145156827856666e-11
1.259338579481237710e-11
1.291626468864892804e-11
1.326078782920799181e-11
1.360531096976705720e-11
1.394983411032612098e-11
1.429435725088518475e-11
1.463888039144424853e-11
1.498340353200331392e-11
1.532792667256237931e-11
1.567244981312144470e-11
1.601697295368050686e-11
1.636149609423957225e-11
1.670872028749608349e-11
1.705597858256908366e-11
1.740323687764208382e-11
1.775049517271508399e-11
1.809775346778808738e-11
1.844501176286108755e-11
1.879227005793408771e-11
1.913952835300709111e-11
1.948678664808008804e-11
1.978467167581189848e-11
2.007009332208933849e-11
2.035551496836677850e-11
2.064093661464421528e-11
2.091339073614580036e-11
2.115803139435128585e-11
2.140267205255677134e-11
2.164731271076225684e-11
2.189195336896774233e-11
2.213659402717322782e-11
2.238123468537871332e-11
2.262587534358420204e-11
2.287051600178968430e-11
2.311515665999516980e-11
2.333409242876565388e-11
2.354587421359069552e-11
2.375765599841574039e-11
2.396943778324078526e-11
2.418121956806583337e-11
2.439300135289087824e-11
2.460478313771592634e-11
2.481656492254097121e-11
2.502834670736601931e-11
2.837944051309054999e-11
6.706035743660058867e-11
1.057412743601106241e-10
1.288982156215995012e-10
1.299470260330523310e-10
1.309958364445051609e-10
1.320446468559579907e-10
1.330934572674108205e-10
1.341422676788636245e-10
1.351910780903164543e-10
1.362398885017692841e-10
1.372886989132220881e-10
1.383375093246749179e-10
1.393863197361277477e-10
1.404761418648387121e-10
1.415814008875761945e-10
1.426866599103137028e-10
1.437919189330511852e-10
1.448971779557886677e-10
1.460024369785261501e-10
1.471076960012636325e-10
1.482129550240011149e-10
1.493182140467386232e-10
1.504234730694761056e-10
1.515287320922136139e-10
1.526339911149510963e-10
1.537392501376886046e-10
1.548445091604260612e-10
1.559497681831635694e-10
1.570550272059010519e-10
1.581602862286385601e-10
1.592655452513760425e-10
1.603708042741135250e-10
1.614760632968510074e-10
1.625813223195885157e-10
1.636773360648204164e-10
1.647683667827991322e-10
1.658593975007778737e-10
1.669504282187566153e-10
1.679904940911377200e-10
1.690294091197632140e-10
1.700683241483886821e-10
1.710781494729604740e-10
1.720213884787059294e-10
1.729646274844513847e-10
1.739078664901968400e-10
1.746959563668241964e-10
1.753275305430850816e-10
1.759591047193459928e-10
1.765906788956068780e-10
1.772222530718677633e-10
1.778538272481286486e-10
1.784854014243895597e-10
1.791169756006504708e-10
1.797485497769113561e-10
1.803801239531722414e-10
1.810116981294331266e-10
1.816432723056940378e-10
1.822748464819549489e-10
1.829064206582158341e-10
1.835379948344767453e-10
1.841695690107376305e-10
1.848011431869985158e-10
1.854327173632594011e-10
1.860642915395203122e-10
1.866958657157812233e-10
1.873274398920421086e-10
1.879590140683029939e-10
1.885905882445638791e-10
1.892221624208247903e-10
1.898537365970856755e-10
1.905650055376519398e-10
1.912978753430040336e-10
1.920307451483561791e-10
1.927617731951187986e-10
1.934534904987980777e-10
1.941452078024773567e-10
1.948369251061566616e-10
1.955177650827085321e-10
1.961638516016474188e-10
1.968099381205863572e-10
1.974560246395252698e-10
1.980886598905561595e-10
1.986955379796724167e-10
1.993024160687886740e-10
1.999092941579049312e-10
2.005043487158027933e-10
2.010793524910806953e-10
2.016543562663586232e-10
2.022293600416365252e-10
2.028043638169144272e-10
2.033793675921923034e-10
2.039543713674702054e-10
2.045293751427481333e-10
2.051043789180260353e-10
2.056793826933039373e-10
2.062543864685818394e-10
2.068293902438597155e-10
2.074043940191376176e-10
2.079793977944155454e-10
2.085544015696934474e-10
2.091294053449713495e-10
2.097044091202492515e-10
2.102794128955271277e-10
2.108544166708050814e-10
2.114294204460829576e-10
2.120044242213608596e-10
2.125794279966387616e-10
2.131544317719166636e-10
2.137294355471945915e-10
2.143044393224724935e-10
2.148794430977503697e-10
2.154544468730282717e-10
2.160294506483061737e-10
2.165723462423019378e-10
2.169424189974373523e-10
2.173124917525727410e-10
2.176825645077081297e-10
2.180526372628435184e-10
2.184100718284889739e-10
2.187570319094931755e-10
2.191039919904973512e-10
2.194509520715015786e-10
2.197979121525057801e-10
2.201448722335099558e-10
2.204918323145141833e-10
2.208387923955183590e-10
2.211857524765225605e-10
2.215258705875205303e-10
2.218482967642409957e-10
2.221707229409614612e-10
2.224931491176819009e-10
2.228155752944023663e-10
2.231280998539911686e-10
2.234299295920364825e-10
2.237317593300818223e-10
2.240335890681270846e-10
2.243354188061723986e-10
2.246208050483110846e-10
2.248935965278386505e-10
2.251663880073662682e-10
2.254391794868938341e-10
2.257119709664214259e-10
2.259774291969389990e-10
2.262273478288058969e-10
2.264772664606727947e-10
2.267271850925396667e-10
2.269771037244065645e-10
2.272270223562734365e-10
2.274808917900620230e-10
2.277358900454090613e-10
2.279908883007560996e-10
2.282458865561031378e-10
2.285008848114502278e-10
2.287557997123540416e-10
2.290106247085677895e-10
2.292654497047815633e-10
2.295202747009953629e-10
2.297750996972091367e-10
2.300237562120023014e-10
2.302615025953736012e-10
2.304992489787448493e-10
2.307369953621161492e-10
2.309747417454874490e-10
2.312124601097967949e-10
2.314313015058920730e-10
2.316501429019873252e-10
2.318689842980826033e-10
2.320878256941778555e-10
2.323066670902730819e-10
2.325292935973153367e-10
2.327586219564525843e-10
2.329879503155898318e-10
2.332101773617534375e-10
2.334310655118513267e-10
2.336525703111850745e-10
2.338800427103866742e-10
2.341075151095882221e-10
2.343281911259695805e-10
2.345430795974207790e-10
2.347579680688719775e-10
2.349891856180690651e-10
2.352234353487157607e-10
2.354576850793625596e-10
2.356919348100092551e-10
2.359261845406560023e-10
2.361604342713027495e-10
2.363946840019494968e-10
2.366289337325962440e-10
2.368631834632429912e-10
2.370974331938897384e-10
2.373316829245364856e-10
2.375659326551832329e-10
2.378001823858299284e-10
2.380344321164767273e-10
2.382686818471234228e-10
2.385029315777701700e-10
2.387371813084169173e-10
2.389714310390636645e-10
2.392056807697103600e-10
2.394399305003571589e-10
2.396741802310038544e-10
2.399084299616506016e-10
2.401426796922974006e-10
2.403769294229440961e-10
2.406111791535908433e-10
2.408454288842375905e-10
2.410796786148843377e-10
2.413139283455310850e-10
2.415481780761778322e-10
2.417824278068245277e-10
2.420166775374713266e-10
2.422509272681180738e-10
2.424851769987647694e-10
2.427194267294115166e-10
2.429536764600582638e-10
2.431879261907050110e-10
2.434221759213517582e-10
2.435930562853235856e-10
2.437543615480023886e-10
2.439156668106811916e-10
2.440769720733599946e-10
2.442382773360387977e-10
2.443995825987176007e-10
2.445608878613964554e-10
2.447221931240752584e-10
2.448834983867540614e-10
2.450448036494329162e-10
2.452061089121117192e-10
2.453674141747905222e-10
2.455287194374693252e-10
2.456900247001481283e-10
2.458505666840431208e-10
2.460097233979454133e-10
2.461688801118477058e-10
2.463504329727276151e-10
2.465428002336758056e-10
2.467351674946239961e-10
2.469275347555721867e-10
2.471199020165204289e-10
2.473122692774686195e-10
2.475046365384168100e-10
2.476970037993650006e-10
2.478893710603131911e-10
2.480817383212613816e-10
2.482741055822095722e-10
2.484664728431577627e-10
2.486588401041059533e-10
2.488512073650541438e-10
2.490435746260023861e-10
2.492359418869505766e-10
2.494283091478987671e-10
2.496206764088469577e-10
2.498130436697951482e-10
2.500054109307433388e-10
2.501977781916915293e-10
2.503901454526397199e-10
2.505825127135879104e-10
2.507748799745361009e-10
2.509672472354843432e-10
2.511596144964325337e-10
2.513519817573807243e-10
2.515443490183289148e-10
2.517367162792771054e-10
2.519290835402252959e-10
2.520801910634346562e-10
2.522240354303092473e-10
2.523678797971838385e-10
2.525117241640583779e-10
2.526555685309329690e-10
2.527994128978075085e-10
2.529432572646820996e-10
2.530871016315566390e-10
2.532309459984312302e-10
2.533747903653058213e-10
2.535186347321803607e-10
2.536624790990549519e-10
2.538063234659294913e-10
2.539501678328040824e-10
2.540940121996786219e-10
2.542378565665532130e-10
2.543817009334277524e-10
2.545255453003023436e-10
2.546693896671769347e-10
2.548132340340514741e-10
2.549570784009260653e-10
2.551009227678006047e-10
2.552447671346751958e-10
2.553886115015497353e-10
2.555324558684243264e-10
2.556763002352989175e-10
2.558201446021734570e-10
2.559623590916271960e-10
2.561033045224979597e-10
2.562442499533687750e-10
2.563851953842394870e-10
2.565261408151103023e-10
2.566670862459810659e-10
2.568080316768518296e-10
2.569489771077225932e-10
2.570899225385934086e-10
2.572308679694641722e-10
2.573718134003349359e-10
2.575127588312056995e-10
2.576537042620765149e-10
2.577946496929472268e-10
2.579355951238179905e-10
2.580765405546888058e-10
2.582174859855595695e-10
2.583584314164303331e-10
2.584993768473010968e-10
2.586403222781719121e-10
2.587812677090426758e-10
2.589222131399134394e-10
2.590631585707842031e-10
2.592041040016549667e-10
2.593450494325257304e-10
2.594859948633964940e-10
2.596269402942673093e-10
2.597678857251380730e-10
2.599088311560088366e-10
2.600497765868796003e-10
2.601907220177503639e-10
2.603316674486211276e-10
2.604726128794919429e-10
2.606135583103627066e-10
2.607545037412334702e-10
2.608954491721042339e-10
2.610363946029750492e-10
2.611773400338458129e-10
2.613149141342895477e-10
2.614517400440058620e-10
2.615885659537222280e-10
2.617253918634385423e-10
2.618622177731549083e-10
2.619990436828711709e-10
2.621358695925875368e-10
2.622726955023038511e-10
2.624095214120202171e-10
2.625463473217365314e-10
2.626831732314528457e-10
2.628199991411692117e-10
2.629568250508855260e-10
2.630936509606018402e-10
2.632304768703182062e-10
2.633673027800345205e-10
2.635041286897508348e-10
2.636409545994672008e-10
2.637777805091835151e-10
2.639146064188998810e-10
2.640514323286161953e-10
2.641882582383325096e-10
2.643250841480488756e-10
2.644619100577651899e-10
2.645987359674815042e-10
2.647355618771978701e-10
2.648723877869141844e-10
2.650092136966304987e-10
2.651460396063468647e-10
2.652757593558746854e-10
2.653936444547134458e-10
2.655115295535522062e-10
2.656294146523910183e-10
2.657472997512297787e-10
2.658651848500685908e-10
2.659830699489073512e-10
2.661009550477461633e-10
2.662188401465849237e-10
2.663367252454236842e-10
2.664546103442624446e-10
2.665724954431012567e-10
2.666903805419400171e-10
2.668082656407788292e-10
2.669261507396175896e-10
2.670440358384564017e-10
2.671619209372951621e-10
2.672798060361339225e-10
2.673976911349726830e-10
2.675155762338114951e-10
2.676334613326503072e-10
2.677513464314890676e-10
2.678692315303278280e-10
2.679871166291665884e-10
2.681050017280054005e-10
2.682228868268441609e-10
2.683407719256829730e-10
2.684586570245217334e-10
2.685641671138500208e-10
2.686629532237916707e-10
2.687617393337332689e-10
2.688605254436749188e-10
2.689593115536165171e-10
2.690580976635581670e-10
2.691568837734998169e-10
2.692556698834414151e-10
2.693544559933830651e-10
2.694532421033246633e-10
2.695520282132663132e-10
2.696508143232079631e-10
2.697496004331495614e-10
2.698556910746489271e-10
2.699674118301805745e-10
2.700791325857122737e-10
2.701908533412439728e-10
2.703025740967756719e-10
2.704142948523073711e-10
2.705260156078390702e-10
2.706377363633707694e-10
2.707494571189024685e-10
2.708611778744341676e-10
2.709728986299658151e-10
2.710846193854975142e-10
2.711963401410292651e-10
2.713080608965609125e-10
2.714197816520926117e-10
2.715315024076243108e-10
2.716432231631560099e-10
2.717549439186877608e-10
2.718666646742194082e-10
2.719783854297510557e-10
2.720901061852828065e-10
2.722018269408144539e-10
2.723135476963462048e-10
nan
nan
nan
nan
nan
nan
nan
nan
nan
nan
nan
nan
nan
nan
nan
nan
nan
nan
nan
nan
nan
nan
nan
nan
nan
nan
nan
nan
nan
nan
nan
nan
nan
nan
nan
nan
nan
nan
nan
nan
nan
nan
nan
nan
nan
nan
nan
nan
nan
nan
nan
nan
nan
nan
nan
nan
nan
nan
nan
nan
nan
nan
nan
nan
nan
nan
nan
nan
nan
nan
nan
nan
nan
nan
nan
nan
nan
nan
nan
nan
nan
nan
nan
nan
nan
nan
nan
nan
nan
nan
nan
nan
nan
nan
nan
nan
nan
nan
nan
nan
nan
nan
nan
nan
nan
nan
nan
nan
nan
nan
nan
nan
nan
nan
nan
nan
nan
nan
nan
nan
nan
nan
nan
nan
nan
nan
nan
nan
nan
nan
nan
nan
nan
nan
nan
nan
nan
nan
nan
nan
nan
nan
nan
nan
nan
nan
nan
nan
nan
nan
nan
nan
nan
nan
nan
nan
nan
nan
nan
nan
nan
nan
nan
nan
nan
nan
nan
nan
nan
nan
nan
nan
nan
nan
nan
nan
nan
nan
nan
nan
nan
nan
nan
nan
nan
nan
nan
nan
nan
nan
nan
nan
nan
nan
nan
nan
nan
nan
nan
nan
nan
nan
nan
nan
nan
nan
nan
nan
nan
nan
nan
nan
nan
nan
nan
nan
nan
nan
nan
nan
nan
nan
nan
nan
nan
nan
nan
nan
nan
nan
nan
nan
nan
nan
nan
nan
nan
nan
nan
nan
nan
nan
nan
nan
nan
nan
nan
nan
nan
nan
nan
nan
nan
nan
nan
nan
nan
nan
nan
nan
nan
nan
nan
nan
nan
nan
nan
nan
nan
nan
nan
nan
nan
nan
nan
nan
nan
nan
nan
nan
nan
nan
nan
nan
nan
nan
nan
nan
nan
nan
nan
nan
nan
nan
nan
nan
nan
nan
nan
nan
nan
nan
nan
nan
nan
nan
nan
nan
nan
nan
nan
nan
nan
nan
nan
nan
nan
nan
nan
nan
nan
nan
nan
nan
nan
nan
nan
nan
nan
nan
nan
nan
nan
nan
nan
nan
nan
nan
nan
nan
nan
nan
nan
nan
nan
nan
nan
nan
nan
nan
nan
nan
nan
nan
nan
nan
nan
nan
nan
nan
nan
nan
nan
nan
nan
nan
nan
nan
nan
nan
nan
nan
nan
nan
nan
nan
nan
nan
nan
nan
nan
nan
nan
