8.770015103219165609e-02
7.925374253470773844e-02
6.787942547878604571e-02
5.643168333280881160e-02
4.623054155599426451e-02
3.757670197422982583e-02
3.039844456011610990e-02
2.454202263580228943e-02
1.975202137436363539e-02
1.585319351901093299e-02
1.268289851649188373e-02
1.011309648167529711e-02
8.026883717334992036e-03
6.321562518203385772e-03
4.936826895977070376e-03
3.793174440642299410e-03
2.868151701446316169e-03
2.100691694685127148e-03
1.475711586035794538e-03
9.521271728598720190e-04
5.415768674272346348e-04
2.578059334201523176e-04
1.077992056998936036e-04
4.156889189693610656e-05
1.464464822463767939e-05
4.689345760196205142e-06
1.350527680804402268e-06
3.649372946317285691e-07
9.246719150143688213e-08
2.264969203157565657e-08
5.495966602124725225e-09
1.297552214573817704e-09
3.066497505184346153e-10
6.937891914850493739e-11
1.211720252566012966e-11
1.302389919143661050e-11
1.331837734076682030e-11
1.422792105521769135e-11
1.404623013669258740e-11
1.329252748197095421e-11
1.253882482724932263e-11
1.272068691994500137e-11
1.347282470305145658e-11
1.393896697278484566e-11
1.440510924251823473e-11
1.487125151225162219e-11
1.533739378198500804e-11
1.556477815184711328e-11
1.550922240731759856e-11
1.545366666278808061e-11
1.539811091825856589e-11
1.534255517372905117e-11
1.881689379460757362e-11
2.821424276290504216e-11
2.862316661703113138e-11
2.903209047115722383e-11
2.944101432528330982e-11
2.984993817940940226e-11
3.043578697741535020e-11
3.113669350439048999e-11
3.183760003136563624e-11
3.253850655834077603e-11
2.811423086055083244e-11
2.839563428348016950e-11
2.867703770640950332e-11
2.895844112933884038e-11
2.923984455226817098e-11
2.939829220793424494e-11
2.954974249803966019e-11
2.970119278814507545e-11
2.985264307825048424e-11
3.015111546470303509e-11
3.055651283653520311e-11
3.096191020836736468e-11
3.133195532034735487e-11
3.161788854872484359e-11
3.190382177710232585e-11
3.218975500547982104e-11
3.246960546412881559e-11
3.274897690637009598e-11
3.302834834861138284e-11
3.332916744033323655e-11
3.364110166686704699e-11
3.395303589340085096e-11
3.428722857519306174e-11
3.463175171575213036e-11
3.497627485631119252e-11
3.532079799687026114e-11
3.566532113742932330e-11
3.601168374705461465e-11
3.635894204212761158e-11
3.670620033720061498e-11
3.705345863227361191e-11
3.738690718278622067e-11
3.767232882906366069e-11
3.795554998816879750e-11
3.820019064637427976e-11
3.844483130457976848e-11
3.868947196278525074e-11
3.893411262099073947e-11
3.916439617517227250e-11
3.937617795999732060e-11
3.958795974482236871e-11
3.979974152964741035e-11
4.001152331447245845e-11
6.869149215004631665e-11
1.073724090735563779e-10
1.460533259970664263e-10
1.847342429205764876e-10
2.096778477963289191e-10
2.107266582077817748e-10
2.117754686192345787e-10
2.128242790306874344e-10
2.138730894421402384e-10
2.149218998535930682e-10
2.160037734064284771e-10
2.171090324291659854e-10
2.182142914519034678e-10
2.193195504746409760e-10
2.204248094973784585e-10
2.215300685201159150e-10
2.226353275428534233e-10
2.237405865655909057e-10
2.248458455883284140e-10
2.259511046110658706e-10
2.270563636338033788e-10
2.281589655919923369e-10
2.292499963099710785e-10
2.303305577763456846e-10
2.313694728049711786e-10
2.323879191613326401e-10
2.333311581670780954e-10
2.342259632216713286e-10
2.348575373979322139e-10
2.354891115741930992e-10
2.361206857504540362e-10
2.367522599267148697e-10
2.373838341029758067e-10
2.380154082792366920e-10
2.386469824554975772e-10
2.392785566317585142e-10
2.399101308080193995e-10
2.405417049842802848e-10
2.411732791605411700e-10
2.418048533368020553e-10
2.424364275130629406e-10
2.431481145689623472e-10
2.438809843743145185e-10
2.445822865213770954e-10
2.452740038250564003e-10
2.459333926365857828e-10
2.465794791555246954e-10
2.472019710349212039e-10
2.478088491240374353e-10
2.484012715273488435e-10
2.489762753026267196e-10
2.495512790779046475e-10
2.501262828531825754e-10
2.507012866284604516e-10
2.512762904037383277e-10
2.518512941790162556e-10
2.524262979542941835e-10
2.530013017295720596e-10
2.535763055048499875e-10
2.541513092801278637e-10
2.547263130554057399e-10
2.553013168306836677e-10
2.558763206059615956e-10
2.564513243812394718e-10
2.569864994540815576e-10
2.573565722092169722e-10
2.577266449643523350e-10
2.580805113990531174e-10
2.584274714800573190e-10
2.587744315610615205e-10
2.591213916420657221e-10
2.594683517230699236e-10
2.597984129223692598e-10
2.601208390990897253e-10
2.604413330435601015e-10
2.607431627816054155e-10
2.610449925196507294e-10
2.613341641813218842e-10
2.616069556608494501e-10
2.618797471403770161e-10
2.621388402886157119e-10
2.623887589204825839e-10
2.626386775523494559e-10
2.628916497973504876e-10
2.631466480526975517e-10
2.634016463080446159e-10
2.636565169514335086e-10
2.639113419476473082e-10
2.641661669438610561e-10
2.644044679482663734e-10
2.646422143316376732e-10
2.648786594892216547e-10
2.650975008853169070e-10
2.653163422814121592e-10
2.655353749889966049e-10
