3.412179467637641017e-02
3.302739984251769345e-02
3.123699473811840377e-02
2.909706018199197108e-02
2.682780679087863954e-02
2.453554055592191419e-02
2.230938101066584980e-02
2.019974289746436641e-02
1.822275008112583111e-02
1.640389456405603325e-02
1.473827242711652982e-02
1.324024943536746338e-02
1.185258225714305030e-02
1.060813662461627602e-02
9.487887791113338437e-03
8.475801504251517099e-03
7.540422197840317663e-03
6.691861123955744443e-03
5.926080840724647254e-03
5.205244297710549285e-03
4.560077648066307270e-03
3.958847175217719387e-03
3.411656143413562600e-03
2.928528068485893292e-03
2.489364120886385957e-03
2.111340130662556908e-03
1.774833794191385365e-03
1.491855310660444899e-03
1.240576012850222150e-03
1.045831890460487568e-03
8.669093701420136277e-04
7.292577632695791331e-04
6.073430502795696675e-04
5.096321508694502764e-04
4.282766523347067097e-04
3.536231628718110483e-04
2.937149485157934019e-04
2.438728618764359824e-04
2.041928792811694804e-04
1.780736308100960808e-04
1.488534074525167466e-04
1.176862802422233594e-04
1.046361129034832128e-04
8.345357764951261647e-05
7.083608528799842212e-05
6.192594764878156359e-05
4.674998848411486931e-05
4.496630758926604499e-05
3.469873725507644521e-05
2.814987692204836428e-05
2.607391543827021095e-05
1.893570672157219103e-05
1.681312017531377831e-05
1.423195325717712096e-05
1.071878110938514308e-05
9.462366327008497180e-06
7.828863638876756327e-06
6.730208369843011795e-06
7.213309044483807666e-06
4.259106496272450974e-06
5.320633475976364632e-06
3.393860970278580563e-06
2.459866024640738437e-06
2.947743255983706431e-06
1.967949989596537991e-06
1.624391170847182248e-06
1.605645701775830515e-06
1.004687891806938542e-06
1.043296826988053721e-06
9.892677318242184771e-07
5.567813313159345518e-07
6.768236494675249672e-07
5.147976245126553500e-07
3.673507107051521214e-07
4.297274928326205015e-07
2.792625045707102640e-07
2.073149154456106761e-07
2.081762653794548579e-07
1.308029236516949689e-07
1.887747042047917146e-07
1.528574922033667491e-07
8.712739186126781121e-08
1.290591320640141380e-07
7.320194491761626030e-08
6.811331148023877516e-08
8.384344738258004491e-08
3.072852425905624280e-08
4.189037815319120374e-08
2.658118155252682739e-08
2.199587165481464133e-08
2.252675889064070090e-08
1.289347495196897282e-08
1.551926376435782262e-08
1.539891609038707851e-08
7.725063406879161585e-09
1.055781954936704026e-08
1.087733418439588895e-08
5.533603715043592526e-09
7.202244978601501035e-09
3.753884191850124807e-09
3.200853255854611047e-09
3.586381606088684862e-09
2.380649135668012469e-09
6.086090639286672504e-09
2.637704123873436846e-09
1.824277583810002385e-09
3.788295129872843166e-09
7.425253719435360934e-10
1.378312329036237815e-09
1.373839542582525393e-09
6.473165761504251544e-10
7.460988568337247998e-10
3.062783858308345208e-10
4.853501376497270594e-10
3.535632967312178463e-10
5.625655777632071635e-10
4.086378629019619959e-10
1.390660068374511964e-10
5.943783411516210290e-10
1.751803741680810638e-10
1.464815933564065381e-10
3.453556676585953067e-10
1.060177712385514298e-10
1.197960619063418070e-10
7.177418016463216498e-11
3.244420644585787038e-11
6.524579421980332709e-11
3.362950949699632854e-11
1.913552877618724273e-11
1.606245185311031456e-11
1.320924951319837773e-11
1.123694182089070184e-11
9.264634128583025955e-12
7.859441155983061731e-12
6.596364232906137356e-12
5.528048490413571640e-12
4.752492934858012343e-12
3.976937379302453047e-12
4.227060523266441749e-12
4.512993751643928856e-12
4.798926980021416772e-12
5.084860208398903879e-12
5.370793436776391795e-12
5.656726665153878902e-12
5.942659893531366818e-12
6.228593121908853925e-12
6.507996941429072756e-12
6.787368383670353960e-12
7.066739825911634357e-12
7.346111268152914753e-12
7.625482710394195149e-12
7.904854152635475545e-12
8.184225594876757557e-12
8.490614449201900412e-12
8.802548675735710847e-12
9.114482902269519666e-12
9.426417128803330101e-12
9.738351355337140536e-12
1.005028558187094936e-11
1.037219300720103513e-11
1.071671614776009890e-11
1.106123928831916268e-11
1.140576242887822807e-11
1.175028556943729184e-11
1.209480870999635562e-11
1.243933185055541939e-11
1.278385499111448479e-11
1.312837813167354856e-11
1.347290127223261395e-11
1.381742441279167773e-11
1.416282633733751682e-11
1.451008463241051698e-11
1.485734292748351715e-11
1.520460122255651731e-11
1.555185951762952071e-11
1.589911781270252088e-11
1.624637610777551781e-11
1.659363440284852121e-11
1.694089269792152460e-11
1.728815099299452154e-11
1.760034357042960876e-11
1.788576521670704877e-11
1.817118686298448878e-11
1.845660850926192556e-11
1.874203015553936557e-11
1.899437636141826386e-11
1.923901701962374612e-11
1.948365767782923161e-11
1.972829833603472034e-11
1.997293899424020583e-11
2.021757965244568809e-11
2.046222031065117358e-11
2.070686096885665908e-11
2.095150162706214780e-11
2.119614228526763006e-11
2.141814651187068638e-11
2.162992829669572802e-11
2.184171008152077612e-11
2.205349186634582099e-11
2.226527365117086910e-11
2.247705543599591720e-11
2.268883722082096207e-11
2.290061900564601017e-11
2.311240079047105504e-11
2.332418257529610315e-11
3.860136454125681282e-11
7.728228146476686766e-11
1.159631983882769160e-10
1.197993858292882846e-10
1.208481962407411144e-10
1.218970066521939184e-10
1.229458170636467482e-10
1.239946274750995780e-10
1.250434378865523820e-10
1.260922482980052118e-10
1.271410587094580158e-10
1.281898691209108456e-10
1.292386795323637013e-10
1.302874899438165052e-10
1.313732697365843033e-10
1.324785287593217857e-10
1.335837877820592682e-10
1.346890468047967764e-10
1.357943058275342588e-10
1.368995648502717671e-10
1.380048238730092237e-10
1.391100828957467320e-10
1.402153419184842144e-10
1.413206009412217227e-10
1.424258599639592051e-10
1.435311189866966875e-10
1.446363780094341699e-10
1.457416370321716523e-10
1.468468960549091606e-10
1.479521550776466430e-10
1.490574141003841513e-10
1.501626731231216079e-10
1.512679321458591162e-10
1.523731911685965986e-10
1.534784501913341068e-10
1.545837092140715893e-10
1.556829313431422200e-10
1.567739620611209616e-10
1.578649927790996774e-10
1.589560234970784189e-10
1.600183175118007477e-10
1.610572325404262417e-10
1.620961475690517098e-10
1.631350625976771521e-10
1.641092627401175167e-10
1.650525017458629720e-10
1.659957407516084274e-10
1.669389797573538827e-10
1.676759648756353595e-10
1.683075390518962447e-10
1.689391132281571559e-10
1.695706874044180670e-10
1.702022615806789523e-10
1.708338357569398117e-10
1.714654099332007228e-10
1.720969841094616339e-10
1.727285582857224933e-10
1.733601324619834045e-10
1.739917066382442897e-10
1.746232808145052009e-10
1.752548549907661120e-10
1.758864291670269973e-10
1.765180033432879084e-10
1.771495775195487678e-10
1.777811516958097048e-10
1.784127258720705642e-10
1.790443000483314753e-10
1.796758742245923864e-10
1.803074484008532717e-10
1.809390225771141570e-10
1.815705967533750423e-10
1.822021709296359534e-10
1.828337451058968645e-10
1.834653192821577498e-10
1.841574560439818059e-10
1.848903258493339515e-10
1.856231956546860194e-10
1.863560654600381391e-10
1.870621442567350662e-10
1.877538615604143452e-10
1.884455788640936242e-10
1.891372961677729291e-10
1.897999807166950752e-10
1.904460672356339619e-10
1.910921537545728745e-10
1.917382402735117612e-10
1.923636367992442423e-10
1.929705148883604995e-10
1.935773929774767568e-10
1.941842710665930140e-10
1.947803723511433463e-10
1.953553761264212742e-10
1.959303799016991762e-10
1.965053836769770782e-10
1.970803874522549802e-10
1.976553912275329081e-10
1.982303950028108101e-10
1.988053987780886863e-10
1.993804025533665883e-10
1.999554063286444903e-10
2.005304101039224182e-10
2.011054138792003202e-10
2.016804176544782222e-10
2.022554214297561243e-10
2.028304252050340004e-10
2.034054289803119025e-10
2.039804327555898045e-10
2.045554365308677324e-10
2.051304403061456344e-10
2.057054440814235364e-10
2.062804478567014126e-10
2.068554516319793146e-10
2.074304554072572425e-10
2.080054591825351445e-10
2.085804629578130465e-10
2.091554667330909485e-10
2.097304705083688247e-10
2.103054742836467784e-10
2.108804780589246546e-10
2.114554818342025566e-10
2.119117892523761786e-10
2.122818620075115673e-10
2.126519347626469301e-10
2.130220075177823447e-10
2.133920802729177334e-10
2.137455822533507206e-10
2.140925423343549222e-10
2.144395024153590979e-10
2.147864624963633253e-10
2.151334225773675010e-10
2.154803826583717026e-10
2.158273427393759300e-10
2.161743028203801057e-10
2.165212629013843073e-10
2.168682229823884830e-10
2.171920810015952770e-10
2.175145071783157166e-10
2.178369333550361821e-10
2.181593595317566475e-10
2.184817857084770872e-10
2.187860700829791605e-10
2.190878998210244745e-10
2.193897295590697884e-10
2.196915592971150765e-10
2.199933890351603905e-10
2.202749704810759323e-10
2.205477619606034982e-10
2.208205534401310642e-10
2.210933449196586560e-10
2.213661363991862219e-10
2.216351663505328656e-10
2.218850849823997376e-10
2.221350036142666096e-10
2.223849222461335333e-10
2.226348408780004052e-10
2.228847595098672772e-10
2.231362943116464843e-10
2.233912925669935226e-10
2.236462908223405609e-10
2.239012890776875992e-10
2.241562873330346375e-10
2.244112855883817016e-10
2.246661571022197322e-10
2.249209820984335060e-10
2.251758070946472798e-10
2.254306320908610278e-10
2.256854570870748274e-10
2.259346239308272498e-10
2.261723703141984979e-10
2.264101166975697978e-10
2.266478630809410976e-10
2.268856094643123716e-10
2.271233558476836714e-10
2.273482813380320410e-10
2.275671227341272932e-10
2.277859641302225713e-10
2.280048055263178235e-10
2.282236469224131015e-10
2.284424883185083538e-10
2.286689728937169772e-10
2.288983012528542506e-10
2.291270276493732907e-10
2.293479157994712058e-10
2.295688039495691209e-10
2.297908323663796232e-10
2.300183047655811971e-10
2.302457771647827709e-10
2.304672116617396877e-10
2.306821001331908345e-10
2.308969886046420072e-10
2.311241807765177985e-10
2.313584305071645199e-10
2.315926802378112929e-10
2.318269299684580143e-10
2.320611796991047615e-10
2.322954294297514829e-10
2.325296791603982560e-10
2.327639288910450032e-10
2.329981786216917245e-10
2.332324283523384718e-10
2.334666780829852190e-10
2.337009278136319662e-10
2.339351775442787134e-10
2.341694272749254606e-10
2.344036770055721562e-10
2.346379267362189034e-10
2.348721764668656506e-10
2.351064261975123978e-10
2.353406759281591450e-10
2.355749256588058923e-10
2.358091753894526395e-10
2.360434251200993867e-10
2.362776748507461339e-10
2.365119245813928294e-10
2.367461743120396284e-10
2.369804240426863239e-10
2.372146737733330711e-10
2.374489235039798183e-10
2.376831732346265655e-10
2.379174229652733127e-10
2.381516726959200600e-10
2.383859224265668072e-10
2.386201721572135027e-10
2.388544218878603016e-10
2.390886716185069971e-10
2.393229213491537444e-10
2.395571710798004916e-10
2.397914208104472388e-10
2.400256705410939860e-10
2.402134848500022784e-10
2.403747901126810814e-10
2.405360953753598844e-10
2.406974006380387392e-10
2.408587059007175422e-10
2.410200111633963452e-10
2.411813164260751999e-10
2.413426216887540030e-10
2.415039269514328060e-10
2.416652322141116090e-10
2.418265374767904120e-10
2.419878427394692150e-10
2.421491480021480698e-10
2.423104532648268728e-10
2.424717585275056758e-10
2.426323579063424727e-10
2.427915146202447135e-10
2.429506713341470060e-10
2.431264627334303962e-10
2.433188299943786384e-10
2.435111972553268289e-10
2.437035645162750195e-10
2.438959317772232100e-10
2.440882990381714006e-10
2.442806662991195911e-10
2.444730335600678334e-10
2.446654008210160239e-10
2.448577680819641628e-10
2.450501353429123533e-10
2.452425026038605955e-10
2.454348698648087861e-10
2.456272371257569766e-10
2.458196043867051672e-10
2.460119716476533577e-10
2.462043389086015483e-10
2.463967061695497905e-10
2.465890734304979293e-10
2.467814406914461199e-10
2.469738079523943621e-10
2.471661752133425527e-10
2.473585424742907432e-10
2.475509097352389338e-10
2.477432769961871243e-10
2.479356442571353148e-10
2.481280115180835571e-10
2.483203787790316959e-10
2.485127460399798865e-10
2.487051133009280770e-10
2.488974805618763193e-10
2.490877097072422204e-10
2.492315540741168116e-10
2.493753984409913510e-10
2.495192428078659421e-10
2.496630871747404816e-10
2.498069315416150727e-10
2.499507759084896121e-10
2.500946202753642033e-10
2.502384646422387427e-10
2.503823090091133338e-10
2.505261533759879250e-10
2.506699977428624644e-10
2.508138421097370555e-10
2.509576864766115950e-10
2.511015308434861861e-10
2.512453752103607255e-10
2.513892195772353167e-10
2.515330639441098561e-10
2.516769083109844472e-10
2.518207526778590384e-10
2.519645970447335778e-10
2.521084414116081689e-10
2.522522857784827084e-10
2.523961301453572995e-10
2.525399745122318389e-10
2.526838188791064301e-10
2.528276632459809695e-10
2.529715076128555606e-10
2.531153519797301518e-10
2.532584366795568567e-10
2.533993821104276721e-10
2.535403275412984357e-10
2.536812729721691994e-10
2.538222184030399630e-10
2.539631638339107784e-10
2.541041092647814903e-10
2.542450546956523057e-10
2.543860001265230693e-10
2.545269455573938330e-10
2.546678909882645966e-10
2.548088364191354120e-10
2.549497818500061756e-10
2.550907272808768875e-10
2.552316727117477029e-10
2.553726181426184665e-10
2.555135635734892302e-10
2.556545090043599938e-10
2.557954544352308092e-10
2.559363998661015728e-10
2.560773452969723365e-10
2.562182907278431001e-10
2.563592361587139155e-10
2.565001815895846274e-10
2.566411270204553911e-10
2.567820724513262064e-10
2.569230178821969701e-10
2.570639633130677337e-10
2.572049087439384974e-10
2.573458541748093127e-10
2.574867996056800764e-10
2.576277450365508400e-10
2.577686904674216037e-10
2.579096358982923673e-10
2.580505813291631309e-10
2.581915267600339463e-10
2.583324721909047099e-10
2.584734176217754736e-10
2.586143630526462372e-10
2.587553084835170009e-10
2.588943925258551292e-10
2.590312184355714434e-10
2.591680443452878094e-10
2.593048702550041237e-10
2.594416961647204380e-10
2.595785220744368040e-10
2.597153479841531183e-10
2.598521738938694325e-10
2.599889998035857468e-10
2.601258257133021128e-10
2.602626516230184271e-10
2.603994775327347931e-10
2.605363034424511074e-10
2.606731293521674733e-10
2.608099552618837359e-10
2.609467811716001019e-10
2.610836070813164162e-10
2.612204329910327822e-10
2.613572589007490965e-10
2.614940848104654108e-10
2.616309107201817767e-10
2.617677366298980910e-10
2.619045625396144570e-10
2.620413884493307713e-10
2.621782143590470856e-10
2.623150402687633999e-10
2.624518661784797658e-10
2.625886920881960801e-10
2.627255179979124461e-10
2.628623439076287604e-10
2.629991698173450747e-10
2.631284814094638599e-10
2.632463665083026720e-10
2.633642516071414324e-10
2.634821367059801928e-10
2.636000218048190049e-10
2.637179069036577653e-10
2.638357920024965257e-10
2.639536771013353378e-10
2.640715622001741499e-10
2.641894472990129104e-10
2.643073323978516708e-10
2.644252174966904312e-10
2.645431025955291916e-10
2.646609876943680037e-10
2.647788727932068158e-10
2.648967578920455762e-10
2.650146429908843366e-10
2.651325280897231487e-10
2.652504131885619092e-10
2.653682982874006696e-10
2.654861833862394817e-10
2.656040684850782421e-10
2.657219535839170542e-10
2.658398386827558146e-10
2.659577237815945750e-10
2.660756088804333871e-10
2.661934939792721475e-10
2.663113790781109079e-10
2.664292641769497201e-10
2.665442554826766106e-10
2.666430415926183122e-10
2.667418277025599104e-10
2.668406138125015603e-10
2.669393999224431585e-10
2.670381860323848085e-10
2.671369721423264584e-10
2.672357582522680566e-10
2.673345443622097065e-10
2.674333304721513048e-10
2.675321165820929547e-10
2.676309026920346046e-10
2.677296888019762028e-10
2.678284749119178528e-10
2.679318145147320056e-10
2.680435352702637048e-10
2.681552560257954039e-10
2.682669767813271030e-10
2.683786975368588022e-10
2.684904182923905530e-10
2.686021390479222005e-10
2.687138598034538996e-10
2.688255805589855988e-10
2.689373013145172462e-10
2.690490220700489970e-10
2.691607428255806445e-10
2.692724635811123436e-10
2.693841843366440945e-10
2.694959050921757419e-10
2.696076258477074927e-10
2.697193466032391919e-10
2.698310673587708393e-10
2.699427881143025385e-10
2.700545088698341859e-10
2.701662296253659367e-10
2.702779503808976359e-10
2.703896711364292833e-10
2.705013918919610342e-10
nan
nan
nan
nan
nan
nan
nan
nan
nan
nan
nan
nan
nan
nan
nan
nan
nan
nan
nan
nan
nan
nan
nan
nan
nan
nan
nan
nan
nan
nan
nan
nan
nan
nan
nan
nan
nan
nan
nan
nan
nan
nan
nan
nan
nan
nan
nan
nan
nan
nan
nan
nan
nan
nan
nan
nan
nan
nan
nan
nan
nan
nan
nan
nan
nan
nan
nan
nan
nan
nan
nan
nan
nan
nan
nan
nan
nan
nan
nan
nan
nan
nan
nan
nan
nan
nan
nan
nan
nan
nan
nan
nan
nan
nan
nan
nan
nan
nan
nan
nan
nan
nan
nan
nan
nan
nan
nan
nan
nan
nan
nan
nan
nan
nan
nan
nan
nan
nan
nan
nan
nan
nan
nan
nan
nan
nan
nan
nan
nan
nan
nan
nan
nan
nan
nan
nan
nan
nan
nan
nan
nan
nan
nan
nan
nan
nan
nan
nan
nan
nan
nan
nan
nan
nan
nan
nan
nan
nan
nan
nan
nan
nan
nan
nan
nan
nan
nan
nan
nan
nan
nan
nan
nan
nan
nan
nan
nan
nan
nan
nan
nan
nan
nan
nan
nan
nan
nan
nan
nan
nan
nan
nan
nan
nan
nan
nan
nan
nan
nan
nan
nan
nan
nan
nan
nan
nan
nan
nan
nan
nan
nan
nan
nan
nan
nan
nan
nan
nan
nan
nan
nan
nan
nan
nan
nan
nan
nan
nan
nan
nan
nan
nan
nan
nan
nan
nan
nan
nan
nan
nan
nan
nan
nan
nan
nan
nan
nan
nan
nan
nan
nan
nan
nan
nan
nan
nan
nan
nan
nan
nan
nan
nan
nan
nan
nan
nan
nan
nan
nan
nan
nan
nan
nan
nan
nan
nan
nan
nan
nan
nan
nan
nan
nan
nan
nan
nan
nan
nan
nan
nan
nan
nan
nan
nan
nan
nan
nan
nan
nan
nan
nan
nan
nan
nan
nan
nan
nan
nan
nan
nan
nan
nan
nan
nan
nan
nan
nan
nan
nan
nan
nan
nan
nan
nan
nan
nan
nan
nan
nan
nan
nan
nan
nan
nan
nan
nan
nan
nan
nan
nan
nan
nan
nan
nan
nan
nan
nan
nan
nan
nan
