5.386171370459912067e-02
5.044024195983126679e-02
4.569594859184698127e-02
4.067806674007173884e-02
3.581318775230700469e-02
3.131545384739709698e-02
2.728659778672858777e-02
2.371917098261022705e-02
2.054095612627411874e-02
1.780790360310620032e-02
1.542317377230324055e-02
1.332566139860007388e-02
1.150690627695733111e-02
9.915947737130115236e-03
8.500830112634845045e-03
7.242145832120728405e-03
6.123353410143554318e-03
5.117576574158597819e-03
4.209547299801543949e-03
3.389437439818173119e-03
2.652826008568616358e-03
2.004359005149549885e-03
1.465280356561127423e-03
1.046414647130382769e-03
7.311536876300597830e-04
4.942705027148468514e-04
3.344474824295937013e-04
2.204493093762809985e-04
1.421930475374248281e-04
9.105368128155873902e-05
5.774079773444259670e-05
4.019896281390098440e-05
2.516821022773398095e-05
1.565834671768613187e-05
9.693055899060311925e-06
5.980394014301068591e-06
4.389541993932176104e-06
2.685356572358672884e-06
1.636646000084345347e-06
9.963046596359770668e-07
7.840024831431117618e-07
4.750855204655045345e-07
2.873886963802067947e-07
1.738200648616876210e-07
1.061470055409704254e-07
8.839464612326530815e-08
5.328375284454370559e-08
3.215796372078325618e-08
2.102543540247473364e-08
1.731303816999241178e-08
1.042842089871613890e-08
1.088382061571719837e-08
1.677561721852065783e-08
9.992022397198529450e-09
2.127269589995164995e-09
1.568514897262235561e-09
1.101470135953139338e-09
7.408618472592767656e-10
4.460534127824365057e-10
2.684934187015033564e-10
1.614382937580375711e-10
3.076575217154263252e-11
8.714644506471593617e-12
7.677374780981437078e-12
7.621819036451922360e-12
7.566263291922407642e-12
7.510707547392892925e-12
7.455151802863376591e-12
7.399596058333861874e-12
7.344040313804345540e-12
9.689750049233746827e-12
1.009867390335983766e-11
1.050759775748592688e-11
1.091652161161201771e-11
1.132544546573810855e-11
1.173436931986420100e-11
1.214329317399029183e-11
1.255221702811638267e-11
1.320557680050832968e-11
1.390648332748346947e-11
1.460738985445861249e-11
1.530829638143375551e-11
1.600920290840889853e-11
1.628676401764858242e-11
1.506106617482595277e-11
1.534246959775528660e-11
1.562387302068462043e-11
1.590527644361395749e-11
1.618667986654329132e-11
1.646808328947262838e-11
1.668784511261883030e-11
1.683929540272424556e-11
1.699074569282965758e-11
1.714219598293506960e-11
1.729364627304048486e-11
1.744509656314589688e-11
1.759654685325131214e-11
1.797058039121031033e-11
1.837597776304247836e-11
1.878137513487463669e-11
1.918677250670680148e-11
1.959216987853895981e-11
1.988806615457088565e-11
2.017399938294837438e-11
2.045993261132585987e-11
2.074586583970334536e-11
2.103179906808083731e-11
2.131230613143038038e-11
2.159167757367166078e-11
2.187104901591294118e-11
2.215042045815422480e-11
2.242979190039550520e-11
2.273811883338863184e-11
2.305005305992243904e-11
2.336198728645624624e-11
2.367392151299005345e-11
2.399868605963741381e-11
2.434320920019647274e-11
2.468773234075553813e-11
2.503225548131460352e-11
2.537677862187366891e-11
2.572130176243273107e-11
2.606582490299179969e-11
2.641034804355086508e-11
2.675712501796370794e-11
2.710438331303670810e-11
2.745164160810971150e-11
2.779889990318271167e-11
2.814615819825571183e-11
2.849341649332871200e-11
2.883434853671638751e-11
2.911977018299382106e-11
2.940519182927126107e-11
2.969061347554870108e-11
2.994239522091138618e-11
3.018703587911687490e-11
3.043167653732235716e-11
3.067631719552784589e-11
3.092095785373332815e-11
3.116559851193881041e-11
3.141023917014429914e-11
3.162696195323866805e-11
3.183874373806371615e-11
3.205052552288876426e-11
3.226230730771381236e-11
3.247408909253885400e-11
3.268587087736389564e-11
3.289765266218895020e-11
6.210317758982718719e-11
1.007840945133372226e-10
1.394650114368472710e-10
1.707478569478440156e-10
1.717966673592968713e-10
1.728454777707496753e-10
1.738942881822024792e-10
1.749430985936553349e-10
1.759919090051081389e-10
1.770407194165609687e-10
1.780895298280137727e-10
1.791419974532595076e-10
1.802472564759969900e-10
1.813525154987344983e-10
1.824577745214720066e-10
1.835630335442094631e-10
1.846682925669469456e-10
1.857735515896844538e-10
1.868788106124219363e-10
1.879840696351594445e-10
1.890893286578969270e-10
1.901945876806344352e-10
1.912998467033718918e-10
1.924051057261094259e-10
1.935103647488468825e-10
1.946156237715843908e-10
1.957208827943218732e-10
1.968257740828457674e-10
1.979168048008245089e-10
1.990078355188032247e-10
2.000867942455937510e-10
2.011257092742192450e-10
2.021646243028446872e-10
2.031618340164861603e-10
2.041050730222316157e-10
2.050483120279770451e-10
2.058234266900652350e-10
2.064550008663260944e-10
2.070865750425870055e-10
2.077181492188479167e-10
2.083497233951088019e-10
2.089812975713697130e-10
2.096128717476305983e-10
2.102444459238914836e-10
2.108760201001523689e-10
2.115075942764132800e-10
2.121391684526741911e-10
2.127707426289350764e-10
2.134023168051959616e-10
2.140338909814568469e-10
2.146654651577177580e-10
2.152970393339786433e-10
