3.629147908920593579e-02
3.501674013795966905e-02
3.296686240864131479e-02
3.055038893897183555e-02
2.800985592742227109e-02
2.548699334124480964e-02
2.306348425520837742e-02
2.077137996070591366e-02
1.865005402052654845e-02
1.671921112998859746e-02
1.496082883875480760e-02
1.335669798939365625e-02
1.191261874286680261e-02
1.062958389920045862e-02
9.454417530356163182e-03
8.385546413357475651e-03
7.430090094231416378e-03
6.567724084719898242e-03
5.759762919717888521e-03
5.032705487841604951e-03
4.368048476028938733e-03
3.738613779290415624e-03
3.200451130287247561e-03
2.701504981798746007e-03
2.270373168635386480e-03
1.893553939698602862e-03
1.568335455940890856e-03
1.287791497065660703e-03
1.068645598928116098e-03
8.750648443947092606e-04
7.208563262832975516e-04
5.982353483097782847e-04
4.835597396117369230e-04
4.017812213463108355e-04
3.248768768677438184e-04
2.688571016911053021e-04
2.177597569585841520e-04
1.790479561046839723e-04
1.456315156124945564e-04
1.222537703625818412e-04
1.011490306754759432e-04
7.820252640270942089e-05
6.974642612642847450e-05
5.243553412882474222e-05
4.744228260446456684e-05
3.734486066830252347e-05
3.063785769048347351e-05
3.144525724291888250e-05
2.074206744951534584e-05
1.937781494411971222e-05
1.612409957919797932e-05
1.214419938335270929e-05
1.038412396551350254e-05
7.016899049523638247e-06
6.504065321472580010e-06
4.972991019361213178e-06
3.955722013209700162e-06
3.514603846884401037e-06
2.388171375691867405e-06
2.425108145263146544e-06
1.731337382552530308e-06
1.461800643327736559e-06
1.624654616200407567e-06
8.727185463341052261e-07
9.661830602625504841e-07
7.646044340504765410e-07
5.222744085823214727e-07
5.191950234711820769e-07
3.656155738282136711e-07
6.064889910416265003e-07
2.407703288257817145e-07
3.240581215297744983e-07
2.005425946681268642e-07
1.709330911595898203e-07
1.991554179956160948e-07
7.840280822797007257e-08
9.564005718101637681e-08
6.040763967410817477e-08
7.036285998476619303e-08
6.397558758037678522e-08
2.883565861122369076e-08
5.270440672373502347e-08
2.397596993178637157e-08
2.172014429969967052e-08
2.021611086645490898e-08
1.158702518275162115e-08
1.560962052228676888e-08
6.868971907895813966e-09
9.350180257351549231e-09
8.941716915285317363e-09
5.076118105955036864e-09
7.913250534964153458e-09
6.041667142631405832e-09
3.991018906118091886e-09
3.523643254157257398e-09
3.754183335309924748e-09
6.291554374365233180e-09
1.746672723262801980e-09
3.539828051238521366e-09
6.366324079795732888e-10
1.290828644883914755e-09
5.703156079439890667e-10
9.672828273762728316e-10
5.321306701397194788e-10
4.050449488404330972e-10
4.281143266725858406e-10
1.467429695448325692e-10
3.296625838269541981e-10
1.545981654818868695e-10
2.495734948482524293e-10
2.481044472292048102e-10
1.106798425175220850e-10
1.092248944008189541e-10
3.980959369806901545e-11
3.128658699730741418e-11
2.552408699730743020e-11
2.105995848950045250e-11
1.742245848950046118e-11
1.411392441819994673e-11
1.171609833124342029e-11
9.334870785754995690e-12
7.887370785754990801e-12
6.439870785754985912e-12
5.352920997172959145e-12
4.442087663839628667e-12
3.911131821827796237e-12
4.316529193659958608e-12
4.721926565492120979e-12
5.127323937324283349e-12
5.532721309156445720e-12
5.938118680988607283e-12
6.343516052820770461e-12
6.713539827751562981e-12
6.999473056129050088e-12
7.285406284506538003e-12
7.571339512884026727e-12
7.857272741261513834e-12
8.143205969639000942e-12
8.429139198016488049e-12
8.713222080704865454e-12
8.992593522946145850e-12
9.271964965187426246e-12
9.551336407428706642e-12
9.830707849669988654e-12
1.011007929191126743e-11
1.038945073415255106e-11
1.068436385429859847e-11
1.099629808083240406e-11
1.130823230736621449e-11
1.162016653390002493e-11
1.193210076043383536e-11
1.224403498696764418e-11
1.256515837401292717e-11
1.290968151457198933e-11
1.325420465513105472e-11
1.359872779569012011e-11
1.394325093624918389e-11
1.428777407680824766e-11
1.463229721736731305e-11
1.497682035792637521e-11
1.532134349848544060e-11
1.566586663904450599e-11
1.601038977960357138e-11
1.635723817317888599e-11
1.670449646825188615e-11
1.705175476332488632e-11
1.739901305839788648e-11
1.774627135347088665e-11
1.809352964854389004e-11
1.844078794361688698e-11
1.878804623868989037e-11
1.913530453376289054e-11
1.944627216970125764e-11
1.973169381597869765e-11
2.001711546225613443e-11
2.030253710853357121e-11
2.058509398526732701e-11
2.082973464347281250e-11
2.107437530167829799e-11
2.131901595988378349e-11
2.156365661808926898e-11
2.180829727629475124e-11
2.205293793450023997e-11
2.229757859270572546e-11
2.254221925091121095e-11
2.278685990911669645e-11
2.301646498058911470e-11
2.322824676541416280e-11
2.344002855023920768e-11
2.365181033506425578e-11
2.386359211988930388e-11
2.407537390471435198e-11
2.428715568953939362e-11
2.449893747436444172e-11
2.471071925918948983e-11
2.492250104401453470e-11
5.123961982518592018e-11
8.992053674869596855e-11
1.272386984739718054e-10
1.282875088854246352e-10
1.293363192968774650e-10
1.303851297083302949e-10
1.314339401197830988e-10
1.324827505312359287e-10
1.335315609426887326e-10
1.345803713541415624e-10
1.356291817655943664e-10
1.366779921770471962e-10
1.377268025885000519e-10
1.387910485384282529e-10
1.398963075611657612e-10
1.410015665839032436e-10
1.421068256066407260e-10
1.432120846293782085e-10
1.443173436521156909e-10
1.454226026748531991e-10
1.465278616975906816e-10
1.476331207203281898e-10
1.487383797430656723e-10
1.498436387658031288e-10
1.509488977885406371e-10
1.520541568112781195e-10
1.531594158340156278e-10
1.542646748567530844e-10
1.553699338794905926e-10
1.564751929022280751e-10
1.575804519249655833e-10
1.586857109477030658e-10
1.597909699704405482e-10
1.608962289931780306e-10
1.620008441540561906e-10
1.630918748720349322e-10
1.641829055900136996e-10
1.652739363079924153e-10
1.663468825714265737e-10
1.673857976000520160e-10
1.684247126286774841e-10
1.694636276573029781e-10
1.704406656774967467e-10
1.713839046832422020e-10
1.723271436889876573e-10
1.732703826947331126e-10
1.739601914503559253e-10
1.745917656266168364e-10
1.752233398028777476e-10
1.758549139791386328e-10
1.764864881553995439e-10
1.771180623316604551e-10
1.777496365079213145e-10
1.783812106841822256e-10
1.790127848604431109e-10
1.796443590367040220e-10
1.802759332129649073e-10
1.809075073892257926e-10
1.815390815654866778e-10
1.821706557417475889e-10
1.828022299180085001e-10
1.834338040942693853e-10
1.840653782705302706e-10
1.846969524467911817e-10
1.853285266230520670e-10
1.859601007993129523e-10
1.865916749755738634e-10
1.872232491518347745e-10
1.878548233280956339e-10
1.884863975043565451e-10
1.891179716806174303e-10
1.898431979943333588e-10
1.905760677996854785e-10
1.913089376050375723e-10
1.920354017781084503e-10
1.927271190817877293e-10
1.934188363854670342e-10
1.941105536891463132e-10
1.947875811266469349e-10
1.954336676455858733e-10
1.960797541645247600e-10
1.967258406834636467e-10
1.973562973826160942e-10
1.979631754717324032e-10
1.985700535608486087e-10
1.991769316499649176e-10
1.997711248740753182e-10
2.003461286493531943e-10
2.009211324246310964e-10
2.014961361999089984e-10
2.020711399751869004e-10
2.026461437504648024e-10
2.032211475257427303e-10
2.037961513010206323e-10
2.043711550762985085e-10
2.049461588515764105e-10
2.055211626268543125e-10
2.060961664021322404e-10
2.066711701774101424e-10
2.072461739526880445e-10
2.078211777279659206e-10
2.083961815032438226e-10
2.089711852785217505e-10
2.095461890537996525e-10
2.101211928290775546e-10
2.106961966043554566e-10
2.112712003796333328e-10
2.118462041549112865e-10
2.124212079301891626e-10
2.129962117054670647e-10
2.135712154807449667e-10
2.141462192560228687e-10
2.147212230313007449e-10
2.152962268065786469e-10
2.158712305818565748e-10
2.162452020076622635e-10
2.166152747627976264e-10
2.169853475179330409e-10
2.173554202730684296e-10
2.177176813461137694e-10
2.180646414271179969e-10
2.184116015081221726e-10
2.187585615891263741e-10
2.191055216701305498e-10
2.194524817511347772e-10
2.197994418321389529e-10
2.201464019131431545e-10
2.204933619941473819e-10
2.208402371610161196e-10
2.211626633377365851e-10
2.214850895144570247e-10
2.218075156911774902e-10
2.221299418678979557e-10
2.224488491117050737e-10
2.227506788497503877e-10
2.230525085877956758e-10
2.233543383258409897e-10
2.236561680638863037e-10
2.239515784316636397e-10
2.242243699111912315e-10
2.244971613907187975e-10
2.247699528702463893e-10
2.250427443497739552e-10
2.253155358293015729e-10
2.255668791159677921e-10
2.258167977478346899e-10
2.260667163797015877e-10
2.263166350115684597e-10
2.265665536434353317e-10
2.268182758107387607e-10
2.270732740660858249e-10
2.273282723214328632e-10
2.275832705767799014e-10
2.278382688321269397e-10
2.280932635672477266e-10
2.283480885634614745e-10
2.286029135596752483e-10
2.288577385558890479e-10
2.291125635521027959e-10
2.293673885483165696e-10
2.296074642024313673e-10
2.298452105858026413e-10
2.300829569691739411e-10
2.303207033525452410e-10
2.305584497359165150e-10
2.307873976492671702e-10
2.310062390453624483e-10
2.312250804414577005e-10
2.314439218375529527e-10
2.316627632336482308e-10
2.318816046297434572e-10
2.321086712555719539e-10
2.323379996147092014e-10
2.325652461329498061e-10
2.327861342830476953e-10
2.330070224331455846e-10
2.332310657745286727e-10
2.334585381737301690e-10
2.336860105729317687e-10
2.339020657738554688e-10
2.341169542453065639e-10
2.343355448359315130e-10
2.345697945665783119e-10
2.348040442972250074e-10
2.350382940278717547e-10
2.352725437585185019e-10
2.355067934891652491e-10
2.357410432198119963e-10
2.359752929504587435e-10
2.362095426811054907e-10
2.364437924117521863e-10
2.366780421423989852e-10
2.369122918730456807e-10
2.371465416036924279e-10
2.373807913343392268e-10
2.376150410649859224e-10
2.378492907956326696e-10
2.380835405262794168e-10
2.383177902569261640e-10
2.385520399875729112e-10
2.387862897182196585e-10
2.390205394488663540e-10
2.392547891795131012e-10
2.394890389101598484e-10
2.397232886408065956e-10
2.399575383714533429e-10
2.401917881021000901e-10
2.404260378327468373e-10
2.406602875633935845e-10
2.408945372940403317e-10
2.411287870246870272e-10
2.413630367553338262e-10
2.415972864859805217e-10
2.418315362166272689e-10
2.420657859472740161e-10
2.423000356779207633e-10
2.425342854085675106e-10
2.427685351392142578e-10
2.430027848698610050e-10
2.431676726116992349e-10
2.433289778743780380e-10
2.434902831370568927e-10
2.436515883997356957e-10
2.438128936624144987e-10
2.439741989250933017e-10
2.441355041877721048e-10
2.442968094504509078e-10
2.444581147131297625e-10
2.446194199758085655e-10
2.447807252384873686e-10
2.449420305011661716e-10
2.451033357638450263e-10
2.452646410265238293e-10
2.454252305557616626e-10
2.455843872696639551e-10
2.457435439835662476e-10
2.459237222020763257e-10
2.461160894630245163e-10
2.463084567239727068e-10
2.465008239849208974e-10
2.466931912458690879e-10
2.468855585068172784e-10
2.470779257677655207e-10
2.472702930287137112e-10
2.474626602896619018e-10
2.476550275506100923e-10
2.478473948115582829e-10
2.480397620725064734e-10
2.482321293334546639e-10
2.484244965944028545e-10
2.486168638553510450e-10
2.488092311162992873e-10
2.490015983772474778e-10
2.491939656381956684e-10
2.493863328991438072e-10
2.495787001600920494e-10
2.497710674210402400e-10
2.499634346819884305e-10
2.501558019429366211e-10
2.503481692038848116e-10
2.505405364648330022e-10
2.507329037257812444e-10
2.509252709867294350e-10
2.511176382476775738e-10
2.513100055086258160e-10
2.515023727695740066e-10
2.516658867970904559e-10
2.518097311639649953e-10
2.519535755308395865e-10
2.520974198977141259e-10
2.522412642645887170e-10
2.523851086314633082e-10
2.525289529983378476e-10
2.526727973652124387e-10
2.528166417320869782e-10
2.529604860989615693e-10
2.531043304658361087e-10
2.532481748327106999e-10
2.533920191995852393e-10
2.535358635664598304e-10
2.536797079333344216e-10
2.538235523002089610e-10
2.539673966670835521e-10
2.541112410339580916e-10
2.542550854008326827e-10
2.543989297677072221e-10
2.545427741345818133e-10
2.546866185014564044e-10
2.548304628683309438e-10
2.549743072352055349e-10
2.551181516020800744e-10
2.552619959689546655e-10
2.554058403358292050e-10
2.555493644307354664e-10
2.556903098616062301e-10
2.558312552924770454e-10
2.559722007233477574e-10
2.561131461542185727e-10
2.562540915850893364e-10
2.563950370159601000e-10
2.565359824468308637e-10
2.566769278777016273e-10
2.568178733085724427e-10
2.569588187394432063e-10
2.570997641703139700e-10
2.572407096011847336e-10
2.573816550320554973e-10
2.575226004629262609e-10
2.576635458937970763e-10
2.578044913246678399e-10
2.579454367555386036e-10
2.580863821864093672e-10
2.582273276172801825e-10
2.583682730481508945e-10
2.585092184790217098e-10
2.586501639098924735e-10
2.587911093407632371e-10
2.589320547716340008e-10
2.590730002025047644e-10
2.592139456333755798e-10
2.593548910642463434e-10
2.594958364951171071e-10
2.596367819259878707e-10
2.597777273568586344e-10
2.599186727877293980e-10
2.600596182186002134e-10
2.602005636494709770e-10
2.603415090803417407e-10
2.604824545112125043e-10
2.606233999420832680e-10
2.607643453729540833e-10
2.609048976851533151e-10
2.610417235948696811e-10
2.611785495045859953e-10
2.613153754143023096e-10
2.614522013240186239e-10
2.615890272337349899e-10
2.617258531434513042e-10
2.618626790531676702e-10
2.619995049628839844e-10
2.621363308726002987e-10
2.622731567823166647e-10
2.624099826920329790e-10
2.625468086017493450e-10
2.626836345114656076e-10
2.628204604211819735e-10
2.629572863308982878e-10
2.630941122406146538e-10
2.632309381503309681e-10
2.633677640600473341e-10
2.635045899697636484e-10
2.636414158794799626e-10
2.637782417891962769e-10
2.639150676989126429e-10
2.640518936086289572e-10
2.641887195183452715e-10
2.643255454280616375e-10
2.644623713377779518e-10
2.645991972474943177e-10
2.647360231572106320e-10
2.648728490669269980e-10
2.650013283115020598e-10
2.651192134103408202e-10
2.652370985091795806e-10
2.653549836080183927e-10
2.654728687068571532e-10
2.655907538056959653e-10
2.657086389045347257e-10
2.658265240033734861e-10
2.659444091022122982e-10
2.660622942010510586e-10
2.661801792998898190e-10
2.662980643987286311e-10
2.664159494975674432e-10
2.665338345964062037e-10
2.666517196952449641e-10
2.667696047940837245e-10
2.668874898929225366e-10
2.670053749917612970e-10
2.671232600906001091e-10
2.672411451894388695e-10
2.673590302882776299e-10
2.674769153871164420e-10
2.675948004859552025e-10
2.677126855847939629e-10
2.678305706836327750e-10
2.679484557824715354e-10
2.680663408813103475e-10
2.681842259801491079e-10
2.682922902148368758e-10
2.683910763247785258e-10
2.684898624347201240e-10
2.685886485446618256e-10
2.686874346546034238e-10
2.687862207645450738e-10
2.688850068744866720e-10
2.689837929844283219e-10
2.690825790943699201e-10
2.691813652043115701e-10
2.692801513142532200e-10
2.693789374241948182e-10
2.694777235341364681e-10
2.695808684721144960e-10
2.696925892276462469e-10
2.698043099831778943e-10
2.699160307387095935e-10
2.700277514942413443e-10
2.701394722497729918e-10
2.702511930053047426e-10
2.703629137608364417e-10
2.704746345163680375e-10
2.705863552718997883e-10
2.706980760274314358e-10
2.708097967829631866e-10
2.709215175384948857e-10
2.710332382940265332e-10
2.711449590495582840e-10
2.712566798050899832e-10
2.713684005606216823e-10
2.714801213161533297e-10
2.715918420716850289e-10
2.717035628272167280e-10
2.718152835827484272e-10
2.719270043382801263e-10
2.720387250938118254e-10
nan
nan
nan
nan
nan
nan
nan
nan
nan
nan
nan
nan
nan
nan
nan
nan
nan
nan
nan
nan
nan
nan
nan
nan
nan
nan
nan
nan
nan
nan
nan
nan
nan
nan
nan
nan
nan
nan
nan
nan
nan
nan
nan
nan
nan
nan
nan
nan
nan
nan
nan
nan
nan
nan
nan
nan
nan
nan
nan
nan
nan
nan
nan
nan
nan
nan
nan
nan
nan
nan
nan
nan
nan
nan
nan
nan
nan
nan
nan
nan
nan
nan
nan
nan
nan
nan
nan
nan
nan
nan
nan
nan
nan
nan
nan
nan
nan
nan
nan
nan
nan
nan
nan
nan
nan
nan
nan
nan
nan
nan
nan
nan
nan
nan
nan
nan
nan
nan
nan
nan
nan
nan
nan
nan
nan
nan
nan
nan
nan
nan
nan
nan
nan
nan
nan
nan
nan
nan
nan
nan
nan
nan
nan
nan
nan
nan
nan
nan
nan
nan
nan
nan
nan
nan
nan
nan
nan
nan
nan
nan
nan
nan
nan
nan
nan
nan
nan
nan
nan
nan
nan
nan
nan
nan
nan
nan
nan
nan
nan
nan
nan
nan
nan
nan
nan
nan
nan
nan
nan
nan
nan
nan
nan
nan
nan
nan
nan
nan
nan
nan
nan
nan
nan
nan
nan
nan
nan
nan
nan
nan
nan
nan
nan
nan
nan
nan
nan
nan
nan
nan
nan
nan
nan
nan
nan
nan
nan
nan
nan
nan
nan
nan
nan
nan
nan
nan
nan
nan
nan
nan
nan
nan
nan
nan
nan
nan
nan
nan
nan
nan
nan
nan
nan
nan
nan
nan
nan
nan
nan
nan
nan
nan
nan
nan
nan
nan
nan
nan
nan
nan
nan
nan
nan
nan
nan
nan
nan
nan
nan
nan
nan
nan
nan
nan
nan
nan
nan
nan
nan
nan
nan
nan
nan
nan
nan
nan
nan
nan
nan
nan
nan
nan
nan
nan
nan
nan
nan
nan
nan
nan
nan
nan
nan
nan
nan
nan
nan
nan
nan
nan
nan
nan
nan
nan
nan
nan
nan
nan
nan
nan
nan
nan
nan
nan
nan
nan
nan
nan
nan
nan
nan
nan
nan
nan
nan
nan
nan
nan
nan
nan
nan
nan
nan
nan
nan
nan
nan
nan
nan
nan
nan
nan
nan
nan
nan
nan
nan
nan
nan
nan
nan
nan
nan
nan
nan
nan
nan
nan
nan
