1.412938813749667066e-01
1.232291656379058548e-01
9.866333483307936081e-02
7.418959001739788839e-02
5.413631127416616839e-02
3.863660042974564196e-02
2.721111234356616421e-02
1.900250554744127920e-02
1.321655537285675378e-02
9.146757754632469511e-03
6.355752070875509557e-03
4.384599604334253088e-03
3.031830295499875986e-03
2.099302104302056514e-03
1.441772547395978607e-03
9.777947473763016172e-04
6.471485058183283623e-04
4.182562984966037246e-04
2.567744683910541648e-04
1.418175698039391948e-04
6.032250214185101798e-05
2.029805474093487644e-05
5.610648493547805592e-06
1.422982634977861712e-06
2.455722727096663627e-07
4.688269045457650753e-08
5.736826762369690858e-09
7.339065437799243302e-10
6.946102500888527896e-11
1.749633816822819979e-11
1.889793131994473859e-11
1.871271217485767181e-11
1.939982353344586589e-11
2.089281072289407382e-11
2.135895299262746612e-11
2.182509526236085197e-11
2.180454712941100724e-11
2.174899138488149575e-11
2.911469636774284505e-11
4.297891598673204005e-11
4.338783984085813250e-11
4.379676369498422495e-11
4.435322022660727094e-11
4.505412675358241719e-11
4.262139153336881736e-11
3.880767491053762020e-11
3.908907833346695080e-11
3.937048175639628786e-11
3.954484158519120185e-11
3.969629187529661064e-11
3.991136195420700869e-11
4.031675932603917025e-11
4.068438863507865100e-11
4.097032186345613972e-11
4.125408212771260620e-11
4.153345356995388014e-11
4.182602680870900321e-11
4.213796103524281364e-11
4.247114830024722064e-11
4.281567144080628279e-11
4.316019458136535142e-11
4.350663219443260397e-11
4.385389048950560091e-11
4.419629752170847466e-11
4.448171916798591467e-11
4.473450590813601628e-11
4.497914656634150500e-11
4.522116286877136229e-11
4.543294465359641039e-11
4.564472643842145849e-11
5.787509511780474647e-11
9.655601204131480131e-11
1.352369289648248626e-10
1.739178458883348980e-10
2.125987628118449076e-10
2.407562020570843245e-10
2.418050124685371285e-10
2.428538228799899841e-10
2.439026332914427881e-10
2.449735905309059718e-10
2.460788495536435059e-10
2.471841085763809883e-10
2.482893675991184190e-10
2.493946266218559532e-10
2.504998856445934356e-10
2.516051446673309180e-10
2.527104036900684004e-10
2.538053454596995459e-10
2.548760830381731416e-10
2.559099349268804064e-10
2.568531739326258617e-10
2.575881265241553025e-10
2.582197007004162395e-10
2.588512748766771248e-10
2.594828490529380100e-10
2.601144232291989470e-10
2.607459974054598323e-10
2.613775715817207175e-10
2.620091457579816028e-10
2.626407199342424881e-10
2.633410755297770504e-10
2.640608684161860256e-10
2.647525857198652788e-10
2.654017249911944715e-10
2.660275768116190262e-10
2.666321881384501151e-10
2.672071919137279912e-10
2.677821956890059191e-10
2.683571994642837953e-10
2.689322032395617232e-10
2.695072070148396510e-10
2.700822107901175272e-10
2.706572145653954551e-10
2.712322183406733312e-10
2.718072221159512591e-10
2.723822258912291353e-10
2.727917589405324185e-10
2.731588158100226743e-10
2.735057758910268759e-10
2.738527359720310774e-10
2.741996960530352790e-10
2.745280340002311164e-10
2.748501802480178153e-10
2.751520099860630776e-10
2.754472821928602980e-10
2.757200736723878640e-10
2.759856012190891592e-10
2.762355198509560312e-10
2.764869686131544542e-10
2.767419668685015700e-10
2.769969002512331249e-10
2.772517252474468729e-10
2.774978073001307549e-10
2.777355536835020548e-10
2.779626717976479766e-10
2.781815131937432289e-10
2.784057060739292294e-10
2.786300231380842246e-10
2.788548235784417906e-10
2.790739243720831221e-10
2.793020611530734188e-10
2.795363108837201660e-10
2.797705606143668615e-10
2.800048103450136604e-10
2.802390600756603560e-10
2.804733098063071032e-10
2.807075595369538504e-10
2.809418092676005976e-10
2.811760589982473448e-10
2.814103087288940920e-10
2.816445584595408393e-10
2.818788081901875865e-10
2.821130579208343337e-10
2.823302546733990000e-10
2.824915599360778030e-10
2.826528651987566577e-10
2.828141704614354608e-10
2.829754757241143155e-10
2.831367809867931185e-10
2.832960362644045147e-10
2.834877022576716719e-10
2.836800695186198108e-10
2.838724367795680013e-10
2.840648040405162436e-10
2.842571713014644341e-10
2.844495385624126246e-10
2.846419058233608152e-10
2.848342730843090057e-10
2.850266403452571963e-10
2.852190076062054385e-10
2.854050857212054632e-10
2.855489300880800543e-10
2.856927744549545937e-10
2.858366188218291848e-10
2.859804631887037243e-10
2.861243075555783154e-10
2.862681519224528549e-10
2.864119962893274460e-10
2.865558406562019854e-10
2.866996850230765766e-10
2.868429412969787001e-10
2.869838867278494637e-10
2.871248321587202274e-10
2.872657775895909910e-10
2.874067230204618064e-10
2.875476684513325700e-10
2.876886138822033337e-10
2.878295593130740973e-10
2.879705047439448610e-10
2.881114501748156763e-10
2.882523956056863883e-10
2.883933410365572036e-10
2.885342864674279673e-10
2.886752318982987309e-10
2.888142306067971386e-10
2.889510565165135046e-10
2.890878824262298189e-10
2.892247083359461332e-10
2.893615342456624992e-10
2.894983601553788135e-10
