3.472379332859236445e-02
3.357426620694525105e-02
3.171081690471478504e-02
2.948623003423480465e-02
2.715339507130188137e-02
2.479409902673221713e-02
2.250011715691570616e-02
2.035334403175987142e-02
1.834305793217430591e-02
1.649220689773210277e-02
1.480084413803494855e-02
1.327569943852562571e-02
1.187292033312537833e-02
1.061172900634124554e-02
9.480191693261429825e-03
8.451141896131209724e-03
7.515279509132687975e-03
6.657793617971257023e-03
5.880214056640254046e-03
5.161753069508286107e-03
4.507263456043205004e-03
3.907169953385121117e-03
3.353068915676701411e-03
2.862083775148864008e-03
2.428519323881518904e-03
2.049532262409045191e-03
1.716656410219324002e-03
1.433548437545742026e-03
1.192139492041717746e-03
9.989109567122803502e-04
8.256820105559844721e-04
6.923712434343088458e-04
5.731936409395978899e-04
4.766952954939632442e-04
3.991871667382477866e-04
3.281641631085369690e-04
2.724573876676946414e-04
2.248226563874084665e-04
1.865421966254901585e-04
1.625321401050450600e-04
1.355714479075310181e-04
1.066420304672830067e-04
9.492204808138305586e-05
7.373951282741247307e-05
6.432273029128004332e-05
5.508202629597964089e-05
4.226401290194302363e-05
4.120174643494593786e-05
3.058714285729223622e-05
2.537962688109494865e-05
2.330366539731679193e-05
1.601152224938619245e-05
1.502314463549014030e-05
1.222312168709247347e-05
9.662990335077599067e-06
8.099857499123096159e-06
6.406493532751464155e-06
5.408316029708014485e-06
5.847499189693010852e-06
3.612622905319697672e-06
3.976166067722569061e-06
2.594962180279414739e-06
2.200424515910239630e-06
2.330916633916893345e-06
1.351123367529725117e-06
1.275364167530435571e-06
1.188623848864584576e-06
8.127274891959060642e-07
8.546152929868340745e-07
8.826936165492902381e-07
4.667632572476211763e-07
5.786058802084633858e-07
4.273020344809219491e-07
3.152954354685709849e-07
3.655310987679482644e-07
2.260561655601541235e-07
1.633774715879074988e-07
1.614212516961790104e-07
1.139750656068779548e-07
1.236507848734033169e-07
1.125587678779093868e-07
6.657494241987762037e-08
9.323984827131064607e-08
4.008078353358136451e-08
4.468502449395417228e-08
5.785422123078987343e-08
2.651908518106894412e-08
3.217394875769851717e-08
1.686475215703413751e-08
1.555776294637536979e-08
1.578582416502875593e-08
1.044932229615506761e-08
1.204125005540640076e-08
1.195447637418748855e-08
5.795231316186309161e-09
8.663535899540645082e-09
9.600551087454701146e-09
4.513905382258383267e-09
6.182546645816291775e-09
2.619906892757966061e-09
2.253368375246968776e-09
2.638896725481042591e-09
1.552154238676073988e-09
3.678809520458726625e-09
1.459322741810789441e-09
1.016286536948444390e-09
2.750709725819859880e-09
6.275751887554474132e-10
9.382025878499250314e-10
5.323289968895984990e-10
4.093119850701757367e-10
5.080942657534753303e-10
2.514143109136816624e-10
3.518846624877310154e-10
1.783961462274529653e-10
2.491338186329648769e-10
2.347620189113913089e-10
9.365720020001023205e-11
4.471706174880268997e-10
8.340910843358617122e-11
8.455979866929647100e-11
1.949659002376124501e-10
3.847717201252488617e-11
8.186181615447970530e-11
3.383993441277007619e-11
2.427434572463116894e-11
3.870596408072218862e-11
1.520492777149757698e-11
1.213185084842064719e-11
9.684703275429241300e-12
7.712395583121565412e-12
6.345021707143877233e-12
5.148861030162740074e-12
4.373305474607181585e-12
4.017678705470295195e-12
4.423076077302457565e-12
4.825146233033395280e-12
5.111079461410883196e-12
5.397012689788371111e-12
5.682945918165858219e-12
5.968879146543345326e-12
6.254812374920833242e-12
6.540745603298321157e-12
6.826678831675808265e-12
7.107720348264984758e-12
7.387091790506265154e-12
7.666463232747547165e-12
7.945834674988827562e-12
8.225206117230107958e-12
8.504577559471388354e-12
8.783949001712668750e-12
9.085480611716583347e-12
9.397414838250390551e-12
9.709349064784202601e-12
1.002128329131801142e-11
1.033321751785182186e-11
1.064515174438563067e-11
1.096517739756425041e-11
1.130970053812331580e-11
1.165422367868237958e-11
1.199874681924144174e-11
1.234326995980050874e-11
1.268779310035957252e-11
1.303231624091863791e-11
1.337683938147770168e-11
1.372136252203676546e-11
1.406588566259583085e-11
1.441040880315489462e-11
1.475607384279104296e-11
1.510333213786404312e-11
1.545059043293704329e-11
1.579784872801004669e-11
1.614510702308304362e-11
1.649236531815604702e-11
1.683962361322904718e-11
1.718688190830204412e-11
1.753414020337504751e-11
1.788139849844805091e-11
1.817918973525415300e-11
1.846461138153159301e-11
1.875003302780903302e-11
1.903545467408646980e-11
1.931636615965609794e-11
1.956100681786158667e-11
1.980564747606707539e-11
2.005028813427255766e-11
2.029492879247804315e-11
2.053956945068353187e-11
2.078421010888901090e-11
2.102885076709450286e-11
2.127349142529998835e-11
2.151813208350547062e-11
2.175849140369644651e-11
2.197027318852149462e-11
2.218205497334653949e-11
2.239383675817158436e-11
2.260561854299663246e-11
2.281740032782168056e-11
2.302918211264672543e-11
2.324096389747177031e-11
2.345274568229681518e-11
2.366452746712186328e-11
2.387630925194690815e-11
6.168495064940563234e-11
1.003658675729156807e-10
1.216443461658715241e-10
1.226931565773243540e-10
1.237419669887771838e-10
1.247907774002299877e-10
1.258395878116828434e-10
1.268883982231356215e-10
1.279372086345884514e-10
1.289860190460412812e-10
1.300348294574941110e-10
1.310836398689469408e-10
1.321324502803997707e-10
1.332000542277361431e-10
1.343053132504736256e-10
1.354105722732111338e-10
1.365158312959485904e-10
1.376210903186860987e-10
1.387263493414235811e-10
1.398316083641610894e-10
1.409368673868985718e-10
1.420421264096360801e-10
1.431473854323735366e-10
1.442526444551110449e-10
1.453579034778485273e-10
1.464631625005860356e-10
1.475684215233235180e-10
1.486736805460610004e-10
1.497789395687984829e-10
1.508841985915359911e-10
1.519894576142734736e-10
1.530947166370109818e-10
1.541999756597484384e-10
1.553052346824859208e-10
1.564104937052234291e-10
1.575103260469285167e-10
1.586013567649072325e-10
1.596923874828859999e-10
1.607834182008647415e-10
1.618454132686991760e-10
1.628843282973246442e-10
1.639232433259501123e-10
1.649621583545755805e-10
1.659311550329785184e-10
1.668743940387239737e-10
1.678176330444694291e-10
1.687608720502148844e-10
1.694651980812423882e-10
1.700967722575032734e-10
1.707283464337641587e-10
1.713599206100250698e-10
1.719914947862859810e-10
1.726230689625468404e-10
1.732546431388077257e-10
1.738862173150686368e-10
1.745177914913295479e-10
1.751493656675904332e-10
1.757809398438513443e-10
1.764125140201122554e-10
1.770440881963731148e-10
1.776756623726340260e-10
1.783072365488949112e-10
1.789388107251558224e-10
1.795703849014167076e-10
1.802019590776775929e-10
1.808335332539384782e-10
1.814651074301993893e-10
1.820966816064603004e-10
1.827282557827211857e-10
1.833598299589820968e-10
1.839914041352430079e-10
1.846229783115038674e-10
1.852575808983130148e-10
1.859904507036651087e-10
1.867233205090172542e-10
1.874561903143693480e-10
1.881836038267134967e-10
1.888753211303927758e-10
1.895670384340720290e-10
1.902587557377513338e-10
1.909427966746231497e-10
1.915888831935620364e-10
1.922349697125009489e-10
1.928810562314398356e-10
1.935227808550160123e-10
1.941296589441322695e-10
1.947365370332485268e-10
1.953434151223647840e-10
1.959502932114810413e-10
1.965261174580238313e-10
1.971011212333017333e-10
1.976761250085796095e-10
1.982511287838575374e-10
1.988261325591354394e-10
1.994011363344133414e-10
1.999761401096912434e-10
2.005511438849691454e-10
2.011261476602470216e-10
2.017011514355249495e-10
2.022761552108028515e-10
2.028511589860807535e-10
2.034261627613586556e-10
2.040011665366365576e-10
2.045761703119144854e-10
2.051511740871923875e-10
2.057261778624702636e-10
2.063011816377481657e-10
2.068761854130260677e-10
2.074511891883039697e-10
2.080261929635818976e-10
2.086011967388597996e-10
2.091762005141376758e-10
2.097512042894155778e-10
2.103262080646934798e-10
2.109012118399714077e-10
2.114762156152493097e-10
2.120512193905272117e-10
2.126262231658050879e-10
2.130805275352001023e-10
2.134506002903354910e-10
2.138206730454709055e-10
2.141907458006062942e-10
2.145608185557416571e-10
2.149126837205817585e-10
2.152596438015859859e-10
2.156066038825901616e-10
2.159535639635943632e-10
2.163005240445985389e-10
2.166474841256027663e-10
2.169944442066069420e-10
2.173414042876111436e-10
2.176883643686153451e-10
2.180320078408525873e-10
2.183544340175730527e-10
2.186768601942934924e-10
2.189992863710139579e-10
2.193217125477344233e-10
2.196412983414754242e-10
2.199431280795207381e-10
2.202449578175660262e-10
2.205467875556113402e-10
2.208486172936566541e-10
2.211498819588556776e-10
2.214226734383832435e-10
2.216954649179108095e-10
2.219682563974384013e-10
2.222410478769659672e-10
2.225138393564935849e-10
2.227739116946780003e-10
2.230238303265448982e-10
2.232737489584117702e-10
2.235236675902786939e-10
2.237735862221455658e-10
2.240235048540124378e-10
2.242774018111423484e-10
2.245324000664893867e-10
2.247873983218364250e-10
2.250423965771834632e-10
2.252973948325305274e-10
2.255523468832425035e-10
2.258071718794563031e-10
2.260619968756700511e-10
2.263168218718838249e-10
2.265716468680975987e-10
2.268264718643113466e-10
2.270653409191303930e-10
2.273030873025016929e-10
2.275408336858729669e-10
2.277785800692442667e-10
2.280163264526155665e-10
2.282474161392910579e-10
2.284662575353863101e-10
2.286850989314815623e-10
2.289039403275768146e-10
2.291227817236720668e-10
2.293416231197673190e-10
2.295654715995928706e-10
2.297947999587301181e-10
2.300241283178673915e-10
2.302462545067841469e-10
2.304671426568820620e-10
2.306880308069799513e-10
2.309154476509700791e-10
2.311429200501716270e-10
2.313662144987584993e-10
2.315811029702096720e-10
2.317959914416608446e-10
2.320210133395670511e-10
2.322552630702137724e-10
2.324895128008605455e-10
2.327237625315072669e-10
2.329580122621540141e-10
2.331922619928007613e-10
2.334265117234475085e-10
2.336607614540942557e-10
2.338950111847410030e-10
2.341292609153877502e-10
2.343635106460344457e-10
2.345977603766811929e-10
2.348320101073279401e-10
2.350662598379746874e-10
2.353005095686214346e-10
2.355347592992681818e-10
2.357690090299149290e-10
2.360032587605616762e-10
2.362375084912084235e-10
2.364717582218551190e-10
2.367060079525019179e-10
2.369402576831486134e-10
2.371745074137953606e-10
2.374087571444421078e-10
2.376430068750888551e-10
2.378772566057356023e-10
2.381115063363823495e-10
2.383457560670290450e-10
2.385800057976758439e-10
2.388142555283225912e-10
2.390485052589692867e-10
2.392827549896160339e-10
2.395170047202627811e-10
2.397512544509095283e-10
2.399855041815562756e-10
2.402197539122030228e-10
2.404540036428497183e-10
2.406882533734965172e-10
2.409214733397771002e-10
2.410827786024559033e-10
2.412440838651347063e-10
2.414053891278135093e-10
2.415666943904923640e-10
2.417279996531711670e-10
2.418893049158499701e-10
2.420506101785287731e-10
2.422119154412075761e-10
2.423732207038864308e-10
2.425345259665652339e-10
2.426958312292440369e-10
2.428571364919228916e-10
2.430184417546016946e-10
2.431797470172804977e-10
2.433410522799593007e-10
2.435004275849745878e-10
2.436595842988768286e-10
2.438222649033938347e-10
2.440146321643420253e-10
2.442069994252901641e-10
2.443993666862384064e-10
2.445917339471865969e-10
2.447841012081347875e-10
2.449764684690829780e-10
2.451688357300311685e-10
2.453612029909793591e-10
2.455535702519276013e-10
2.457459375128757919e-10
2.459383047738239307e-10
2.461306720347721730e-10
2.463230392957203635e-10
2.465154065566685540e-10
2.467077738176167446e-10
2.469001410785649351e-10
2.470925083395131257e-10
2.472848756004613162e-10
2.474772428614095585e-10
2.476696101223576973e-10
2.478619773833058879e-10
2.480543446442541301e-10
2.482467119052023206e-10
2.484390791661505112e-10
2.486314464270987017e-10
2.488238136880468923e-10
2.490161809489950828e-10
2.492085482099432734e-10
2.494009154708914639e-10
2.495932827318396544e-10
2.497835042463494784e-10
2.499273486132240695e-10
2.500711929800986607e-10
2.502150373469732001e-10
2.503588817138477912e-10
2.505027260807223307e-10
2.506465704475969218e-10
2.507904148144714612e-10
2.509342591813460524e-10
2.510781035482205918e-10
2.512219479150951829e-10
2.513657922819697741e-10
2.515096366488443135e-10
2.516534810157188529e-10
2.517973253825934441e-10
2.519411697494680352e-10
2.520850141163425746e-10
2.522288584832171658e-10
2.523727028500917052e-10
2.525165472169662963e-10
2.526603915838408875e-10
2.528042359507154269e-10
2.529480803175900180e-10
2.530919246844645575e-10
2.532357690513391486e-10
2.533796134182136880e-10
2.535234577850882792e-10
2.536673021519628186e-10
2.538111465188374097e-10
2.539531832220203121e-10
2.540941286528910757e-10
2.542350740837618393e-10
2.543760195146326030e-10
2.545169649455033666e-10
2.546579103763741820e-10
2.547988558072449456e-10
2.549398012381157093e-10
2.550807466689864729e-10
2.552216920998572366e-10
2.553626375307280519e-10
2.555035829615987639e-10
2.556445283924695792e-10
2.557854738233403429e-10
2.559264192542111065e-10
2.560673646850818702e-10
2.562083101159526855e-10
2.563492555468234492e-10
2.564902009776942128e-10
2.566311464085649765e-10
2.567720918394357401e-10
2.569130372703065038e-10
2.570539827011772674e-10
2.571949281320480827e-10
2.573358735629188464e-10
2.574768189937896100e-10
2.576177644246603737e-10
2.577587098555311890e-10
2.578996552864019010e-10
2.580406007172727163e-10
2.581815461481434800e-10
2.583224915790142436e-10
2.584634370098850073e-10
2.586043824407557709e-10
2.587453278716265863e-10
2.588862733024973499e-10
2.590272187333681136e-10
2.591681641642388772e-10
2.593091095951096409e-10
2.594487649266005913e-10
2.595855908363169056e-10
2.597224167460332199e-10
2.598592426557495859e-10
2.599960685654659001e-10
2.601328944751822661e-10
2.602697203848985287e-10
2.604065462946148947e-10
2.605433722043312090e-10
2.606801981140475750e-10
2.608170240237638893e-10
2.609538499334802035e-10
2.610906758431965695e-10
2.612275017529128838e-10
2.613643276626291981e-10
2.615011535723455641e-10
2.616379794820618784e-10
2.617748053917781926e-10
2.619116313014945586e-10
2.620484572112108729e-10
2.621852831209272389e-10
2.623221090306435532e-10
2.624589349403598675e-10
2.625957608500762334e-10
2.627325867597925477e-10
2.628694126695088620e-10
2.630062385792252280e-10
2.631430644889415423e-10
2.632798903986578566e-10
2.634167163083742225e-10
2.635535422180905368e-10
2.636780956234091210e-10
2.637959807222479331e-10
2.639138658210866935e-10
2.640317509199255056e-10
2.641496360187642661e-10
2.642675211176030265e-10
2.643854062164417869e-10
2.645032913152805990e-10
2.646211764141193594e-10
2.647390615129581715e-10
2.648569466117969319e-10
2.649748317106357440e-10
2.650927168094745044e-10
2.652106019083132649e-10
2.653284870071520770e-10
2.654463721059908374e-10
2.655642572048296495e-10
2.656821423036684099e-10
2.658000274025071703e-10
2.659179125013459307e-10
2.660357976001847428e-10
2.661536826990235032e-10
2.662715677978623154e-10
2.663894528967010758e-10
2.665073379955398879e-10
2.666252230943786483e-10
2.667431081932174087e-10
2.668609932920561691e-10
2.669788783908949812e-10
2.670820592188142971e-10
2.671808453287558954e-10
2.672796314386975453e-10
2.673784175486391952e-10
2.674772036585807934e-10
2.675759897685224433e-10
2.676747758784640416e-10
2.677735619884056915e-10
2.678723480983473414e-10
2.679711342082889396e-10
2.680699203182305896e-10
2.681687064281721878e-10
2.682674925381138377e-10
2.683681369819501212e-10
2.684798577374817686e-10
2.685915784930134678e-10
2.687032992485451669e-10
2.688150200040768660e-10
2.689267407596085652e-10
2.690384615151402126e-10
2.691501822706719635e-10
2.692619030262036626e-10
2.693736237817353617e-10
2.694853445372670609e-10
2.695970652927987083e-10
2.697087860483304075e-10
2.698205068038621066e-10
2.699322275593938057e-10
2.700439483149255049e-10
2.701556690704572040e-10
2.702673898259889032e-10
2.703791105815206023e-10
2.704908313370523014e-10
2.706025520925839489e-10
2.707142728481156480e-10
2.708259936036473472e-10
2.709377143591790463e-10
nan
nan
nan
nan
nan
nan
nan
nan
nan
nan
nan
nan
nan
nan
nan
nan
nan
nan
nan
nan
nan
nan
nan
nan
nan
nan
nan
nan
nan
nan
nan
nan
nan
nan
nan
nan
nan
nan
nan
nan
nan
nan
nan
nan
nan
nan
nan
nan
nan
nan
nan
nan
nan
nan
nan
nan
nan
nan
nan
nan
nan
nan
nan
nan
nan
nan
nan
nan
nan
nan
nan
nan
nan
nan
nan
nan
nan
nan
nan
nan
nan
nan
nan
nan
nan
nan
nan
nan
nan
nan
nan
nan
nan
nan
nan
nan
nan
nan
nan
nan
nan
nan
nan
nan
nan
nan
nan
nan
nan
nan
nan
nan
nan
nan
nan
nan
nan
nan
nan
nan
nan
nan
nan
nan
nan
nan
nan
nan
nan
nan
nan
nan
nan
nan
nan
nan
nan
nan
nan
nan
nan
nan
nan
nan
nan
nan
nan
nan
nan
nan
nan
nan
nan
nan
nan
nan
nan
nan
nan
nan
nan
nan
nan
nan
nan
nan
nan
nan
nan
nan
nan
nan
nan
nan
nan
nan
nan
nan
nan
nan
nan
nan
nan
nan
nan
nan
nan
nan
nan
nan
nan
nan
nan
nan
nan
nan
nan
nan
nan
nan
nan
nan
nan
nan
nan
nan
nan
nan
nan
nan
nan
nan
nan
nan
nan
nan
nan
nan
nan
nan
nan
nan
nan
nan
nan
nan
nan
nan
nan
nan
nan
nan
nan
nan
nan
nan
nan
nan
nan
nan
nan
nan
nan
nan
nan
nan
nan
nan
nan
nan
nan
nan
nan
nan
nan
nan
nan
nan
nan
nan
nan
nan
nan
nan
nan
nan
nan
nan
nan
nan
nan
nan
nan
nan
nan
nan
nan
nan
nan
nan
nan
nan
nan
nan
nan
nan
nan
nan
nan
nan
nan
nan
nan
nan
nan
nan
nan
nan
nan
nan
nan
nan
nan
nan
nan
nan
nan
nan
nan
nan
nan
nan
nan
nan
nan
nan
nan
nan
nan
nan
nan
nan
nan
nan
nan
nan
nan
nan
nan
nan
nan
nan
nan
nan
nan
nan
nan
nan
nan
nan
nan
nan
nan
nan
nan
nan
nan
nan
nan
nan
nan
nan
nan
nan
nan
nan
nan
nan
