3.860860938549039861e-02
3.711142336699237154e-02
3.475232548285502043e-02
3.202414107264632548e-02
2.920090221547473955e-02
2.642754042606913420e-02
2.377693409670127156e-02
2.131228488953376687e-02
1.905017199345371628e-02
1.699153223211716593e-02
1.512992790277875588e-02
1.345337008799885568e-02
1.194372983761589693e-02
1.058644918009467827e-02
9.388021797889811379e-03
8.298462626373450876e-03
7.305834090692328413e-03
6.397591328211323786e-03
5.588990928416062189e-03
4.839463474650873738e-03
4.145860791821874905e-03
3.530848860719896457e-03
2.967249419828192104e-03
2.488671673488898790e-03
2.047392603721456383e-03
1.690894691386526233e-03
1.356330939186050103e-03
1.098412668772978835e-03
8.922088603121612659e-04
7.141542794359817797e-04
5.800810735194250091e-04
4.711111359248360258e-04
3.745544931907757950e-04
3.030610824192973298e-04
2.402282281510372517e-04
1.942144832950189757e-04
1.533018158093126567e-04
1.242947611825306615e-04
9.727477898128387361e-05
8.806215415226613180e-05
6.148097179970909152e-05
5.675345884782658640e-05
3.879183182873289018e-05
3.375555123822007308e-05
2.468997067721512029e-05
2.112918738154557301e-05
1.574501212228096480e-05
1.876886265511675390e-05
1.045971423966714991e-05
1.197206583455317483e-05
7.360548136601533363e-06
7.466818532291834313e-06
4.913643672418780584e-06
4.158070583539239558e-06
3.174833133346111099e-06
2.373098579308997429e-06
2.260725617415700349e-06
1.323178852198193678e-06
1.401392631079587949e-06
7.969784956906632275e-07
8.402136976988644862e-07
5.488851946367463476e-07
8.765692858271080529e-07
3.324498322256077170e-07
5.967232095697436421e-07
2.660824405294873574e-07
2.447254297028861347e-07
1.471370359917397355e-07
1.820050954681035680e-07
1.088714731357555499e-07
9.317765353995579087e-08
7.472083333027139515e-08
5.467690285583612333e-08
5.086570049998029241e-08
3.226007651756181724e-08
3.418145631914055408e-08
1.914615264489817965e-08
2.298505791590315007e-08
1.369846806784253805e-08
1.199264282512409129e-08
9.815808692664929844e-09
2.526629039666936651e-08
5.603618632154267445e-09
7.680955406218949087e-09
3.233810651030359563e-09
5.142111081338766998e-09
1.874738735585329887e-09
3.432919553363507896e-09
2.161764852630406310e-09
2.952821072181611684e-09
9.997790243665499821e-10
2.514317889314383872e-09
5.962038746928594256e-10
5.843545124968582074e-10
5.218667076188094434e-10
8.041030267212846625e-10
3.719546022208279099e-10
5.086118166097383300e-10
1.712685293606626290e-10
1.146196793808414015e-10
9.902854637591529925e-11
7.273561129964212366e-11
6.326894463297543540e-11
4.642904468724081915e-11
4.047190183009798387e-11
2.951869958514871284e-11
2.559869958514870854e-11
1.870358933579762867e-11
1.635739885960714533e-11
2.734012082700363228e-11
2.587107320795601314e-11
6.701246757989893530e-12
5.188950532478247010e-12
5.340400822583661457e-12
5.491851112689075904e-12
5.643301402794489543e-12
5.794751692899903990e-12
5.946201983005317630e-12
6.097652273110732076e-12
6.249102563216146523e-12
6.486226944099512054e-12
6.891624315931673617e-12
7.297021687763836795e-12
7.702419059595998358e-12
8.107816431428161536e-12
8.513213803260323099e-12
8.918611175092486278e-12
9.223449828668066331e-12
9.509383057045553439e-12
9.795316285423040547e-12
1.008124951380052927e-11
1.036718274217801476e-11
1.065311597055550187e-11
1.093789321967213392e-11
1.121726466191341431e-11
1.149663610415469471e-11
1.177600754639597672e-11
1.205537898863725712e-11
1.233475043087853751e-11
1.261412187311981629e-11
1.291659962069560887e-11
1.322853384722942092e-11
1.354046807376322974e-11
1.385240230029704017e-11
1.416433652683084899e-11
1.447627075336465943e-11
1.481499726037682186e-11
1.515952040093589048e-11
1.550404354149495264e-11
1.584856668205401803e-11
1.619308982261307696e-11
1.653761296317214558e-11
1.688213610373121097e-11
1.722665924429027313e-11
1.757118238484933529e-11
1.791570552540840068e-11
1.826271397785831020e-11
1.860997227293131036e-11
1.895723056800430730e-11
1.930448886307731069e-11
1.965174715815031409e-11
1.999900545322331103e-11
2.034626374829631119e-11
2.069352204336931459e-11
2.103424458738726157e-11
2.131966623366470158e-11
2.160508787994214159e-11
2.189050952621957837e-11
2.217593117249701515e-11
2.242817767222263379e-11
2.267281833042811928e-11
2.291745898863361124e-11
2.316209964683909027e-11
2.340674030504457899e-11
2.365138096325006126e-11
2.389602162145554675e-11
2.414066227966103547e-11
2.438530293786652097e-11
2.460764930972304247e-11
2.481943109454808734e-11
2.503121287937313221e-11
2.524299466419818355e-11
2.545477644902323165e-11
2.566655823384827652e-11
2.587834001867332462e-11
2.609012180349836626e-11
2.630190358832341436e-11
4.134090495331193111e-11
8.002182187682197948e-11
1.187027388003320408e-10
1.356557118603821034e-10
1.367045222718349332e-10
1.377533326832877372e-10
1.388021430947405670e-10
1.398509535061933710e-10
1.408997639176462008e-10
1.419485743290990306e-10
1.429973847405518605e-10
1.440461951520046903e-10
1.450950055634575201e-10
1.461602482244514560e-10
1.472655072471889384e-10
1.483707662699264208e-10
1.494760252926639033e-10
1.505812843154014115e-10
1.516865433381388939e-10
1.527918023608763764e-10
1.538970613836138588e-10
1.550023204063513671e-10
1.561075794290888236e-10
1.572128384518263578e-10
1.583180974745638143e-10
1.594233564973013226e-10
1.605286155200388050e-10
1.616338745427763133e-10
1.627391335655137957e-10
1.638443925882512781e-10
1.649496516109887606e-10
1.660549106337262688e-10
1.671601696564637513e-10
1.682653898583008775e-10
1.693564205762795932e-10
1.704474512942583348e-10
1.715384820122370764e-10
1.726051115501858599e-10
1.736440265788113280e-10
1.746829416074368220e-10
1.757218566360622643e-10
1.766716245911223453e-10
1.776148635968678006e-10
1.785581026026132301e-10
1.794178477297032359e-10
1.800494219059641212e-10
1.806809960822250064e-10
1.813125702584859176e-10
1.819441444347468287e-10
1.825757186110077139e-10
1.832072927872685992e-10
1.838388669635294845e-10
1.844704411397903956e-10
1.851020153160513067e-10
1.857335894923121920e-10
1.863651636685731031e-10
1.869967378448339626e-10
1.876283120210948737e-10
1.882598861973557589e-10
1.888914603736166701e-10
1.895230345498775812e-10
1.901546087261384406e-10
1.907861829023993517e-10
1.914177570786602370e-10
1.920493312549211481e-10
1.926809054311820334e-10
1.933124796074429445e-10
1.939440537837038556e-10
1.946243676826991105e-10
1.953572374880512301e-10
1.960901072934033239e-10
1.968229770987554694e-10
1.975196683665246300e-10
1.982113856702039090e-10
1.989031029738832139e-10
1.995850035493366645e-10
2.002310900682755512e-10
2.008771765872144637e-10
2.015232631061533504e-10
2.021510968389431020e-10
2.027579749280593592e-10
2.033648530171756165e-10
2.039717311062918737e-10
2.045581464706227471e-10
2.051331502459006491e-10
2.057081540211785253e-10
2.062831577964564532e-10
2.068581615717343552e-10
2.074331653470122572e-10
2.080081691222901593e-10
2.085831728975680613e-10
2.091581766728459891e-10
2.097331804481238653e-10
2.103081842234017673e-10
2.108831879986796694e-10
2.114581917739575714e-10
2.120331955492354993e-10
2.126081993245133496e-10
2.131832030997913033e-10
2.137582068750691795e-10
2.143332106503470815e-10
2.149082144256249835e-10
2.154832182009029114e-10
2.160582219761808134e-10
2.166332257514587154e-10
2.172082295267365916e-10
2.177832333020144936e-10
2.183582370772923956e-10
2.189332408525703235e-10
2.195082446278482255e-10
2.199842512331981161e-10
2.203543239883335306e-10
2.207243967434689193e-10
2.210944694986042822e-10
2.214634874345251685e-10
2.218104475155293442e-10
2.221574075965335458e-10
2.225043676775377732e-10
2.228513277585419489e-10
2.231982878395461505e-10
2.235452479205503779e-10
2.238922080015545536e-10
2.242391680825587551e-10
2.245830767189861963e-10
2.249055028957066617e-10
2.252279290724271272e-10
2.255503552491475668e-10
2.258727814258680323e-10
2.261847916242282765e-10
2.264866213622735905e-10
2.267884511003189303e-10
2.270902808383641926e-10
2.273921105764095065e-10
2.276714336345061505e-10
2.279442251140337164e-10
2.282170165935612824e-10
2.284898080730888742e-10
2.287625995526164401e-10
2.290187939488676395e-10
2.292687125807345373e-10
2.295186312126014093e-10
2.297685498444682813e-10
2.300184684763351791e-10
2.302703687683028296e-10
2.305253670236498937e-10
2.307803652789969320e-10
2.310353635343439703e-10
2.312903617896910344e-10
2.315453095287729230e-10
2.318001345249866709e-10
2.320549595212004706e-10
2.323097845174142444e-10
2.325646095136279923e-10
2.328132322309432693e-10
2.330509786143145433e-10
2.332887249976858431e-10
2.335264713810571429e-10
2.337642177644284428e-10
2.339981086402681281e-10
2.342169500363633803e-10
2.344357914324586325e-10
2.346546328285538847e-10
2.348734742246491370e-10
2.350923156207443892e-10
2.353192779059589523e-10
2.355486062650962516e-10
2.357749885159765133e-10
2.359958766660744025e-10
2.362167648161722918e-10
2.364422890880597704e-10
2.366697614872613700e-10
2.368941373731664026e-10
2.371090258446175494e-10
2.373239143160687479e-10
2.375513923301046719e-10
2.377856420607514191e-10
2.380198917913981663e-10
2.382541415220449135e-10
2.384883912526916090e-10
2.387226409833384080e-10
2.389568907139851035e-10
2.391911404446318507e-10
2.394253901752785979e-10
2.396596399059253451e-10
2.398938896365720923e-10
2.401281393672188396e-10
2.403623890978655868e-10
2.405966388285123340e-10
2.408308885591590812e-10
2.410651382898057767e-10
2.412993880204525240e-10
2.415336377510992712e-10
2.417678874817460184e-10
2.420021372123927656e-10
2.422363869430395128e-10
2.424706366736862601e-10
2.427048864043330073e-10
2.429391361349797545e-10
2.431733858656264500e-10
2.434076355962732489e-10
2.436418853269199962e-10
2.438761350575666917e-10
2.441103847882134389e-10
2.443446345188601861e-10
2.445788842495069333e-10
2.448131339801536805e-10
2.450473837108004278e-10
2.452816334414471233e-10
2.455158831720939222e-10
2.457458561033421975e-10
2.459071613660210522e-10
2.460684666286998553e-10
2.462297718913786583e-10
2.463910771540575130e-10
2.465523824167362643e-10
2.467136876794151191e-10
2.468749929420939221e-10
2.470362982047727251e-10
2.471976034674515798e-10
2.473589087301303829e-10
2.475202139928091859e-10
2.476815192554879889e-10
2.478428245181667919e-10
2.480039406476442105e-10
2.481630973615465030e-10
2.483222540754487955e-10
2.484982625686378801e-10
2.486906298295860707e-10
2.488829970905342612e-10
2.490753643514824518e-10
2.492677316124306940e-10
2.494600988733788846e-10
2.496524661343270751e-10
2.498448333952752656e-10
2.500372006562234562e-10
2.502295679171716467e-10
2.504219351781198373e-10
2.506143024390680278e-10
2.508066697000162184e-10
2.509990369609644089e-10
2.511914042219126511e-10
2.513837714828608417e-10
2.515761387438090322e-10
2.517685060047572228e-10
2.519608732657054133e-10
2.521532405266536039e-10
2.523456077876017944e-10
2.525379750485499849e-10
2.527303423094981755e-10
2.529227095704464177e-10
2.531150768313946083e-10
2.533074440923427471e-10
2.534998113532909894e-10
2.536921786142391799e-10
2.538845458751873704e-10
2.540381461840433291e-10
2.541819905509179202e-10
2.543258349177924597e-10
2.544696792846670508e-10
2.546135236515415902e-10
2.547573680184161814e-10
2.549012123852907208e-10
2.550450567521653119e-10
2.551889011190399031e-10
2.553327454859144425e-10
2.554765898527890336e-10
2.556204342196635731e-10
2.557642785865381642e-10
2.559081229534127036e-10
2.560519673202872948e-10
2.561958116871618342e-10
2.563396560540364253e-10
2.564835004209110165e-10
2.566273447877855559e-10
2.567711891546601470e-10
2.569150335215346865e-10
2.570588778884092776e-10
2.572027222552838170e-10
2.573465666221584082e-10
2.574904109890329993e-10
2.576342553559075387e-10
2.577765587242627531e-10
2.579175041551335167e-10
2.580584495860043321e-10
2.581993950168750440e-10
2.583403404477458594e-10
2.584812858786166230e-10
2.586222313094873867e-10
2.587631767403581503e-10
2.589041221712289657e-10
2.590450676020997293e-10
2.591860130329704413e-10
2.593269584638412566e-10
2.594679038947120203e-10
2.596088493255827839e-10
2.597497947564535476e-10
2.598907401873243629e-10
2.600316856181951266e-10
2.601726310490658902e-10
2.603135764799366538e-10
2.604545219108074692e-10
2.605954673416781811e-10
2.607364127725489448e-10
2.608773582034197601e-10
2.610183036342905238e-10
2.611592490651612874e-10
2.613001944960320511e-10
2.614411399269028664e-10
2.615820853577736301e-10
2.617230307886443937e-10
2.618639762195151574e-10
2.620049216503859210e-10
2.621458670812566847e-10
2.622868125121275000e-10
2.624277579429982637e-10
2.625687033738690273e-10
2.627096488047397910e-10
2.628497722518764188e-10
2.629865981615927331e-10
2.631234240713090474e-10
2.632602499810254134e-10
2.633970758907417277e-10
2.635339018004580936e-10
2.636707277101744079e-10
2.638075536198907222e-10
2.639443795296070882e-10
2.640812054393234025e-10
2.642180313490397168e-10
2.643548572587560310e-10
2.644916831684723970e-10
2.646285090781887113e-10
2.647653349879050773e-10
2.649021608976213916e-10
2.650389868073377576e-10
2.651758127170540718e-10
2.653126386267703861e-10
2.654494645364867004e-10
2.655862904462030664e-10
2.657231163559193807e-10
2.658599422656356950e-10
2.659967681753520610e-10
2.661335940850683752e-10
2.662704199947847412e-10
2.664072459045010555e-10
2.665440718142174215e-10
2.666808977239336841e-10
2.668014788845097986e-10
2.669193639833486107e-10
2.670372490821873712e-10
2.671551341810261833e-10
2.672730192798649437e-10
2.673909043787037041e-10
2.675087894775424645e-10
2.676266745763812766e-10
2.677445596752200370e-10
2.678624447740588491e-10
2.679803298728976095e-10
2.680982149717364216e-10
2.682161000705751821e-10
2.683339851694139425e-10
2.684518702682527029e-10
2.685697553670915150e-10
2.686876404659303271e-10
2.688055255647690875e-10
2.689234106636078479e-10
2.690412957624466083e-10
2.691591808612854204e-10
2.692770659601241809e-10
2.693949510589629930e-10
2.695128361578017534e-10
2.696307212566405655e-10
2.697486063554793259e-10
2.698632911734207991e-10
2.699620772833623973e-10
2.700608633933040472e-10
2.701596495032456972e-10
2.702584356131872954e-10
2.703572217231289453e-10
2.704560078330705435e-10
2.705547939430121934e-10
2.706535800529538434e-10
2.707523661628954933e-10
2.708511522728370915e-10
2.709499383827787414e-10
2.710487244927203397e-10
2.711549315670286637e-10
2.712666523225603629e-10
2.713783730780920620e-10
2.714900938336237612e-10
2.716018145891554603e-10
2.717135353446871594e-10
2.718252561002188586e-10
2.719369768557505060e-10
2.720486976112822052e-10
2.721604183668139043e-10
2.722721391223456034e-10
2.723838598778773026e-10
2.724955806334090534e-10
2.726073013889407009e-10
2.727190221444724000e-10
2.728307429000041508e-10
2.729424636555357983e-10
2.730541844110674974e-10
2.731659051665991449e-10
2.732776259221308440e-10
2.733893466776625948e-10
2.735010674331942423e-10
nan
nan
nan
nan
nan
nan
nan
nan
nan
nan
nan
nan
nan
nan
nan
nan
nan
nan
nan
nan
nan
nan
nan
nan
nan
nan
nan
nan
nan
nan
nan
nan
nan
nan
nan
nan
nan
nan
nan
nan
nan
nan
nan
nan
nan
nan
nan
nan
nan
nan
nan
nan
nan
nan
nan
nan
nan
nan
nan
nan
nan
nan
nan
nan
nan
nan
nan
nan
nan
nan
nan
nan
nan
nan
nan
nan
nan
nan
nan
nan
nan
nan
nan
nan
nan
nan
nan
nan
nan
nan
nan
nan
nan
nan
nan
nan
nan
nan
nan
nan
nan
nan
nan
nan
nan
nan
nan
nan
nan
nan
nan
nan
nan
nan
nan
nan
nan
nan
nan
nan
nan
nan
nan
nan
nan
nan
nan
nan
nan
nan
nan
nan
nan
nan
nan
nan
nan
nan
nan
nan
nan
nan
nan
nan
nan
nan
nan
nan
nan
nan
nan
nan
nan
nan
nan
nan
nan
nan
nan
nan
nan
nan
nan
nan
nan
nan
nan
nan
nan
nan
nan
nan
nan
nan
nan
nan
nan
nan
nan
nan
nan
nan
nan
nan
nan
nan
nan
nan
nan
nan
nan
nan
nan
nan
nan
nan
nan
nan
nan
nan
nan
nan
nan
nan
nan
nan
nan
nan
nan
nan
nan
nan
nan
nan
nan
nan
nan
nan
nan
nan
nan
nan
nan
nan
nan
nan
nan
nan
nan
nan
nan
nan
nan
nan
nan
nan
nan
nan
nan
nan
nan
nan
nan
nan
nan
nan
nan
nan
nan
nan
nan
nan
nan
nan
nan
nan
nan
nan
nan
nan
nan
nan
nan
nan
nan
nan
nan
nan
nan
nan
nan
nan
nan
nan
nan
nan
nan
nan
nan
nan
nan
nan
nan
nan
nan
nan
nan
nan
nan
nan
nan
nan
nan
nan
nan
nan
nan
nan
nan
nan
nan
nan
nan
nan
nan
nan
nan
nan
nan
nan
nan
nan
nan
nan
nan
nan
nan
nan
nan
nan
nan
nan
nan
nan
nan
nan
nan
nan
nan
nan
nan
nan
nan
nan
nan
nan
nan
nan
nan
nan
nan
nan
nan
nan
nan
nan
nan
nan
nan
nan
nan
nan
nan
nan
nan
nan
nan
nan
nan
nan
nan
nan
nan
nan
nan
nan
nan
nan
nan
nan
nan
nan
nan
nan
nan
nan
nan
nan
nan
nan
nan
nan
nan
nan
nan
nan
nan
nan
nan
nan
nan
nan
nan
nan
nan
nan
nan
nan
nan
nan
nan
nan
nan
nan
nan
nan
