8.053040873928563048e-02
7.259623267441982220e-02
6.280386706209351022e-02
5.313965044019731271e-02
4.436850625614902760e-02
3.673849060567193486e-02
3.023309270854475372e-02
2.475539872138120961e-02
2.021832830898192754e-02
1.647466482094297330e-02
1.340329974839521952e-02
1.088895296954515805e-02
8.809348012693894378e-03
7.088725577315260415e-03
5.660532960644726330e-03
4.460808326220594075e-03
3.460030610194694475e-03
2.627954969590444879e-03
1.927426240917690841e-03
1.350949203431900392e-03
8.646234804848745631e-04
5.247255050487599493e-04
3.082701451529496384e-04
1.724585397873577505e-04
9.265543516938964507e-05
4.747942298480917667e-05
2.246059173507449562e-05
1.115903325796372958e-05
5.132858621613864417e-06
2.323990811086776326e-06
1.007792821476644937e-06
4.848830650181041505e-07
1.809750437155492816e-07
8.898012545284941998e-08
2.771376300055828382e-08
1.190838449102781009e-08
3.359597495043579977e-09
7.905909309849006530e-10
1.325332870403975342e-09
1.738239982324493534e-10
7.245655760377720562e-10
4.124479009004158857e-10
1.814776682373963390e-10
2.432042314983845559e-10
1.664487429161762794e-12
6.772972089949291383e-10
1.366955225414520192e-09
4.104669586357295505e-10
-4.307480288126414765e-10
3.296096727596166336e-09
1.055756954732105175e-08
5.402283864975746478e-09
2.751133906633403069e-09
6.809474101483801259e-10
-1.324620885547179598e-10
-2.007203197986399656e-09
-4.105047253375279426e-09
-2.514500415507960282e-09
-1.474476852149936595e-09
-7.326773690916503937e-10
-3.771352437579519831e-10
-1.484698937845292044e-10
1.235322629655115379e-10
5.910041230466796727e-10
3.088685208571884123e-10
7.210956913204627945e-11
-1.307783883657157934e-10
-3.122917803946238642e-10
-4.311885732035010190e-10
-4.196181093298845992e-10
-1.705050351307344460e-10
4.118960707036236883e-11
4.762611128264232778e-11
8.854735017483890661e-11
9.141010339075338653e-11
1.429271159440658986e-10
3.473651158950060260e-10
6.329079685054170786e-10
8.484992119705899048e-10
8.806303928016425038e-10
5.822346674531155305e-10
1.534084588864141681e-11
-3.162772092046887411e-10
-2.065010599760780888e-09
-2.963560160220163984e-09
-3.227701263097241897e-09
-3.055389135826972273e-09
-2.798914891132337749e-09
-2.701166293705608160e-09
-2.815377678347083711e-09
-2.942013385088479313e-09
-3.037568567369439430e-09
-3.179876654269777025e-09
-3.434471874360317873e-09
-3.825158488892097187e-09
-4.333881692169036943e-09
-4.806317683290371457e-09
-4.822924391588497426e-09
-4.171602746866056673e-09
-2.312747138724327415e-08
-3.941095403925034200e-08
-4.175404428291214634e-08
-3.701653804883014395e-08
-3.400188152434091708e-08
-3.474275952389821065e-08
-3.619909129090586690e-08
-3.725620258255508641e-08
-3.799292161048973175e-08
-3.863221367370269920e-08
-3.958038219511842385e-08
-4.094720600800660091e-08
-4.271134126660445124e-08
-4.396662485178324548e-08
-4.463973396925340805e-08
-4.515461365741462510e-08
-4.618949945433811110e-08
-4.788803614621005945e-08
-4.949602468780688288e-08
-5.074220639421134868e-08
-5.167978336548143274e-08
-5.238180016844602886e-08
-5.322939860030774863e-08
-5.440259692874808619e-08
-5.596860814891699866e-08
-5.821135582394924300e-08
-6.240466476316921510e-08
-6.853775921570617859e-08
-7.388350904171317712e-08
-7.140953375717461222e-08
-5.042857506853492598e-08
6.442002004127716446e-07
2.090282360069703703e-06
3.508547251368911583e-06
4.466695659049384956e-06
5.069128004244118954e-06
5.394127884632394463e-06
5.477075547610797112e-06
5.353351240575930319e-06
5.099815037562274961e-06
4.897529493581813652e-06
4.773776414353046857e-06
4.740326384668944431e-06
4.808921160629247565e-06
4.912175721349441404e-06
4.984348064872801958e-06
5.030968259907972668e-06
5.066776054648784977e-06
5.120837074207472860e-06
5.199191779565856184e-06
5.299420239767750527e-06
5.384235859083490136e-06
5.449384884694924132e-06
5.496987303479907111e-06
5.529163102316284349e-06
5.551034754972378951e-06
5.584727758942383632e-06
5.636578346122306020e-06
5.709344694814800211e-06
5.805784983322528774e-06
5.923165607589458445e-06
6.035575681475818695e-06
6.139618063460780454e-06
6.235657868806357918e-06
6.324060212774564434e-06
6.405190210627423514e-06
6.479412977626950198e-06
6.547093629035156141e-06
6.608597280114064008e-06
6.664289046125686297e-06
6.715038882063764101e-06
6.769514148227477704e-06
6.831184660775662552e-06
6.900642194896974018e-06
6.978478525780053923e-06
7.065285428613552561e-06
7.161654678586110058e-06
7.268178050886378400e-06
7.385447320702999409e-06
7.514054263224622530e-06
7.639011194092994682e-06
7.734777477592559236e-06
7.804084043092909549e-06
7.850206946700379596e-06
7.886069686712902864e-06
7.939165471105882448e-06
8.013540745224391216e-06
8.112040503442714975e-06
8.224377115946127835e-06
8.317111304813431031e-06
8.390310417078281877e-06
8.446079181074474615e-06
8.488159812034115747e-06
8.539025422414586207e-06
8.606989521155195417e-06
8.694303153552542277e-06
8.803153078493057977e-06
8.909909500961455420e-06
8.995407318108072892e-06
9.061511657174558897e-06
9.110087645402546689e-06
