7.857401540484793001e-02
6.564978096465419466e-02
5.485138717298081862e-02
4.582916546850496209e-02
3.829096246765839595e-02
3.199267958975239579e-02
2.673036877036095299e-02
2.233362831003235169e-02
1.866008500577611209e-02
1.559078388827570168e-02
1.302633627744330391e-02
1.088370142444468162e-02
9.093497524824264641e-03
7.597755029209119805e-03
6.348039500344839110e-03
5.303883231693651799e-03
4.431474840998224536e-03
3.702564405839941716e-03
3.093548687800927975e-03
2.584706823384437437e-03
2.159561732192778576e-03
1.804346563779630911e-03
1.507558905907088048e-03
1.259588318786717797e-03
1.052405134291801384e-03
8.793004429817068320e-04
7.346688493192476965e-04
6.138269603615976880e-04
5.128617303100439740e-04
4.285037500823789128e-04
3.580213788298444808e-04
2.991322892146937740e-04
2.499295621487176836e-04
2.088199378269638270e-04
1.744722235303639024e-04
1.457741875627483093e-04
1.217965434817829581e-04
1.017628583779580336e-04
8.502441078552642161e-05
7.103918408596689713e-05
5.935431517814132493e-05
4.959143007615227653e-05
4.143439157905745183e-05
3.461906226318431552e-05
2.892475130702753291e-05
2.416706818379416255e-05
2.019195181319524658e-05
1.687068182725624476e-05
1.409571040727809674e-05
1.177717972043349092e-05
9.840012185251289546e-06
8.221479344320466875e-06
6.869170620581091666e-06
5.739296182414049360e-06
4.795268961696861650e-06
4.006519908394301774e-06
3.347508117809438913e-06
2.796893776896533274e-06
2.336847148368249845e-06
1.952471216442209779e-06
1.631319298610192867e-06
1.362992002958840781e-06
1.138800479901430406e-06
9.514850638950452529e-07
7.949801943301947820e-07
6.642180033705575485e-07
5.549642106156969862e-07
4.636810106041091832e-07
3.874125132435464402e-07
3.236890275539589912e-07
2.704470892837712491e-07
2.259626427709892888e-07
1.887952133752678582e-07
1.577412626986194410e-07
1.317952161652338001e-07
1.101169009736393594e-07
9.200434001212962797e-08
7.687102076268862941e-08
6.422690312564229182e-08
5.366255116925498508e-08
4.483587496597223322e-08
3.746105319562287534e-08
3.129927781247341423e-08
2.615102107425151079e-08
2.184957452767193323e-08
1.825565073290181129e-08
1.525287292251947123e-08
1.274400654320291076e-08
1.064781065168487309e-08
8.896407208344028741e-09
7.433083082121842151e-09
6.210453592311484940e-09
5.188928119883806859e-09
4.335428102490596574e-09
3.622315899856039858e-09
3.026499844574075887e-09
2.528686498483176580e-09
2.112755901532511304e-09
1.765239582739106428e-09
1.474884430429780158e-09
1.232288299217043738e-09
1.029595554103675971e-09
8.602426929668876925e-10
7.187458102877612177e-10
6.005230198753866071e-10
5.017460863610055317e-10
4.192164610622681080e-10
3.502617080686619019e-10
2.926489666658243029e-10
2.445126478792424819e-10
2.042940238404754233e-10
1.706907537868754318e-10
1.426147122692256714e-10
1.191567539799446496e-10
9.955727423292544600e-11
8.318161179817099749e-11
6.949949759726664618e-11
5.806788377691281327e-11
4.851659713956934886e-11
4.053635236728119803e-11
3.386873688847851746e-11
2.829784308237011289e-11
2.364327685886767182e-11
1.975431622113043539e-11
1.650503065602159897e-11
1.379020331085010329e-11
1.152192391022313657e-11
9.626742086428882116e-12
8.043288943818964717e-12
6.720289839795566091e-12
5.614904033202168803e-12
4.691337435384936954e-12
3.919683542675373983e-12
3.274955017909410988e-12
2.736274562106479144e-12
2.286198875491885949e-12
1.910153816683024563e-12
1.595962469627098629e-12
1.333450836373613071e-12
1.114118387408535938e-12
9.308628014644060784e-13
7.777499814590379740e-13
6.498218993260134369e-13
5.429360474576972920e-13
4.536312979521439996e-13
3.790158259804627213e-13
3.166734680612957892e-13
2.645854829796415807e-13
2.210651818485148083e-13
1.847033105345284213e-13
1.543224158465262016e-13
1.289387177944279927e-13
1.077302532835211381e-13
9.001025968813500211e-14
7.520493642397098883e-14
6.283486440467470493e-14
5.249948171614157616e-14
4.386411280706818723e-14
3.664913118103465318e-14
3.062090466145829242e-14
2.558423002320261947e-14
2.137601201260426617e-14
1.785998207288644283e-14
1.492228575918373379e-14
1.246779595690546464e-14
1.041703251979081058e-14
8.703588580809020394e-15
7.271980195902317494e-15
6.075849688736093733e-15
5.076464518002430276e-15
4.241463058296702123e-15
3.543806681027410962e-15
2.960904202131095987e-15
2.473880344865734114e-15
2.066964529385348709e-15
1.726980197164333645e-15
1.442918133812704311e-15
1.205579973820290034e-15
1.007280343366445186e-15
8.415979961223770714e-16
7.031678834414901392e-16
5.875074258514364343e-16
4.908713602521949646e-16
4.101304625497117818e-16
3.426702185778792919e-16
2.863061621178133221e-16
2.392131385295797624e-16
1.998662034442171997e-16
1.669912427250130585e-16
1.395237146966032516e-16
1.165741786519639175e-16
9.739949339745354520e-17
8.137875320059803761e-17
6.799318190968113861e-17
5.680933418587956061e-17
4.746505987806152947e-17
3.965777704516647364e-17
3.313467388863565877e-17
2.768452231843003314e-17
2.313083806334117669e-17
