4.909554028617300891e-02
4.314731913697697485e-02
3.791976089592918875e-02
3.332555290027653522e-02
2.928796094356058213e-02
2.573954763176374005e-02
2.262104601834702411e-02
1.988036970520409841e-02
1.747174287586181554e-02
1.535493573041146580e-02
1.349459255211463322e-02
1.185964118279691712e-02
1.042277404386339305e-02
9.159992034751656895e-03
8.050203690841282317e-03
7.074872905802872224e-03
6.217709334511596457e-03
5.464396305517158284e-03
4.802351698560872184e-03
4.220517793225436742e-03
3.709176578689661521e-03
3.259787439821622366e-03
2.864844508581664700e-03
2.517751298164285726e-03
2.212710525970678580e-03
1.944627285193424419e-03
1.709023947748355542e-03
1.501965377230041546e-03
1.319993202769298305e-03
1.160068056009712703e-03
1.019518806423247263e-03
8.959979470738737998e-04
7.874423856653351306e-04
6.920389859902109902e-04
6.081942842404983781e-04
5.345078743700211943e-04
4.697490179808799598e-04
4.128360880633967739e-04
3.628185032510821860e-04
3.188608508496982804e-04
2.802289334572140734e-04
2.462775061200085745e-04
2.164394992066421620e-04
1.902165469955441248e-04
1.671706637814919711e-04
1.469169284720496787e-04
1.291170554893199978e-04
1.134737445957683326e-04
9.972571527276459969e-05
8.764334271414704711e-05
7.702482254551683304e-05
6.769280021094746037e-05
5.949140872984667714e-05
5.228366534746047028e-05
4.594918359688813673e-05
4.038216255859887276e-05
3.548961973329914170e-05
3.118983801292182784e-05
2.741100081045784331e-05
2.408999255204960632e-05
2.117134449671018514e-05
1.860630827634877514e-05
1.635204168201598489e-05
1.437089309706202290e-05
1.262977262553816396e-05
1.109959941218989672e-05
9.754815922969665661e-06
8.572961073398651451e-06
7.534295075004791708e-06
6.621469733880092904e-06
5.819238694558591211e-06
5.114202789597961157e-06
4.494586241596929196e-06
3.950039979689681915e-06
3.471468785434440110e-06
3.050879381021456977e-06
2.681246922511804845e-06
2.356397668226415310e-06
2.070905862568295823e-06
1.820003112992239175e-06
1.599498746501908102e-06
1.405709815438150314e-06
1.235399583488700034e-06
1.085723464489250707e-06
9.541815110651809458e-07
8.385766595612199294e-07
7.369780338500169755e-07
6.476886951058579715e-07
5.692172988880452799e-07
5.002531861397504962e-07
4.396444920627608804e-07
3.863789072342393401e-07
3.395667696303430150e-07
2.984262051532830567e-07
2.622700684732475916e-07
2.304944660661785738e-07
2.025686697548254792e-07
1.780262522851983985e-07
1.564572968814595404e-07
1.375015506602811793e-07
1.208424075503909035e-07
1.062016202177491403e-07
9.333465267291885629e-08
8.202659593811434433e-08
7.208857855584989575e-08
6.335461198613791796e-08
5.567881820286449678e-08
4.893299318360522399e-08
4.300446559736006499e-08
3.779421492520005553e-08
3.321521758195974656e-08
2.919099341527296127e-08
2.565432830502731894e-08
2.254615152760707933e-08
1.981454913423731917e-08
1.741389686449852465e-08
1.530409811260453095e-08
1.344991421866735259e-08
1.182037589921880072e-08
1.038826598647826435e-08
9.129664836881667787e-09
8.023550816111731653e-09
7.051449187779384010e-09
6.197123541361292634e-09
5.446304605505979598e-09
4.786451917245454254e-09
4.206544366420757292e-09
3.696896116915249529e-09
3.248994830141775629e-09
2.855359488731335263e-09
2.509415445740265934e-09
2.205384612400497731e-09
1.938188950286834369e-09
1.703365655990970710e-09
1.496992621684367724e-09
1.315622926583953425e-09
1.156227265172361655e-09
1.016143350586901396e-09
8.930314480934246993e-10
7.848352959483675150e-10
6.897477609343093639e-10
6.061806549347544660e-10
5.327382084131532057e-10
4.681937577400961540e-10
4.114692569915931109e-10
3.616172720166836800e-10
3.178051560324943761e-10
2.793011424415000081e-10
2.454621225879386489e-10
2.157229043128449828e-10
1.895867718999986840e-10
1.666171897414137330e-10
1.464305111538552284e-10
1.286895705662588388e-10
1.130980520523307049e-10
9.939554014943172658e-11
8.735317030063439466e-11
7.676980627198984682e-11
6.746868069877082743e-11
5.929444264982494815e-11
5.211056289733327967e-11
4.579705355380289163e-11
4.024846398880895901e-11
3.537211955252394805e-11
3.108657368852480347e-11
2.732024758248122568e-11
2.401023462561897204e-11
2.110124972465257790e-11
1.854470590916477719e-11
1.629790281357728992e-11
1.432331347943029482e-11
1.258795756587278555e-11
1.106285049948623294e-11
9.722519362933485950e-12
8.544577436620560055e-12
7.509350287205428655e-12
6.599547157741628242e-12
5.799972170889905555e-12
5.097270521604814607e-12
4.479705420109799386e-12
3.936962059577528282e-12
3.459975334309589116e-12
3.040778430898934529e-12
2.672369763487120221e-12
2.348596030618703511e-12
2.064049440463778394e-12
1.813977387825414204e-12
1.594203074322946177e-12
1.401055745919435300e-12
1.231309382593892409e-12
1.082128816129871562e-12
9.510223760593647968e-13
8.358002728365165701e-13
7.345380231410976578e-13
6.455443064273391180e-13
5.673327158459520579e-13
4.985969317124979270e-13
4.381889028599919575e-13
3.850996714523700872e-13
3.384425209875947031e-13
2.974381660219241559e-13
2.614017362485257864e-13
2.297313375335545191e-13
2.018979988517715880e-13
1.774368372116233928e-13
1.559392930029924811e-13
1.370463060794469293e-13
1.204423185993344489e-13
1.058500044588883884e-13
9.302563728633335280e-14
8.175501963147802147e-14
7.184990535856591012e-14
6.314485548783626610e-14
5.549447497086182675e-14
4.877098424724141136e-14
4.286208502186211562e-14
3.766908461613115740e-14
3.310524756538309938e-14
2.909434693021401214e-14
2.556939112519389899e-14
2.247150499996918225e-14
1.974894648414559798e-14
1.735624237158043643e-14
1.525342880962678760e-14
1.340538380769139483e-14
1.178124061641142323e-14
1.035387217948556483e-14
9.099438047279170381e-15
7.996986184581811920e-15
7.028103021759089810e-15
6.176605904320697621e-15
5.428272804080299845e-15
4.770604777440221877e-15
4.192617203289460428e-15
3.684656313690841226e-15
3.238237952983096360e-15
2.845905872191473823e-15
2.501107191926041610e-15
2.198082953701890997e-15
1.931771931627670786e-15
1.697726097888932083e-15
1.492036330098577590e-15
1.311267119650339999e-15
1.152399190549530858e-15
1.012779070318903954e-15
8.900747706937384937e-16
7.822368378683514445e-16
6.874641217404235638e-16
6.041736924180378842e-16
5.309744015235648570e-16
4.666436467052178651e-16
4.101069512683061866e-16
3.604200178575028324e-16
3.167529564438345924e-16
2.783764231862863103e-16
2.446494386540356566e-16
2.150086819445985429e-16
1.889590818842070032e-16
1.660655481610864347e-16
1.459457042818497704e-16
1.282635009741062505e-16
1.127236033639155750e-16
9.906645818057511247e-17
8.706395859933289767e-17
7.651563431458842155e-17
6.724530320872319160e-17
5.909812869147104994e-17
5.193803356039605713e-17
4.564542718778427064e-17
4.011520807256786596e-17
3.525500839514743621e-17
3.098365125499261646e-17
2.722979482322687518e-17
2.393074076431070703e-17
2.103138702463320081e-17
1.848330749709035386e-17
1.624394318985517187e-17
1.427589138993538702e-17
1.254628094885920991e-17
1.102622325627129526e-17
9.690329731392771598e-18
8.516287773305018148e-18
7.484488087416288667e-18
6.577697163577237406e-18
5.780769435450845093e-18
5.080394313512169523e-18
4.464873866527706552e-18
3.923927438266218482e-18
3.448519936074448203e-18
3.030710923328750874e-18
2.663521995247619728e-18
2.340820222925090057e-18
2.057215718823310429e-18
1.807971612824341106e-18
1.588924935226697904e-18
1.396417085244601506e-18
1.227232723668483292e-18
1.078546069048532772e-18
9.478737004198967078e-19
8.330330782627748389e-19
7.321060908985453535e-19
6.434070174602094468e-19
5.654543723423455460e-19
4.969461608659676645e-19
4.367381328690281483e-19
3.838246710057009921e-19
3.373219945436119318e-19
2.964533981224736982e-19
2.605362789262175502e-19
2.289707355915564592e-19
2.012295484276325111e-19
1.768493735925370302e-19
1.554230041485189161e-19
1.365925687370933868e-19
1.200435542757170088e-19
1.054995528408535621e-19
9.271764499788323578e-20
8.148434246846054894e-20
7.161202236822238081e-20
6.293579345813267854e-20
5.531074206839336438e-20
4.860951169530369596e-20
4.272017584457807322e-20
3.754436859253628130e-20
3.299564164109390815e-20
2.899802042546351989e-20
2.548473515812240688e-20
2.239710561446915380e-20
1.968356103342951072e-20
1.729877876302209386e-20
1.520292726421594895e-20
1.336100082944029205e-20
1.174223490396403022e-20
1.031959224462132566e-20
9.069311333509294301e-21
7.970509504093081169e-21
7.004834150980249621e-21
6.156156197736406601e-21
5.410300702925943191e-21
4.754810104857949577e-21
4.178736150660291101e-21
3.672457034402793466e-21
3.227516690041189224e-21
2.836483554990990492e-21
2.492826445347241167e-21
2.190805469571036993e-21
1.925376158641415908e-21
1.692105211418245642e-21
1.487096447963254523e-21
1.306925734063192821e-21
1.148583790039964026e-21
1.009425928618824768e-21
8.871278823572082108e-22
7.796469828473830277e-22
6.851880432930379479e-22
6.021733746177282476e-22
5.292164343028712283e-22
4.650986678280840550e-22
4.087491559108660847e-22
3.592267276061136634e-22
3.157042405116009033e-22
2.774547655214889230e-22
2.438394453803848650e-22
2.142968242468666624e-22
1.883334700448195881e-22
1.655157329735444099e-22
1.454625025241147008e-22
1.278388420269387608e-22
1.123503944123284261e-22
9.873846574694377513e-23
8.677570442948540007e-23
7.626230387792394463e-23
6.702266528409380349e-23
5.890246469571940930e-23
5.176607543916747665e-23
4.549430283124197113e-23
3.998239334432385517e-23
3.513828497317785732e-23
3.088106958038196205e-23
2.713964153789317494e-23
2.385151009384926794e-23
2.096175562830046556e-23
1.842211236486429962e-23
1.619016221740031302e-23
1.422862630702804256e-23
1.250474231613714395e-23
1.098971727971770848e-23
9.658246674325197468e-24
8.488091772321721795e-24
7.459708202202244857e-24
6.555919511080171016e-24
5.761630277049328691e-24
5.063573979715049235e-24
4.450091417732877458e-24
3.910935972400710987e-24
3.437102464742248464e-24
3.020676747588221623e-24
2.654703520485360073e-24
2.333070159627064181e-24
2.050404622489457087e-24
1.801985721937379685e-24
1.583664271164068261e-24
1.391793782397547924e-24
1.223169561877291169e-24
1.074975183842099442e-24
9.447354495175663518e-25
8.302750454063180516e-25
7.296822103759122802e-25
6.412768046985136745e-25
5.635822477191557753e-25
4.953008554449433253e-25
4.352921661342709575e-25
3.825538918717439148e-25
3.362051779748186429e-25
2.954718906244339970e-25
2.596736869880006633e-25
2.282126518750664754e-25
2.005633111307766035e-25
1.762638549669991899e-25
1.549084246398819185e-25
1.361403336430076326e-25
1.196461101939180777e-25
1.051502615093696417e-25
9.241067242026274564e-26
8.121456147214831033e-26
7.137492696857659564e-26
6.272742359775848283e-26
5.512761747476048349e-26
4.844857375191307944e-26
4.257873650478779167e-26
3.742006548278572943e-26
3.288639860364359775e-26
2.890201284162013298e-26
2.540035947276453651e-26
2.232295255286077301e-26
1.961839206297820305e-26
1.724150540683738143e-26
1.515259292095496958e-26
1.331676479578891427e-26
1.170335833289088276e-26
1.028542580487411294e-26
9.039284364237656563e-27
7.944120483454389802e-27
6.981642319531345152e-27
6.135774196702012479e-27
5.392388104385320105e-27
4.739067725788490532e-27
4.164901055869074063e-27
3.660298144883146478e-27
3.216830923403374741e-27
2.827092433503019271e-27
2.484573114932019323e-27
2.183552079970010908e-27
1.919001560987207929e-27
1.686502934760270001e-27
1.482172920949470271e-27
1.302598722075851188e-27
1.144781021681797375e-27
1.006083888608718797e-27
8.841907506738871411e-28
7.770657024021758861e-28
6.829195005597836305e-28
6.001796795342838199e-28
5.274642874169059524e-28
4.635588041169824486e-28
4.073958559862074942e-28
3.580373881386807582e-28
3.146589967019918979e-28
2.765361593106952692e-28
2.430321338586601937e-28
2.135873233906224475e-28
1.877099295013427904e-28
1.649677381319067211e-28
1.449809005663862112e-28
1.274155890543473865e-28
1.119784210930080713e-28
9.841155924126922977e-29
8.648840462086578884e-29
7.600981217586208998e-29
6.680076447630557195e-29
5.870744851065282412e-29
5.159468664244792988e-29
4.534367882210679791e-29
3.985001834337745336e-29
3.502194800288891534e-29
3.077882753649718046e-29
2.704978673497218854e-29
2.377254174285397076e-29
2.089235476984663970e-29
1.836111983946111998e-29
1.613655930472837683e-29
1.418151771088577766e-29
1.246334121086368456e-29
1.095333216833192744e-29
9.626269838880556193e-30
8.459989123570362785e-30
7.435010359033569186e-30
6.534213960739298985e-30
5.742554485192424413e-30
5.046809335223011930e-30
4.435357911147626684e-30
3.897987519100571924e-30
3.425722794743385820e-30
3.010675793321246916e-30
2.645914242214538958e-30
2.325345755489232339e-30
2.043616076553637221e-30
1.796019649331567938e-30
1.578421024278151421e-30
1.387185786531081661e-30
1.219119852533563105e-30
1.071416121237885283e-30
9.416075888378233360e-31
8.275261439342395811e-31
7.272663549153035734e-31
6.391536447141220313e-31
5.617163213867105084e-31
4.936609973543138271e-31
4.338509867529459869e-31
3.812873200744415349e-31
3.350920589984399585e-31
2.944936327331615226e-31
2.588139509470678892e-31
2.274570780466604028e-31
1.998992796339112092e-31
1.756802748954628755e-31
1.543955488177240422e-31
1.356895958234970001e-31
1.192499819828379932e-31
1.048021266229230987e-31
9.210471617738063788e-32
8.094567367548358371e-32
7.113861655204781422e-32
6.251974361505686524e-32
5.494509917595418632e-32
4.828816864707064579e-32
4.243776544693824628e-32
3.729617391979100412e-32
3.277751725157468564e-32
2.880632312279009210e-32
2.531626314115434593e-32
2.224904499960709526e-32
1.955343885606188070e-32
1.718442167313259378e-32
1.510242522626551079e-32
1.327267522022828705e-32
1.166461047562646032e-32
1.025137248448065675e-32
9.009356809226979703e-33
7.917818832438671187e-33
6.958527272348042549e-33
6.115459677055769556e-33
5.374534811455214776e-33
4.723377467096809425e-33
4.151111766757130223e-33
3.648179511408149558e-33
3.206180535547331381e-33
2.817732404443766712e-33
2.476347109910073618e-33
2.176322705125871827e-33
1.912648068557073517e-33
1.680919206301035727e-33
1.477265694908153887e-33
1.298286036099727004e-33
1.140990843652103655e-33
1.002752913532776724e-33
8.812633433411324588e-34
7.744929681437472907e-34
6.806584685911721982e-34
5.981925852409949801e-34
5.257179415955203607e-34
4.620240386364560551e-34
4.060470366107062394e-34
3.568519863748207771e-34
3.136172135193894920e-34
2.756205944510507438e-34
2.422274952100324965e-34
2.128801715727589141e-34
1.870884533960631332e-34
1.644215576093133735e-34
1.445008931119937708e-34
1.269937374013868846e-34
1.116076793149840050e-34
9.808573506822609038e-35
8.620205601374406422e-35
7.575815643149319944e-35
6.657959834488773377e-35
5.851307799147916845e-35
5.142386528529977908e-35
4.519355350381236180e-35
3.971808161386529160e-35
3.490599620480363572e-35
3.067692399887766347e-35
2.696022942623887575e-35
2.369383484282905464e-35
2.082318368599946428e-35
1.830032925008358981e-35
1.608313386231316107e-35
1.413456508340705489e-35
1.242207717770859770e-35
1.091706752194964540e-35
9.594398873376859718e-36
8.431979517977350392e-36
7.410394286282751183e-36
6.512580273836423509e-36
5.723541850084165471e-36
5.030100195658211805e-36
4.420673184732407393e-36
3.885081935958326705e-36
3.414380800923958104e-36
3.000707950537119638e-36
2.637154063770488680e-36
2.317646925558466347e-36
2.036850006355219478e-36
1.790073329391861930e-36
1.573195136903584042e-36
1.382593046966366269e-36
1.215083551098509739e-36
1.067868842093259278e-36
9.384900839803632215e-37
8.247863436140505039e-37
7.248584979470795763e-37
6.370375141564760196e-37
5.598565728235201620e-37
4.920265685588921168e-37
4.324145788749195276e-37
3.800249416840047946e-37
3.339826253723651018e-37
2.935186136897551654e-37
2.579570613480276430e-37
2.267040057965244788e-37
1.992374466339980570e-37
1.750986269596996085e-37
1.538843710414238606e-37
1.352403503213373759e-37
1.188551652858519514e-37
1.044551443527160401e-37
9.179977290432102363e-38
8.067767612123153528e-38
7.090308851968903846e-38
6.231275122595893687e-38
5.476318516463514153e-38
4.812829461663627022e-38
4.229726112062554966e-38
3.717269254098952594e-38
3.266899638740774411e-38
2.871095021657623101e-38
2.523244523839894425e-38
2.217538214187064301e-38
1.948870069832351695e-38
1.712752693409936401e-38
1.505242362840220082e-38
1.322873161786050267e-38
1.162599090602117120e-38
1.021743190892152518e-38
8.979528339333248864e-39
7.891604261779694181e-39
6.935488755210561696e-39
6.095212415378244742e-39
5.356740627784809066e-39
4.707739156220973483e-39
4.137368131669504912e-39
3.636101000696813549e-39
3.195565409339866344e-39
2.808403364871474808e-39
2.468148339811554265e-39
2.169117265529739504e-39
1.906315611475139792e-39
1.675353964630578088e-39
1.472374715869529146e-39
1.293987628703826948e-39
1.137213214266391926e-39
9.994329667568281337e-40
8.783456281632433376e-40
7.719287517771113672e-40
6.784049225203357598e-40
5.962120698837651994e-40
5.239773776323508594e-40
4.604943545071147118e-40
4.047026829500125044e-40
3.556705092774599078e-40
3.125788795062445946e-40
2.747080608731575661e-40
2.414255205850619191e-40
2.121753610160023085e-40
1.864690348939705823e-40
1.638771853988592251e-40
1.440224748818071886e-40
1.265732824285202194e-40
1.112381650008271108e-40
9.776098964439176576e-41
8.591665545885215735e-41
7.550733387710204421e-41
6.635916445745143170e-41
5.831935100050564543e-41
5.125360948902463362e-41
4.504392522527658739e-41
3.958658170474442475e-41
3.479042830368167589e-41
3.057535784678656849e-41
2.687096862673928820e-41
2.361538852815401367e-41
2.075424161601358752e-41
1.823973992815551323e-41
1.602988530258074202e-41
1.408776790820606624e-41
1.238094976284881591e-41
1.088092294173135564e-41
9.562633427296417333e-42
8.404062647492447346e-42
7.385859713221805561e-42
6.491018212443889301e-42
5.704592162623026205e-42
5.013446377252998390e-42
4.406037076984319773e-42
3.872219081038180970e-42
3.403076358544524981e-42
2.990773109609206863e-42
2.628422888808503823e-42
2.309973585162788452e-42
2.030106337480863361e-42
1.784146696720546109e-42
1.567986551565968169e-42
1.378015513192314527e-42
1.211060613180767439e-42
1.064333307395131901e-42
9.353829006588209177e-43
8.220556143133805537e-43
7.224586129895881243e-43
6.349283897523084999e-43
5.580029815760106493e-43
4.903975510831780713e-43
4.309829267025562543e-43
3.787667428167748482e-43
3.328768648950241476e-43
2.925468227709264650e-43
2.571030087667807191e-43
2.259534268423460810e-43
1.985778048521880509e-43
1.745189047627354803e-43
1.533748856890395185e-43
1.347925921957133609e-43
1.184616557607532796e-43
1.041093108826323742e-43
9.149583924731326566e-44
8.041056586195050429e-44
7.066834028115596165e-44
6.210644415395625976e-44
5.458187344010724632e-44
4.796894990231299076e-44
4.215722198058101701e-44
3.704961998833099797e-44
3.256083481762706990e-44
2.861589307406430037e-44
2.514890484266637364e-44
2.210196316950621307e-44
1.942417687777175003e-44
1.707082056400839277e-44
1.500258757744597135e-44
1.318493350539242223e-44
1.158749919933575385e-44
1.018360370491776326e-44
8.949798626502447276e-45
7.865476483169168206e-45
6.912526514740606174e-45
6.075032188989409314e-45
5.339005357673099892e-45
4.692152621170606936e-45
4.123669999453466527e-45
3.624062479909317562e-45
3.184985428035504738e-45
2.799105212185066651e-45
2.459976714466267221e-45
2.161935681936082274e-45
1.900004120096936612e-45
1.669807148542203651e-45
1.467499930042462974e-45
1.289703452614128506e-45
1.133448091978237909e-45
9.961240117680492651e-46
8.754375730511390094e-46
7.693730251009399640e-46
6.761588375627024556e-46
5.942381116808229806e-46
5.222425763846492617e-46
4.589697349054666179e-46
4.033627802189017297e-46
3.544929438526778073e-46
3.115439832429265707e-46
2.737985485409422782e-46
2.406262011636195610e-46
2.114728839688341647e-46
1.858516671826898390e-46
1.633346155135225910e-46
1.435456406141674689e-46
1.261542195115755869e-46
1.108698740866135289e-46
9.743731939821060506e-47
8.563219981734623420e-47
7.525734175413468582e-47
6.613946038965770041e-47
5.812626540711994658e-47
5.108391738114672938e-47
4.489479234088512429e-47
3.945551716977491755e-47
3.467524302850381619e-47
3.047412796319611406e-47
2.678200335478183346e-47
2.353720193607494247e-47
2.068552780166295430e-47
1.817935120731372520e-47
1.597681303990175891e-47
1.404112567060599735e-47
1.233995851396442092e-47
1.084489803015835174e-47
9.530973151282313852e-48
8.376238205085079979e-48
7.361406370018711407e-48
6.469527539421454586e-48
5.685705214400060231e-48
4.996847696848430137e-48
4.391449426935170080e-48
3.859398812874045284e-48
3.391809343278468566e-48
2.980871161273981918e-48
2.619720621302993698e-48
2.302325649910687297e-48
2.023384995763483330e-48
1.778239686136325096e-48
1.562795210981115342e-48
1.373453134865142798e-48
1.207050994536005364e-48
1.060809478259640326e-48
9.322860047002951583e-49
8.193339259995815633e-49
7.200666736488179374e-49
6.328262483054380781e-49
5.561555272583578808e-49
4.887739270112132156e-49
4.295560144904998356e-49
3.775127096350403858e-49
3.317747654052279636e-49
2.915782492889044637e-49
2.562517838104441611e-49
2.252053329292467124e-49
1.979203470337197925e-49
1.739411019287672912e-49
1.528670871572348594e-49
1.343463165221743831e-49
1.180694490797183900e-49
1.037646224091845078e-49
9.119291186368528815e-50
8.014433995995330257e-50
7.043436925468395939e-50
6.190082013008057948e-50
5.440116200830145433e-50
4.781013275162254472e-50
4.201764648664972993e-50
3.692695490825954886e-50
3.245303135267011862e-50
2.852115064981442442e-50
2.506564103517810705e-50
2.202878727504959942e-50
1.935986668477154527e-50
1.701430193920120313e-50
1.495291652529919983e-50
1.314128040113175437e-50
1.154913493223784621e-50
1.014988750042570427e-50
8.920167343766239648e-51
7.839435209252945852e-51
6.889640298399112927e-51
6.054918775946831671e-51
5.321328806067325598e-51
4.676617690524499259e-51
4.110017219456518736e-51
3.612063816645779400e-51
3.174440475275456632e-51
2.789837844123321960e-51
2.451832144002414859e-51
2.154777875361614220e-51
1.893713525008480143e-51
1.664278697031946966e-51
1.462641283813987599e-51
1.285433460713199807e-51
1.129695435378706453e-51
9.928260121744473365e-52
8.725391460219360412e-52
7.668257600073129078e-52
6.739201890157964978e-52
5.922706889225469129e-52
5.205135187730160487e-52
4.574501630636964569e-52
4.020273136810808324e-52
3.533192771495925177e-52
3.105125133476308912e-52
2.728920474515746414e-52
2.398295281547649187e-52
2.107727327053894145e-52
1.852363434723911146e-52
1.627938419861117735e-52
1.430703850648443090e-52
1.257365440416909662e-52
1.105028025218679258e-52
9.711472076994682797e-53
8.534868596077894799e-53
7.500817731317407000e-53
6.592048372519797915e-53
5.793381908776054410e-53
5.091478709538683662e-53
4.474615321046974676e-53
3.932488656750708594e-53
3.456043911246068277e-53
3.037323323477853553e-53
2.669333263192359719e-53
2.345927420669321644e-53
2.061704148723083797e-53
1.811916242340217908e-53
1.592391649058667626e-53
1.399463785763481637e-53
1.229910298023234460e-53
1.080899239102750329e-53
9.499417697133820508e-54
8.348505884741618925e-54
7.337033987735240165e-54
6.448108018414379337e-54
5.666880797696011017e-54
4.980303971891687372e-54
4.376910074149516910e-54
3.846620990468419156e-54
3.380579631210986867e-54
2.971001996629499054e-54
2.611047165546141713e-54
2.294703035689926075e-54
2.016685907281663108e-54
1.772352232673808918e-54
1.557621058054584899e-54
1.368905861807668148e-54
1.203054651066309205e-54
1.057297315931598717e-54
9.291993620450780665e-55
8.166212487394850157e-55
7.176826536181844321e-55
6.307310666964457663e-55
5.543141895522002244e-55
4.871556784863281850e-55
4.281338265455487518e-55
3.762628283469257091e-55
3.306763147820700538e-55
2.906128825912869515e-55
2.554033771172187235e-55
2.244597158296655440e-55
1.972650659478624053e-55
1.733652121031108438e-55
1.523609698612340432e-55
1.339015183925663984e-55
1.176785409292456678e-55
1.034210751414820314e-55
9.089098742183722116e-56
7.987899548728353415e-56
7.020117286705220069e-56
6.169587689287230818e-56
5.422104888174765149e-56
4.765184141789154501e-56
4.187853310377832571e-56
3.680469595170280874e-56
3.234558480691093457e-56
2.842672190184639384e-56
2.498265290019613745e-56
2.195585365371123235e-56
1.929576941203843971e-56
1.695797043808512311e-56
1.490340992567806494e-56
1.309777182498026080e-56
1.151089768279601229e-56
1.011628292463402927e-56
8.890634165239339405e-57
7.813480153628712422e-57
6.866829854482743871e-57
6.034871955042553835e-57
5.303710778560205164e-57
4.661134193429253810e-57
4.096409641525185186e-57
3.600104878944672360e-57
3.163930435085992326e-57
2.780601158763431395e-57
2.443714538845890963e-57
2.147643767084672670e-57
1.887443757025712134e-57
1.658768549297720968e-57
1.457798723748557740e-57
1.281177606039533215e-57
1.125955203196008686e-57
9.895389317045598872e-58
8.696503151986790026e-58
7.642869284813385702e-58
6.716889522588992712e-58
5.903097799711668297e-58
5.187901857812498530e-58
4.559356222695307127e-58
