5.085594498207700320e-02
4.455117310362224220e-02
3.902802367763322927e-02
3.418959650375754528e-02
2.995100440506438463e-02
2.623788393564679966e-02
2.298509072049908022e-02
2.013555653822390878e-02
1.763928809480061824e-02
1.545248992252685853e-02
1.353679601594449770e-02
1.185859672428285147e-02
1.038844909116849909e-02
9.100560296380774683e-03
7.972335136961859053e-03
6.983979608520728133e-03
6.118153631812965100e-03
5.359666831901675928e-03
4.695212032535163622e-03
4.113131790067094985e-03
3.603213870902826060e-03
3.156512084251678757e-03
2.765189326807956059e-03
2.422380085677815122e-03
2.122069987251902490e-03
1.858990278784115619e-03
1.628525391421793006e-03
1.426631962938570497e-03
1.249767899474412422e-03
1.094830231715437831e-03
9.591006752391145708e-04
8.401979399151396355e-04
7.360359516602859578e-04
6.447872535740563566e-04
5.648509443509659028e-04
4.948245914689639122e-04
4.334796263884631404e-04
3.797397900861344063e-04
3.326622507638557599e-04
2.914210624548274836e-04
2.552926743184524296e-04
2.236432363936289149e-04
1.959174790978380771e-04
1.716289713698011951e-04
1.503515865409126115e-04
1.317120262095044039e-04
1.153832709539950429e-04
1.010788429817835227e-04
8.854778005565195329e-05
7.757023251836361703e-05
6.795360616800606701e-05
5.952918331324199219e-05
5.214916272699627768e-05
4.568406656641955688e-05
4.002046876516101253e-05
3.505900504401517732e-05
3.071262962682431741e-05
2.690508807680807839e-05
2.356957946018929160e-05
2.064758436561426854e-05
1.808783821770127456e-05
1.584543187214632615e-05
1.388102371289009546e-05
1.216014942808353438e-05
1.065261735530408550e-05
9.331978787731887284e-06
8.175063948140096672e-06
7.161575489652747826e-06
6.273732391495658310e-06
5.495958002114194751e-06
4.814606756569351806e-06
4.217724773640229271e-06
3.694840132458540934e-06
3.236779149210258287e-06
2.835505430593852050e-06
2.483978880328895587e-06
2.176032185072473167e-06
1.906262612765980335e-06
1.669937225082153648e-06
1.462909840983928629e-06
1.281548294572770869e-06
1.122670711010975660e-06
9.834896825188028482e-07
8.615633650493271994e-07
7.547526376627012027e-07
6.611835729879142553e-07
5.792145603397460608e-07
5.074075046865951799e-07
4.445025961730995838e-07
3.893962075445926185e-07
3.411215316975639466e-07
2.988316196540425581e-07
2.617845213717886421e-07
2.293302686951103045e-07
2.008994720703110364e-07
1.759933309622910355e-07
1.541748827113013549e-07
1.350613362965242869e-07
1.183173565071615538e-07
1.036491806960079075e-07
9.079946489764122725e-08
7.954276888959056106e-08
6.968160098471216379e-08
6.104295316312619846e-08
5.347526575477410789e-08
4.684576841985264608e-08
4.103815077628742683e-08
3.595052180686585572e-08
3.149362224510210163e-08
2.758925857726393779e-08
2.416893118610737668e-08
2.117263256795798677e-08
1.854779453861131934e-08
1.624836595743747304e-08
1.423400478893697231e-08
1.246937032697373238e-08
1.092350316420153176e-08
9.569282028636346036e-09
8.382947957911440400e-09
7.343687463150863879e-09
6.433267369331912818e-09
5.635714925639455787e-09
4.937037573548525289e-09
4.324977456141355416e-09
3.788796361678536720e-09
3.319087328394005947e-09
2.907609605237567358e-09
2.547144073054703235e-09
2.231366589658664569e-09
1.954737036713349066e-09
1.712402121824092209e-09
1.500110230559702966e-09
1.314136834537893728e-09
1.151219146905584970e-09
1.008498878785367737e-09
8.834720923858617060e-10
7.739452709800842477e-10
6.779968350271590277e-10
5.939434292617766610e-10
5.203103892794820687e-10
4.558058694725400700e-10
3.992981784071613311e-10
3.497959240054994805e-10
3.064306201920482979e-10
2.684414498489317488e-10
2.351619167556887750e-10
2.060081523301665186e-10
1.804686720196264698e-10
1.580954016243484074e-10
1.384958161161941398e-10
1.213260530326301544e-10
1.062848796250054821e-10
9.310840791848556484e-11
8.156546496267088521e-11
7.145353704684958651e-11
6.259521672367256864e-11
5.483509030650976372e-11
4.803701123357454030e-11
4.208171146169547039e-11
3.686470898313666323e-11
3.229447475415494007e-11
2.829082687520545739e-11
2.478352384969122980e-11
2.171103224086132305e-11
1.901944710617059940e-11
1.666154626879547544e-11
1.459596183409277741e-11
1.278645441577586305e-11
1.120127733856023086e-11
9.812619662612681601e-12
8.596118258015515571e-12
7.530430368898356402e-12
6.596859168142506066e-12
5.779025733249308085e-12
5.062581688394814933e-12
4.434957471154909158e-12
3.885141807398494010e-12
3.403488525373607380e-12
2.981547319660459505e-12
2.611915495851022666e-12
2.288108094908115403e-12
2.004444118617335703e-12
1.755946860028463101e-12
1.538256590246432696e-12
1.347554069716110781e-12
1.180493542054346364e-12
1.034144034847970485e-12
9.059379375769613162e-13
7.936259544946780188e-13
6.952376421415539905e-13
6.090468391476841114e-13
5.335413818118056393e-13
4.673965741354464642e-13
4.094519468606252127e-13
3.586908977629193905e-13
3.142228560016198167e-13
2.752676576116399166e-13
2.411418580149629386e-13
2.112467414132188307e-13
1.850578166936672402e-13
1.621156155608465125e-13
1.420176314528606486e-13
1.244112578156327912e-13
1.089876018415745166e-13
9.547606513857640173e-14
8.363959625055634179e-14
7.327053173800719409e-14
6.418695285290296409e-14
5.622949388810921895e-14
4.925854620577952275e-14
4.315180889117027080e-14
3.780214305962627203e-14
3.311569217189520945e-14
2.901023537988176501e-14
2.541374501332004906e-14
2.226312289937318121e-14
1.950309334467669930e-14
1.708523335788986919e-14
1.496712309861488209e-14
1.311160164784300264e-14
1.148611504288553868e-14
1.006214513847017359e-14
8.814709273728792601e-15
7.721921967046241583e-15
6.764610948981130046e-15
5.925980796796301717e-15
5.191318269277212142e-15
4.547734172122346924e-15
3.983937225095017027e-15
3.490035963577598733e-15
3.057365199014790330e-15
2.678333993602952135e-15
2.346292482036731234e-15
2.055415203783648916e-15
1.800598899024575771e-15
1.577372975153780040e-15
1.381821073029279167e-15
1.210512356902549480e-15
1.060441322552269420e-15
9.289750675935775018e-16
8.138070988533715780e-16
7.129168663909549763e-16
6.245343142137830860e-16
5.471088257527427551e-16
4.792820192648095434e-16
4.198639158754270181e-16
3.678120621438284419e-16
3.222132408697762636e-16
2.822674492692565140e-16
2.472738634262806401e-16
2.166185427758371212e-16
1.897636589008786786e-16
1.662380596693120177e-16
1.456290031646822366e-16
1.275749163875379950e-16
1.117590516834244772e-16
9.790392960350403168e-17
8.576647070126695477e-17
7.513373085576344081e-17
6.581916530025655092e-17
5.765935581102824369e-17
5.051114363690961924e-17
4.424911786857884257e-17
3.876341518263784882e-17
3.395779235835459900e-17
2.974793775058328551e-17
2.605999209471177047e-17
2.282925269208347812e-17
1.999903824164091694e-17
1.751969440196834897e-17
1.534772263694500456e-17
1.344501706114974704e-17
1.177819589594760096e-17
1.031801580707357007e-17
9.038858848633101894e-18
7.918283012272804737e-18
6.936628496187900247e-18
6.076672786202240578e-18
5.323328497535073878e-18
4.663378676076355464e-18
4.085244915197980414e-18
3.578784219855125880e-18
3.135111054085571698e-18
2.746441449841710347e-18
2.405956442142273989e-18
2.107682434598972461e-18
1.846386396406087678e-18
1.617484052089701386e-18
1.416959453263384259e-18
1.241294521326830769e-18
1.087407324978409299e-18
9.525980096591126504e-19
8.345014302938600548e-19
7.310456563012370594e-19
6.404156208680359955e-19
5.610212767378710459e-19
4.914696998270831390e-19
4.305406512433936158e-19
3.771651689581345961e-19
3.304068135364047125e-19
2.894452388931976276e-19
2.535617998347040761e-19
2.221269438781068194e-19
1.945891661472367491e-19
1.704653335646461568e-19
1.493322085841053108e-19
1.308190237527070620e-19
1.146009768279344991e-19
1.003935323255690315e-19
8.794742952268018895e-20
7.704430933422640311e-20
6.749288333955474099e-20
5.912557774676668582e-20
5.179559341540518230e-20
4.537433035740059920e-20
3.974913153075677414e-20
3.482130634224760210e-20
3.050439918272015997e-20
2.672267261753385964e-20
2.340977862066568134e-20
2.050759454011342842e-20
1.796520337233889414e-20
1.573800045530408922e-20
1.378691090758888718e-20
1.207770408404922615e-20
1.058039302056887207e-20
9.268708331540061876e-21
8.119637329931730619e-21
7.113020284096736523e-21
6.231196727895853398e-21
5.458695618871081754e-21
4.781963908487334127e-21
4.189128762377236375e-21
3.669789258892044446e-21
3.214833911440118920e-21
2.816280813156452507e-21
2.467137599341857480e-21
2.161278770799965349e-21
1.893338225787120722e-21
1.658615115115338373e-21
1.452991368695040170e-21
1.272859446572375205e-21
1.115059046898290165e-21
9.768216604102685738e-22
8.557219986698303179e-22
7.496354438945711990e-22
6.567007738687731775e-22
5.752875079643345561e-22
5.039673013784940000e-22
4.414888857181089659e-22
3.867561162787278155e-22
3.388087408717055846e-22
2.968055528004697083e-22
2.600096324154483181e-22
2.277754183199670130e-22
1.995373813995418104e-22
1.748001029674587068e-22
1.531295829539453160e-22
1.341456256465391969e-22
1.175151693942349527e-22
1.029464432492436612e-22
9.018384802830111263e-23
7.900347198494847630e-23
6.920916241806279290e-23
6.062908429546389209e-23
5.311270551581047427e-23
4.652815591708120891e-23
4.075991369710559644e-23
3.570677865583711185e-23
3.128009670117338319e-23
2.740220446838903760e-23
2.400506676500245593e-23
2.102908293589937503e-23
1.842204120713647171e-23
1.613820266304054509e-23
1.413749878555678548e-23
1.238482847717336488e-23
1.084944223413162362e-23
9.504402665625328093e-24
8.326111894136099035e-24
7.293897545439647325e-24
6.389650064736552459e-24
5.597504995846112548e-24
4.903564649250286765e-24
4.295654275828382925e-24
3.763108468502382428e-24
3.296584044344097250e-24
2.887896124277557717e-24
2.529874534497630590e-24
2.216238010257625419e-24
1.941483995010061255e-24
1.700792101495479817e-24
1.489939541064535154e-24
1.305227037493671962e-24
1.143413925498817977e-24
1.001661295290900663e-24
8.774821856801693383e-25
7.686979518984331400e-25
6.734000426399766024e-25
5.899165157232503063e-25
5.167827049115790202e-25
4.527155232606117999e-25
3.965909521608273804e-25
3.474243211344171818e-25
3.043530324079667002e-25
2.666214271743121106e-25
2.335675280316551273e-25
2.046114250043068228e-25
1.792451013850651504e-25
1.570235208999986791e-25
1.375568198255191634e-25
1.205034670733245236e-25
1.055642722411774833e-25
9.247713650453388384e-26
8.101245425668081879e-26
7.096908482205260741e-26
6.217082356894952414e-26
5.446331050954164922e-26
4.771132215047909953e-26
4.179639908132266170e-26
3.661476767831821352e-26
3.207551946110857470e-26
2.809901616033425448e-26
2.461549251403572841e-26
2.156383227978972560e-26
1.889049598848203268e-26
1.654858162782628766e-26
1.449700177590920786e-26
1.269976274808515589e-26
1.112533311030350658e-26
9.746090479830242436e-27
8.537836907828736233e-27
7.479374341489976917e-27
6.552132717461925182e-27
5.739844161708687393e-27
5.028257579840871207e-27
4.404888630582716555e-27
3.858800695816964558e-27
3.380413004464012110e-27
2.961332543848862661e-27
2.594206809546012635e-27
2.272594810290352908e-27
1.990854064816238468e-27
1.744041608054606461e-27
1.527827269904111636e-27
1.338417705106474200e-27
1.172489841377755280e-27
1.027132578184678817e-27
8.997957133075089795e-28
7.882452011379942253e-28
6.905239577472171613e-28
6.049175250727622238e-28
5.299239918249319332e-28
4.642276433930265862e-28
4.066758784558655073e-28
3.562589873128917554e-28
3.120924371593414020e-28
2.734013535117149189e-28
2.395069255198719070e-28
2.098144966554582923e-28
1.838031318352467015e-28
1.610164779410916451e-28
1.410547573900605840e-28
1.235677542869123315e-28
1.082486701053776262e-28
9.482874110000686917e-29
8.307252301444578376e-29
7.277376035929601265e-29
6.375176778862608915e-29
5.584826008864835561e-29
4.892457516269461989e-29
4.285924129150583844e-29
3.754584598793166662e-29
3.289116905643561847e-29
2.881354710310054838e-29
2.524144080248645689e-29
2.211217978493415997e-29
1.937086312414805136e-29
1.696939613480065177e-29
1.486564658137576159e-29
1.302270549446180669e-29
1.140823962598138467e-29
9.993924182587110796e-30
8.754945884887781233e-30
7.669567633989341876e-30
6.718747147697630372e-30
5.885802875593725817e-30
5.156121331670990152e-30
4.516900709868035514e-30
3.956926284392608982e-30
3.466373654375620645e-30
3.036636380905898527e-30
2.660174992445305477e-30
2.330384709518724090e-30
2.041479567991391313e-30
1.788390907948828736e-30
1.566678447230740290e-30
1.372452379459062864e-30
1.202305129819293002e-30
1.053251571292790289e-30
9.226766524712956412e-31
8.082895181164430483e-31
7.080833175381958056e-31
6.202999956553533448e-31
5.433994490193251016e-31
4.760325056629036391e-31
4.170172547223974936e-31
3.653183105511548387e-31
3.200286475263253931e-31
2.803536868519147741e-31
2.455973561710472324e-31
2.151498774120590367e-31
1.884770686138230990e-31
1.651109720375290921e-31
1.446416441409887753e-31
1.267099633757417511e-31
1.110013296242116437e-31
9.724014473751920699e-32
8.518497733842654492e-32
7.462432705890861510e-32
6.537291389855080677e-32
5.726842760288791260e-32
5.016868003156148184e-32
4.394911055637704432e-32
3.850060072303111000e-32
3.372755983611553083e-32
2.954624788018620902e-32
2.588330635359569590e-32
2.267447123948873367e-32
1.986344553384227506e-32
1.740091154975991832e-32
1.524366566951780058e-32
1.335386036412815912e-32
1.169834018212703452e-32
1.024806005792787697e-32
8.977575734321062544e-33
7.864597358904118548e-33
6.889598422570059548e-33
6.035473179124585758e-33
5.287236535673687378e-33
4.631761148546337016e-33
4.057547112264717101e-33
3.554520200899138571e-33
3.113855122078434082e-33
2.727820682758087240e-33
2.389644150276355303e-33
2.093392428998025020e-33
1.833867967864358771e-33
1.606517572612338201e-33
1.407352522830658446e-33
1.232878592356212753e-33
1.080034745262706025e-33
9.461394319009050148e-34
8.288435427880725001e-34
7.260891949522247381e-34
6.360736276631297611e-34
5.572175741234588529e-34
4.881375542211150180e-34
4.276216022364333923e-34
3.746080036620640172e-34
3.281666680863503059e-34
2.874828113390967750e-34
2.518426606131857971e-34
2.206209317673481178e-34
1.932698591072002779e-34
1.693095851789223580e-34
1.483197419705203490e-34
1.299320758181173333e-34
1.138239866258699652e-34
9.971286804916644252e-35
8.735114934316231826e-35
7.652195188899032366e-35
6.703528419410813588e-35
5.872470861046322210e-35
5.144442129010796157e-35
4.506669414793093751e-35
3.947963395233463920e-35
3.458521922850852580e-35
3.029758053299432859e-35
2.654149392803669227e-35
2.325106122466958815e-35
2.036855384022927404e-35
1.784339998649736192e-35
1.563129741932381584e-35
1.369343618347719068e-35
1.199581771626694275e-35
1.050865836403695385e-35
9.205866846600422087e-36
8.064586502056617337e-36
7.064794280961288332e-36
6.188949454454451269e-36
5.421685873148978170e-36
4.749542377656127796e-36
4.160726630967535579e-36
3.644908229282008882e-36
3.193037461535493830e-36
2.797186537883667293e-36
2.450410501590240504e-36
2.146625384107098959e-36
1.880501465653408112e-36
1.647369768617338159e-36
1.443140143265659444e-36
1.264229508626244919e-36
1.107498989574666088e-36
9.701988472344091701e-37
8.499202365290430801e-37
7.445529445027824544e-37
6.522483679547263709e-37
5.713870808525347805e-37
5.005504225161093820e-37
4.384956081037507245e-37
3.841339247298052394e-37
3.365116306784317508e-37
2.947932226020100267e-37
2.582467771377631657e-37
2.262311097703871808e-37
1.981845256509762863e-37
1.736149650124012499e-37
1.520913702886208211e-37
1.332361234794367187e-37
1.167184210789891340e-37
1.022484703352599778e-37
8.957240501758749685e-38
7.846783149251632469e-38
6.873992696666985348e-38
6.021802144275845277e-38
5.275260342128046418e-38
4.621269681482605862e-38
4.048356305458710164e-38
3.546468807396999128e-38
3.106801885219585084e-38
2.721641857915678005e-38
2.384231333835167607e-38
2.088650656480879721e-38
1.829714047839791685e-38
1.602878627152995470e-38
1.404164708915669029e-38
1.230085981785337042e-38
1.077588343431062814e-38
9.439963182192764527e-39
8.269661176680668529e-39
7.244445201449836268e-39
6.346328483783798075e-39
5.559554127902729181e-39
4.870318670087491626e-39
4.266529905546735419e-39
3.737594738251003562e-39
3.274233331691940740e-39
2.868316299958013498e-39
2.512722082745805867e-39
2.201212002041351489e-39
1.928320808418294644e-39
1.689260796656847300e-39
1.479837808451796166e-39
1.296377648529702434e-39
1.135661623192095883e-39
9.948700703487605847e-40
8.715328903108756392e-40
7.634862094377358173e-40
6.688344163278541129e-40
5.859169045031754745e-40
5.132789381076086925e-40
4.496461294767892449e-40
3.939020808040056854e-40
3.450687976393105997e-40
3.022895305889143817e-40
2.648137441832156029e-40
2.319839492016639462e-40
2.032241674358379504e-40
1.780298265122071664e-40
1.559589074856130052e-40
1.366241898934738572e-40
1.196864582150906198e-40
1.048485505476134384e-40
9.185014508641692865e-41
8.046319294194451145e-41
7.048791716465159607e-41
6.174930778344419146e-41
5.409405136525524847e-41
4.738784122680348837e-41
4.151302110788276547e-41
3.636652096590486977e-41
3.185804867650234339e-41
2.790850591471031585e-41
2.444860042435384688e-41
2.141763032877567952e-41
1.876241915439686042e-41
1.643638288276528482e-41
1.439871266310275769e-41
1.261365884655732520e-41
1.104990378098486797e-41
9.680012362340750468e-42
8.479950702947942293e-42
7.428664471977869313e-42
6.507709510391598889e-42
5.700928239711647865e-42
4.994166187418841954e-42
4.375023655589672948e-42
3.832638175955828210e-42
3.357493934696039410e-42
2.941254823437476331e-42
2.576618187450995537e-42
2.257186705143836150e-42
1.977356151055650911e-42
1.732217073229864575e-42
1.517468659951380899e-42
1.329343284696438574e-42
1.164540405483010485e-42
1.020168658927102510e-42
8.936951330816715341e-43
7.829009290815099830e-43
6.858422319512371265e-43
6.008162075879743456e-43
5.263311276026253345e-43
4.610801978787960742e-43
4.039186316878008884e-43
3.538435651219023137e-43
3.099764624746309874e-43
2.715477028815940446e-43
2.378830778040295200e-43
2.083919624619060498e-43
1.825569536917638053e-43
1.599247924319967883e-43
1.400984115762616382e-43
1.227299696795769006e-43
1.075147482978464487e-43
9.418580589344843726e-44
8.250929451300130839e-44
7.228035707136988936e-44
6.331953326229804080e-44
5.546961103964120608e-44
4.859286843039843770e-44
4.256865728888093194e-44
3.729128660049627614e-44
3.266816819903766627e-44
2.861819236524849024e-44
2.507030480755554186e-44
2.196226005898835526e-44
1.923952941941376862e-44
1.685434428361551986e-44
1.476485807100882935e-44
1.293441205357114631e-44
1.133089220139964843e-44
9.926165762153180807e-45
8.695587689517627319e-45
7.617568261291010854e-45
6.673194301217645183e-45
5.845897359147068294e-45
5.121163027944041616e-45
4.486276297298429052e-45
3.930098476826234573e-45
3.442871774717275715e-45
3.016048103384196106e-45
2.642139108615046993e-45
2.314584791084765709e-45
2.027638415272196934e-45
1.776265686581615626e-45
1.556056427794451742e-45
1.363147205269832811e-45
1.194153547419047597e-45
1.046110566269488537e-45
9.164209403605665012e-46
8.028093463640602165e-46
7.032825399601950436e-46
6.160943856134029149e-46
5.397152217170715363e-46
4.728050236378692312e-46
4.141898938221761774e-46
3.628414664980836614e-46
3.178588656414750797e-46
2.784528996699414951e-46
2.439322155703351689e-46
2.136911695427953927e-46
1.871992013592851311e-46
1.639915260164089372e-46
1.436609793733856827e-46
1.258508747119973966e-46
1.102487448913289378e-46
9.658086030731902015e-47
8.460742647815401669e-47
7.411837700014526151e-47
6.492968806413365155e-47
5.688014987291798316e-47
4.982853831624643287e-47
4.365113728217925498e-47
3.823956813532248861e-47
3.349888828149607044e-47
2.934592545933027120e-47
2.570781853498894525e-47
2.252073919917207892e-47
1.972877213937218600e-47
1.728293404070755980e-47
1.514031420431588121e-47
1.326332170599574033e-47
1.161902588696550336e-47
1.017857860606264310e-47
8.916708117159884278e-48
7.811275692194192478e-48
6.842887211037076017e-48
5.994552903793563537e-48
5.251389275921406661e-48
4.600357986633265956e-48
4.030037099366847717e-48
3.530420691055692131e-48
3.092743304470360798e-48
2.709326163756997767e-48
2.373442455120043732e-48
2.079199309083818064e-48
1.821434413785260493e-48
1.595625445442812569e-48
1.397810727015691120e-48
1.224519723059381425e-48
1.072712151353086697e-48
9.397246430507395226e-49
8.232240155413047101e-49
7.211663382199486457e-49
6.317610730046477326e-49
5.534396604660373554e-49
4.848280004338116621e-49
4.247223442691325022e-49
3.720681758480533207e-49
3.259417107360294616e-49
2.855336889681084252e-49
2.501351770892739359e-49
2.191251303606062023e-49
1.919594969180031871e-49
1.681616727226710050e-49
1.473141398415208450e-49
1.290511413563112020e-49
1.130522643874039752e-49
9.903681865030207294e-50
8.675891192026079772e-50
7.600313600708149261e-50
6.658078755321442001e-50
5.832655735143919628e-50
5.109563009827274851e-50
4.476114370009351230e-50
3.921196355709781738e-50
3.435073277629309417e-50
3.009216410573522158e-50
2.636154362306500918e-50
2.309341992649553263e-50
2.023045583092686555e-50
1.772242242291329151e-50
1.552531782581143773e-50
1.360059521438920245e-50
1.191448653489955794e-50
1.043741006570924841e-50
9.143451424504640336e-51
8.009908916670980778e-51
7.016895248266839323e-51
6.146988615897169679e-51
5.384927052075110535e-51
4.717340663553202895e-51
4.132517064913096939e-51
3.620195892092870898e-51
3.171388790720383314e-51
2.778221721060634220e-51
2.433796812916100171e-51
2.132071346810728363e-51
1.867751738258200103e-51
1.636200665134807296e-51
1.433355708764680977e-51
1.255658081326491221e-51
1.099990189148068529e-51
9.636209364764083619e-52
8.441578101117745895e-52
7.395049042608186972e-52
6.478261491810307075e-52
5.675130984860987946e-52
4.971567099606098199e-52
4.355226247961433685e-52
3.815295115384257178e-52
3.342300948036505864e-52
2.927945359246643532e-52
2.564958739508553018e-52
2.246972715731988673e-52
1.968408422121970563e-52
1.724378622469601340e-52
1.510601966651162116e-52
1.323327877019413918e-52
1.159270746865862956e-52
1.015552296507089096e-52
8.896510756690021068e-53
7.793582262196061427e-53
6.827387291353717862e-53
5.980974558033811418e-53
5.239494280506087199e-53
4.589937651311575673e-53
4.020908605876498734e-53
3.522423885690858340e-53
3.085737888285286480e-53
2.703189231108628703e-53
2.368066337365489918e-53
2.074489685601391468e-53
1.817308657178192620e-53
1.592011171893286270e-53
1.394644526356052863e-53
1.221746046280431387e-53
1.070282336031474887e-53
9.375960595972133845e-54
8.213593192912010658e-54
7.195328142444662676e-54
6.303300621478780551e-54
5.521860565380093295e-54
4.837298097380996287e-54
4.237602997372160528e-54
3.712253990106568084e-54
3.252034156009414079e-54
2.848869226092006708e-54
2.495685923955152420e-54
2.186287869581111085e-54
1.915246867723812344e-54
1.677807673620166685e-54
1.469804565196478424e-54
1.287588258081526914e-54
1.127961881195953790e-54
9.881248896497440540e-55
8.656239309346805813e-55
7.583098023898693321e-55
6.642997447860096535e-55
5.819444104928885085e-55
5.097989267074121228e-55
4.465975460644198170e-55
3.912314398912635134e-55
3.427292445026394151e-55
3.002400192325981656e-55
2.630183172130695606e-55
2.304111069750554873e-55
2.018463154201657779e-55
1.768227911561043487e-55
1.549015121091062912e-55
1.356978831563888827e-55
1.188749886453978700e-55
1.041376814195214514e-55
9.122740464592746313e-56
7.991765559773330853e-56
7.001001180540582198e-56
6.133064985870380416e-56
5.372729578372301435e-56
4.706655349131216278e-56
4.123156442617152990e-56
3.611995735662561409e-56
3.164205233542707254e-56
2.771928732120301111e-56
2.428283985660235389e-56
2.127241962134994719e-56
1.863521067630638122e-56
1.632494484086739878e-56
1.430108994668934611e-56
1.252813872616014101e-56
1.097498585960910026e-56
9.614382251938680255e-57
8.422456964303170431e-57
7.378298413424826075e-57
6.463587490951499119e-57
5.662276166164494338e-57
4.960305933322293814e-57
4.345361163975045643e-57
3.806653036970135819e-57
3.334730255336993460e-57
2.921313229195985217e-57
2.559148815535323359e-57
2.241883066355864489e-57
1.963949752629694377e-57
1.720472708295118181e-57
1.507180280974558921e-57
1.320330388506748265e-57
1.156644866456959237e-57
1.013251954773438900e-57
8.876359145544174636e-58
7.775928909833976037e-58
6.811922480755474310e-58
5.967426968775173293e-58
5.227626228611445434e-58
4.579540919237334659e-58
4.011800789464578912e-58
3.514445194001882884e-58
3.078748340166551924e-58
2.697066199312373852e-58
2.362702397130575928e-58
2.069790729953091928e-58
1.813192245880213571e-58
1.588405085085409342e-58
1.391485497501883562e-58
1.218978652195609540e-58
1.067858024518587159e-58
9.354722976278867310e-59
8.194988467906960435e-59
7.179029903870245039e-59
6.289022926938468728e-59
5.509352921658002558e-59
4.826341065695170077e-59
4.228004343458459479e-59
3.703845311588811472e-59
3.244667927885065640e-59
2.842416212498329832e-59
2.490032910806871657e-59
2.181335678300134019e-59
1.910908615213140560e-59
