5.552006733348297668e-02
4.823188980384571917e-02
4.190043899041464431e-02
3.640012437268164147e-02
3.162184182962376328e-02
2.747080945273364452e-02
2.386468745414564024e-02
2.073194487639615571e-02
1.801044070590851129e-02
1.564619124520037416e-02
1.359229929343564423e-02
1.180802389456956335e-02
1.025797220063148253e-02
8.911397419962968636e-03
7.741588924527789163e-03
6.725342418475640030e-03
5.842499658234780180e-03
5.075548594031365802e-03
4.409276001251338610e-03
3.830465711248167478e-03
3.327636455709267332e-03
2.890814124467678149e-03
2.511333919269922912e-03
2.181668479026467686e-03
1.895278567241014817e-03
1.646483359857708103e-03
1.430347760558826420e-03
1.242584508301656544e-03
1.079469135301776945e-03
9.377660885711632411e-04
8.146645495595498769e-04
7.077226788188553316e-04
6.148191797290483316e-04
5.341112205045660862e-04
4.639978798231343877e-04
4.030883909852694025e-04
3.501745546963000943e-04
3.042067732514605908e-04
2.642732307386681172e-04
2.295818062779375049e-04
1.994443615288510286e-04
1.732630907934174869e-04
1.505186629552593587e-04
1.307599200388943938e-04
1.135949280499545089e-04
9.868320258100592905e-05
8.572895497025455650e-05
7.447522504408987058e-05
6.469878406067505121e-05
5.620570674948291320e-05
4.882752461385138235e-05
4.241788419355118446e-05
3.684964400073439185e-05
3.201235254414930748e-05
2.781005741576445415e-05
2.415940198089142792e-05
2.098797191779388686e-05
1.823285880877803029e-05
1.583941229018842823e-05
1.376015600898445353e-05
1.195384588283476707e-05
1.038465198339793678e-05
9.021447814643982789e-06
7.837192888356628548e-06
6.808396349597628434e-06
5.914651012619682586e-06
5.138228564374131970e-06
4.463727906079222504e-06
3.877769657359990592e-06
3.368730763150366909e-06
2.926513939025882481e-06
2.542347381689672464e-06
2.208610771673204548e-06
1.918684116845177867e-06
1.666816438391738751e-06
1.448011694525904980e-06
1.257929679111431673e-06
1.092799929428387971e-06
9.493469353567135922e-07
8.247251664287765895e-07
7.164626279489713490e-07
6.224118265607422491e-07
5.407071726151085907e-07
4.697279743750058586e-07
4.080662900092648091e-07
3.544989996890964808e-07
3.079635438097982265e-07
2.675368460815624098e-07
2.324170034082853590e-07
2.019073793552117444e-07
1.754027856837783713e-07
1.523774778508870779e-07
1.323747263515947517e-07
1.149977570425944021e-07
9.990188073894535417e-08
8.678765596690546208e-08
7.539494924937554714e-08
6.549777510391021647e-08
5.689981339960821752e-08
4.943051515526909535e-08
4.294171953351444334e-08
3.730471492564353765e-08
3.240768583096465640e-08
2.815349488695731518e-08
2.445775605466421557e-08
2.124716073905926492e-08
1.845802364135234683e-08
1.603501949878913224e-08
1.393008565394327222e-08
1.210146868488991241e-08
1.051289618523745277e-08
9.132857265463873327e-09
7.933977503598087977e-09
6.892475946781746413e-09
5.987693392805880632e-09
5.201682594625770103e-09
4.518852259159052310e-09
3.925657778735723403e-09
3.410332560555144875e-09
2.962654624807419249e-09
2.573743841704396543e-09
2.235885785418514058e-09
1.942378710899979444e-09
1.687400618207904575e-09
1.465893767446176260e-09
1.273464353544989228e-09
1.106295350839127129e-09
9.610707986299625868e-10
8.349100258612088298e-10
7.253105101905779131e-10
6.300982380110603916e-10
5.473845807643452413e-10
4.755288321458510279e-10
4.131056630901848844e-10
3.588768489748235069e-10
3.117667082234639663e-10
2.708407651096861792e-10
2.352872135167877403e-10
2.044008139693243733e-10
1.775689045182284222e-10
1.542592479917208505e-10
1.340094745503622468e-10
1.164179101289799132e-10
1.011356088386558795e-10
8.785943128367054888e-11
7.632603149504698115e-11
6.630663320564488406e-11
5.760249184910437899e-11
5.004095226695450900e-11
4.347202392464821946e-11
3.776540570258432859e-11
3.280790124593503040e-11
2.850117360421654416e-11
2.475979462167935826e-11
2.150955038627062825e-11
1.868596912409019270e-11
1.623304233868704033e-11
1.410211382774267703e-11
1.225091453970151024e-11
1.064272412578404895e-11
9.245642555947957335e-12
8.031957350586536610e-12
6.977593876386547944e-12
6.061637802425768489e-12
5.265920243960265214e-12
4.574657364822008979e-12
3.974137289588268667e-12
3.452448115119218555e-12
2.999241626306565483e-12
2.605528029103890382e-12
2.263497629167705532e-12
1.966365918930414734e-12
1.708239000255905799e-12
1.483996673204424380e-12
1.289190871858033792e-12
1.119957432581875228e-12
9.729394445584549219e-13
8.452206621777227654e-13
7.342676584526391135e-13
6.378795720166101093e-13
5.541444508853304843e-13
4.814013270188361740e-13
4.182072693956328260e-13
3.633087620643556534e-13
3.156168394286474945e-13
2.741854855492950966e-13
2.381928689926528146e-13
2.069250410002117537e-13
1.797617736165731646e-13
1.561642568612226532e-13
1.356644109054870614e-13
1.178556012512423208e-13
1.023845727378608066e-13
8.894444238053365742e-14
7.726861204606679389e-14
6.712548021811270063e-14
5.831384795453435622e-14
5.065892790956868967e-14
4.400887725584115393e-14
3.823178573334667962e-14
3.321305908040469464e-14
2.885314594437832615e-14
2.506556318321074712e-14
2.177518038770206523e-14
1.891672959634758200e-14
1.643351064147467268e-14
1.427626644595079453e-14
1.240220596087382277e-14
1.077415536325752141e-14
9.359820676888066577e-15
8.131147189714710933e-15
7.063762961192478911e-15
6.136495380999911436e-15
5.330951189601668788e-15
4.631151629952779603e-15
4.023215493221752852e-15
3.495083771434305417e-15
3.036280455253790776e-15
2.637704732087978918e-15
2.291450462568605760e-15
1.990649354542972085e-15
1.729334723780319452e-15
1.502323138953292366e-15
1.305111603207003499e-15
1.133788232811417586e-15
9.849546611208452370e-16
8.556586286471375025e-16
7.433354221047454847e-16
6.457570008138182092e-16
5.609878013337788740e-16
4.873463436690554642e-16
4.233718774684777807e-16
3.677954066131327607e-16
3.195145174369581949e-16
2.775715112732649538e-16
2.411344075648324653e-16
2.094804407156867087e-16
1.819817233284719397e-16
1.580927914437051764e-16
1.373397847285498992e-16
1.193110469935690914e-16
1.036489605895128903e-16
9.004285271141347416e-17
7.822283289958601589e-17
6.795443949834964545e-17
5.903398887972647879e-17
5.128453517943160978e-17
4.455236040256109847e-17
3.870392527679127537e-17
3.362322037027986214e-17
2.920946493110137717e-17
2.537510780244574130e-17
2.204409075977770207e-17
1.915033982155062621e-17
1.663645460714699923e-17
1.445256974417752260e-17
1.255536574004069232e-17
1.090720969741000947e-17
9.475408828901973687e-18
8.231561963657226094e-18
7.150996182333632217e-18
6.212277405615310912e-18
5.396785228281912335e-18
4.688343565256011857e-18
4.072899783131642484e-18
3.538245952443987229e-18
3.073776691446161783e-18
2.670278797987908326e-18
2.319748496638192102e-18
2.015232675970009010e-18
1.750690966793482227e-18
1.520875925524100790e-18
1.321228946006006896e-18
1.147789835099524328e-18
9.971182583762462540e-19
8.662254977202060760e-19
7.525151671803885327e-19
6.537317111155301204e-19
5.679156630415004505e-19
4.933647776968073704e-19
4.286002653426255596e-19
3.723374585217330114e-19
3.234603294227954905e-19
2.809993523769954936e-19
2.441122723679703681e-19
2.120673980796428871e-19
1.842290880832032916e-19
1.600451422675645072e-19
1.390358484099791982e-19
1.207844666148330430e-19
1.049289628701435885e-19
9.115482774878492746e-20
7.918883780633406856e-20
6.879363592677594125e-20
5.976302311191712039e-20
5.191786832254622885e-20
4.510255523903971379e-20
3.918189545943327828e-20
3.403844690522339077e-20
2.957018424285463610e-20
2.568847511142430621e-20
2.231632201310105015e-20
1.938683499243338874e-20
1.684190480865050513e-20
1.463105028202656565e-20
1.271041695029876495e-20
1.104190717250853402e-20
9.592424425024823382e-21
8.333216799621823991e-21
7.239306681253282870e-21
6.288995292624185041e-21
5.463432277716672891e-21
4.746241786538465499e-21
4.123197644118742565e-21
3.581941160411332239e-21
3.111735983587836287e-21
2.703255133996512116e-21
2.348395994396941443e-21
2.040119586620829299e-21
1.772310946554288835e-21
1.539657827842791095e-21
1.337545328288118240e-21
1.161964348748819038e-21
1.009432068736911832e-21
8.769228612665078024e-22
7.618082765827566637e-22
6.618049042897669529e-22
5.749290796716730034e-22
4.994575357625193204e-22
4.338932206602370340e-22
3.769356020377037164e-22
3.274548698118130028e-22
2.844695252552605577e-22
2.471269120091552948e-22
2.146863028100456259e-22
1.865042064400460842e-22
1.620216034490485748e-22
1.407528574570742691e-22
1.222760820816195126e-22
1.062247724085511305e-22
9.228053500860939083e-23
8.016677229227620894e-23
6.964319592601060659e-23
6.050106047809533076e-23
5.255902274879744532e-23
4.565954465060599440e-23
3.966576828615753866e-23
3.445880123796327587e-23
2.993535822100405049e-23
2.600571231806422275e-23
2.259191515855640127e-23
1.962625073633832322e-23
1.704989219648936048e-23
1.481173494709691062e-23
1.286738294968367423e-23
1.117826808035486908e-23
9.710885093332233981e-24
8.436127011628125779e-24
7.328707761683617877e-24
6.366660599363829127e-24
5.530902378099486244e-24
4.804855016006826973e-24
4.174116653416496531e-24
3.626175977898471432e-24
3.150164050141102919e-24
2.736638707907529811e-24
2.377397271511093480e-24
2.065313835639634055e-24
1.794197920052838557e-24
1.558671675350953397e-24
1.354063208071159232e-24
1.176313909110551444e-24
1.021897947244290936e-24
8.877523308142346775e-25
7.712161502930440820e-25
6.699777965407355696e-25
5.820291077761002249e-25
5.056255357233265793e-25
4.392515407903779819e-25
3.815905298586364688e-25
3.314987403704620067e-25
2.879825526799976110e-25
2.501787806355036795e-25
2.173375494376440628e-25
1.888074211392837957e-25
1.640224727365606165e-25
1.424910705324928737e-25
1.237861181016701154e-25
1.075365844148559710e-25
9.342014407556922097e-26
8.115678368053548613e-26
7.050324747991562543e-26
6.124821216154721151e-26
5.320809504632465141e-26
4.622341254617284721e-26
4.015561665106615244e-26
3.488434669371630558e-26
3.030504187799805969e-26
2.632686721327208570e-26
2.287091171348834049e-26
1.986862312058459172e-26
1.726044810338775832e-26
1.499465095903315272e-26
1.302628738468869234e-26
1.131631296334229084e-26
9.830808679595946541e-27
8.540308102814683838e-27
7.419212891649967811e-27
6.445285025897748774e-27
5.599205693614115786e-27
4.864192083581890855e-27
4.225664481832723940e-27
3.670957068758201827e-27
3.189066680187805239e-27
2.770434548863953677e-27
2.406756696942760487e-27
2.090819218470292256e-27
1.816355184501098657e-27
1.577920332432077813e-27
1.370785073728001693e-27
1.190840677906249238e-27
1.034517771848456996e-27
8.987155377930005592e-28
7.807402055813864727e-28
6.782516190920283343e-28
5.892168169543609491e-28
5.118697067713484078e-28
4.446760329491424651e-28
3.863029432365209305e-28
3.355925502966473931e-28
2.915389638790651089e-28
2.532683380025773145e-28
2.200215373654000385e-28
1.911390791538321257e-28
1.660480515555208516e-28
1.442507494932237831e-28
1.253148021577309296e-28
1.088645965099053784e-28
9.457382662861553578e-29
8.215902111358685961e-29
7.137392015287671582e-29
6.200459071860549802e-29
5.386518299607298564e-29
4.679424387087810765e-29
4.065151434845866247e-29
3.531514737972686156e-29
3.067929090565640897e-29
2.665198817814396129e-29
2.315335370795551104e-29
2.011398865790092653e-29
1.747360424901017981e-29
1.517982587362611194e-29
1.318715419382705030e-29
1.145606261755026429e-29
9.952213249972312947e-30
8.645775767774533677e-30
7.510835705499505771e-30
6.524880416778050181e-30
5.668352513965996684e-30
4.924261928228618663e-30
4.277848894905073914e-30
3.716291179137891730e-30
3.228449734301464899e-30
2.804647748115665693e-30
2.436478693608106946e-30
2.116639577428119166e-30
1.838786077829619499e-30
1.597406698843067008e-30
1.387713444361385930e-30
1.205546843553415635e-30
1.047293443691049840e-30
9.098141337795803017e-31
7.903818772203529364e-31
6.866276183721127350e-31
5.964932900149489560e-31
5.181909895736709663e-31
4.501675143212605350e-31
3.910735520833898898e-31
3.397369163115039159e-31
2.951392946159605691e-31
2.563960495436369046e-31
2.227386709286662289e-31
1.934995317415174789e-31
1.680986450537708510e-31
1.460321594300310649e-31
1.268623645418231286e-31
1.102090087550450204e-31
9.574175646683118248e-32
8.317363557572509600e-32
7.225534510932171569e-32
6.277031009560591085e-32
5.453038558652191525e-32
4.737212461887957894e-32
4.115353608395035606e-32
3.575126819492566126e-32
3.105816168355927450e-32
2.698112419125336858e-32
2.343928369106265231e-32
2.036238431192640232e-32
1.768939274474000765e-32
1.536728758696416547e-32
1.335000761123831127e-32
1.159753809587740530e-32
1.007511709372363320e-32
8.752545894919313745e-33
7.603590005955548497e-33
6.605458762830066142e-33
5.738353255932193774e-33
4.985073599302815286e-33
4.330677754070911173e-33
3.762185138495770264e-33
3.268319145430158459e-33
2.839283459786419191e-33
2.466567739043650170e-33
2.142778802278712563e-33
1.861493979190385067e-33
1.617133710151075757e-33
1.404850870183513518e-33
1.220434621495211416e-33
1.060226887391695292e-33
9.210497907467608512e-34
8.001426177010730730e-34
6.951070562020829927e-34
6.038596231383786425e-34
5.245903364140415272e-34
4.557268121831922676e-34
3.959030750782536702e-34
3.439324627522938549e-34
2.987840872705447651e-34
2.595623864397694642e-34
2.254893594560919746e-34
1.958891344979876689e-34
1.701745621475443929e-34
1.478355687073901547e-34
1.284290383899357164e-34
1.115700236822578760e-34
9.692410953561304790e-35
8.420077991581009042e-35
7.314765513348025929e-35
6.354548564605280416e-35
5.520380302860131853e-35
4.795714184631317804e-35
4.166175748572710421e-35
3.619277483970721140e-35
3.144171128754008050e-35
2.731432483602914527e-35
2.372874473736983417e-35
2.061384750277837316e-35
1.790784609851649530e-35
1.555706433963524284e-35
1.351487217033878536e-35
1.174076071121270934e-35
1.019953872597379593e-35
8.860634568873160963e-36
7.697489766196685001e-36
6.687032202958562675e-36
5.809218464930696884e-36
5.046636257914380632e-36
4.384159017851621118e-36
3.808645860629763900e-36
3.308680919790299793e-36
2.874346901650295096e-36
2.497028366080787565e-36
2.169240830823934544e-36
1.884482309465871294e-36
1.637104338175746653e-36
1.422199932900153001e-36
1.235506254534177844e-36
1.073320051337845584e-36
9.324242013151275186e-37
8.100238974520849752e-37
7.036912099857790630e-37
6.113169260423469114e-37
5.310687113363496091e-37
4.613547640277738166e-37
4.007922397753847382e-37
3.481798216664763016e-37
3.024738909207410417e-37
2.627678256908628363e-37
2.282740173312890527e-37
1.983082474102826727e-37
1.722761155680048289e-37
1.496612490039162815e-37
1.300150597171467921e-37
1.129478463246749588e-37
9.812106395317778736e-38
8.524060887029323328e-38
7.405098464938725332e-38
6.433023414799691684e-38
5.588553677078421277e-38
4.854938368440506756e-38
4.217625511593467124e-38
3.663973382582403516e-38
3.182999749828507808e-38
2.765164030822619212e-38
2.402178045338252400e-38
2.086841611269055112e-38
1.812899721973276039e-38
1.574918472098188059e-38
1.368177270751798824e-38
1.188575203964676578e-38
1.032549689049725997e-38
8.970058072895580927e-39
7.792549131961847359e-39
6.769613025976473318e-39
5.880958816609064509e-39
5.108959178307407126e-39
4.438300743051537910e-39
3.855680344719044564e-39
3.349541137771461735e-39
2.909843355917741241e-39
2.527865163528657786e-39
2.196029649495128967e-39
1.907754531784422750e-39
1.657321591436929858e-39
1.439763246099534193e-39
1.250764013170074137e-39
1.086574907978417603e-39
9.439390790081574518e-40
8.200272050608283203e-40
7.123813729022046820e-40
6.188663221488918146e-40
5.376270902898429920e-40
4.670522176903702855e-40
4.057417827139096998e-40
3.524796329069134685e-40
3.062092614252546616e-40
2.660128501874664913e-40
2.310930640552576033e-40
2.007572349110659057e-40
1.744036219083571138e-40
1.515094753532919594e-40
1.316206674531786928e-40
1.143426842474630709e-40
9.933280003739484222e-41
8.629327908652789119e-41
7.496546974113355372e-41
6.512467382162854771e-41
5.657568951437240409e-41
4.914893935274723321e-41
4.269710648221734361e-41
3.709221248641056460e-41
3.222307881003701389e-41
2.799312142348659232e-41
2.431843498412012546e-41
2.112612849171928428e-41
1.835287942419299192e-41
1.594367767340767603e-41
1.385073436587981308e-41
1.203253392372182265e-41
1.045301056254281497e-41
9.080832891334531891e-42
7.888782423681332861e-42
6.853213672456171224e-42
5.953585118452673152e-42
5.172051749257322349e-42
4.493111085971680268e-42
3.903295676378432099e-42
3.390905954852368486e-42
2.945778170031327722e-42
2.559082776865465271e-42
2.223149293953699945e-42
1.931314152041852157e-42
1.677788515607813939e-42
1.457543455646189871e-42
1.266210195942017319e-42
1.099993454120870432e-42
9.555961585102978019e-43
8.301540474979020551e-43
7.211788541003458836e-43
6.265089487536374207e-43
5.442664612761553607e-43
4.728200314766036031e-43
4.107524495287702915e-43
3.568325442282653985e-43
3.099907615073113891e-43
2.692979487835375052e-43
2.339469243095824182e-43
2.032364659335246728e-43
1.765574016715417946e-43
1.533805261857002268e-43
1.332461034783919541e-43
1.157547475790939392e-43
1.005595003329508050e-43
8.735894914636924589e-44
7.589124817336769502e-44
6.592892434708340611e-44
5.727436522896450908e-44
4.975589917274203632e-44
4.322439004939155906e-44
3.755027898612440773e-44
3.262101443940731948e-44
2.833881962499503142e-44
2.461875301976643872e-44
2.138702346352103722e-44
1.857952643913151099e-44
1.614057249673748385e-44
1.402178259903034735e-44
1.218112847572236965e-44
1.058209895169215577e-44
9.192975712109752433e-45
7.986204138634131926e-45
6.937846736603615542e-45
6.027108311412844712e-45
5.235923475485276853e-45
4.548598303638476352e-45
3.951499028725825709e-45
3.432781602528249650e-45
2.982156757471363594e-45
2.590685908938166905e-45
2.250603849698945822e-45
1.955164719429756590e-45
1.698508193973889385e-45
1.475543240079466094e-45
1.281847129774681941e-45
1.113577711232033319e-45
9.673971959283050515e-46
8.404059503440846605e-46
7.300849788963905382e-46
6.342459571971245767e-46
5.509878244981455312e-46
4.786590742916534027e-46
4.158249950630509467e-46
3.612392113845724018e-46
3.138189608394300847e-46
2.726236163700851490e-46
2.368360280204104259e-46
2.057463139669491470e-46
1.787377793185178042e-46
1.552746833697692941e-46
1.348916126602240306e-46
1.171842490430010126e-46
1.018013496388507172e-46
8.843777959005919838e-47
7.682845941204549009e-47
6.674310688247764166e-47
5.798166916812359671e-47
5.037035458120609128e-47
4.375818525126700971e-47
3.801400233141565755e-47
3.302386433429693823e-47
2.868878699122855621e-47
2.492277980240216165e-47
2.165114033120106571e-47
1.880897240829368570e-47
1.633989885263137424e-47
1.419494317491240013e-47
1.233155808100630926e-47
1.071278150475374579e-47
9.306503429226741951e-48
8.084828953131908033e-48
7.023524968155627747e-48
6.101539471555059726e-48
5.300583979090010140e-48
4.604770755047659106e-48
4.000297663462870143e-48
3.475174389249405153e-48
3.018984598571253246e-48
2.622679320671156340e-48
2.278397452683717771e-48
1.979309826970087342e-48
1.719483747897342913e-48
1.493765311017058494e-48
1.297677170328861479e-48
1.127329725742634106e-48
9.793439690557969082e-49
8.507844580201591879e-49
7.391010889733844198e-49
6.420785130382565097e-49
5.577921925105761968e-49
4.845702257711552880e-49
4.209601834816938131e-49
3.657002982280424366e-49
3.176944361292424030e-49
2.759903539497247231e-49
2.397608104232176195e-49
2.082871571129975343e-49
1.809450833171416255e-49
1.571922322550375002e-49
1.365574428900797929e-49
1.186314039896192202e-49
1.030585350362518061e-49
8.952993294041879602e-50
7.777724464544659968e-50
6.756734408215624639e-50
5.869770788523002078e-50
5.099239814414565109e-50
4.429857250261312797e-50
3.848345238092254438e-50
3.343168918292731789e-50
2.904307624380206156e-50
2.523056113282044667e-50
2.191851888323432427e-50
1.904125189707958400e-50
1.654168676905305555e-50
1.437024217968735782e-50
1.248384540137723515e-50
1.084507790869243338e-50
9.421433145321800916e-51
8.184671724729938196e-51
7.110261274300603486e-51
6.176889811727542561e-51
5.366043000997464413e-51
4.661636902423596474e-51
4.049698931968685047e-51
3.518090701371845245e-51
3.056267241343349670e-51
2.655067831783343384e-51
2.306534289937362811e-51
2.003753112056453425e-51
1.740718337287305530e-51
1.512212413563508799e-51
1.313702702356342465e-51
1.141251569355588670e-51
9.914382776410720836e-52
8.612911340195758882e-52
7.482285425833509126e-52
6.500077962298875107e-52
5.646805903726512973e-52
4.905543764137156625e-52
4.261587883866183439e-52
3.702164768090585432e-52
3.216177712063721927e-52
2.793986687121522948e-52
2.427217121283762016e-52
2.108593781426587414e-52
1.831796461916526779e-52
1.591334617149315397e-52
1.382438451206679079e-52
1.200964304288366751e-52
1.043312459166552498e-52
9.063557372732675353e-53
7.873774680543987710e-53
6.840176011517163188e-53
5.942258924953428371e-53
5.162212357070144845e-53
4.484563321127335942e-53
3.895869985599542616e-53
3.384455042298289588e-53
2.940174075541065509e-53
2.554214337742667693e-53
2.218919939945948145e-53
1.927639989775115973e-53
1.674596664479352125e-53
1.454770602166500288e-53
1.263801337849838104e-53
1.097900809359522553e-53
9.537782174238493059e-54
8.285747494465362677e-54
7.198068721623051594e-54
6.253170683250534763e-54
5.432310402427923148e-54
4.719205312493833452e-54
4.099710276407666390e-54
3.561537004119184101e-54
3.094010302314574152e-54
2.687856321514264200e-54
2.335018600196521458e-54
2.028498257002085532e-54
1.762215161075884389e-54
1.530887326723748001e-54
1.329926140059160695e-54
1.155345339358097269e-54
1.003681943658238060e-54
8.719275611439879835e-55
7.574687147519080476e-55
6.580350012965795769e-55
5.716540558024395851e-55
4.966124277150626391e-55
4.314215929332618958e-55
3.747884274774217907e-55
3.255895571103876362e-55
2.828490741105515362e-55
2.457191791875347291e-55
2.134633645539042886e-55
1.854418045727568491e-55
1.610986641902977949e-55
1.399510734038178494e-55
1.215795490628307693e-55
1.056196740104319549e-55
9.175486851250687772e-56
7.971011058901671356e-56
6.924648068398918343e-56
6.015642246240719759e-56
5.225962572726571555e-56
4.539944979042902137e-56
3.943981635135077712e-56
3.426251025086656110e-56
2.976483455787010619e-56
2.585757347522344583e-56
2.246322265714697505e-56
1.951445183470375368e-56
1.695276925405053511e-56
1.472736143528184884e-56
1.279408523734870838e-56
1.111459223567371736e-56
9.655568043636072817e-57
8.388071489123200421e-57
7.286960538071626842e-57
6.330393577625983388e-57
5.499396166382038486e-57
4.777484657780044175e-57
4.150339230850406518e-57
3.605519842556656536e-57
3.132219467372578122e-57
2.721049729359127786e-57
2.363854674543680009e-57
2.053548989594567222e-57
1.783977457700072847e-57
1.549792863821745027e-57
1.346349927453313704e-57
1.169613158937594072e-57
1.016076811581700221e-57
8.826953417416963137e-58
7.668229974854245479e-58
6.661613375145539500e-58
5.787136393332113389e-58
5.027452923038539756e-58
4.367493899485663797e-58
3.794168389848435847e-58
3.296103921798445685e-58
2.863420899389437714e-58
2.487536631608008033e-58
2.160995086300781358e-58
1.877318992483543805e-58
1.630881357334465372e-58
1.416793849287442413e-58
1.230809833193162078e-58
1.069240134157074063e-58
9.288798591461863567e-59
8.069448248008929572e-59
7.010163304342315228e-59
6.089931807379078185e-59
5.290500065177425016e-59
4.596010567101460526e-59
3.992687434585730848e-59
3.468563163106931888e-59
3.013241235025701652e-59
2.617689894488176178e-59
2.274062993714230489e-59
1.975544356980264858e-59
1.716212575106492641e-59
1.490923548512861183e-59
1.295208448972187820e-59
1.125185076030356901e-59
9.774808497629416776e-60
8.491659123529624239e-60
7.376950114952496218e-60
6.408570128269144251e-60
5.567310399144434585e-60
4.836483717904190198e-60
4.201593422408734627e-60
3.650045842577061715e-60
3.170900492622300156e-60
2.754653055812896035e-60
2.393046857053610497e-60
2.078909083657443624e-60
1.806008505589611710e-60
1.568931872924349305e-60
1.362976538736848122e-60
1.184057177501617468e-60
1.028624748663954479e-60
8.935960979490521653e-61
7.762927999806654337e-61
6.743880290938749598e-61
5.858604044716574529e-61
5.089538940791694173e-61
4.421429820503844409e-61
3.841024085887099743e-61
3.336808821424011667e-61
2.898782424104978914e-61
2.518256211847843394e-61
2.187682074989968383e-61
1.900502752148657042e-61
1.651021760527650876e-61
1.434290400607917169e-61
1.246009593852124593e-61
1.082444606276006337e-61
9.403509663466576400e-62
8.169101077155910127e-62
7.096734601981211724e-62
6.165138799885319590e-62
5.355834556817056990e-62
4.652768531428709900e-62
4.041994721345182664e-62
3.511397830565625914e-62
3.050452950714694865e-62
2.650016789190000258e-62
2.302146303008327694e-62
1.999941140778588314e-62
1.737406767481267101e-62
1.509335557002762753e-62
1.311203493776731590e-62
1.139080434510169905e-62
9.895521499462819399e-63
8.596526002875468722e-63
7.468051008946188002e-63
6.487712112261224681e-63
5.636063331806186845e-63
4.896211380911556644e-63
