8.301722156835826538e-02
6.886744448871097435e-02
5.712941026941525252e-02
4.739205210767155618e-02
3.931436702014541595e-02
3.261347389395913982e-02
2.705470696976822534e-02
2.244339782998716268e-02
1.861805809680102536e-02
1.544472409755686532e-02
1.281226544730998916e-02
1.062849325474841261e-02
8.816931660587019187e-03
7.314139647473661375e-03
6.067489330997538101e-03
5.033322927391033555e-03
4.175423854801422509e-03
3.463748425988945508e-03
2.873373716238321069e-03
2.383624760742243491e-03
1.977350515846464183e-03
1.640323228267169878e-03
1.360740178147430658e-03
1.128810346958713552e-03
9.364115353276460932e-04
7.768059230296474934e-04
6.444041100399368035e-04
5.345693753425641423e-04
4.434552986268651951e-04
3.678710583714654052e-04
3.051696890450539159e-04
2.531553841830538843e-04
2.100065990872637060e-04
1.742122601994848747e-04
1.445188471968053318e-04
1.198864946197128332e-04
9.945257570889452022e-05
8.250149315406759220e-05
6.843961882469290427e-05
5.677450487013797409e-05
4.709763816052029746e-05
3.907013412751062908e-05
3.241086900237055403e-05
2.688663484134691745e-05
2.230397256670460016e-05
1.850239701590677328e-05
1.534877673967725611e-05
1.273267172906958579e-05
1.056246579840844851e-05
8.762158179876398478e-06
7.268701971157471069e-06
6.029796228382389355e-06
5.002054383311671859e-06
4.149484842594716766e-06
3.442230559581359207e-06
2.855523438400248604e-06
2.368816953459636993e-06
1.965066608643010699e-06
1.630133037828891147e-06
1.352286843272090253e-06
1.121797831250842739e-06
9.305942599826702005e-07
7.719801666464872311e-07
6.404008742828882896e-07
5.312484666074198630e-07
4.407004184508123782e-07
3.655857306525513259e-07
3.032738814421556833e-07
2.515827053775317950e-07
2.087019737542093789e-07
1.731300002658795286e-07
1.436210518419155042e-07
1.191417229856225654e-07
9.883474583939889014e-08
8.198896860268965427e-08
6.801445094477227155e-08
5.642180425193306672e-08
4.680505320300804394e-08
3.882741848443028730e-08
3.220952275444040261e-08
2.671960682847944213e-08
2.216541345587313511e-08
1.838745445708198746e-08
1.525342543618009015e-08
1.265357247139194501e-08
1.049684852485602399e-08
8.707724968808859718e-09
7.223546567607254101e-09
5.992337286868678978e-09
4.970980089007852193e-09
4.123706971478749092e-09
3.420846368752301021e-09
2.837784051956881177e-09
2.354101136812523698e-09
1.952859012834511955e-09
1.620006151975575605e-09
1.343886023102835802e-09
1.114828879438966136e-09
9.248131233343713319e-10
7.671843893404417951e-10
6.364225078528294582e-10
5.279481883747624847e-10
4.379626524344232749e-10
3.633146000895819313e-10
3.013898511769037704e-10
2.500197965345698054e-10
2.074054531534211850e-10
1.720544636625528661e-10
1.427288338668269394e-10
1.184015781010984726e-10
9.822075411833659432e-11
8.147962801084656521e-11
6.759192433798009990e-11
5.607129471802506139e-11
4.651428587289082126e-11
3.858621066528538754e-11
3.200942733108868194e-11
2.655361644480011333e-11
2.202771511668841386e-11
1.827322595664749943e-11
1.515866648419293561e-11
1.257496460253658145e-11
1.043163888591002591e-11
8.653629913525094988e-12
7.178671683258123216e-12
5.955111051775921896e-12
4.940098837740432140e-12
4.098089240395704792e-12
3.399595023068133543e-12
2.820154868016888602e-12
2.339476739326897225e-12
1.940727254351201434e-12
1.609942177439739074e-12
1.335537391402226245e-12
1.107903220890814102e-12
9.190679008780900250e-13
7.624184048723004839e-13
6.324688562538813230e-13
5.246684124815876758e-13
4.352418942592954707e-13
3.610575784854724708e-13
2.995175250848670497e-13
2.484665969601675488e-13
2.061169869358181532e-13
1.709856086221165555e-13
1.418421586231478935e-13
1.176660312233541199e-13
9.761057670195324524e-14
8.097345159880632534e-14
6.717202259591816979e-14
5.572296265672676492e-14
4.622532487851049632e-14
3.834650130301150251e-14
3.181057496180976329e-14
2.638865724423856586e-14
2.189087220177314738e-14
1.815970707865372440e-14
1.506449620384676270e-14
1.249684506984552567e-14
1.036683434921933978e-14
8.599870913297835073e-15
7.134075575438820603e-15
5.918116077460507580e-15
4.909409430266962698e-15
4.072630654506613213e-15
3.378475697254098261e-15
2.802635201968578917e-15
2.324943193078906054e-15
1.928670862068391798e-15
1.599940723397015697e-15
1.327240623959499105e-15
1.101020586655378446e-15
9.133583695038684287e-16
7.576820281598229309e-16
6.285397659499469889e-16
5.214090115610848394e-16
4.325380382675062256e-16
3.588145781910519358e-16
2.976568304561379313e-16
2.469230463373729724e-16
2.048365250651065404e-16
1.699233936366561826e-16
1.409609916777319158e-16
1.169350537881639676e-16
9.700418989462030777e-17
8.047041970971418989e-17
6.675472941212330013e-17
5.537679454091162064e-17
4.593815899835580228e-17
3.810828108873585794e-17
3.161295792437112706e-17
2.622472282076921067e-17
2.175487939696992291e-17
1.804689341470877950e-17
1.497091093813290581e-17
1.241921083962504189e-17
1.030243239816472113e-17
8.546445880450051228e-18
7.089756512304208154e-18
5.881350927259678463e-18
