4.401903229189078059e-01
2.259753315281965436e-01
1.160062995494009486e-01
5.955279031625696634e-02
3.057191590653046687e-02
1.569434508832457872e-02
8.056821446993546812e-03
4.136035716267325545e-03
2.123268035513246627e-03
1.089997151838158467e-03
5.595590246466948959e-04
2.872542387248828771e-04
1.474643317878965645e-04
7.570203052940063695e-05
3.886226151634508664e-05
1.995026235892369309e-05
1.024163166681607453e-05
5.257626055820391676e-06
2.699045683551222071e-06
1.385577354599397922e-06
7.112975587181219500e-07
3.651504662362494603e-07
1.874530024155322998e-07
9.623054429256352244e-08
4.940074330906380775e-08
2.536027887433028736e-08
1.301890824921665865e-08
6.683363887338067986e-09
3.430959954208300695e-09
1.761311579889084383e-09
9.041838211041507000e-10
4.641702193305192605e-10
2.382856090592728194e-10
1.223258820151008995e-10
6.279700007838146905e-11
3.223735773560531714e-11
1.654931338242642978e-11
8.495726469767853792e-12
4.361351228369324427e-12
2.238935611320167050e-12
1.149376055528518409e-12
5.900416744201709633e-13
3.029027583078276339e-13
1.554976283338832620e-13
7.982598954377937437e-14
4.097932987737448163e-14
2.103707685675078018e-14
1.079955684978602906e-14
5.544041548449888885e-15
2.846079438115818738e-15
1.461058344761214587e-15
7.500463473393433459e-16
3.850424763489081089e-16
1.976647298114528785e-16
1.014728187443661876e-16
5.209190812012264040e-17
2.674181051805991577e-17
1.372812890890387403e-17
7.047448160333319296e-18
3.617865617533073166e-18
1.857261143146727884e-18
9.534403204823239662e-19
4.894564493936721998e-19
2.512665037407569834e-19
1.289897313240317004e-19
6.621794206287164920e-20
3.399352650814410621e-20
1.745085710097609949e-20
8.958541370685051423e-21
4.598941073546877978e-21
2.360904317210181634e-21
1.211989696298260179e-21
6.221849031429372608e-22
3.194037497854420862e-22
1.639685483554140358e-22
8.417460617742361508e-23
4.321172807949886401e-23
2.218309687936935834e-23
1.138787567704227956e-23
5.846059868961678305e-24
3.001123033015119538e-24
1.540651252497971245e-24
7.909060227493820093e-25
4.060181275983285398e-25
2.084327533192787029e-25
1.070006723917364021e-25
5.492967736575366229e-26
2.819860275699383204e-26
1.447598521564380896e-26
7.431366361284138871e-27
3.814953191299578452e-27
1.958437674076914479e-27
1.005380126810212346e-27
5.161201772026516425e-28
2.649545482471822548e-28
1.360166018258658974e-28
6.982524396975710021e-29
3.584536468333451585e-29
1.840151349614704279e-29
9.446568669067367114e-30
4.849473910833003452e-30
2.489517414810833397e-30
1.278014290333984778e-30
6.560791728472353173e-31
3.368036525878165571e-31
1.729009319168066598e-31
8.876011892390633404e-32
4.556573885429749953e-32
2.339154771883513983e-32
1.200824387885319971e-32
6.164531000140087221e-33
3.164612813919408826e-33
1.624580079457055176e-33
8.339915780407586386e-34
4.281364526366527077e-34
2.197873778376914181e-34
1.128296625042681985e-34
5.792203749856969285e-35
2.973475550242691809e-35
1.526458189270237882e-35
7.836198967232119187e-36
4.022777347305296027e-36
2.065125918020003590e-36
1.060149416455959534e-36
5.442364436012278060e-37
2.793882654143898845e-37
1.434262695359959763e-37
7.362905797958634388e-38
3.779808396676390212e-38
1.940395803997166147e-38
9.961181840541365379e-39
5.113654825264430630e-39
2.625136865338966492e-39
1.347635653410638508e-39
6.918198735931487634e-40
3.551514359887609060e-40
1.823199177985132559e-40
9.359543298343325106e-41
4.804798719269596665e-41
2.466583036886113841e-41
1.266240738338190318e-41
6.500351228602385432e-42
3.337008896953345117e-42
1.713081030044564113e-42
8.794242706927893294e-43
4.514596999906219010e-43
2.317605591611214582e-43
1.189761938524999379e-43
6.107741004278024346e-44
3.135459201324479289e-44
1.609613832067269714e-44
8.263085315502913849e-45
4.241922973759980382e-45
2.177626132160727230e-45
1.117902328920901083e-45
5.738843773732405498e-46
2.946082766559609944e-46
1.512395877919961315e-46
7.764008932513503224e-47
3.985717997793933607e-47
2.046101195403419799e-47
1.050382918246714439e-47
5.392227312231989162e-48
2.768144348283394824e-48
1.421049723840654330e-48
7.295075919288329286e-49
3.744987369220811085e-49
1.922520142462288492e-49
9.869415658248887902e-50
5.066545898995647407e-50
2.600953109637715091e-50
1.335220723032476711e-50
6.854465667255613518e-51
3.518796463619831879e-51
1.806403176185271487e-51
9.273319638315911696e-52
4.760535092502275311e-52
2.443859939142747097e-52
1.254575648765444421e-52
6.440467529523589999e-53
3.306267106305259651e-53
1.697299478357088219e-53
8.713226810191251038e-54
4.473006821360968456e-54
2.296254930554517369e-54
1.178801400640748251e-54
6.051474179380532490e-55
3.106574162857625754e-55
1.594785459420480362e-55
8.186962641958952805e-56
4.202844771684016388e-56
2.157565014935147778e-56
1.107603788994301188e-56
5.685975369930740012e-57
2.918942335581378325e-57
1.498463113911324525e-57
7.692483939753936759e-58
3.949000053055407795e-58
2.027251735741738563e-58
1.040706392720352664e-58
