6.267438024740804026e-02
5.377180913397284351e-02
4.613380213935154572e-02
3.958073447984786220e-02
3.395849614198389460e-02
2.913486764153567013e-02
2.499641058722726350e-02
2.144579992374777769e-02
1.839953511583108936e-02
1.578597644678292333e-02
1.354366025063178693e-02
1.161985345682720744e-02
9.969313454377352196e-03
8.553224110863004437e-03
7.338282924440097180e-03
6.295917841172490002e-03
5.401615319406403472e-03
4.634343839120401605e-03
3.976059298786461388e-03
3.411280668045303579e-03
2.926725916721440324e-03
2.510999658236037161e-03
2.154325161655238578e-03
1.848314430039081375e-03
1.585770937970137559e-03
1.360520389194558354e-03
1.167265514263680914e-03
1.001461493418613190e-03
8.592090750088605521e-04
7.371628758860289355e-04
6.324527072516740369e-04
5.426160757610020693e-04
4.655402724951972692e-04
3.994126878953016785e-04
3.426781842024107178e-04
2.940025229219634024e-04
2.522409872273142584e-04
2.164114613883709351e-04
1.856713341279647895e-04
1.592976827368294769e-04
1.366702719324168827e-04
1.172569676417664679e-04
1.006012226809733731e-04
8.631134002907535211e-05
7.405126119827577650e-05
6.353266306846852714e-05
5.450817732548663818e-05
4.676557304303026078e-05
4.012276559870230015e-05
3.442353454767150661e-05
2.953384975020415811e-05
2.533871935375198438e-05
2.173948550285990626e-05
1.865150417947525333e-05
1.600215460992479466e-05
1.372913142532087254e-05
1.177897941173679263e-05
1.010583639153097897e-05
8.670354671868234635e-06
7.438775695892571414e-06
6.382136134908387201e-06
5.475586751055547194e-06
4.697808012013742255e-06
4.030508714611472924e-06
3.457995826354671827e-06
2.966805428738291189e-06
2.545386083149141150e-06
2.183827173002268728e-06
1.873625833469934039e-06
1.607486987635471625e-06
1.379151786475850277e-06
1.183250418056172358e-06
1.015175824415772482e-06
8.709753563166023569e-07
7.472578178734711795e-07
6.411137150131304710e-07
5.500468322266977553e-07
4.719155284900261198e-07
4.048823717945426674e-07
3.473709278321383434e-07
2.980286866235629188e-07
2.556952552272518322e-07
2.193750685091276545e-07
1.882139762062165893e-07
1.614791556766184343e-07
1.385418779393085060e-07
1.188627217087279558e-07
1.019788876991819201e-07
8.749331486659637972e-08
7.506534263176512273e-08
6.440269948642176362e-08
5.525462957632834925e-08
4.740599561763632417e-08
4.067221946343719814e-08
3.489494133663087148e-08
2.993829564628352276e-08
2.568571580498370818e-08
2.203719290534464986e-08
1.890692378731162581e-08
1.622129318532728926e-08
1.391714250104142096e-08
1.194028448789087761e-08
1.024422891704236158e-08
8.789089255887904338e-09
7.540644647197779638e-09
6.469535129276383635e-09
5.550571170927046784e-09
4.762141283398873321e-09
4.085703777988727246e-09
3.505350716843310038e-09
3.007433802291617236e-09
2.580243406660111727e-09
2.213733194240194314e-09
1.899283859279116140e-09
1.629500423765504630e-09
1.398038328014745300e-09
1.199454224185905728e-09
1.029077963806900596e-09
8.829027688086379805e-10
7.574910031950048085e-10
6.498933293590538944e-10
5.575793478258203332e-10
4.783780892604048146e-10
4.104269592781313712e-10
3.521279353799954062e-10
3.021099858865545920e-10
2.591968270676421819e-10
2.223792602047946666e-10
1.907914380307070486e-10
1.636905023980296411e-10
1.404391143118643075e-10
1.204904654806547168e-10
1.033754188986538132e-10
8.869147604204312693e-11
7.609331121770934652e-11
6.528465045874758439e-11
5.601130398080131785e-11
4.805518834189259884e-11
4.122919772348646381e-11
3.537280371952031479e-11
3.034828015260971090e-11
2.603746413556209513e-11
2.233897720732559046e-11
1.916584119218570890e-11
1.644343271381392056e-11
1.410772826000294561e-11
1.210379852686623593e-11
1.038451663364681089e-11
8.909449828921385068e-12
7.643908624198633950e-12
6.558130993165058113e-12
5.626582451202561317e-12
4.827355554985930902e-12
4.141654700052044640e-12
3.553354100206369389e-12
3.048618553665207366e-12
2.615578077403543056e-12
2.244048758008471886e-12
1.925293254223297064e-12
1.651815318864709763e-12
1.417183507837544207e-12
1.215879930370849812e-12
1.043170483499647490e-12
8.949935190664624375e-13
7.678643249986454254e-13
6.587931745255939232e-13
5.652150160801828289e-13
4.849291503855908168e-13
4.160474760994852852e-13
3.569500868964378602e-13
3.062471757547856660e-13
2.627463505422637229e-13
2.254245922534006959e-13
1.934041964340730387e-13
1.659321320020946346e-13
1.423623320404321082e-13
1.221405000915342530e-13
1.047910746388525259e-13
8.990604521625601022e-14
7.713535713117437534e-14
6.617867914712852238e-14
5.677834052431630082e-14
4.871327131700707375e-14
4.179380342030363987e-14
3.585721010128844210e-14
3.076387911666645232e-14
2.639402941922844865e-14
2.264489423915625121e-14
1.942830429403832707e-14
1.666861429138710946e-14
1.430092396073346763e-14
1.226955177889967909e-14
1.052672549469165379e-14
9.031458657777403013e-15
7.748586730819029067e-15
6.647940116884797440e-15
5.703634654033829098e-15
4.893462891470784531e-15
4.198371831769781129e-15
3.602014857110749054e-15
3.090367302073227686e-15
2.651396632323687090e-15
2.274779472712281241e-15
1.951658830062744477e-15
1.674435801207733045e-15
1.436590867818856770e-15
1.232530575380659927e-15
1.057455990622186391e-15
9.072498438891867452e-16
7.783797023577846422e-16
6.678148969916955080e-16
5.729552495949302918e-16
4.915699238174843214e-16
4.217449620590149898e-16
3.618382744836137159e-16
3.104410216119129013e-16
2.663444823159891087e-16
2.285116280439723417e-16
1.960527347788502174e-16
1.682044591922016628e-16
1.443118869219334300e-16
1.238131307991770244e-16
1.062261168172988051e-16
9.113724708556856136e-17
7.819167315154358088e-17
6.708495094763506890e-17
5.755588110928870558e-17
4.938036628889206546e-17
4.236614100642451851e-17
3.634825009752938429e-17
3.118516942461658570e-17
2.675547762086471662e-17
2.295500059574837342e-17
1.969436164876737240e-17
1.689687957683078258e-17
1.449676534460259425e-17
1.243757490848426550e-17
1.067088180893755932e-17
9.155138314193445348e-18
7.854698332598060078e-18
6.738979115200193313e-18
5.781742034144134950e-18
4.960475522767123081e-18
4.255865665859685224e-18
3.651341989838020433e-18
3.132687771069733014e-18
2.687705697883772410e-18
2.305931023560055545e-18
1.978385464451497814e-18
1.697366055603107957e-18
1.456263998336844087e-18
1.249409239598878578e-18
1.071937128005530998e-18
9.196740107073700619e-19
7.890390806262002248e-19
6.769601657837242441e-19
5.808014803198713454e-19
4.983016381048400404e-19
4.275204711964812298e-19
3.667934024603949184e-19
3.146922993230003730e-19
2.699918880462685361e-19
2.316409386807672633e-19
1.987375430468907901e-19
1.705079043508226859e-19
1.462881396256857780e-19
1.255086670416923795e-19
1.076808109180193713e-19
9.238530942337680167e-20
7.926245469818256813e-20
6.800363352132408604e-20
5.834406958138978234e-20
5.005659667068621341e-20
4.294631636479116632e-20
3.684601455106166518e-20
3.161222901552688083e-20
2.712187560869641279e-20
2.326935364704292658e-20
1.996406247721061764e-20
1.712827079941769386e-20
1.469528864243333567e-20
1.260789900004228090e-20
1.081701224542573631e-20
9.280511679011543143e-21
7.962263060272537624e-21
6.831264830403560529e-21
5.860919041465487352e-21
5.028405846268949095e-21
4.314146838730163570e-21
3.701344623949801669e-21
3.175587789977652583e-21
2.724511991291929412e-21
2.337509173615304759e-21
2.005478101839709526e-21
1.720610324167456799e-21
1.476206538937448091e-21
1.266519045592796402e-21
1.086616574672445605e-21
9.322683180024680788e-22
7.998444317979810037e-22
6.862306727842074621e-22
5.887551598143846683e-22
5.051255386205413142e-22
4.333750719860099336e-22
3.718163875296914192e-22
3.190017953780519815e-22
2.736892425062721985e-22
2.348131030889216682e-22
2.014591179300186172e-22
1.728428936172768328e-22
1.482914557601245508e-22
1.272274224947310171e-22
1.091554260606659401e-22
9.365046312227973162e-23
8.034789986659111379e-23
6.893489682525504139e-23
5.914305175616039061e-23
5.074208756558802652e-23
4.353443682833991062e-23
3.735059554873365353e-23
3.204513689578581591e-23
2.749329116666438918e-23
2.358801154862254569e-23
2.023745667425130030e-23
1.736283076672132435e-23
1.489653058120543636e-23
1.278055556367621705e-23
1.096514383841162307e-23
9.407601946411093247e-24
8.071300813409001719e-24
6.924814335431072929e-24
5.941180323811795089e-24
5.097266429144036329e-24
4.373226132447892099e-24
3.752032009976130840e-24
3.219075295337077484e-24
2.761822321743822290e-24
2.369519764862716567e-24
2.032941754388448443e-24
1.744172907110326745e-24
1.496422179007695429e-24
1.283863158691111576e-24
1.101497046333108039e-24
9.450350957320925529e-25
8.107977548723103284e-25
6.956281330448477523e-25
5.968177595159611895e-25
5.120428877920147380e-25
4.393098475337410344e-25
3.769081589480230125e-25
3.233703070375137440e-25
2.774372297097348602e-25
2.380287081215617776e-25
2.042179629219085517e-25
1.752098589665701066e-25
1.503222059404465204e-25
1.289697151295204852e-25
1.106502350502977358e-25
9.493294223679014190e-26
8.144820946505119525e-26
6.987891314393497603e-26
5.995297544598440749e-26
5.143696578999739324e-26
4.413061119985816953e-26
3.786208643846109652e-26
3.248397315372116760e-26
2.786979300696368249e-26
2.391103325247081981e-26
2.051459481804949867e-26
1.760060287253607142e-26
1.510052839084922915e-26
1.295557654099752758e-26
1.111530399236626884e-26
9.536432628200170702e-27
8.181831764084790595e-27
7.019644937020911024e-27
6.022540729588754638e-27
5.167070010659058564e-27
4.433114476732697337e-27
3.803413525126659526e-27
3.263158332373592311e-27
2.799643591682468598e-27
2.401968719289026326e-27
2.060781502896862148e-27
1.768058163529648855e-27
1.516914658458242341e-27
1.301444787569568969e-27
1.116581295887468133e-27
9.579767057610068027e-28
8.219010762232999470e-28
7.051542851038236780e-28
6.049907710124353799e-28
5.190549653347576634e-28
4.453258957782129884e-28
3.820696586974531378e-28
3.277986424797758211e-28
2.812365430374860508e-28
2.412883486683598589e-28
2.070145884112373270e-28
1.776092382893147627e-28
1.523807658571672202e-28
1.307358672716834484e-28
1.121655144278528150e-28
9.623298402664016222e-29
8.256358705177881339e-29
7.083585712118809910e-29
6.077399048743525374e-29
5.214135989697965598e-29
4.473494977211412312e-29
3.838058184649488367e-29
3.292881897441474712e-29
2.825145078275588983e-29
2.423847851787899937e-29
2.079552817939821436e-29
1.784163110490419362e-29
1.530731981113349618e-29
1.313299431103657437e-29
1.126752048704647727e-29
9.667027558164795669e-30
8.293876360620114445e-30
7.115774178915452684e-30
6.105015310540916340e-30
5.237829504536103679e-30
4.493822950979323275e-30
3.855498675025517305e-30
3.307845056486720244e-30
2.837982798075067759e-30
2.434862039978481593e-30
2.089002497742185205e-30
1.792270512218283848e-30
1.537687768415288407e-30
1.319267184844498628e-30
1.131872113934559929e-30
9.710955422981251571e-31
8.331564499748879059e-31
7.148108913073919780e-31
6.132757063179055961e-31
5.261630684891000565e-31
4.514243296934887661e-31
3.873018416598354712e-31
3.322876209506699420e-31
2.850878853657321349e-31
2.445926277656025052e-31
2.098495117761102420e-31
1.800414754727321912e-31
1.544675163456282711e-31
1.325262056608764098e-31
1.137015445213101647e-31
9.755082900066910976e-32
8.369423897257831404e-32
7.180590579246643172e-32
6.160624876899722590e-32
5.285540020004542891e-32
4.534756434825913139e-32
3.890617769492805041e-32
3.337975665472375596e-32
2.863833510105547103e-32
2.457040792250032103e-32
2.108030873120892189e-32
1.808596005425466043e-32
1.551694309864770562e-32
1.331284169623215949e-32
1.142182148263359895e-32
9.799410896478474719e-33
8.407455331360846431e-33
7.213219845106244314e-33
6.188619324536192638e-33
5.309558001342003809e-33
4.555362786307381441e-33
3.908297095469943758e-33
3.353143734758538593e-33
2.876847033707524969e-33
2.468205812223483670e-33
2.117609959832521340e-33
1.816814432481341314e-33
1.558745351921916194e-33
1.337333647674626172e-33
1.147372329288788643e-33
9.843940323393975042e-34
8.445659583808190492e-34
7.245997381359421851e-34
6.216740981524744620e-34
5.333685122601847300e-34
4.576062774950510523e-34
3.926056757934891291e-34
3.368380729150492640e-34
2.889919691960949470e-34
2.479421567077411897e-34
2.127232574797679671e-34
1.825070204827771692e-34
1.565828434564488399e-34
1.343410615112246968e-34
1.152586094975488358e-34
9.888672096132336676e-35
8.484037439902124963e-35
7.278923861760308904e-35
6.244990425916229922e-35
5.357921879726020760e-35
4.596856826251264472e-35
3.943897121944057538e-35
3.383686961850275080e-35
2.903051753579172404e-35
2.490688287355828182e-35
2.136898915812706055e-35
1.833363492165150282e-35
1.572943703387885329e-35
1.349515196850403441e-35
1.157823552494351634e-35
9.933607134171643307e-36
8.522589688513746597e-36
7.311999963124956031e-36
6.273368238388485136e-36
5.382268770909852158e-36
4.617745367638903834e-36
3.961818554212758068e-36
3.399062747483191051e-36
2.916243488496561037e-36
2.502006204650321438e-36
2.146609181572833144e-36
1.841694464965081633e-36
1.580091304649036350e-36
1.355647518370985937e-36
1.163084809503216244e-36
9.978746361168312219e-37
8.561317122098866383e-37
7.345226365344818797e-37
6.301875002257904861e-37
5.406726296612742024e-37
4.638728828485162228e-37
3.979821423122529578e-37
3.414508402104086735e-37
2.929495167874133072e-37
2.513375551604891113e-37
2.156363571676185112e-37
1.850063294473783021e-37
1.587271385269542691e-37
1.361807705726143360e-37
1.168369974149176015e-37
1.002409070497551382e-37
8.600220536713912301e-38
7.378603751400952998e-38
6.330511303491622817e-38
5.431294959568227264e-38
4.659807640112816565e-38
3.997906098729034900e-38
3.430024243204136062e-38
2.942807064104960300e-38
2.524796561920583722e-38
2.166162286627785038e-38
1.858470152715658149e-38
1.594484092838631810e-38
1.367995885540798118e-38
1.173679155070738996e-38
1.006964109766309269e-38
8.639300732033041840e-39
7.412132807377624594e-39
6.359277730719189085e-39
5.455975264794076860e-39
4.680982235804676884e-39
4.016072952769508338e-39
3.445610589717174107e-39
2.956179450820019450e-39
2.536269470360513430e-39
2.176005527843863453e-39
1.866915212496723754e-39
1.601729575616121993e-39
1.374212185015287536e-39
1.179012461400093207e-39
1.011539847553631162e-39
8.678558511364075734e-40
7.445814222477047094e-40
6.388174875245212329e-40
5.480767719603144357e-40
4.702253050812232037e-40
4.034322358670216893e-40
3.461267762026347763e-40
2.969612602893692946e-40
2.547794512754542824e-40
2.185893497655871922e-40
1.875398647408324648e-40
1.609007982535605644e-40
1.380456731927900152e-40
1.184370002765283348e-40
1.016136377915465512e-40
8.717994681665267220e-41
7.479648689033233605e-41
6.417203331061151985e-41
5.505672833613477546e-41
4.723620522364993469e-41
4.052654691554485119e-41
3.476996081970510694e-41
2.983106796449288707e-41
2.559371926004204568e-41
2.195826399314706944e-41
1.883920631830619475e-41
1.616319463207420320e-41
1.386729654637619589e-41
1.189751889292564322e-41
1.020753795335203205e-41
8.757610053561392000e-42
7.513636902525903245e-42
6.446363694857712094e-42
5.530691118758955742e-42
4.745085089679217518e-42
4.071070328250174747e-42
3.492795872851126098e-42
2.996662308864974343e-42
2.571001948087424300e-42
2.205804436994762497e-42
1.892481340936087261e-42
1.623664167921770715e-42
1.393031082086705048e-42
1.195158231608597674e-42
1.025392194725561758e-42
8.797405441361147948e-43
7.547779561595426147e-43
6.475656566036738478e-43
5.555823089299498996e-43
4.766647193967067227e-43
4.089569647297546482e-43
3.508667459438770875e-43
3.010279418779305137e-43
2.582684818063629482e-43
2.215827815798312771e-43
1.901080950693286568e-43
1.631042247651723553e-43
1.399361143803281088e-43
1.200589140842760138e-43
1.030051671430565094e-43
8.837381663073401782e-44
7.582077368056745624e-44
6.505082546724090925e-44
5.581069261832106163e-44
4.788307278445410792e-44
4.108153028956806946e-44
3.524611167979660566e-44
3.023958406097038163e-44
2.594420776078556921e-44
2.225896741759605008e-44
1.909719637870366074e-44
1.638453854056451217e-44
1.405719969904120708e-44
1.206044728629359990e-44
1.034732321227446272e-44
8.877539540424258938e-45
7.616531026914027390e-45
6.534642241781743021e-45
5.606430155301161760e-45
4.810065788345339427e-45
4.126820855216277728e-45
3.540627326202651627e-45
3.037699551994716080e-45
2.606210063369077494e-45
2.236011421849156423e-45
1.918397580038753929e-45
1.645899139484256388e-45
1.412107691097238308e-45
1.211525107110031977e-45
1.039434240328701584e-45
8.917879898873441463e-46
7.651141246374717929e-46
6.564336258819943803e-46
5.631906291009262170e-46
4.831923170921113239e-46
4.145573509800008521e-46
3.556716263325782164e-46
3.051503138926702367e-46
2.618052922268374649e-46
2.246172063977882136e-46
1.927114955576696438e-46
1.653378256975749058e-46
1.418524438684618689e-46
1.217030388935994132e-46
1.044157525384012008e-46
8.958403567632018078e-47
7.685908737864746049e-47
6.594165208210250792e-47
5.657498192627609355e-47
4.853879875459154293e-47
4.164411378175788731e-47
3.572878310063136883e-47
3.065369450630815610e-47
2.629949596210780411e-47
2.256378877001559025e-47
1.935871943673088372e-47
1.660891360266900592e-47
1.424970344564833992e-47
1.222560687270309468e-47
1.048902273482258641e-47
8.999111379679070102e-48
7.720834216042718257e-48
6.624129703097720145e-48
5.683206386207257261e-48
4.875936353287688150e-48
4.183334847562830888e-48
3.589113798631444909e-48
3.079298772134249172e-48
2.641900329736850526e-48
2.266632070725024789e-48
1.944668724331049456e-48
1.668438603792342120e-48
1.431445541235876105e-48
1.228116115790316789e-48
1.053668582153457862e-48
9.040004171778426159e-49
7.755918398814827559e-49
6.654230359413683169e-49
5.709031400189604348e-49
4.898093057785748912e-49
4.202344306940082736e-49
3.605423062757210175e-49
3.093291389759254699e-49
2.653905368498244265e-49
2.276931855906391820e-49
1.953505478371677558e-49
1.676020142688471268e-49
1.437950161797800460e-49
1.233696788689897229e-49
1.058456549370856694e-49
9.081082784496634314e-50
7.791162007349163520e-50
6.684467795888042316e-50
5.734973765417414323e-50
4.920350444392636462e-50
4.221440147054051853e-50
3.621806437683370000e-50
3.107347591129290753e-50
2.665964959262997298e-50
2.287278444261574445e-50
1.962382387437654137e-50
1.683636132796567531e-50
1.444484339955501618e-50
1.239302820681857949e-50
1.063266273552886780e-50
9.122348062219722468e-51
7.826565766091206628e-51
6.714842634062545695e-51
5.761034015145408634e-51
4.942708970617000640e-51
4.240622760426652644e-51
3.638264260176288153e-51
3.121467665174803617e-51
2.678079349920444510e-51
2.297672048468511577e-51
1.971299633997145690e-51
1.691286730666139448e-51
1.451048210021379505e-51
1.244934327000217999e-51
1.068097853565217142e-51
9.163800853170818586e-52
7.862130402778380626e-52
6.745355498303194067e-52
5.787212685051710213e-52
4.965169096046659028e-52
4.259892541363635727e-52
3.654796868532471498e-52
3.135651902139032375e-52
2.690248789486390250e-52
2.308112882171602048e-52
1.980257401347471458e-52
1.698972093558047215e-52
1.457641906918223768e-52
1.250591423402683809e-52
1.072951388722725911e-52
9.205442009427069098e-53
7.897856648454686592e-53
6.776007015813254379e-53
5.813510313248613334e-53
4.987731282357772855e-53
4.279249885962451510e-53
3.671404602585831698e-53
3.149900593584242201e-53
2.702473528108075836e-53
2.318601159985967338e-53
1.989255873618786039e-53
1.706692379447782680e-53
1.464265566181926308e-53
1.256274226172957514e-53
1.077826978791633300e-53
9.247272386937921424e-54
7.933745237486383322e-54
6.806797816645782615e-54
5.839927440293395686e-54
5.010395993324471326e-54
4.298695192120518891e-54
3.688087803714517349e-54
3.164214032397538791e-54
2.714753817069548667e-54
2.329137097502057134e-54
1.998295235778032772e-54
1.714447747028620761e-54
1.470919323964203892e-54
1.261982852123163794e-54
1.082724723991505706e-54
9.289292845542208726e-55
7.969796907576653379e-55
6.837728533717134297e-55
5.866464609199929371e-55
5.033163694828102141e-55
4.318228859543151724e-55
3.704846814847774655e-55
3.178592512796979625e-55
2.727089908796714705e-55
2.339720911289952002e-55
2.007375673632633091e-55
1.722238355715025176e-55
1.477603317035521900e-55
1.267717418596177573e-55
1.087644724997271179e-55
9.331504248986081639e-56
8.006012399780981500e-56
6.868799802819704077e-56
5.893122365449501462e-56
5.056034854867236262e-56
4.337851289752148312e-56
3.721681980473309526e-56
3.193036330337441451e-56
2.739482056862410869e-56
2.350352818903880295e-56
2.016497373834364446e-56
1.730064365645830571e-56
1.484317682787822079e-56
1.273478043468145156e-56
1.092587082941379773e-56
9.373907464940238496e-57
8.042392458521935625e-57
6.900012262634688670e-57
5.919901257002208556e-57
5.079009943567072226e-57
4.357562886093796251e-57
3.738593646644158156e-57
3.207545781916963146e-57
2.751930515991848409e-57
2.361033038886555481e-57
2.025660523883080178e-57
1.737925937687580856e-57
1.491062559237389530e-57
1.279264845150852735e-57
1.097551899415836792e-57
9.416503365018683553e-58
8.078937831605263596e-58
6.931366554745903798e-58
5.946801834307784005e-58
5.102089433188813781e-58
4.377364053747223996e-58
3.755582160985853837e-58
3.222121165782672759e-58
2.764435542067693964e-58
2.371761790773871509e-58
2.034865312130736774e-58
1.745823233437738448e-58
1.497838085027603969e-58
1.285077942594106700e-58
1.102539276474244345e-58
9.459292824795580508e-59
8.115649270234356378e-59
6.962863323652186543e-59
5.973824650317936738e-59
5.125273798140240452e-59
4.397255199732737287e-59
3.772647872703571977e-59
3.236762781536958823e-59
2.776997392135370341e-59
2.382539295099278520e-59
2.044111927785150641e-59
1.753756415228154495e-59
1.504644399431917520e-59
1.290917455288286081e-59
1.107549316633992033e-59
9.502276723824185675e-60
8.152527529026484147e-60
6.994503216781333548e-60
6.000970260496191453e-60
5.148563514984160815e-60
4.417236732920296759e-60
3.789791132589418427e-60
3.251470930143724977e-60
2.789616324408335868e-60
2.393365773398351906e-60
2.053400560913915485e-60
1.761725646128305193e-60
1.511481642356632353e-60
1.296783503266727114e-60
1.112582122878302986e-60
9.545455945654390875e-61
8.189573366027852962e-61
7.026286884503014438e-61
6.028239222830741766e-61
5.171959062449435837e-61
4.437309064037438128e-61
3.807012293029204842e-61
3.266245913934203108e-61
2.802292598273476369e-61
2.404241448213413670e-61
2.062731402448310190e-61
1.769731089948670594e-61
1.518349954343797058e-61
1.302676207108209082e-61
1.117637798658364733e-61
9.588831377851022438e-62
8.226787542729300616e-62
7.058214980142237303e-62
6.055632097845161336e-62
5.195460921440169204e-62
4.457472605678450624e-62
3.824311708010340804e-62
3.281088036613725142e-62
2.815026474296116439e-62
2.415166543097832138e-62
2.072104644187281735e-62
1.777772911244149601e-62
1.525249476574097797e-62
1.308595687939432330e-62
1.122716447895457297e-62
9.632403912012080988e-63
8.264170824081953662e-63
7.090288159992780590e-63
6.083149448610099924e-63
5.219069575045739004e-63
4.477727772312368364e-63
3.841689733128681149e-63
3.295997603267595217e-63
2.827818214225851086e-63
2.426141282621029598e-63
2.081520478801152528e-63
1.785851275317243724e-63
1.532180350869801010e-63
1.314542067437545348e-63
1.127818174983120207e-63
9.676174443787073785e-64
8.301723978512941199e-64
7.122507083330681476e-64
6.110791840754843995e-64
5.242785508550723905e-64
4.498074980291609312e-64
3.859146725595937627e-64
3.310974920367454200e-64
2.840668081001612396e-64
2.437165892372823220e-64
2.090979099835933214e-64
1.793966348221755571e-64
1.539142719697496367e-64
1.320515467832496151e-64
1.132943084789170927e-64
9.720143872895693822e-65
8.339447777941437645e-65
7.154872412427788511e-65
6.138559842478958403e-65
5.266609209444880386e-65
4.518514647860534731e-65
3.876683044247028046e-65
3.326020295777575307e-65
2.853576338757148491e-65
2.448240598968131455e-65
2.100480701717066920e-65
1.802118296766000534e-65
1.546136726171285938e-65
1.326516011909769426e-65
1.138091282658052005e-65
9.764313103145217285e-66
8.377342997793572018e-66
7.187384812565577924e-66
6.166454024564132053e-66
5.290541167433317188e-66
4.539047195164048782e-66
3.894299049547447746e-66
3.341134038761198899e-66
2.866543252826456703e-66
2.459365630051631045e-66
2.110025479753483264e-66
1.810307288516286532e-66
1.553162514055550793e-66
1.332543823012761794e-66
1.143262874412868688e-66
9.808683042450730945e-67
8.415410417019800627e-67
7.220044952048014511e-67
6.194474960385211523e-67
5.314581874445952003e-67
4.559673044256361748e-67
3.911995103600791534e-67
3.356316459986883675e-67
2.879569089749238495e-67
2.470541214302438352e-67
2.119613630141614140e-67
1.818533491800358681e-67
1.560220227767952037e-67
1.338599025045352384e-67
1.148457966357596244e-67
9.853254602852701258e-68
8.453650818109959448e-68
7.252853502216513856e-68
6.222623225923040848e-68
5.338731824648532348e-68
4.580392619109146794e-68
3.929771570155753498e-68
3.371567871534992550e-68
2.892654117276454887e-68
2.481767581438808003e-68
2.129245349969425992e-68
