1.665585767910366943e-01
1.222017331203886642e-01
8.965772802178703649e-02
6.578063983846688112e-02
4.826234919210313501e-02
3.540942069369182321e-02
2.597940412871586890e-02
1.906073089197353812e-02
1.398459565647445363e-02
1.026030516791137832e-02
7.527844545861450340e-03
5.523075832469765550e-03
4.052204647076811626e-03
2.973046722490532701e-03
2.181283420739373903e-03
1.600377594337526943e-03
1.174174992624027729e-03
8.614760155239121423e-04
6.320530840675036514e-04
4.637286400089620083e-04
3.402313144026909231e-04
2.496230280233407333e-04
1.831449766137360823e-04
1.343709461601020380e-04
9.858611197423822550e-05
7.233127213837327405e-05
5.306845786273169081e-05
3.893559641175512581e-05
2.856651067306982100e-05
2.095885532109729212e-05
1.537722339973428078e-05
1.128205695696151122e-05
8.277489756851900477e-06
6.073080195939819242e-06
4.455735271165533219e-06
3.269111581958323911e-06
2.398502129256556947e-06
1.759747968162674801e-06
1.291102840259943128e-06
9.472643664238606159e-07
6.949948152199406292e-07
5.099081210096617917e-07
3.741125633999462327e-07
2.744812336319448976e-07
2.013830995982130875e-07
1.477520057278841347e-07
1.084036110287698058e-07
7.953423593937107418e-08
5.835317316856469697e-08
4.281291922432247333e-08
3.141124900292111136e-08
2.304600064185715571e-08
1.690853316705386885e-08
1.240555783644733311e-08
9.101786873701614810e-09
6.677855634262351793e-09
4.899450678294492338e-09
3.594659463118512833e-09
2.637352124602977348e-09
1.934988919121013378e-09
1.419674711690144243e-09
1.041595777162404906e-09
7.642044716785402995e-10
5.606862924545254681e-10
4.113678082200998604e-10
3.018148934923968533e-10
2.214374292630319533e-10
1.624655911152222817e-10
1.191987659189522340e-10
8.745449235785845758e-11
6.416415618573651407e-11
4.707635740632889262e-11
3.453927485983303610e-11
2.534099011837985254e-11
1.859233532799563504e-11
1.364094028425175503e-11
1.000816995583862500e-11
7.342856414420934339e-12
5.387352589006317645e-12
3.952626373201662313e-12
2.899987514834431545e-12
2.127680886616028859e-12
1.561050153531309547e-12
1.145320991117164263e-12
8.403062321388115523e-13
6.165211056531592136e-13
4.523330414298337008e-13
3.318705207219144942e-13
2.434888288860918760e-13
1.786443992173657439e-13
1.310689345286693033e-13
9.616347153194486592e-14
7.055381422248817869e-14
5.176436147781718619e-14
3.797879886062971095e-14
2.786452149157267542e-14
2.044381552991112868e-14
1.499934580062468655e-14
1.100481336850017192e-14
8.074079955572188081e-15
5.923841227110021691e-15
4.346240695794732466e-15
3.188776920511373443e-15
2.339561694920512983e-15
1.716504183510444461e-15
1.259375471228589321e-15
9.239864328723146421e-16
6.779161160723765173e-16
4.973777147376835595e-16
3.649191769491296258e-16
2.677361726499162475e-16
1.964343412821476362e-16
1.441211699302432728e-16
1.057397168259275961e-16
7.757977346311485524e-17
5.691921097629122679e-17
4.176084091949407961e-17
3.063935364511136184e-17
2.247967165220529125e-17
1.649302538963927982e-17
1.210070550459309204e-17
8.878120917759234875e-18
6.513755003824796309e-18
4.779052306550618795e-18
3.506324836493821402e-18
2.572542226031250801e-18
1.887438789422452084e-18
1.384787836626638269e-18
1.015999757563468699e-18
7.454250247341919413e-19
5.469080709551833281e-19
4.012589169280704857e-19
2.943981392212457243e-19
2.159958588346298664e-19
1.584731858602142133e-19
1.162695931865681348e-19
8.530539867920958024e-20
6.258739576169437480e-20
4.591951000617756905e-20
3.369051186018476723e-20
2.471826439891365508e-20
1.813545004689183769e-20
1.330572984799708754e-20
9.762230676940008465e-21
7.162414153789160484e-21
5.254964588326966348e-21
3.855495121007672338e-21
2.828723653273298238e-21
2.075395573188135849e-21
1.522689139402039245e-21
1.117176043548762897e-21
8.196566718597476898e-22
6.013708077646166017e-22
4.412174765940926103e-22
3.237151839406452343e-22
2.375053706454401486e-22
1.742544183400773807e-22
1.278480660396024357e-22
9.380036469529949214e-23
6.882003529287450188e-23
5.049231176336635084e-23
3.704551351011780525e-23
2.717978288773886834e-23
1.994143224989617894e-23
1.463075410939305856e-23
1.073438272271723763e-23
7.875668716474056882e-24
5.778269634487816043e-24
4.239436823822115324e-24
3.110416391077979877e-24
2.282069654045265467e-24
1.674323065185942118e-24
1.228427765841569119e-24
9.012805277952210888e-25
6.612571063357059628e-25
4.851552288044337759e-25
3.559517074086292801e-25
2.611568637925388845e-25
1.916071930163784657e-25
1.405795577510869861e-25
1.031412847627372887e-25
7.567333965685211192e-26
5.552048675750247586e-26
4.073461623033929065e-26
2.988642672893711443e-26
2.192725954685380468e-26
1.608772823850351725e-26
1.180334456856826656e-26
8.659951295728154413e-27
6.353686957855200309e-27
4.661612586474125253e-27
3.420160931836267486e-27
2.509324956260848898e-27
1.841057149533836330e-27
1.350758266438454126e-27
9.910327307404956387e-28
7.271070611239582384e-28
5.334684334202447267e-28
3.913984400260625286e-28
2.871636431656588145e-28
2.106880087480235003e-28
1.545788893777204200e-28
1.134124015089373811e-28
8.320911650875327252e-29
6.104938241363053418e-29
4.479109080185468947e-29
3.286260623616164755e-29
2.411084144859226946e-29
1.768979219668386222e-29
1.297875682311088745e-29
9.522335073276031939e-30
6.986406054413433665e-30
5.125829870671942032e-30
3.760750757748314399e-30
2.759211019239367050e-30
2.024395111270377355e-30
1.485270803124419696e-30
1.089722725732857744e-30
7.995145508015419883e-31
5.865928110414531565e-31
4.303750639942017303e-31
3.157602551916146681e-31
2.316689490170297146e-31
1.699723161994696504e-31
1.247063466933982024e-31
9.149532849433836440e-32
6.712886198862515244e-32
4.925152120926907720e-32
3.613516257490128918e-32
2.651187094844062808e-32
1.945139446183051029e-32
1.427122013552139977e-32
1.047059759937344956e-32
7.682133205634356538e-33
5.636275296516081875e-33
4.135257534302891249e-33
3.033981481631844846e-33
2.225990414025469392e-33
1.633178499384991772e-33
1.198240564760534169e-33
8.791325942499838672e-34
6.450074726248106112e-34
4.732330964213403665e-34
3.472046031299143243e-34
2.547392338917714083e-34
1.868986663736304446e-34
1.371249766224937532e-34
1.006067061823223285e-34
7.381375427119516087e-35
5.415613457948252338e-35
3.973360983395453622e-35
2.915200212673698684e-35
2.138842233435915237e-35
1.569239079923614319e-35
1.151329093592677904e-35
8.447142941516870629e-36
6.197552400223049844e-36
4.547058812599326646e-36
3.336114406147302266e-36
2.447661178268651948e-36
1.795815285160504363e-36
1.317564933843180988e-36
9.666792399186277518e-37
7.092392404250780735e-37
5.203590595377607481e-37
3.817802730158307379e-37
2.801069265393718622e-37
2.055105929794355756e-37
1.507802907573680940e-37
1.106254220343332077e-37
8.116434806434727459e-38
5.954916397666714148e-38
4.369040120310684909e-38
3.205504544171944102e-38
2.351834521944445131e-38
1.725508587615618992e-38
1.265981878467222160e-38
9.288334628470840791e-39
6.814723151875119421e-39
4.999868490348416010e-39
3.668334628370102086e-39
2.691406578328082462e-39
1.974647927112978326e-39
1.448771979473205015e-39
1.062944041662870906e-39
7.798673992283072211e-40
5.721779666102327441e-40
4.197990912277803557e-40
3.080008096776669693e-40
2.259759507450327992e-40
1.657954417995267741e-40
1.216418314908002764e-40
8.924693590990199598e-41
6.547924732544355148e-41
4.804122165757137019e-41
3.524718246807169719e-41
2.586037217772801376e-41
1.897339878943251948e-41
1.392052129601123857e-41
1.021329469238945630e-41
7.493353607632590059e-42
5.497770306271548422e-42
4.033638331138473678e-42
2.959424872274018565e-42
2.171289256903211911e-42
1.593045014020158483e-42
1.168795179465861467e-42
8.575289207272391073e-43
6.291571549941632467e-43
4.616039367449591188e-43
3.386724488898453593e-43
2.484793098729981123e-43
1.823058463637922201e-43
1.337552878563825409e-43
9.813441195870084311e-44
7.199986606002779710e-44
5.282530978881813222e-44
3.875720201976673941e-44
2.843562516540081467e-44
2.086282642732503434e-44
1.530676832336008087e-44
1.123036503808273809e-44
8.239564108128061110e-45
6.045254669971394259e-45
4.435320066113740122e-45
3.254133227271299913e-45
2.387512716778920148e-45
1.751685187628560850e-45
1.285187289262673801e-45
9.429242081554909963e-46
6.918105008926361151e-46
5.075718334578916759e-46
3.723984614101594105e-46
2.732236206171535520e-46
2.004604062553485753e-46
1.470750383341363916e-46
1.079069293785302269e-46
7.916982745535483380e-47
5.808581168428415985e-47
4.261675978673448989e-47
3.126732952604410492e-47
2.294040890444574931e-47
1.683106196404833487e-47
1.234871828212004221e-47
9.060084475768128866e-48
6.647259159430837234e-48
4.877002466237118017e-48
3.578189519200196239e-48
2.625268353655873189e-48
1.926123222854790662e-48
1.413170072481982640e-48
1.036823412989533462e-48
7.607030538335899503e-49
5.581173504205882517e-49
4.094830108420142362e-49
3.004320436228784551e-49
2.204228513652373075e-49
1.617212092894104192e-49
1.186526232286746475e-49
8.705379499018924325e-50
6.387017004746959497e-50
4.686066382691849734e-50
3.438102345222213602e-50
2.522488324083910135e-50
1.850714931154410384e-50
1.357844047758568641e-50
9.962314708745232362e-51
7.309213051374538376e-51
5.362668917042475418e-51
3.934516303147817398e-51
2.886700405937694136e-51
2.117932317874465293e-51
1.553897762951291715e-51
1.140073380686827142e-51
8.364561326621940539e-52
6.136963407098416167e-52
4.502605503076043175e-52
3.303499625381628411e-52
2.423732162953474269e-52
1.778258896292895009e-52
1.304684053204719296e-52
9.572287152535925031e-53
7.023055206778615227e-53
5.152718848848220924e-53
3.780478830587818293e-53
2.773685234488838877e-53
2.035014643588171404e-53
1.493062207681091253e-53
1.095439171914218341e-53
8.037086286095325391e-54
5.896699481475249645e-54
4.326327170953315474e-54
3.174166641683079727e-54
2.328842334629459531e-54
1.708639536545130727e-54
1.253605288101063901e-54
9.197529290072496444e-55
6.748100526114053466e-55
4.950988387684839565e-55
3.632471970465156559e-55
2.665094640301701865e-55
1.955343220681594860e-55
1.434608382324707260e-55
1.052552405566358912e-55
7.722431989894727387e-56
5.665841959333173279e-56
4.156950187472939942e-56
3.049897082403850152e-56
2.237667471043293143e-56
1.641745795244574264e-56
1.204526271701399519e-56
8.837443308345633143e-57
6.483910402211872339e-57
4.757155733515262826e-57
3.490259622525962781e-57
2.560755399872876108e-57
1.878790957456722785e-57
1.378443041454245265e-57
1.011344668757486561e-57
7.420096502102088933e-58
5.444022577204260298e-58
3.994204362802229591e-58
2.930492712986002686e-58
2.150062130230886359e-58
1.577470963625991823e-58
1.157368713254730210e-58
8.491454798901356495e-59
6.230063399503269077e-59
4.570911684868420209e-59
3.353614929911067067e-59
2.460501071450073924e-59
1.805235737892941239e-59
1.324476590227768464e-59
9.717502269863718413e-60
7.129597537738854797e-60
5.230887489244168333e-60
3.837830085119931652e-60
2.815763059812912499e-60
2.065886564323870212e-60
1.515712510603592424e-60
1.112057387116093188e-60
8.159011841546390543e-61
5.986154581745943710e-61
4.391959145602275516e-61
3.222319917273842229e-61
2.364171729524550506e-61
1.734560226847925736e-61
1.272622941467875455e-61
9.337059192769635894e-62
6.850471693424768603e-62
5.026096702777092593e-62
3.687577906483935106e-62
2.705525106366327195e-62
1.985006496624213337e-62
1.456371919213937465e-62
1.068520012746579741e-62
7.839584123924824838e-63
5.751794866070549738e-63
4.220012650976276674e-63
3.096165143067079957e-63
2.271613709718523728e-63
1.666651682884571629e-63
1.222799378335396773e-63
8.971510574240299241e-64
6.582273708159244930e-64
4.829323535941247458e-64
3.543208144912829723e-64
2.599603001278336034e-64
1.907292907405977846e-64
1.399354529461730495e-64
1.026687139411801316e-64
7.532662095566644786e-65
5.526610402317138271e-65
4.054797912278213842e-65
2.974949365441499225e-65
2.182679363659870018e-65
1.601401778426449475e-65
1.174926422379930800e-65
8.620273291833784809e-66
6.324575753040301457e-66
4.640254096565430891e-66
3.404490502045387602e-66
2.497827777814198003e-66
1.832621828103680487e-66
1.344569387318261954e-66
9.864920353939635769e-67
7.237756155052003349e-67
5.310241976669657781e-67
3.896051379280249978e-67
2.858479221225775196e-67
2.097226823453551969e-67
1.538706426953478858e-67
1.128927706755691622e-67
8.282787052524587486e-68
6.076966748794261097e-68
4.458586781449842739e-68
3.271203695768790140e-68
2.400037084336332215e-68
1.760874143557697281e-68
1.291929099632002366e-68
9.478705815418015425e-69
6.954395869001538880e-69
5.102344438638344413e-69
3.743519819823170746e-69
2.746568917473706348e-69
2.015119775374668626e-69
1.478465616963689111e-69
1.084729854401505847e-69
7.958513498923280304e-70
5.839051710021428491e-70
4.284031795248807630e-70
3.143135107230514238e-70
2.306074925321885141e-70
1.691935402001849664e-70
1.241349694718904380e-70
9.107611689876043490e-71
6.682129221641282620e-71
4.902586150477397930e-71
3.596959915861740018e-71
2.639039935087442177e-71
1.936227242420578032e-71
1.420583252434706789e-71
1.042262360989762817e-71
7.646935350491779636e-72
5.610451115117408422e-72
4.116310688189451729e-72
3.020080441668394872e-72
2.215791412518417704e-72
1.625695632490525027e-72
1.192750488411237299e-72
8.751046008690660174e-73
6.420521893747430428e-73
4.710648458155910995e-73
3.456137875323874225e-73
2.535720744044720265e-73
1.860423375377108817e-73
1.364966999531875175e-73
1.001457482457961816e-73
7.347555578376592840e-74
5.390800300860420496e-74
3.955155911890035750e-74
2.901843402520752808e-74
2.129042525842935676e-74
1.562049169472844836e-74
1.146053955350072078e-74
8.408439978984785402e-75
6.169156569822506151e-75
4.526225183042596717e-75
3.320829059165701198e-75
2.436446529773896608e-75
1.787587252063689344e-75
1.311528139317366472e-75
9.622501269437268255e-76
7.059896612550946087e-76
5.179748880700802762e-76
3.800310392566334602e-76
2.788235378293799491e-76
2.045689883641120250e-76
1.500894484235562688e-76
1.101185605317225684e-76
8.079247076289354838e-77
5.927632272393001378e-77
4.349022133489783102e-77
3.190817623028493027e-77
2.341058930242650672e-77
1.717602684438906152e-77
1.260181426225796051e-77
9.245777509501603086e-78
6.783499579995299286e-78
4.976960185826157456e-78
3.651527120948963514e-78
2.679075141689547741e-78
1.965600521941020027e-78
1.442134022944297198e-78
1.058073864408501625e-78
7.762942172730237365e-79
5.695563722372335478e-79
4.178756635539112213e-79
3.065896172923391786e-79
2.249405783338618071e-79
1.650358033257394190e-79
1.210844952080929403e-79
8.883802595767789676e-80
6.517923572703456632e-80
4.782110728106711573e-80
3.508568758253793641e-80
2.574188560512117435e-80
1.888646682349589743e-80
1.385674051026154284e-80
1.016649960859051563e-80
7.459020699343402444e-81
5.472580724463023360e-81
4.015157082001472617e-81
2.945865434397669375e-81
2.161340884141164924e-81
1.585746029982998700e-81
1.163440015435623587e-81
8.535999106561573703e-82
6.262744944348333808e-82
4.594889684068840691e-82
3.371207257580333345e-82
2.473408319892183751e-82
1.814705608252296489e-82
1.331424503644382608e-82
9.768478153390020742e-83
7.166997841189289476e-83
5.258327576623042327e-83
3.857962499188767606e-83
2.830533934651792657e-83
2.076723751695373968e-83
1.523663605674545626e-83
1.117890996027716309e-83
8.201812226436649347e-84
6.017556634480647405e-84
4.414998399068962707e-84
3.239223500131430005e-84
2.376573655387142754e-84
1.743659348992398111e-84
1.279298842027013887e-84
9.386039355436013682e-85
6.886407763975247222e-85
5.052462502650097586e-85
3.706922130610134624e-85
2.719717697103000187e-85
1.995419404916926175e-85
1.464011726570099759e-85
1.074125234150459959e-85
7.880708861135866340e-86
5.781967519188346254e-86
4.242149910881186247e-86
3.112406945675122536e-86
2.283530096529410106e-86
1.675394571716110224e-86
1.229213915420648676e-86
9.018573149106451043e-87
6.616802870959043684e-87
4.854657106980494265e-87
3.561795036964778750e-87
2.613239947905943977e-87
1.917298147270957548e-87
1.406695236108855955e-87
1.032072914746130963e-87
7.572176787198395880e-88
5.555601787175103282e-88
4.076068491935293428e-88
2.990555296691929538e-88
2.194129220415987793e-88
1.609802380584125168e-88
1.181089828448240423e-88
8.665493353027099123e-89
6.357753088942769904e-89
4.664595850834173246e-89
3.422349711796841808e-89
2.510930833963184283e-89
1.842235359879936467e-89
1.351622703137238244e-89
9.916669560370820620e-90
7.275723834863708041e-90
5.338098340268069840e-90
3.916489209476340411e-90
2.873474175669517062e-90
2.108228414944006891e-90
1.546778143061517186e-90
1.134849813660432287e-90
8.326236734998012070e-91
6.108845182220385346e-91
4.481975548866749563e-91
3.288363712196413194e-91
2.412627151976383617e-91
1.770111302732318786e-91
1.298706276058393397e-91
9.528429025169422545e-92
6.990877102961569639e-92
5.129110217394242369e-92
3.763157502945254787e-92
2.760976815032763838e-92
2.025690651316633298e-92
1.486221323007751774e-92
1.090420109075997451e-92
8.000262113525798250e-93
5.869682093386216047e-93
4.306504885529799359e-93
3.159623303958765735e-93
2.318172088104142116e-93
1.700810923673087352e-93
1.247861542691365932e-93
9.155388221315168762e-94
6.717182204542517515e-94
4.928304041108416477e-94
3.615828777903417974e-94
2.652883759211824841e-94
1.946384265454797354e-94
1.428035320301992642e-94
1.047729840517104188e-94
7.687049494531303830e-95
5.639882309948325824e-95
4.137903950364441616e-95
3.035923120636630743e-95
2.227414967813425076e-95
1.634223674873145013e-95
1.199007395616849366e-95
8.796952074846750609e-96
6.454202542040022865e-96
4.735359485791172168e-96
3.474268015856974872e-96
2.549022578375525778e-96
1.870182747966753598e-96
1.372127316746430487e-96
1.006710908550862466e-96
7.386099241857684916e-97
5.419079255741906381e-97
3.975903791488380600e-97
2.917065835939308355e-97
2.140211015523302818e-97
1.570243336483471253e-97
1.152065902795040761e-97
8.452548809124560537e-98
6.201518610810379586e-98
4.549968766664917904e-98
3.338249399354947069e-98
2.449227593371380247e-98
1.796964542340934940e-98
1.318408128003171227e-98
9.672978798571586594e-99
7.096931280249993089e-99
5.206920706166381874e-99
3.820245986565221147e-99
2.802861848958859985e-99
2.056421123659685458e-99
1.508767847193297224e-99
1.106962183248323817e-99
8.121629032732872934e-100
5.958727329941004762e-100
4.371836148817324589e-100
3.207555951766395328e-100
2.353339611434329323e-100
1.726612851038810773e-100
1.266792061327422590e-100
9.294278828497546542e-101
6.819084329541791207e-101
5.003068226318531758e-101
3.670682230568735510e-101
2.693128981718431384e-101
1.975911630750991188e-101
1.449699141422418115e-101
1.063624287611548558e-101
7.803664863091072464e-102
5.725441399255119286e-102
4.200677475444507917e-102
3.081979191159401772e-102
2.261205672243245899e-102
1.659015449180050785e-102
1.217196778870491526e-102
8.930405073834294347e-103
6.552115168820278558e-103
4.807196631121299920e-103
3.526973939688063786e-103
2.587692188562881551e-103
1.898554108211463546e-103
1.392942992886820479e-103
1.021983083358285999e-103
7.498149084378021467e-104
5.501288681492647846e-104
4.036219714565557562e-104
2.961318797730848865e-104
2.172678803918380028e-104
1.594064505521450431e-104
1.169543166334863528e-104
8.580777083880513893e-105
6.295597929402566696e-105
4.618993466588801517e-105
3.388891870738428277e-105
2.486383276926033390e-105
1.824225155472541052e-105
1.338408864289435073e-105
9.819721445209773714e-106
7.204594338420555002e-106
5.285911608676254288e-106
3.878200523482046152e-106
2.845382294257278241e-106
2.087617788572572432e-106
1.531656410444613167e-106
1.123755206770946847e-106
8.244837132749876040e-107
6.049123415490159369e-107
4.438158511401297650e-107
3.256215755473581416e-107
2.389040639030022314e-107
1.752806203134067695e-107
1.286009762894894380e-107
9.435276457282630567e-108
6.922532347262423492e-108
5.078966611720742760e-108
3.726367830289160997e-108
2.733984739054912958e-108
2.005886937040548219e-108
1.471691610678408385e-108
1.079759859315253976e-108
7.922049329689562293e-109
5.812298451420126075e-109
4.264403297991660206e-109
3.128733949214007595e-109
2.295508994089381772e-109
1.684183323823044171e-109
1.235662101759166601e-109
9.065882603907973264e-110
6.651513166166543115e-110
4.880123572371816576e-110
3.580479431771863753e-110
2.626948430961704249e-110
1.927355872427662708e-110
1.414074450491432801e-110
1.037486942675500113e-110
7.611898764227604790e-111
5.584745254473262399e-111
4.097450652383393053e-111
3.006243093231486997e-111
2.205639140606882741e-111
1.618247050456497005e-111
1.187285566391702949e-111
8.710950628733817597e-112
6.391104465865443578e-112
4.689065296601684757e-112
3.440302607041936616e-112
2.524102625868153373e-112
1.851899322133334734e-112
1.358713019102515367e-112
9.968690231777633044e-113
7.313890684788279193e-113
5.366100832234483997e-113
3.937034252042716401e-113
2.888547790352276886e-113
2.119287718368069901e-113
1.554892201620192382e-113
1.140802986637823022e-113
8.369914344967220597e-114
6.140890842909842522e-114
4.505487008622623990e-114
3.305613746302903378e-114
2.425283264347181105e-114
1.779396918016043137e-114
1.305519004064492582e-114
9.578413071962943802e-115
7.027549709465860945e-115
5.156016403549184933e-115
3.782898201041737460e-115
2.775460293259225906e-115
2.036316979753058317e-115
1.494017713783075159e-115
1.096140213577241099e-115
8.042229732195024001e-116
5.900473157017369300e-116
4.329095864708906439e-116
3.176197994147322768e-116
2.330332709946542712e-116
1.709733004382479219e-116
1.254407550388643596e-116
9.203415377949360207e-117
6.752419067696707381e-117
4.954156842147578715e-117
3.634796621852894564e-117
2.666800204998213028e-117
1.956594570001980614e-117
1.435526480081241551e-117
1.053226001241774940e-117
7.727374068564013520e-118
5.669467894365838198e-118
4.159610486052213914e-118
3.051848906820543857e-118
2.239099497727674124e-118
1.642796453493904005e-118
1.205297125184019591e-118
8.843098954147676666e-119
6.488059871619121927e-119
4.760200142052346179e-119
3.492493263126920197e-119
2.562394191209089488e-119
1.879993316082483274e-119
1.379325195413077314e-119
1.011991892963708581e-119
7.424845096935306694e-120
5.447506555812337299e-120
3.996760509908220098e-120
2.932368122901642521e-120
2.151438092648601542e-120
1.578480488295242565e-120
1.158109387596442075e-120
8.496889024503833475e-121
6.234050415960508856e-121
4.573836903914252710e-121
3.355761122824266758e-121
2.462075703622539905e-121
1.806391023824231971e-121
1.325324207599263839e-121
9.723721121742180883e-122
7.134160223684992874e-122
5.234235069063047510e-122
3.840286158313453707e-122
2.817565046877932711e-122
2.067208657407509124e-122
1.516682512084589124e-122
1.112769063839058262e-122
8.164233315615122685e-123
5.989985505334292736e-123
4.394769841460557348e-123
3.224382086102304958e-123
2.365684714383504802e-123
1.735670282994556375e-123
1.273437374369492830e-123
9.343034574764693096e-124
6.854855748872124424e-124
5.029313223859709378e-124
3.689937823688257066e-124
2.707256545106725680e-124
1.986276829374021212e-124
1.457303944851228199e-124
1.069203827116147837e-124
7.844601175745275951e-125
5.755475807871644854e-125
4.222713307263424432e-125
3.098146577378209822e-125
2.273067460774453925e-125
1.667718280006081881e-125
1.223581925948945987e-125
8.977252018269367831e-126
6.586486126543902440e-126
4.832414129275604726e-126
3.545475670663462229e-126
2.601266653681885089e-126
1.908513506254331537e-126
1.400250066020663324e-126
1.027344182247287909e-126
7.537482728330282596e-127
5.530147234162144044e-127
4.057392837076211235e-127
2.976853226015525096e-127
2.184076199933555702e-127
1.602426617956338103e-127
1.175678333023801517e-127
8.625789956637907619e-128
6.328623254004024961e-128
4.643223692260115628e-128
3.406669253494667974e-128
2.499426297735887250e-128
1.833794640147580092e-128
1.345429863357045658e-128
9.871233548088454108e-129
7.242388058622560628e-129
5.313640340505665305e-129
3.898544712007709960e-129
2.860308545097362413e-129
2.098568973175669292e-129
1.539691143713806982e-129
1.129650179876306604e-129
8.288087738275928297e-130
6.080855788902499630e-130
4.461440116598353856e-130
3.273297148456869158e-130
2.401573021732089163e-130
1.762001039664462881e-130
1.292755887780294575e-130
9.484771846156016323e-131
6.958846432182535117e-131
5.105609755529146312e-131
3.745915537839698677e-131
2.748326622776638717e-131
2.016409379539648037e-131
1.479411781772664622e-131
1.085424042486636310e-131
7.963606661265626971e-132
5.842788493063537363e-132
4.286773421485406395e-132
3.145146600628936755e-132
2.307550730316105385e-132
1.693018179793999582e-132
1.242144113867651323e-132
9.113440233723316964e-133
6.686405543962210078e-133
4.905723629249670457e-133
3.599261840812030864e-133
2.640728825710013046e-133
1.937466358202520765e-133
1.421492374612626450e-133
1.042929371406790391e-133
7.651829114027523556e-134
5.614041602002707238e-134
4.118944978951077483e-134
3.022013184507589642e-134
2.217209439312273125e-134
1.626736019213029330e-134
1.193513805816203928e-134
8.756646363328951336e-135
6.424630796789854460e-135
4.713663103709802126e-135
3.458349679234008400e-135
2.537343514101719679e-135
1.861613979411034513e-135
1.365840529308737677e-135
1.002098379220630752e-135
7.352257749627981990e-136
