7.284634543384592431e-02
6.143757526529105423e-02
5.181558020513348656e-02
4.370052594688614289e-02
3.685640420263529976e-02
3.108416892737247972e-02
2.621594750787820810e-02
2.211015856147326153e-02
1.864739435668236536e-02
1.572694810518172545e-02
1.326388512904726202e-02
1.118657272472307028e-02
9.434596885302400787e-03
7.957005293626367645e-03
6.710825487565985105e-03
5.659815101623575338e-03
4.773407838412561943e-03
4.025824515942627059e-03
3.395323337499387816e-03
2.863567579887099732e-03
2.415092310654474994e-03
2.036854624961334254e-03
1.717854321726560969e-03
1.448813987267571048e-03
1.221909182376102691e-03
1.030540885922088439e-03
8.691435770143803507e-04
7.330233742152208413e-04
6.182215244478270330e-04
5.213992714758632465e-04
4.397407556108211333e-04
3.708711207014552804e-04
3.127874467293718366e-04
2.638004993390570974e-04
2.224856022171079091e-04
1.876412035531748324e-04
1.582539315803717535e-04
1.334691229133359142e-04
1.125659665662591364e-04
9.493654076998578437e-05
8.006813292067214267e-05
6.752832847506945869e-05
5.695243513614572944e-05
4.803287658948011117e-05
4.051024733086355014e-05
3.416576843467995100e-05
2.881492485588561369e-05
2.430209922067897392e-05
2.049604604160865117e-05
1.728607473474077564e-05
1.457883043043706702e-05
1.229557895479183113e-05
1.036991702145668823e-05
8.745841039879487523e-06
7.376118375544702157e-06
6.220913693944500638e-06
5.246630438553453410e-06
4.424933749772284942e-06
3.731926408613637128e-06
3.147453839286210196e-06
2.654517958224586849e-06
2.238782822668771270e-06
1.888157701682681834e-06
1.592445444160484248e-06
1.343045917386857216e-06
1.132705891322030551e-06
9.553080945527105086e-07
8.056933070708917233e-07
6.795103158450354904e-07
5.730893694754148632e-07
4.833354516440173094e-07
4.076382694548439708e-07
3.437963388758949055e-07
2.899529594768880851e-07
2.445422164305091372e-07
2.062434393655939059e-07
1.739427936093675474e-07
1.467008867855337442e-07
1.237254486782196399e-07
1.043482898164478897e-07
8.800586867085011903e-08
7.422290230280413162e-08
6.259854381820741035e-08
5.279472462789942447e-08
4.452632247533249115e-08
3.755286929045923780e-08
3.167155771122974471e-08
2.671134288294190313e-08
2.252796799941124396e-08
1.899976891489785918e-08
1.602413581326787978e-08
1.351452902991452462e-08
1.139796223826156357e-08
9.612879804932312078e-09
8.107366581183694588e-09
6.837638066375145519e-09
5.766767033237609046e-09
4.863609581673295090e-09
4.101899387751728516e-09
3.459483806150670708e-09
2.917679609781572536e-09
2.460729629721070403e-09
2.075344493030365767e-09
1.750316130927265679e-09
1.476191817056262607e-09
1.244999255985498673e-09
1.050014726741551059e-09
8.855675383527907594e-10
7.468751104261925498e-10
6.299038824432509052e-10
5.312520066315573434e-10
4.480504127952946338e-10
3.778793677955178911e-10
3.186981029984666582e-10
2.687854630628658119e-10
2.266898499683477774e-10
1.911870065184764506e-10
1.612444115455531409e-10
1.359912513309797708e-10
1.146930939267995139e-10
9.673052983743643726e-11
8.158115787340221794e-11
6.880439227563508802e-11
5.802864925949879235e-11
4.894054032760291967e-11
4.127575806299950915e-11
3.481138933634493111e-11
2.935943237376658525e-11
2.476132914378757329e-11
2.088335404995184802e-11
1.761272481954211011e-11
1.485432248224656814e-11
1.252792504665454908e-11
1.056587442222123963e-11
8.911108734319920756e-12
7.515502806645986303e-12
6.338468547597019845e-12
5.345774535982952720e-12
4.508550476344591053e-12
3.802447570679187368e-12
3.206930387854224113e-12
2.704679636307470044e-12
2.281088471007010013e-12
1.923837685880219496e-12
1.622537437129315857e-12
1.368425077753716612e-12
1.154110315468807355e-12
9.733602825066302949e-13
8.209182665320264711e-13
6.923508308665314561e-13
5.839188778519857254e-13
4.924689055188698751e-13
4.153412950016492879e-13
3.502929614447243421e-13
2.954321188728134459e-13
2.491632618072246105e-13
2.101407635408207934e-13
1.772297415807826811e-13
1.494730521177024385e-13
1.260634536286205090e-13
1.063201300543539776e-13
8.966889078000330590e-14
7.562547157914110078e-14
6.378145086682501128e-14
5.379237166699899737e-14
4.536772384815127413e-14
3.826249528285466484e-14
3.227004621546897123e-14
2.721609960485604304e-14
2.295367266460166628e-14
1.935880219587653582e-14
1.632693939375645339e-14
1.376990927797046745e-14
1.161334631988929987e-14
9.794531686672423691e-15
8.260569203635439635e-15
6.966846986763151993e-15
5.875740005375165188e-15
4.955515841866708054e-15
4.179411824983229875e-15
3.524856697104153594e-15
2.972814179461689127e-15
2.507229344350100925e-15
2.114561693293761586e-15
1.783391361791996278e-15
1.504086997982171211e-15
1.268525656211452626e-15
1.069856559245228360e-15
9.023018586620129686e-16
7.609885989943293740e-16
6.418069986668116773e-16
5.412909261479885474e-16
4.565170952307632139e-16
3.850200477607030813e-16
3.247204512740570988e-16
2.738646262419080445e-16
2.309735442050123443e-16
1.947998135235660452e-16
1.642914017682230146e-16
1.385610396988513509e-16
1.168604170138630506e-16
9.855841941093041454e-17
8.312277403244763011e-17
7.010456949437469535e-17
5.912520029797296643e-17
4.986535593169757205e-17
4.205573443579750719e-17
3.546921035431807785e-17
2.991422929682592884e-17
2.522923700538890933e-17
2.127798090862459466e-17
1.794554751897910098e-17
1.513502042975344167e-17
1.276466171716367498e-17
1.076553477478710031e-17
9.079499445826502249e-18
7.657521146077449127e-18
6.458244802203974495e-18
5.446792131492834819e-18
4.593747284644236540e-18
3.874301351278592977e-18
3.267530848006062566e-18
2.755789205490607139e-18
2.324193557264471236e-18
1.960191904688136229e-18
1.653198070012411066e-18
1.394283820964757422e-18
1.175919212989094260e-18
9.917535975710377566e-19
8.364309277632473398e-19
7.054339894832388091e-19
5.949530283976914678e-19
5.017749516987154305e-19
4.231898824522819894e-19
3.569123488601487363e-19
3.010148164003716252e-19
2.538716297766814700e-19
2.141117343531177352e-19
1.805788020820850316e-19
1.522976022772383654e-19
1.284456391999566598e-19
1.083292316017715491e-19
9.136333854948202575e-20
7.705454481199109013e-20
6.498671097671756983e-20
5.480887096116067523e-20
4.622502494569071440e-20
3.898553087772782125e-20
3.287984418837956268e-20
2.773039457235488419e-20
2.338742175092974433e-20
1.972462002762683963e-20
1.663546496820617707e-20
1.403011537463369461e-20
1.183280045383418599e-20
9.979616192850738781e-21
8.416666852886680731e-21
7.098497531721749972e-21
5.986772209069703250e-21
5.049158828769175969e-21
4.258388992905959588e-21
3.591464921162540047e-21
3.028990611573726816e-21
2.554607750987568034e-21
2.154519969943100752e-21
1.817091605977141232e-21
1.532509306284017228e-21
1.292496628195124931e-21
1.090073337268313879e-21
9.193524027080792158e-22
7.753687861801870434e-22
6.539350447245569249e-22
5.515195482985752210e-22
4.651437701791665896e-22
3.922956631436744000e-22
3.308566021685226121e-22
2.790397689367501105e-22
2.353381862049561875e-22
1.984808907249078475e-22
1.673959701067987652e-22
1.411793886336060998e-22
1.190686953947720071e-22
1.004208500987817177e-22
8.469352167777898394e-23
7.142931579575863083e-23
6.024247255252419954e-23
5.080764751574383130e-23
4.285044980239425219e-23
3.613946203076093977e-23
3.047951006105509105e-23
2.570598679004181199e-23
2.168006491987981042e-23
1.828465947521163879e-23
1.542102264730222635e-23
1.300587193384709887e-23
1.096896805279145707e-23
9.251072189173081607e-24
7.802223166062741511e-24
6.580284434953423250e-24
5.549718628048544408e-24
4.680554033030492126e-24
3.947512932528897943e-24
3.329276457982356201e-24
2.807864577805129006e-24
2.368113188194285842e-24
1.997233098927931498e-24
1.684438088238037878e-24
1.420631209561883606e-24
1.198140227102292799e-24
1.010494485928855253e-24
8.522367273838673006e-25
7.187643768628150545e-25
6.061956881779538221e-25
5.112568516117206413e-25
4.311867824490324555e-25
3.636568209748923793e-25
3.067030085904728715e-25
2.586689704493188796e-25
2.181577434822366458e-25
1.839911488362545854e-25
1.551755271654669894e-25
1.308728402609758208e-25
1.103762985751702049e-25
9.308980582113787473e-26
7.851062283915504798e-26
6.621474654738634655e-26
5.584457875613762771e-26
4.709852622056978062e-26
3.972222947255911918e-26
3.350116534180519910e-26
2.825440802697863806e-26
2.382936727155587612e-26
2.009735061589325355e-26
1.694982066352503172e-26
1.429523851260585160e-26
1.205640155072828640e-26
1.016819818880431328e-26
8.575714235443409489e-27
7.232635839942722440e-27
6.099902557039811910e-27
5.144571360816017310e-27
4.338858570123160655e-27
3.659331822067508376e-27
3.086228593898580254e-27
2.602881454028856299e-27
2.195233326890112042e-27
1.851428674183332602e-27
1.561468702939311193e-27
1.316920572883781687e-27
1.110672146050661659e-27
9.367251460818781182e-28
7.900207117124245764e-28
6.662922710522079972e-28
5.619414578405503586e-28
4.739334609739452500e-28
3.997087637810050315e-28
3.371087061778964557e-28
2.843127048452687361e-28
2.397853056152615913e-28
2.022315282051709791e-28
1.705592045987151922e-28
1.438472157705949786e-28
1.213187029901754985e-28
1.023184746146967052e-28
8.629395129888754054e-29
7.277909545482131102e-29
6.138085758613621852e-29
5.176774531841133618e-29
4.366018268140315383e-29
3.682237926432439697e-29
3.105547277664693546e-29
2.619174558107579158e-29
2.208974699942941988e-29
1.863017953455390606e-29
1.571242936818952602e-29
1.325164023204654069e-29
1.117624555214341662e-29
9.425887094318901073e-30
7.949659579357413506e-30
6.704630216264606193e-30
5.654590097615469290e-30
4.769001144087707181e-30
4.022107972406469398e-30
3.392188857356702426e-30
2.860924003760705280e-30
2.412862756017687921e-30
2.034974250180827632e-30
1.716268440287808737e-30
1.447476477339310126e-30
1.220781145459562416e-30
1.029589515574691052e-30
8.683412047474484172e-31
7.323466648175582656e-31
6.176507973330478622e-31
5.209179283163486743e-31
4.393347976123101403e-31
3.705287414792780928e-31
3.124986889460330970e-31
2.635569651172416601e-31
2.222802089061138959e-31
1.874679777457847809e-31
1.581078353896013377e-31
1.333459074567062001e-31
1.124620483965095278e-31
9.484889765848300790e-32
7.999421596262333608e-32
6.746598796029876750e-32
5.689985802955933804e-32
4.798853380297658204e-32
4.047284925321035414e-32
3.413422742604165317e-32
2.878832361624041869e-32
2.427966411218972880e-32
2.047712458908849769e-32
1.727011664986480477e-32
1.456537160783148410e-32
1.228422797456230637e-32
1.036034376561216128e-32
8.737767091584907592e-33
7.369308921987588696e-33
6.215170697326905477e-33
5.241786876603418697e-33
4.420848758272907939e-33
3.728481184680901384e-33
3.144548186251551786e-33
2.652067371637868489e-33
2.236716032674444509e-33
1.886414600294715855e-33
1.590975337155381591e-33
1.341806049975031579e-33
1.131660204719916154e-33
9.544261772933363760e-34
8.049495105540195560e-34
6.788830084047606896e-34
5.725603072713078997e-34
4.828892480796338059e-34
4.072619476928229284e-34
3.434789544355296105e-34
2.896852819382705778e-34
2.443164609883150580e-34
2.060530404253482441e-34
1.737822138417469590e-34
1.465654560854686416e-34
1.236112283452856065e-34
1.042519580065309810e-34
8.792462378770760002e-35
7.415438151987041617e-35
6.254075436104707644e-35
5.274598581879811512e-35
4.448521685452647802e-35
3.751820139247402652e-35
3.164231929742771827e-35
2.668668361914624523e-35
2.250717072582929390e-35
1.898222878912495860e-35
1.600934271979259843e-35
1.350205274454450122e-35
1.138743991601071090e-35
9.604005427482028786e-36
8.099882057021384279e-36
6.831325724777209919e-36
5.761443293800665680e-36
4.859119615287152770e-36
4.098112613739327411e-36
3.456290094619722404e-36
2.914986078741824525e-36
2.458457943818380158e-36
2.073428585337339024e-36
1.748700281533714520e-36
1.474829032579665716e-36
1.243849902873099465e-36
1.049045378616688040e-36
8.847500038831499302e-37
7.461856134416618055e-37
6.293223704589590095e-37
5.307615676659534501e-37
4.476367835228446437e-37
3.775305187296282625e-37
3.184038886406402073e-37
2.685373268434653772e-37
2.264805753978154619e-37
1.910105073118022607e-37
1.610955546162215194e-37
1.358657075065759719e-37
1.145872120446684979e-37
9.664123055874354271e-38
8.150584412741873668e-38
6.874087372971721361e-38
5.797507861814032905e-38
4.889535960795433368e-38
4.123765328440810697e-38
3.477925230615153694e-38
2.933232845798947226e-38
2.473847008537326926e-38
2.086407504407360682e-38
1.759646517923166605e-38
1.484060933206161352e-38
1.251635957014924539e-38
1.055612026325768040e-38
8.902882214898743185e-39
7.508564676763150322e-39
6.332617027190055948e-39
5.340839446607190536e-39
4.504388291911610630e-39
3.798937243320329381e-39
3.203969827512698813e-39
2.702182741676358204e-39
2.278982625464383953e-39
1.922061645596356996e-39
1.621039549926270855e-39
1.367161780916683514e-39
1.153044868821547464e-39
9.724616999052300660e-40
8.201604147018926951e-40
6.917116693742632832e-40
5.833798181084365768e-40
4.920142701714267797e-40
4.149578619933021865e-40
3.499695794799980236e-40
2.951593831071541593e-40
2.489332403280352162e-40
2.099467666854375047e-40
1.770661273825287572e-40
1.493350622218493510e-40
1.259470749062311626e-40
1.062219778893621676e-40
8.958611063518965482e-41
7.555565597827366633e-41
6.372256937857136008e-41
5.374271185435107993e-41
4.532584146600843725e-41
3.822717227536725527e-41
3.224025529159791855e-41
2.719097436189900294e-41
2.293248239079948100e-41
1.934093061928803073e-41
1.631186675936098762e-41
1.375719723175040566e-41
1.160262516027903378e-41
9.785489612611414430e-42
8.252943246528446078e-42
6.960415362624142855e-42
5.870315664733708168e-42
4.950941029850548111e-42
4.175553493369060042e-42
3.521602634906081541e-42
2.970069749524657523e-42
2.504914731038847128e-42
2.112609581232775179e-42
1.781744978147643722e-42
1.502698461351225083e-42
1.267354584097063923e-42
1.068868893621917689e-42
9.014688754737973554e-43
7.602860727795148601e-43
6.412144980143568102e-43
5.407912194954017163e-43
4.560956497224672727e-43
3.846646065922828469e-43
3.244206772303905498e-43
2.736118010622692385e-43
2.307603150318738502e-43
1.946199790611035792e-43
1.641397319314312018e-43
1.384331235081642657e-43
1.167525343116330208e-43
9.846743266892426158e-44
8.304603710382205872e-44
7.003985065638794957e-44
5.907061734729489828e-44
4.981932144471660801e-44
4.201690960193866753e-44
3.543646603971782492e-44
2.988661320598772370e-44
2.520594598578711670e-44
2.125833759280321158e-44
1.792898062482609091e-44
1.512104814603247241e-44
1.275287769110687424e-44
1.075559629422941533e-44
9.071117472185285313e-45
7.650451908308677364e-45
6.452282707264268070e-45
5.441763785123288859e-45
4.589506448584458593e-45
3.870724690252446936e-45
3.264514342789725831e-45
2.753245127745041915e-45
2.322047918151840501e-45
1.958382303071345125e-45
1.651671877656848259e-45
1.392996651963268637e-45
1.174833632896680000e-45
9.908380347073552665e-46
8.356587550205711346e-46
7.047827499363020690e-46
5.944037821940229860e-46
5.013117252351765300e-46
4.227992038183840321e-46
3.565828560375274075e-46
3.007369268237757727e-46
2.536372616463983618e-46
2.139140715938069005e-46
1.804120961124172448e-46
1.521570048251954241e-46
1.283270613016344777e-46
1.082292246829675933e-46
9.127899413159152227e-47
7.698340992538156768e-47
6.492671682156721141e-47
5.475827274102244369e-47
4.618235112397023995e-47
3.894954038131794022e-47
3.284949031381182692e-47
2.770479454475923435e-47
2.336583105049295703e-47
1.970641073688993363e-47
1.662010751048454073e-47
1.401716311245722701e-47
1.182187669949094026e-47
9.970403253263369864e-48
8.408896790216514449e-48
7.091944370993215437e-48
5.981245366191173574e-48
5.044497567819064327e-48
4.254457751486117862e-48
3.588149367867736475e-48
3.026194320917244412e-48
2.552249399080576701e-48
2.152530969370420010e-48
1.815414111084845217e-48
1.531094530867504723e-48
1.291303426660884682e-48
1.089067008005947046e-48
9.185036788712126724e-49
7.746529845253973252e-49
6.533313477541837938e-49
5.510103988301411648e-49
4.647143607338209210e-49
3.919335053036217237e-49
3.305511633791964905e-49
2.787821661909101880e-49
2.351209277001975585e-49
1.982976579812687168e-49
1.672414342078262569e-49
1.410490552466974101e-49
1.189587740635083390e-49
1.003281440059426900e-49
8.461533467303046232e-50
7.136337398412215205e-50
6.018685816320352797e-50
5.076074312803022564e-50
4.281089130658688213e-50
3.610609895607170923e-50
3.045137211672728995e-50
2.568225564660347116e-50
2.166005040985269359e-50
1.826777952112655793e-50
1.540678633327175005e-50
1.299386522836944330e-50
1.095884176756632641e-50
9.242531823737155722e-51
7.795020342899302507e-51
6.574209675985201473e-51
5.544595262434170575e-51
4.676233059086362072e-51
3.943868684346880961e-51
3.326202950716690803e-51
2.805272425339028893e-51
2.365927003543749749e-51
1.995389301779135265e-51
1.682883055855446468e-51
1.419319717290377308e-51
1.197034133108678491e-51
1.009561621931650680e-51
8.514499631103927418e-52
7.181008310256180463e-52
6.056360630235007545e-52
5.107848716881939621e-52
4.307887212710464994e-52
3.633211018192196108e-52
3.064198678128291556e-52
2.584301735304952906e-52
2.179563455454428812e-52
1.838212926708375079e-52
1.550322728829777685e-52
1.307520216295132088e-52
1.102744018537934108e-52
9.300386757054217568e-53
7.843814373663185274e-53
6.615361869958685043e-53
5.579302439568728470e-53
4.705504600366173594e-53
3.968555887387733479e-53
3.347023787862039431e-53
2.822832424287300301e-53
2.380736857773466781e-53
2.007879722931868149e-53
1.693417300025088231e-53
1.428204149517956903e-53
1.204527137327651025e-53
1.015881115489283323e-53
8.567797344087781936e-54
7.225958845981916155e-54
6.094271274968352165e-54
5.139822017330837855e-54
4.334853041141663852e-54
3.655953615696105367e-54
3.083379462525273144e-54
2.600478537010222635e-54
2.193206740733876888e-54
1.849719480142591256e-54
1.560027192910281869e-54
1.315704823756262602e-54
1.109646800467713164e-54
9.358603841497506217e-55
7.892913837554045070e-55
6.656771661902462415e-55
5.614226871180418421e-55
4.734959370992783597e-55
3.993397623462710991e-55
3.367974955978124404e-55
2.840502342529069629e-55
2.395639416377399453e-55
2.020448329639887814e-55
1.704017484783910948e-55
1.437144195103875611e-55
1.212067045064787569e-55
1.022240166809371857e-55
8.621428681633544156e-56
7.271190755934603663e-56
6.132419226736705137e-56
5.171995459169635851e-56
4.361987665984439022e-56
3.678838573701135291e-56
3.102680311751180670e-56
2.616756599690492775e-56
2.206935428084437333e-56
1.861298060473154091e-56
1.569792403454305422e-56
1.323940663923765240e-56
1.116592791335878558e-56
9.417185344003138066e-57
7.942320646473679212e-57
6.698440664287413817e-57
5.649369917204324021e-57
4.764598517916166499e-57
4.018394859893165270e-57
3.389057270890064387e-57
2.858282868119679206e-57
2.410635259651672540e-57
2.033095611316748768e-57
1.714684022896370122e-57
1.446140202167804677e-57
1.219654149919335674e-57
1.028639023509317444e-57
8.675395732111282728e-58
7.316705801415957109e-58
6.170805970996966878e-58
5.204370295211631694e-58
4.389292143843768912e-58
3.701866783332948197e-58
3.122101977368767680e-58
2.633136557203136777e-58
2.220750052092436202e-58
1.872949118562593588e-58
1.579618740712915681e-58
1.332228057495983206e-58
1.123582261614914269e-58
9.476133545697313049e-59
7.992036724291588560e-59
6.740370499677806283e-59
5.684732946088153449e-59
4.794423195265725679e-59
4.043548570055476358e-59
3.410271553529702140e-59
2.876174693421409454e-59
2.425724971524820265e-59
2.045822060439472539e-59
1.725417329710605447e-59
1.455192521008478437e-59
1.227288747328266529e-59
1.035077934756516868e-59
8.729700596963508234e-60
7.362505754752802996e-60
6.209433002504466640e-60
5.236947786112282574e-60
4.416767537938599966e-60
3.725039141295333874e-60
3.141645215645301417e-60
2.649619047373250312e-60
2.234651150690517129e-60
1.884673108095677559e-60
1.589506587317416271e-60
1.340567327178734069e-60
1.130615483470317242e-60
9.535450741985660076e-61
8.042064006920349511e-61
6.782562800794869509e-61
5.720317334845849560e-61
4.824434564395501873e-61
4.068859733419182448e-61
3.431618629967764746e-61
2.894178515130604526e-61
2.440909139580663145e-61
2.058628172567837811e-61
1.736217823174759649e-61
1.464301504117437229e-61
1.234971134577948489e-61
1.041557151278066151e-61
8.784345390787007673e-62
7.408592399366106421e-62
6.248301825371165753e-62
5.269729200418299002e-62
4.444414918143246045e-62
3.748356549905126804e-62
3.161310787582011335e-62
2.666204712018483763e-62
2.248639265178590782e-62
1.896470485597078352e-62
1.599456328294245425e-62
1.348958797697858317e-62
1.137692730771259249e-62
9.595139242641819731e-63
8.092404442390312959e-63
6.825019210579793212e-63
5.756124469110727121e-63
4.854633793928992769e-63
4.094329335584778933e-63
3.453099331445739283e-63
2.912295034304552403e-63
2.456188355080984089e-63
2.071514446363796475e-63
1.747085923853108041e-63
1.473467506192671147e-63
1.242701610815639900e-63
1.048076925370522260e-63
8.839332241415187666e-64
7.454967529840400788e-64
6.287413953124225830e-64
5.302715814617037989e-64
4.472235361029054279e-64
3.771819917127340144e-64
3.181099458943719655e-64
2.682894196974035670e-64
2.262714940244909879e-64
1.908341710449148520e-64
1.609468351079967377e-64
1.357402795811864277e-64
1.144814279101234590e-64
9.655201371897926847e-65
8.143059990925919517e-65
6.867741382258085386e-65
5.792155743189744897e-65
4.885022059804929983e-65
4.119958368322323034e-65
3.474714494408435568e-65
2.930524956388951138e-65
2.471563212988683837e-65
2.084481383610570581e-65
1.758022054942655541e-65
1.482690884152410384e-65
1.250480477061116836e-65
1.054637510909728562e-65
8.894663290000927396e-66
7.501632951993678587e-66
6.326770908764947183e-66
5.335908913186207947e-66
4.500229949906317435e-66
3.795430156610522834e-66
3.201012000288665249e-66
2.699688152117801294e-66
2.276878723987280736e-66
1.920287244909809390e-66
1.619543045536362171e-66
1.365899650324650616e-66
1.151980405768791157e-66
9.715639468534970482e-67
8.194032625021905745e-67
6.910730979403850317e-67
5.828412560117727241e-67
4.915600545322993547e-67
4.145747829609997067e-67
3.496464960536509241e-67
2.948868991245335236e-67
2.487034311990921681e-67
2.097529489232422453e-67
1.769026642289318946e-67
1.491971997149192332e-67
1.258308036218539261e-67
1.061239163360669838e-67
8.950340691099955036e-68
7.548590482947701663e-68
6.366374224828069703e-68
5.369309788643890577e-68
4.528399774866466810e-68
3.819188187722336267e-68
3.221049186998500597e-68
2.716587231395678975e-68
2.291131167934404485e-68
1.932307554130551039e-68
1.629680803965603247e-68
1.374449692098310260e-68
1.159191389818329373e-68
9.776455885973870681e-69
8.245324329520122156e-69
6.953989676004572771e-69
5.864896331711991196e-69
4.946370441189902163e-69
4.171698723672968725e-69
3.518351576779232108e-69
2.967327853178717519e-69
2.502602254522419623e-69
2.110659271314259993e-69
1.780100114404708939e-69
1.501311206583592587e-69
1.266184593088030633e-69
1.067882139787540648e-69
9.006366612754486436e-70
7.595841951198763599e-70
6.406225443441453008e-70
5.402919741598864006e-70
4.556745932824510747e-70
3.843094935585353086e-70
3.241211799308493159e-70
2.733592092847033424e-70
2.305472827067355831e-70
1.944403106174544678e-70
1.639882021125535532e-70
1.383053254066015068e-70
1.166447512040966835e-70
9.837652992367118784e-71
8.296937101686814418e-71
6.997519156526299369e-71
5.901608478627324942e-71
4.977332945565766900e-71
4.197812061022495018e-71
3.540375195387476198e-71
2.985902260965403472e-71
2.518267646788927749e-71
2.123871241121419341e-71
1.791242902482763918e-71
1.510708876118468316e-71
1.274110454377689594e-71
1.074566698863574154e-71
9.062743236578678339e-72
7.643389196688675746e-72
6.446326116386121694e-72
5.436740080801251840e-72
4.585269527561755222e-72
3.867151331113081234e-72
3.261500622337901102e-72
2.750703398630319056e-72
2.319904259841189530e-72
1.956574372034869758e-72
1.650147094245046522e-72
1.391710671244978401e-72
1.173749054985473404e-72
9.899233170690993471e-73
8.348872951290397554e-73
7.041321115979223598e-73
5.938550430411305445e-73
5.008489264110754197e-73
4.224088858495269585e-73
3.562536673946897956e-73
3.004592937880982121e-73
2.534031098790825447e-73
2.137165913119575880e-73
1.802455440416542027e-73
1.520165371693074857e-73
1.282085928715498236e-73
1.081293100881235896e-73
9.119472757842030792e-74
7.691234070877270170e-74
6.486677805156511251e-74
5.470772123193326873e-74
4.613971669768779122e-74
3.891358311046213741e-74
3.281916446120547364e-74
2.767921815048866012e-74
2.334426028206690727e-74
1.968821825652852629e-74
1.660476423039533662e-74
1.400422280749501221e-74
1.181096302969272311e-74
9.961198818838344165e-75
8.401133900679722507e-75
7.085397259983700553e-75
5.975723625559962909e-75
5.039840610032026965e-75
4.250530139293022388e-75
3.584836875411333405e-75
3.023400611728486018e-75
2.549893224346875843e-75
2.150543804994773946e-75
1.813738164815116068e-75
1.529681061537315956e-75
1.290111326661338116e-75
1.088061607762328755e-75
9.176557385555911377e-76
