6.411934650383262213e-02
5.487558801429663624e-02
4.696445494395079523e-02
4.019382949678367706e-02
3.439929051757483619e-02
2.944012060874176898e-02
2.519588888074445268e-02
2.156352634989948738e-02
1.845482296114454857e-02
1.579428545223892158e-02
1.351730403873431519e-02
1.156858339860395053e-02
9.900799853798819897e-03
8.473452139076258563e-03
7.251877849613076396e-03
6.206411682339645075e-03
5.311665029318886865e-03
4.545909428465984801e-03
3.890548899026832763e-03
3.329668347753832278e-03
2.849647079055326812e-03
2.438828023411574418e-03
2.087234651439489469e-03
1.786328699009917878e-03
1.528802819896540963e-03
1.308403130632701137e-03
1.119777338169289415e-03
9.583447621920269119e-04
8.201850956569759063e-04
7.019432021511385050e-04
6.007476381310213314e-04
5.141409213936577217e-04
4.400198523857818474e-04
3.765844390848630441e-04
3.222941851190061035e-04
2.758306796052089347e-04
2.360655802194450647e-04
2.020332119839032044e-04
1.729071163470301308e-04
1.479799810628534200e-04
1.266464634770283289e-04
1.083884900919515387e-04
9.276267541844146253e-05
7.938955458727334365e-05
6.794436824008054387e-05
5.814917591543851541e-05
4.976610640777088417e-05
4.259158118751639981e-05
3.645137060128821066e-05
3.119636279438954573e-05
2.669894260614657657e-05
2.284989250139467265e-05
1.955574027883376885e-05
1.673648914671524901e-05
1.432367504191570292e-05
1.225870401539177720e-05
1.049142930827644535e-05
8.978933563642648564e-06
7.684486600572933469e-06
6.576653440615100659e-06
5.628530925505128770e-06
4.817094387811403436e-06
4.122638508733377706e-06
3.528298784573610280e-06
3.019641980943021356e-06
2.584315629090183408e-06
2.211748052553592958e-06
1.892891639438328083e-06
1.620003125816562374e-06
1.386455554547311935e-06
1.186577343032085898e-06
1.015514551749766259e-06
8.691130088328684762e-07
7.438174281412476012e-07
6.365850709675126057e-07
5.448118546931370877e-07
4.662691139819777009e-07
3.990494787893182685e-07
3.415205548617612635e-07
2.922852818827116823e-07
2.501480065814384804e-07
2.140854469086032205e-07
1.832218421582143266e-07
1.568076855694977904e-07
1.342015229408611553e-07
1.148543752446648326e-07
9.829640695400598150e-08
8.412551632869896985e-08
7.199757058141140471e-08
6.161804878999538145e-08
5.273488960843519740e-08
4.513237008675570409e-08
3.862586695018071020e-08
3.305737311790060631e-08
2.829166058241670162e-08
2.421299646695889946e-08
2.072233251212310312e-08
1.773489973985561244e-08
1.517814988243836512e-08
1.298999358513654754e-08
1.111729259816614242e-08
9.514569341639958885e-09
8.142902505939961692e-09
6.968981867739962981e-09
5.964299368371495258e-09
5.104456810287681451e-09
4.368573359389644537e-09
3.738778464714527433e-09
3.199777881300388673e-09
2.738482257316887042e-09
2.343689265891062668e-09
2.005811562363316268e-09
1.716643960555381512e-09
1.469164174045924307e-09
1.257362283558045969e-09
1.076094789161990135e-09
9.209597030259053660e-10
7.881896494063264119e-10
6.745603758667310239e-10
5.773124539661222777e-10
4.940842679591861038e-10
4.228546641730514023e-10
3.618938683303196500e-10
3.097214788707758011e-10
2.650705161612245932e-10
2.268566545470152885e-10
1.941518900614422410e-10
1.661620043269138672e-10
1.422072773703094420e-10
1.217059809731753201e-10
1.041602517012644671e-10
8.914400054720424518e-11
7.629256557819436573e-11
6.529385630860170388e-11
5.588077474310103087e-11
4.782472903928977264e-11
4.093008227241626674e-11
3.502940149332508646e-11
2.997939170543775986e-11
2.565741601949250109e-11
2.195851747978946196e-11
1.879287023852672522e-11
1.608359818130529206e-11
1.376490803024707787e-11
1.178049158809458951e-11
1.008215832261367781e-11
8.628665084314143576e-12
7.384714537785641599e-12
6.320097984069279061e-12
5.408961757946833810e-12
4.629179384983820298e-12
3.961814251482791211e-12
3.390659738563351041e-12
2.901845652761661334e-12
2.483501395518877138e-12
2.125467691803107554e-12
1.819049877342609359e-12
1.556806753177736552e-12
1.332369879972963430e-12
1.140288923744473284e-12
9.758992973037742099e-13
8.352088831579452891e-13
7.148010869904404508e-13
6.117518674260699261e-13
5.235587271907557564e-13
4.480799412528640740e-13
3.834825461328225491e-13
3.281978273281439210e-13
2.808832238889082259e-13
2.403897250158945414e-13
2.057339669245342304e-13
1.760743523613867732e-13
1.506906128478715157e-13
1.289663173308760873e-13
1.103739024718098743e-13
9.446186104237886527e-14
8.084377730386694338e-14
6.918894309974564358e-14
5.921432677825733813e-14
5.067769991438300970e-14
4.337175491717796239e-14
3.711907067159270600e-14
3.176780395798528484e-14
2.718800201766158796e-14
2.326844671699639974e-14
1.991395367228494529e-14
1.704306074596033674e-14
1.458604978049875146e-14
1.248325352883665934e-14
1.068360666597731808e-14
9.143405693848139220e-15
7.825247624337432111e-15
6.697121666973434107e-15
5.731631863348536332e-15
4.905331790365791695e-15
4.198155175918012863e-15
3.592928599794661128e-15
3.074954446008437173e-15
2.631653978753544303e-15
2.252261874278960323e-15
1.927564790540281400e-15
1.649677625928859903e-15
1.411852033636427187e-15
1.208312541525177799e-15
1.034116297758586835e-15
8.850330361878839602e-16
7.574423465152666173e-16
6.482457544926676834e-16
5.547914770689429510e-16
4.748100252029012506e-16
4.063590904897122543e-16
3.477763772006773933e-16
2.976392342867719036e-16
2.547301070299491241e-16
2.180069693532761954e-16
1.865780187538352232e-16
1.596800193378019639e-16
1.366597670294776056e-16
1.169582268464182432e-16
1.000969570225281272e-16
8.566649029594626967e-17
7.331639020728502132e-17
6.274674093052224584e-17
5.370086397148976536e-17
4.595908486271185915e-17
3.933339848199350003e-17
3.366290344476652055e-17
2.880989469675321563e-17
2.465651941758007785e-17
2.110191502567419053e-17
1.805975978236729498e-17
1.545617651288940725e-17
1.322793853719122101e-17
1.132093424255270953e-17
9.688853010910440075e-18
8.292060589326452740e-18
7.096636592549603157e-18
6.073550763912654789e-18
5.197957990486766667e-18
4.448594952297657036e-18
3.807263753540803070e-18
3.258389996045591853e-18
2.788644563029295087e-18
2.386619928354329799e-18
2.042553130625786372e-18
1.748088684697252700e-18
1.496075673013385591e-18
1.280394089256465017e-18
1.095806217141940146e-18
9.378294351735464481e-19
8.026273584866890546e-19
6.869166742160402656e-19
5.878874079319766373e-19
5.031346848573929649e-19
4.306003287211770582e-19
3.685228800064507564e-19
3.153948198125696681e-19
2.699259605342896476e-19
2.310121143196234869e-19
1.977082784360187675e-19
1.692056863652265005e-19
1.448121673245596722e-19
1.239353372555810988e-19
1.060682130820475233e-19
9.077690088677275083e-20
7.769005902110128782e-20
6.648988026404016084e-20
5.690437403742569655e-20
4.870076125467919555e-20
4.167982140046678644e-20
3.567105456299021679e-20
3.052854093135738963e-20
2.612739720805842282e-20
2.236074388234124816e-20
1.913710971628841057e-20
1.637821041286921336e-20
1.401704752206651870e-20
1.199628141799239663e-20
1.026683883557612796e-20
8.786721151572853457e-21
7.519984469607762682e-21
6.435866741147106249e-21
5.508040724978243786e-21
4.713974643703025137e-21
4.034385011117119277e-21
3.452768342669936261e-21
2.955000376833773577e-21
2.528993074680328030e-21
2.164401068075019550e-21
1.852370427734920711e-21
1.585323650111943025e-21
1.356775641617989518e-21
1.161176231464105858e-21
9.937753886186179997e-22
8.505078697475961398e-22
7.278944968722756103e-22
6.229576673219690116e-22
5.331490441853485245e-22
4.562876712597588002e-22
3.905070096520183316e-22
3.342096098418331423e-22
2.860283184421251847e-22
2.447930775825024776e-22
2.095025106559105791e-22
1.792996044029756447e-22
1.534508967859788035e-22
1.313286652406607189e-22
1.123956827567353068e-22
9.619217159637691391e-23
8.232463782842471047e-23
7.045631553073874252e-23
6.029898860305792657e-23
5.160599158730320866e-23
4.416621952385071184e-23
3.779900137620616448e-23
3.234971252784884378e-23
2.768601980297882807e-23
2.369466782343309269e-23
2.027872866010276532e-23
1.735524798804662885e-23
1.485323058339448201e-23
1.271191624086483632e-23
1.087930424344307564e-23
9.310890551725894494e-24
7.968587046222863014e-24
6.819796576973032212e-24
5.836621358530449516e-24
4.995185486599052280e-24
4.275055123982244654e-24
3.658742275360461996e-24
3.131280100323065494e-24
2.679859451350207065e-24
2.293517810255947797e-24
1.962873069074929868e-24
1.679895690397841374e-24
1.437713714186932452e-24
1.230445875762486443e-24
1.053058782316136940e-24
9.012446795564725123e-25
7.713168401125520105e-25
6.601200332566614571e-25
5.649539017496263950e-25
4.835073850546608856e-25
4.138025964214004339e-25
3.541467909238566149e-25
3.030912580208707264e-25
2.593961403660607488e-25
2.220003245101028274e-25
1.899956723066156916e-25
1.626049672445428290e-25
1.391630401450885990e-25
1.191006158704754993e-25
1.019304887701339787e-25
8.723569114216416094e-26
7.465936738724724565e-26
6.389610795402745655e-26
5.468453262530737649e-26
4.680094303396203274e-26
4.005389026319455206e-26
3.427952560810239640e-26
2.933762159418317367e-26
2.510816662527110238e-26
2.148845056367407597e-26
1.839057046732800977e-26
1.573929591207957935e-26
1.347024205954365892e-26
1.152830610443265592e-26
9.866329131282337045e-27
8.443950884454798669e-27
7.226629640097817823e-27
6.184803378153697884e-27
5.293171883913457039e-27
4.530082345320415130e-27
3.877003525570586012e-27
3.318075741562174510e-27
2.839725719651787926e-27
2.430336975687962253e-27
2.079967714670846086e-27
1.780109399375937785e-27
1.523480124905698956e-27
1.303847781375898943e-27
1.115878710333730478e-27
9.550081796067357838e-28
8.173295311306702477e-28
6.994993097686023559e-28
5.986560692232323866e-28
5.123508832858833135e-28
4.384878749236264955e-28
3.752733189839203190e-28
3.211720825022498273e-28
2.748703447879611720e-28
2.352436919647985412e-28
2.013298111584905632e-28
1.723051212237332839e-28
1.474647724998541898e-28
1.262055298994713856e-28
1.080111236547833857e-28
9.243971197190601162e-29
7.911315113025004579e-29
6.770781245683589501e-29
5.794672317049451442e-29
4.959284024038632000e-29
4.244329391796896966e-29
3.632446114953712164e-29
3.108774922969886873e-29
2.660598730398413310e-29
2.277033809007654071e-29
1.948765482041514454e-29
1.667821922087129242e-29
1.427380559347946586e-29
1.221602399046793004e-29
1.045490224442018888e-29
8.947672419903109742e-30
7.657732216159392658e-30
6.553756099068325643e-30
5.608934576667268637e-30
4.800323144434068872e-30
4.108285089800695608e-30
3.516014624692165720e-30
3.009128765610792674e-30
2.575318050282314470e-30
2.204047608698355360e-30
1.886301329218920494e-30
1.614362906940264335e-30
1.381628457200834618e-30
1.182446143640113142e-30
1.011978926260733955e-30
8.660870964010145384e-31
7.412277460401053138e-31
6.343687300997538602e-31
5.429150323611883573e-31
4.646457468314996013e-31
3.976601441843571865e-31
3.403315135262983089e-31
2.912676585597265190e-31
2.492770888121410348e-31
2.133400849030891420e-31
1.825839351837022260e-31
1.562617423833376640e-31
1.337342855936876317e-31
1.144544971179144132e-31
9.795417721312450156e-32
8.383262410052145843e-32
7.174690312888043134e-32
6.140351878300483385e-32
5.255128729614983639e-32
4.497523678149273459e-32
3.849138675047384281e-32
3.294228024129499578e-32
2.819316005762393892e-32
2.412869625941703136e-32
2.065018543466785414e-32
1.767315373783362643e-32
1.512530548596165293e-32
1.294476749522700853e-32
1.107858652250103459e-32
9.481443323087603723e-33
8.114552096184533409e-33
6.944718591668088807e-33
5.943534004808111791e-33
5.086685083063287778e-33
4.353363691252898850e-33
3.725761496700714026e-33
3.188637503039103024e-33
2.728947930454185777e-33
2.335529454204896993e-33
1.998828109025438913e-33
1.710667275994756690e-33
1.464049117553268690e-33
1.252984638618318890e-33
1.072348246920313293e-33
9.177532806316853351e-34
7.854454805415567238e-34
6.722118198025281426e-34
5.753024772268868532e-34
4.923640592940194880e-34
4.213824491996383702e-34
3.606338950655461645e-34
3.086431495122195208e-34
2.641476440352537123e-34
2.260668281789053014e-34
1.934759289242418587e-34
1.655834930522160879e-34
1.417121671094781712e-34
1.212822482282789731e-34
1.037976063406207592e-34
8.883363591482591384e-35
7.602694462867951078e-35
6.506652857386547752e-35
5.568621968607349088e-35
4.765822199051762246e-35
4.078757969389482621e-35
3.490744278325840964e-35
2.987501515930520430e-35
2.556808690657664941e-35
2.188206648854667604e-35
1.872744079597186046e-35
1.602760136709210730e-35
1.371698399055501000e-35
1.173947651227878711e-35
1.004705618066170272e-35
8.598623438770190122e-36
7.359003842745370649e-36
6.298093868532821775e-36
5.390129863290488014e-36
4.613062388335553260e-36
3.948020759871859503e-36
3.378854784143317105e-36
2.891742558288556101e-36
2.474854812541915234e-36
2.118067642503675673e-36
1.812716655331108838e-36
1.551386559416315075e-36
1.327731087845037422e-36
1.136318882570082288e-36
9.725015966757295377e-37
8.323010116647547902e-37
7.123124284691083646e-37
6.096219860849232373e-37
5.217358999573441951e-37
4.465199017057368167e-37
3.821474095142805100e-37
3.270551705323887153e-37
2.799052980835989806e-37
2.395527817760359337e-37
2.050176815141848346e-37
1.754613301579138280e-37
1.501659669224888983e-37
1.285173069272378619e-37
1.099896236032996340e-37
9.413298169440068449e-38
8.056231081067675581e-38
6.894805419238247184e-38
5.900816559355313416e-38
5.050125993404658763e-38
4.322075138707143834e-38
3.698983654868499301e-38
3.165720085809785945e-38
2.709334400142353908e-38
2.318743506318925948e-38
1.984462105457936128e-38
1.698372345740982651e-38
1.453526684558234629e-38
1.243979171010987409e-38
1.064641051553522025e-38
9.111571922316326865e-39
7.798003164953893401e-39
6.673804902060437117e-39
5.711676557267627615e-39
4.888253338776601527e-39
4.183538837411324102e-39
3.580419424110479768e-39
3.064248654251759343e-39
2.622491586280140009e-39
2.244420377102031176e-39
1.920853761935687349e-39
1.643934092020007305e-39
1.406936515657629318e-39
1.204105668651550899e-39
1.030515908247004919e-39
8.819516964316193719e-40
7.548052277638002542e-40
6.459888156740288829e-40
5.528599095852047400e-40
4.731569219315961716e-40
4.049443066684918291e-40
3.465655555323981950e-40
2.966029705902399265e-40
2.538432361744924524e-40
2.172479541365035829e-40
1.859284268817543487e-40
1.591240758060367369e-40
1.361839710354161768e-40
1.165510239291613114e-40
9.974845846875200118e-41
8.536823299759130421e-41
7.306113113932430633e-41
6.252828125783223433e-41
5.351389851332561154e-41
4.579907325912309869e-41
3.919645493352045486e-41
3.354570234779668394e-41
2.870958988295172403e-41
2.457067503615469514e-41
2.102844638999229734e-41
1.799688274441441017e-41
1.540236413615124848e-41
1.318188401578750245e-41
1.128151916612807512e-41
9.655120204614521314e-42
8.263190869315343834e-42
7.071928872527538403e-42
6.052405029611971933e-42
5.179860728630321538e-42
4.433106680193016009e-42
3.794008346469291365e-42
3.247045553266974085e-42
2.778935590587798728e-42
2.378310648849899678e-42
2.035441757481108569e-42
1.742002521874617846e-42
1.490866921180246960e-42
1.275936256554636993e-42
1.091991047398007493e-42
9.345642789533317912e-43
7.998329231514488102e-43
6.845250983415195217e-43
5.858406133286105174e-43
5.013829661714033621e-43
4.291011463656027300e-43
3.672398271091808142e-43
3.142967380941815733e-43
2.689861836452532766e-43
2.302078202617444616e-43
1.970199353419423958e-43
1.686165781770953666e-43
1.443079878531474649e-43
1.235038427618422118e-43
1.056989249442241410e-43
9.046085113245169970e-44
7.741957254461887864e-44
6.625838844049294642e-44
5.670625520698937372e-44
4.853120420349733537e-44
4.153470852279547524e-44
3.554686186726147387e-44
3.042225246185840159e-44
2.603643180399648647e-44
2.228289249568436226e-44
1.907048176616933881e-44
1.632118787380200145e-44
1.396824563103068597e-44
1.195451504617439803e-44
1.023109370812696511e-44
8.756129216464757294e-45
7.493802817437382137e-45
6.413459563963079799e-45
5.488863876012145514e-45
4.697562423044860723e-45
4.020338856433005286e-45
3.440747150320665971e-45
2.944712218348568871e-45
2.520188107424090451e-45
2.156865467948390808e-45
1.845921196566217995e-45
1.579804171640617143e-45
1.352051878149374352e-45
1.157133468832952675e-45
9.903154504145700459e-46
8.475467331516560560e-46
7.253602522058319309e-46
6.207887717572756619e-46
5.312928272096102507e-46
4.546990555988072782e-46
3.891474165919389225e-46
3.330460223647258543e-46
2.850324794248245436e-46
2.439408035868768171e-46
2.087731046465004043e-46
1.786753531301534554e-46
1.529166406287869473e-46
1.308714300632175289e-46
1.120043648380254673e-46
9.585726798209112364e-47
8.203801555661244499e-47
7.021101412700795458e-47
6.008905104903619038e-47
5.142631965751380864e-47
4.401244997792609768e-47
3.766739999984466012e-47
3.223708344933980393e-47
2.758962788310274417e-47
2.361217223401392720e-47
2.020812603819829094e-47
1.729482378531200756e-47
1.480151742915702856e-47
1.266765830778234157e-47
1.084142675038325173e-47
9.278473663259370844e-48
7.940843534892970264e-48
6.796052705882298452e-48
5.816300519986587391e-48
4.977794199493975286e-48
4.260171049857197277e-48
3.646003962133685843e-48
3.120378204612262685e-48
2.670529226227492834e-48
2.285532676005022510e-48
1.956039110819215993e-48
1.674046948977405965e-48
1.432708155925810957e-48
1.226161943253863851e-48
1.049392442463309785e-48
8.981068971826098007e-49
7.686314157872015818e-49
6.578217528318493762e-49
5.629869526677914810e-49
4.818240009694314354e-49
4.123618972164423438e-49
3.529137899602669306e-49
3.020360125046810842e-49
2.584930242028756829e-49
2.212274059885918143e-49
1.893341814981847491e-49
1.620388401852690003e-49
1.386785287306343471e-49
1.186859539904417092e-49
1.015756065741238526e-49
8.693197049865108688e-50
7.439943259667826096e-50
6.367364663376129515e-50
5.449414241664683237e-50
4.663800040865301899e-50
3.991443824342303938e-50
3.416017767332110093e-50
2.923547944120561021e-50
2.502074978446854238e-50
2.141363616204701264e-50
1.832654167562844450e-50
1.568449782404610788e-50
1.342334393180437690e-50
1.148816904008642520e-50
9.831978422373599453e-51
8.414552341692635944e-51
7.201469334998055178e-51
6.163270305652935075e-51
5.274743124425659524e-51
4.514310365903742061e-51
3.863505311820269350e-51
3.306523496302719224e-51
2.829838902551096714e-51
2.421875490479940020e-51
2.072726078540981595e-51
1.773911752916953139e-51
1.518175961462302038e-51
1.299308292068042037e-51
1.111993655999335939e-51
9.516832137003055977e-52
8.144839085660057070e-52
6.970639260659200040e-52
5.965717823424012692e-52
5.105670773924583402e-52
4.369612312093239739e-52
3.739667636916627482e-52
3.200538866090454625e-52
2.739133534818938427e-52
2.344246652044139341e-52
2.006288593003340272e-52
1.717052220125996646e-52
1.469513576920758928e-52
1.257661314806110857e-52
1.076350710603286252e-52
9.211787295809487599e-53
7.883771000223095150e-53
6.747208026854223783e-53
5.774497528702591957e-53
4.942017731820078881e-53
4.229552292684335565e-53
3.619799354698591369e-53
3.097951381506760669e-53
2.651335563591934492e-53
2.269106065618229041e-53
1.941980640900079064e-53
1.662015216817630950e-53
1.422410977100736323e-53
1.217349256074019351e-53
1.041850235355021512e-53
8.916520115270142107e-54
7.631070980074704650e-54
6.530938477131899588e-54
5.589406454671056331e-54
4.783610291983318700e-54
4.093981643873030040e-54
3.503773233463008489e-54
2.998652153192839782e-54
2.566351797533678761e-54
2.196373974784498444e-54
1.879733963888615271e-54
1.608742325105674722e-54
1.376818165924127026e-54
1.178329327472741274e-54
1.008455610440324275e-54
8.630717190157461566e-55
7.386470802017264352e-55
6.321601056662377972e-55
5.410248140246025022e-55
4.630280316121258110e-55
3.962756467004679780e-55
3.391466119688847183e-55
2.902535782041471061e-55
2.484092032387499277e-55
2.125973179572951172e-55
1.819482491524080423e-55
1.557176999583628787e-55
1.332686749846738698e-55
1.140560112107991143e-55
9.761313898268876443e-56
8.354075160881609166e-56
7.149710840262612973e-56
6.118973568580411587e-56
5.236832421548809109e-56
4.481865055309722083e-56
3.835737475835744693e-56
3.282758807318447561e-56
2.809500247323054687e-56
2.404468955231020405e-56
2.057828954518999494e-56
1.761162271130215086e-56
1.507264507305725770e-56
1.289969886491850239e-56
1.104001520629118648e-56
9.448432636408594160e-57
8.086300391495714929e-57
6.920539790857653017e-57
5.922840938139475227e-57
5.068975230059832793e-57
4.338206977246942789e-57
3.712789848691299386e-57
3.177535911228720722e-57
2.719446798397997183e-57
2.327398051799639421e-57
1.991868969347668117e-57
1.704711399918102849e-57
1.458951869691801309e-57
1.248622234930441053e-57
1.068614748677100145e-57
9.145580217493383555e-58
7.827108658022093685e-58
6.698714404942972573e-58
5.732994984425041494e-58
4.906498397243207737e-58
4.199153599044096943e-58
3.593783085361304261e-58
3.075685744758048093e-58
2.632279849899885839e-58
2.252797516780776585e-58
1.928023212200122656e-58
1.650069959280859991e-58
1.412187806294174510e-58
1.208599907554892663e-58
1.034362235696441315e-58
8.852435185101542155e-59
7.576224846768482456e-59
6.483999230561294130e-59
5.549234199385343594e-59
4.749229465433065218e-59
4.064557325375805218e-59
3.478590868584123588e-59
2.977100201158569163e-59
2.547906880278195759e-59
2.180588166982960907e-59
1.866223915321007899e-59
1.597179951194005920e-59
1.366922680367266828e-59
1.169860423495590459e-59
1.001207625067376031e-59
8.568686386516040858e-60
7.333382662314859515e-60
6.276166362742339375e-60
5.371363533944437481e-60
4.597001504781898844e-60
3.934275291817483835e-60
3.367090929969124012e-60
2.881674638848910812e-60
2.466238333593617761e-60
2.110693357288957130e-60
1.806405483127901660e-60
1.545985236655020409e-60
1.323108446181599379e-60
1.132362663530226222e-60
9.691157255157281003e-61
8.294032642456570315e-61
7.098324344858509571e-61
6.074995201596812815e-61
5.199194190972262149e-61
4.449652936076999995e-61
3.808169213205734727e-61
3.259164920218179161e-61
2.789307770344320604e-61
2.387187524460213331e-61
2.043038899301894288e-61
1.748504422585953197e-61
1.496431476095391071e-61
1.280698598026537903e-61
1.096066826438890578e-61
9.380524737600759221e-62
8.028182427400860608e-62
6.870800396621807128e-62
5.880272218166575863e-62
5.032543424888688562e-62
4.307027359234564406e-62
3.686105236857519509e-62
3.154698283505481585e-62
2.699901554746934266e-62
2.310670546035514629e-62
1.977552982600013805e-62
1.692459275814905876e-62
1.448466071703365397e-62
1.239648120848037592e-62
1.060934386757787164e-62
9.079848983557661562e-63
7.770853560149059258e-63
6.650569317026332579e-63
5.691790727777358169e-63
4.871234347693070358e-63
4.168973387293095618e-63
3.567953800495882462e-63
3.053580135885387254e-63
2.613361093682854819e-63
2.236606180959120072e-63
1.914166098514517066e-63
1.638210554855502780e-63
1.402038111594745039e-63
1.199913442468048925e-63
1.026928053887091172e-63
8.788810846982735992e-64
7.521772904310192417e-64
6.437397346358674357e-64
5.509350670658952845e-64
4.715095741209675647e-64
4.035344485725849998e-64
3.453589494727906368e-64
2.955703147596222556e-64
2.529594530573617977e-64
2.164915815146030437e-64
1.852810966351484100e-64
1.585700678527613856e-64
1.357098315773858907e-64
1.161452387336020378e-64
9.940117325098265289e-65
8.507101411478963490e-65
7.280676078385414729e-65
6.231058217649495751e-65
5.332758399594602937e-65
4.563961875351311090e-65
3.905998816905662818e-65
3.342890929932336164e-65
2.860963429138042707e-65
2.448512953137535541e-65
2.095523354343800970e-65
1.793422461977736059e-65
1.534873911311509396e-65
1.313598983826007892e-65
1.124224131762256678e-65
9.621504842790031690e-66
8.234421662406441721e-66
7.047307175147479736e-66
6.031332916508636314e-66
5.161826474379457035e-66
4.417672332209504655e-66
3.780799089553956392e-66
3.235740607412285008e-66
2.769260421000586573e-66
2.370030299015009081e-66
2.028355143363378211e-66
1.735937548696551415e-66
1.485676304188913941e-66
1.271493944287162985e-66
1.088189160586728436e-66
9.313104907332618842e-67
7.970482169498712447e-67
6.821418490011644631e-67
5.838009448655384116e-67
4.996373462864812590e-67
4.276071835781182148e-67
3.659612413015449001e-67
3.132024794679450415e-67
2.680496786927135677e-67
2.294063264419993539e-67
1.963339887899807556e-67
1.680295210338503924e-67
1.438055637379583714e-67
1.230738505635917693e-67
1.053309225236264651e-67
9.014590174007483791e-68
7.715002779652335108e-68
6.602770258116211192e-68
5.650882614902942872e-68
4.836223748381914846e-68
4.139010087155199013e-68
3.542310156204878180e-68
3.031633404734373133e-68
2.594578310598320246e-68
2.220531215718368929e-68
1.900408578857904591e-68
1.626436386496976154e-68
1.391961364914008956e-68
1.191289408856894049e-68
1.019547303126649611e-68
8.725643790540014749e-69
7.467712319565783337e-69
6.391130399828442856e-69
5.469753793352651038e-69
4.681207343336136262e-69
4.006341604979681855e-69
3.428767811073357851e-69
2.934459879217516238e-69
2.511413795628779697e-69
2.149356103841573144e-69
1.839494419104435649e-69
