5.377999763614734613e-02
4.686520891608644129e-02
4.083949243746691493e-02
3.558853531489164501e-02
3.101272249645636858e-02
2.702524698283270688e-02
2.355046302582956830e-02
2.052245106523098439e-02
1.788376717956119757e-02
1.558435332681109252e-02
1.358058770148041529e-02
1.183445719241403571e-02
1.031283624226461346e-02
8.986858427942135200e-03
7.831368840405399795e-03
6.824446874981692640e-03
5.946990379147623976e-03
5.182353268706378115e-03
4.516029737636980540e-03
3.935379070812056006e-03
3.429385839051021009e-03
2.988450927208109471e-03
2.604209430923161862e-03
2.269371967384112114e-03
1.977586389633494666e-03
1.723317281023632568e-03
1.501740943729432598e-03
1.308653889162990532e-03
1.140393094276568285e-03
9.937665109492599923e-04
8.659925101622556465e-04
7.546471121679953781e-04
6.576180015653862801e-04
5.730644549085350771e-04
4.993824206422118554e-04
4.351740889011832675e-04
3.792213738870393370e-04
3.304628057610041513e-04
2.879733936725961652e-04
2.509470779089352792e-04
2.186814382672811385e-04
1.905643685558288953e-04
1.660624644268912284e-04
1.447109042499383704e-04
1.261046310561901704e-04
1.098906682688676449e-04
9.576142344207377009e-05
8.344885297462619768e-05
7.271937709857809163e-05
6.336944867550341686e-05
5.522169173690274216e-05
4.812153651360901390e-05
4.193428711788478765e-05
3.654256624968510442e-05
3.184408845102555869e-05
2.774971966522678642e-05
2.418178628925000262e-05
2.107260164043103524e-05
1.836318188345337378e-05
1.600212705762006778e-05
1.394464597657515251e-05
1.215170650200637575e-05
1.058929507130954734e-05
9.227771431835232296e-06
8.041306340485593094e-06
7.007391561352718298e-06
6.106412865642931115e-06
5.321277933338614636e-06
4.637092097580467930e-06
4.040875780369594729e-06
3.521318259108452318e-06
3.068563092725516002e-06
2.674021136737927219e-06
2.330207599991096607e-06
2.030600051905439215e-06
1.769514686508673433e-06
1.541998495878938730e-06
1.343735307438636234e-06
1.170963902547776013e-06
1.020406663038089306e-06
8.892073920528425959e-07
7.748771296017151879e-07
6.752469349063963086e-07
5.884267397785314457e-07
5.127694924441056892e-07
4.468399115926431098e-07
3.893872578893443313e-07
3.393216064029827004e-07
2.956931698176447459e-07
2.576742801723273360e-07
2.245436873069265756e-07
1.956728761429776343e-07
1.705141432265241685e-07
1.485902063351410680e-07
1.294851500346708445e-07
1.128365354152955429e-07
9.832852432204073577e-08
8.568588764060509290e-08
7.466878397068177012e-08
6.506820963383768050e-08
5.670203369878692269e-08
4.941154280517351762e-08
4.305843023827420511e-08
3.752217213485203124e-08
3.269774104458604702e-08
2.849361347142663504e-08
2.483003359626563898e-08
2.163750024228887205e-08
1.885544837947641130e-08
1.643110015528717438e-08
1.431846365461905360e-08
1.247746039468184674e-08
1.087316500263145391e-08
9.475142652012702933e-09
8.256871688626348850e-09
7.195240492548938831e-09
6.270109031357460867e-09
5.463926786856179460e-09
4.761399807055856060e-09
4.149200567102732446e-09
3.615715134976412883e-09
3.150822845477985324e-09
2.745704302739764325e-09
2.392674068903408631e-09
2.085034864930753656e-09
1.816950517614492236e-09
1.583335242487275984e-09
1.379757162233378932e-09
1.202354230266308020e-09
1.047760964472359857e-09
9.130446011978471735e-10
7.956494582677570435e-10
6.933484515556521202e-10
6.042008453336283929e-10
5.265154348910636119e-10
4.588184629656568277e-10
3.998256613345514926e-10
3.484178871711548346e-10
3.036198919689527029e-10
2.645818202610075587e-10
2.305630871503858377e-10
2.009183287947562508e-10
1.750851593141075851e-10
1.525735018598586616e-10
1.329562914468255801e-10
1.158613731729781603e-10
1.009644421294409299e-10
8.798289106491207880e-11
7.667044908955039151e-11
6.681250971005714406e-11
5.822205956486145177e-11
5.073613062411313533e-11
4.421270854974412624e-11
3.852803856460401130e-11
3.357427772074833698e-11
2.925744902844701120e-11
2.549565863402562580e-11
2.221754222491314355e-11
1.936091118889681041e-11
1.687157284409363700e-11
1.470230235841380756e-11
1.281194685496629703e-11
1.116464470753753415e-11
9.729145215524184095e-12
8.478215751984679492e-12
7.388125137911038046e-12
6.438193441899076976e-12
5.610399664539525086e-12
4.889039864975004221e-12
4.260429243996953823e-12
3.712642531949816879e-12
3.235287756383779660e-12
2.819309097638778929e-12
2.456815092365446897e-12
2.140928925859822775e-12
1.865657973132272212e-12
1.625780113795298832e-12
1.416744664068631856e-12
1.234586046498820566e-12
1.075848559635549555e-12
9.375208204825569508e-13
8.169786360415187583e-13
7.119352201743221758e-13
6.203978113558680624e-13
5.406298683199137560e-13
4.711181264176806827e-13
4.105438897208082462e-13
3.577580142557774820e-13
3.117591077808445556e-13
2.716745325370125901e-13
2.367438505793006343e-13
2.063043976324079765e-13
1.797787117947293270e-13
1.566635786027238966e-13
1.365204846313255305e-13
1.189672985272149444e-13
1.036710216571841805e-13
9.034147084533245058e-14
7.872577335532124693e-14
6.860356968289936703e-14
5.978283315165820595e-14
5.209622700624398970e-14
4.539792989404076615e-14
3.956086951205151832e-14
3.447431193894609478e-14
3.004176091988353485e-14
2.617912725178627727e-14
2.281313354077093182e-14
1.987992406865040322e-14
1.732385339650940039e-14
1.509643072415030975e-14
1.315539997902485822e-14
1.146393818316733195e-14
9.989956890480195503e-15
8.705493442051971136e-15
7.586180491111909360e-15
6.610783734065050563e-15
5.760799077978886512e-15
5.020101602451820096e-15
4.374639656375756545e-15
3.812168286352752970e-15
3.322016939679423938e-15
2.894887035030504987e-15
2.522675560587724856e-15
2.198321353123043079e-15
1.915671141821670752e-15
1.669362815584196524e-15
1.454723699290671681e-15
1.267681909242332009e-15
1.104689106119513505e-15
9.626531800146152188e-16
8.388795905189246454e-16
7.310202490356000392e-16
6.370289735735500647e-16
5.551226709623039543e-16
4.837475100820397358e-16
4.215494443866183119e-16
3.673485245071921463e-16
3.201165136250262392e-16
2.789573809583528765e-16
2.430903033084262991e-16
2.118348521898583458e-16
1.845980855327011358e-16
1.608632990750606254e-16
1.401802240507447410e-16
1.221564852138691290e-16
1.064501571520134180e-16
9.276327767493597420e-17
8.083619522241841308e-17
7.044264305682804245e-17
6.138544679370956395e-17
5.349278383866834705e-17
4.661492376892995798e-17
4.062138782189139300e-17
3.539847360377619116e-17
3.084709806005086000e-17
2.688091778694339331e-17
2.342469102480035514e-17
2.041285025892563012e-17
1.778825834894309504e-17
1.550112458941819661e-17
1.350806013849816832e-17
1.177125489526380998e-17
1.025776021046628579e-17
8.938863823071359658e-18
7.789545164634121163e-18
6.788000698172270351e-18
5.915230286818827225e-18
5.154676745322095076e-18
4.491911736382107585e-18
3.914362053014930878e-18
3.411071094291837375e-18
2.972491009448515565e-18
2.590301567164102457e-18
2.257252313808544784e-18
1.967025026268392659e-18
1.714113849965621429e-18
1.493720848187653608e-18
1.301664981211833017e-18
1.134302788482165695e-18
9.884592691128392477e-19
8.613676494637686378e-19
7.506168951287751749e-19
6.541059715947247472e-19
5.700039858581606776e-19
4.967154528524878599e-19
4.328500277607659554e-19
3.771961300107531503e-19
3.286979585772921634e-19
2.864354625531264069e-19
2.496068870130533840e-19
2.175135630518916176e-19
1.895466534505316487e-19
1.651756025242651437e-19
1.439380710373470364e-19
1.254311652406953101e-19
1.093037936402269089e-19
9.525000649734118638e-20
8.300319170628106830e-20
7.233101693932128529e-20
6.303102210803875092e-20
5.492677852596704878e-20
4.786454190873551178e-20
4.171033571630253802e-20
3.634740950584861353e-20
3.167402407814923259e-20
2.760152139980558244e-20
2.405264268614022305e-20
2.096006273738264899e-20
1.826511272327552438e-20
1.591666718625569068e-20
1.387017414873071504e-20
1.208680992477135349e-20
1.053274260229244205e-20
9.178490223361792297e-21
7.998361486780492546e-21
6.969968362594422485e-21
6.073801372426026051e-21
5.292859478339492528e-21
4.612327558920250463e-21
4.019295354020868541e-21
3.502512546319579515e-21
3.052175333383666911e-21
2.659740441331083318e-21
2.317763051773824543e-21
2.019755567381383504e-21
1.760064536729088306e-21
1.533763403592306419e-21
1.336559046051130671e-21
1.164710332374023707e-21
1.014957148617370396e-21
8.844585515351141427e-22
7.707388735073526264e-22
6.716407570533831812e-22
5.852842279544608856e-22
5.100310305692515327e-22
4.444535487530218470e-22
3.873077227843947367e-22
3.375094485111020507e-22
2.941140109867624661e-22
2.562981624375947007e-22
2.233445045630424209e-22
1.946278788895206761e-22
1.696035069908859599e-22
1.477966555856881020e-22
1.287936304494478561e-22
1.122339282889384945e-22
9.780339769295243823e-23
8.522827941707682646e-23
7.427001294167457505e-23
6.472071077914174389e-23
5.639921467425651407e-23
4.914765888043995952e-23
4.282847531440292075e-23
3.732178377445405971e-23
3.252311771273058548e-23
2.834144241734069631e-23
2.469742800767915667e-23
2.152194448018952154e-23
1.875475025433173084e-23
1.634334933937443285e-23
1.424199544150881331e-23
1.241082411836407710e-23
1.081509651716680532e-23
9.424540349625984708e-24
8.212775601284846059e-24
7.156814080565365345e-24
6.236623313531898413e-24
5.434746511092364830e-24
4.735971399097319891e-24
4.127041628765789832e-24
3.596405292652777475e-24
3.133995775295565481e-24
2.731040781092168024e-24
2.379895916510961477e-24
2.073899669546692804e-24
1.807247035261695554e-24
1.574879389983264096e-24
1.372388524978219105e-24
1.195933019043386627e-24
1.042165363529929307e-24
9.081684573022625021e-25
7.914002668877712039e-25
6.896456019740147995e-25
6.009740913943207020e-25
5.237035623709202388e-25
4.563681282893058795e-25
3.976903796021401323e-25
3.465571503008932455e-25
3.019984002248931034e-25
2.631688125875005836e-25
2.293317576091127556e-25
1.998453180336415143e-25
1.741501114208542369e-25
1.517586781932541957e-25
1.322462341198697093e-25
1.152426118038297767e-25
1.004252382969950013e-25
8.751301562112877627e-26
7.626098810395446423e-26
6.645569536501445113e-26
5.791112279357674916e-26
5.046517269576682258e-26
4.397658916563160331e-26
3.832227834236632043e-26
3.339497321673868409e-26
2.910119868613822304e-26
2.535949825363562846e-26
2.209888873005352214e-26
1.925751362345165617e-26
1.678146966969809346e-26
1.462378424242925309e-26
1.274352424300916149e-26
1.110501956538612901e-26
9.677186404322994272e-27
8.432937569593340195e-27
7.348668619309698566e-27
6.403810063902947706e-27
5.580437145687644070e-27
4.862929791204718867e-27
4.237676285353511840e-27
3.692815045762512769e-27
3.218009598643134707e-27
2.804252487229853454e-27
2.443694392785709241e-27
2.129495226455635707e-27
1.855694367055426756e-27
1.617097583098506581e-27
1.409178493876909829e-27
1.227992700230404500e-27
1.070102955992797789e-27
9.325139605550330414e-28
8.126155355054324580e-28
7.081331073603962078e-28
6.170845570014758865e-28
5.377426172166065804e-28
4.686021049952709692e-28
4.083513669468889339e-28
3.558473961380851044e-28
3.100941482944140883e-28
2.702236460067418452e-28
2.354795124732503175e-28
2.052026223983973408e-28
1.788185978343342943e-28
1.558269117504568618e-28
1.357913926166709097e-28
1.183319498643712690e-28
1.031173632502029245e-28
8.985899933079515361e-29
7.830533584474634724e-29
6.823719012478632992e-29
5.946356101911333799e-29
5.181800543966766985e-29
4.515548079743081494e-29
3.934959342310456208e-29
3.429020077340739952e-29
2.988132193483315405e-29
2.603931678538301467e-29
2.269129927143953726e-29
1.977375469832085073e-29
1.723133480335790302e-29
1.501580775302260159e-29
1.308514314467365900e-29
1.140271465463674326e-29
9.936605206187085129e-30
8.659001475887498824e-30
7.545666251562235737e-30
6.575478632093516034e-30
5.730033346249147300e-30
4.993291589280651969e-30
4.351276753372107174e-30
3.791809279690821018e-30
3.304275601961436550e-30
2.879426798229648635e-30
2.509203131070968834e-30
2.186581147625412964e-30
1.905440438817801567e-30
1.660447530074542352e-30
1.446954700846611901e-30
1.260911813460384700e-30
1.098789478615834020e-30
9.575120999171853079e-31
8.343995272349760149e-31
7.271162120146235454e-31
6.336268999654022240e-31
5.521580205829481310e-31
4.811640410322330133e-31
4.192981460960022913e-31
3.653866879627585218e-31
3.184069211453809714e-31
2.774676001431507787e-31
2.417920717685889488e-31
2.107035413863964514e-31
1.836122335527146044e-31
1.600042034812863190e-31
1.394315870806678275e-31
1.215041045975230647e-31
1.058816566830339711e-31
9.226787242356593526e-32
8.040448693636266699e-32
7.006644186854072605e-32
6.105761585175141390e-32
5.320710391566069388e-32
4.636597527760673967e-32
4.040444800099104251e-32
3.520942692330776902e-32
3.068235814624524444e-32
2.673735938574091775e-32
2.329959071316531782e-32
2.030383477923183593e-32
1.769325958628969005e-32
1.541834033775937686e-32
1.343591991128579686e-32
1.170839013200302939e-32
1.020297831397738263e-32
8.891125534923013305e-33
7.747944849541045324e-33
6.751749163335752390e-33
5.883639810278898386e-33
5.127148029296131233e-33
4.467922538084313753e-33
3.893457277273552329e-33
3.392854160012816091e-33
2.956616326140178336e-33
2.576467978796279465e-33
2.245197385630537363e-33
1.956520066202143296e-33
1.704959570125545061e-33
1.485743584222637523e-33
1.294713397747129111e-33
1.128245008160658622e-33
9.831803707711861401e-34
8.567674879817593649e-34
7.466082015925524532e-34
6.506126977324482872e-34
5.669598613406345794e-34
4.940627280895445220e-34
4.305383783432015028e-34
3.751817020141638438e-34
3.269425366164120814e-34
2.849057448039899425e-34
2.482738534495164116e-34
2.163519249114442776e-34
1.885343734853059136e-34
1.642934769359965163e-34
1.431693651652469646e-34
1.247612960909275041e-34
1.087200532343104542e-34
9.474132079115872886e-35
8.255991050619331495e-35
7.194473082991610976e-35
6.269440291848179674e-35
5.463344030846688348e-35
4.760891979176912851e-35
4.148758033434338011e-35
3.615329500284459320e-35
3.150486793949572186e-35
2.745411459196096738e-35
2.392418877857351638e-35
2.084812485194557036e-35
1.816756730458412287e-35
1.583166371606760442e-35
1.379610004006471987e-35
1.202225992978267132e-35
1.047649215354486257e-35
9.129472202758403137e-36
7.955645981440143018e-36
6.932745023626040176e-36
6.041364041931705017e-36
5.264592793008239753e-36
4.587695276070835927e-36
3.997830178629301422e-36
3.483807266041358664e-36
3.035875093394746139e-36
2.645536012434834400e-36
2.305384964064317575e-36
2.008968998173768466e-36
1.750664855776649450e-36
1.525572291079416893e-36
1.329421109717089166e-36
1.158490159591796699e-36
1.009536737502713063e-36
8.797350723520580103e-37
7.666227179020216777e-37
6.680538381085355986e-37
5.821584988152991937e-37
5.073071935376289691e-37
4.420799303604735436e-37
3.852392935031878918e-37
3.357069685064007771e-37
2.925432857041228925e-37
2.549293939036369229e-37
2.221517260929559948e-37
1.935884624773183974e-37
1.686977340371897406e-37
1.470073428193933326e-37
1.281058039466873461e-37
1.116345394052137262e-37
9.728107551942264875e-38
8.477311506490280042e-38
7.387337156210237234e-38
6.437506775319408373e-38
5.609801286441230079e-38
4.888518423624687327e-38
4.259974847215715122e-38
3.712246559450382390e-38
3.234942696236388891e-38
2.819008403763604579e-38
2.456553060347973655e-38
2.140700584733356950e-38
1.865458991074511998e-38
1.625606715950069556e-38
1.416593560933647754e-38
1.234454371521130635e-38
1.075733814830608822e-38
9.374208290453661931e-39
8.168915010508206443e-39
7.118592886064072808e-39
6.203316427253350062e-39
5.405722073524532727e-39
4.710678792364773680e-39
4.105001030947754891e-39
3.577198575159667094e-39
3.117258570619640782e-39
2.716455570450930244e-39
2.367186006250063548e-39
2.062823942029729321e-39
1.797595374666767509e-39
1.566468696230008088e-39
1.365059240166004113e-39
1.189546100504381589e-39
1.036599646073309235e-39
9.033183546091174603e-40
7.871737684502510880e-40
6.859625275789954763e-40
5.977645700376285068e-40
5.209067067459040118e-40
4.539308797036641352e-40
3.955665014101156854e-40
3.447063507554012516e-40
3.003855681093544868e-40
2.617633511266676954e-40
2.281070040226386233e-40
1.987780377208165068e-40
1.732200571807820489e-40
1.509482061185031484e-40
1.315399688767799409e-40
1.146271549495629967e-40
9.988891409986150087e-41
8.704564956218122052e-41
7.585371385784808217e-41
6.610078659839360551e-41
5.760184659006392382e-41
5.019566182690317654e-41
4.374173078464199244e-41
3.811761698917653160e-41
3.321662629416757630e-41
2.894578280378017270e-41
2.522406504211215294e-41
2.198086890797829849e-41
1.915466825601197656e-41
1.669184769418739389e-41
1.454568545495433734e-41
1.267546704419952765e-41
1.104571285321339775e-41
9.625505080814844933e-42
8.387901196783213831e-42
7.309422819507901890e-42
6.369610311436729680e-42
5.550634642626015103e-42
4.836959159118510119e-42
4.215044839613452472e-42
3.673093448899368113e-42
3.200823715456541512e-42
2.789276287130399124e-42
2.430643764721748103e-42
2.118122589088828069e-42
1.845783971935498166e-42
1.608461421734597537e-42
1.401652731059088506e-42
1.221434565938612551e-42
1.064388036930064448e-42
9.275338399230917525e-43
8.082757362473089375e-43
7.043512998515601407e-43
6.137889971879347120e-43
5.348707855701645333e-43
4.660995204657418670e-43
4.061705534109709089e-43
3.539469817375621220e-43
3.084380805773752411e-43
2.687805079823893037e-43
2.342219266052923287e-43
2.041067312302624888e-43
1.778636113932524845e-43
1.549947131442738041e-43
1.350661943412394169e-43
1.176999943013825753e-43
1.025666616736523938e-43
8.937910447081263645e-44
7.788714369414423746e-44
6.787276722842193492e-44
5.914599396960414158e-44
5.154126972426648227e-44
4.491432650797614584e-44
3.913944566086837893e-44
3.410707285943663912e-44
2.972173977931371598e-44
2.590025298124719881e-44
2.257011566192017763e-44
1.966815232890920081e-44
1.713931030871225381e-44
1.493561535145085461e-44
1.301526151919341442e-44
1.134181809231844623e-44
9.883538448270380021e-45
8.612757801555487651e-45
7.505368379604608188e-45
6.540362078148215043e-45
5.699431919893683565e-45
4.966624755842282794e-45
4.328038620699158757e-45
3.771559000955117032e-45
3.286629012424960079e-45
2.864049127317898715e-45
2.495802651494941757e-45
2.174903641070742555e-45
1.895264373210570686e-45
1.651579856932323570e-45
1.439227192987252564e-45
1.254177873591518583e-45
1.092921358261520347e-45
9.523984759224379632e-46
8.299433898722801243e-46
7.232330246282195368e-46
6.302429952401662525e-46
5.492092030137610160e-46
4.785943690815132400e-46
4.170588709359128896e-46
3.634353286691378713e-46
3.167064587990530250e-46
2.759857755500415970e-46
2.405007734758162997e-46
2.095782723844674036e-46
1.826316465467613990e-46
1.591496959150102360e-46
1.386869482302730726e-46
1.208552080407235244e-46
1.053161923089912966e-46
9.177511289978528769e-47
7.997508420221583363e-47
6.969224979473140667e-47
6.073153570142373771e-47
5.292294967541907378e-47
4.611835630366381860e-47
4.018866675414282758e-47
3.502138985268286557e-47
3.051849803121878686e-47
2.659456766277201636e-47
2.317515850374611576e-47
2.019540150019395845e-47
1.759876816756655468e-47
1.533599819804420798e-47
1.336416495126409636e-47
1.164586110002103327e-47
1.014848898195875736e-47
8.843642194629324683e-48
7.706566702261216655e-48
6.715691230980503082e-48
5.852218043689323070e-48
5.099766331258585047e-48
4.444061454867365408e-48
3.872664144155695509e-48
3.374734513854011699e-48
2.940826422085828222e-48
2.562708269149571015e-48
2.233206837182014240e-48
1.946071208211104741e-48
1.695854179009733603e-48
1.477808923090961300e-48
1.287798939436249431e-48
1.122219579608702834e-48
9.779296645549671565e-49
8.521918938092766489e-49
7.426209166123741549e-49
6.471380798109623307e-49
5.639319940674658436e-49
4.914241702880495804e-49
4.282390743632936179e-49
3.731780321347172734e-49
3.251964895426572937e-49
2.833841965614173448e-49
2.469479389943595154e-49
2.151964905366383844e-49
1.875274996336099688e-49
1.634160623676448087e-49
1.424047645914421443e-49
1.240950043987791603e-49
1.081394303127022153e-49
9.423535173725995910e-50
8.211899666353373336e-50
7.156050769383424863e-50
6.235958145447400493e-50
5.434166867310018801e-50
4.735466283289389117e-50
4.126601458462591402e-50
3.596021717455217903e-50
3.133661518461076601e-50
2.730749501488811935e-50
2.379642088320847849e-50
2.073678477436575290e-50
1.807054283032114431e-50
1.574711420963081484e-50
1.372242152654524646e-50
1.195805466610679245e-50
1.042054211211808773e-50
9.080715964461970603e-51
7.913158599622390693e-51
6.895720477089923840e-51
6.009099944038323806e-51
5.236477066814045347e-51
4.563194542715787388e-51
3.976479638693429168e-51
3.465201881910709890e-51
3.019661905358812954e-51
2.631407442745401679e-51
2.293072981928125116e-51
1.998240034984004871e-51
1.741315374120976877e-51
1.517424923464909294e-51
1.322321293760358231e-51
1.152303205841276202e-51
1.004145274266994816e-51
8.750368190606487980e-52
7.625285447573468249e-52
6.644860752190324781e-52
5.790494627325746300e-52
5.045979032447895857e-52
4.397189883528656026e-52
3.831819107347114529e-52
3.339141147038152724e-52
2.909809489300934339e-52
2.535679353218135422e-52
2.209653176944389253e-52
1.925545971017129763e-52
1.677967983929254011e-52
1.462222454031744510e-52
1.274216508033661545e-52
1.110383515769926506e-52
9.676154282416586804e-53
8.432038153250896767e-53
7.347884845850345878e-53
6.403127064488111632e-53
5.579841963246681365e-53
4.862411134628577356e-53
4.237224315292801851e-53
3.692421187966863122e-53
3.217666381300486565e-53
2.803953399219967216e-53
2.443433760158641587e-53
2.129268104792289239e-53
1.855496447667723502e-53
1.616925111290009956e-53
1.409028197713045731e-53
1.227861728467139957e-53
1.069988823986154414e-53
9.324145031253107225e-54
8.125288658619391259e-54
7.080575813074434476e-54
6.170187417466261265e-54
5.376852641893851341e-54
4.685521261607441950e-54
4.083078141647314356e-54
3.558094431755687040e-54
3.100610751520657149e-54
2.701948252593655310e-54
2.354543973671462251e-54
2.051807364789802636e-54
1.787995259073933184e-54
1.558102920055738347e-54
1.357769097633739511e-54
1.183193291508105394e-54
1.031063652508773236e-54
8.984941540445249302e-55
7.829698417628171403e-55
6.822991227605824013e-55
5.945721892323953654e-55
5.181247878178080185e-55
4.515066473220535385e-55
3.934539658575116870e-55
3.428654354640829048e-55
2.987813493753117546e-55
2.603653955777168816e-55
2.268887912718640555e-55
1.977164572526366617e-55
1.722949699251246702e-55
1.501420623957884401e-55
1.308374754658091762e-55
1.140149849623112702e-55
9.935545415925659054e-56
8.658077948661975081e-56
7.544861467287932548e-56
6.574777323339324609e-56
5.729422208600867752e-56
4.992759028945546025e-56
4.350812667234840422e-56
3.791404863648908702e-56
3.303923183904048623e-56
2.879119692491247759e-56
2.508935511598635067e-56
2.186347937453746832e-56
1.905237213754638816e-56
1.660270434770326624e-56
1.446800375655185094e-56
1.260777330703688275e-56
1.098672287043389687e-56
9.574099763067870584e-57
8.343105342162645460e-57
7.270386613155290610e-57
6.335593203842492579e-57
5.520991300785152103e-57
4.811127224023570023e-57
4.192534257833183366e-57
3.653477175855022174e-57
3.183729614028758269e-57
2.774380067906554832e-57
2.417662833954357827e-57
2.106810687655606323e-57
1.835926503597682396e-57
1.599871382066672289e-57
1.394167159818300567e-57
1.214911455572779253e-57
1.058703638575371868e-57
9.225803157846830989e-58
8.039591138259279323e-58
7.005896892066776893e-58
6.105110374169701059e-58
5.320142910324794177e-58
4.636103010689387583e-58
4.040013865794899250e-58
3.520567165609306204e-58
3.067908571429448247e-58
2.673450770828170383e-58
2.329710569148849759e-58
2.030166927039650814e-58
1.769137250878036047e-58
1.541669589213663784e-58
1.343448690103926331e-58
1.170714137172921768e-58
1.020189011364829238e-58
8.890177250467823154e-59
7.747118491209626169e-59
6.751029054419082223e-59
5.883012289708036481e-59
5.126601192480416647e-59
4.467446011071771501e-59
3.893042019947751830e-59
3.392492294594809900e-59
2.956300987739991414e-59
2.576193185180556501e-59
2.244957923734340838e-59
1.956311393232926736e-59
1.704777727382357823e-59
1.485585121996479152e-59
1.294575309876886881e-59
1.128124675003885132e-59
9.830755095071410575e-60
8.566761093045182960e-60
7.465285719721164675e-60
6.505433065282429367e-60
5.668993921434509837e-60
4.940100337480805471e-60
4.304924592017061012e-60
3.751416869480687693e-60
3.269076665064359857e-60
2.848753581349493387e-60
2.482473737608727254e-60
2.163288498613321847e-60
1.885142653207160618e-60
1.642759541882098107e-60
1.431540954130752500e-60
1.247479896543865489e-60
1.087084576791645309e-60
9.473121614002028237e-61
8.255110506536949530e-61
7.193705755282630398e-61
6.268771623663465371e-61
5.462761336991250439e-61
4.760384205460348950e-61
4.148315546964430851e-61
3.614943906722372937e-61
3.150150778262778576e-61
2.745118646885666660e-61
2.392163714028737909e-61
2.084590129176278714e-61
1.816562963970739906e-61
1.582997518737179804e-61
1.379462861474754825e-61
1.202097769367416204e-61
1.047537478155240736e-61
