5.179603189017411430e-02
4.529754408811165894e-02
3.961437634383081080e-02
3.464423612145728359e-02
3.029766481799474678e-02
2.649642757904582466e-02
2.317210513315350051e-02
2.026486229889165602e-02
1.772237099880414821e-02
1.549886839529289288e-02
1.355433319564396284e-02
1.185376530033204270e-02
1.036655582884100230e-02
9.065936183962329878e-03
7.928496238163466533e-03
6.933762969760766046e-03
6.063831964680617068e-03
5.303045151131125130e-03
4.637708966662724627e-03
4.055847884847097948e-03
3.546988865249119799e-03
3.101972846961327610e-03
2.712789892733298916e-03
2.372435016420275725e-03
2.074782098758879822e-03
1.814473622053353313e-03
1.586824239083638654e-03
1.387736440551754239e-03
1.213626803147002881e-03
1.061361490753391082e-03
9.281998478718608229e-04
8.117450699834451470e-04
7.099010629587976587e-04
6.208347150174975881e-04
5.429429021621682465e-04
4.748236332112474646e-04
4.152508150637702574e-04
3.631521839908304333e-04
3.175900057343828851e-04
2.777441970303894158e-04
2.428975647570392321e-04
2.124228970243603157e-04
1.857716738550146149e-04
1.624641942574405319e-04
1.420809419864462516e-04
1.242550345817591232e-04
1.086656197731781631e-04
9.503210039283519308e-05
8.310908384753939201e-05
7.268196524569381627e-05
6.356306467855075146e-05
5.558824912991744405e-05
4.861397821135107712e-05
4.251472054840786598e-05
3.718069431493621955e-05
3.251589124681427442e-05
2.843634856893790768e-05
2.486863773150799613e-05
2.174854275406296175e-05
1.901990438849111059e-05
1.663360929686942270e-05
1.454670605012698011e-05
1.272163203620679891e-05
1.112553736268221499e-05
9.729693584609006325e-06
8.508976615180673564e-06
7.441414511986514114e-06
6.507791999382244861e-06
5.691304608687599140e-06
4.977256211007261033e-06
4.352794498504802215e-06
3.806679653000895423e-06
3.329082038113360838e-06
2.911405273557023425e-06
2.546131507080331450e-06
2.226686099055799433e-06
1.947319284153495969e-06
1.703002680101184250e-06
1.489338780770382543e-06
1.302481804535280651e-06
1.139068473237471948e-06
9.961574758324407866e-07
8.711765271111831305e-07
7.618760685957673675e-07
6.662887782614261646e-07
5.826941602921605508e-07
5.095875775133753379e-07
4.456531691097566016e-07
3.897401661687029842e-07
3.408421787477483372e-07
2.980790816495547144e-07
2.606811728627028900e-07
2.279753195327113230e-07
1.993728421017004176e-07
1.743589185407683065e-07
1.524833179596176166e-07
1.333522968057256951e-07
1.166215117910263313e-07
1.019898219843822393e-07
8.919386851239902438e-08
7.800333430746993667e-08
6.821679858226023162e-08
5.965811141443754724e-08
5.217322318703737015e-08
4.562741181688951713e-08
3.990285786340444054e-08
3.489652387159223235e-08
3.051829977916050992e-08
2.668938100648163573e-08
2.334085003632985409e-08
2.041243595294073320e-08
1.785142961307608449e-08
1.561173492302864304e-08
1.365303914530091595e-08
1.194008730113367857e-08
1.044204760870123239e-08
9.131956535362200823e-09
7.986233475343906035e-09
6.984256317441385792e-09
6.107990263284825242e-09
5.341663215196739831e-09
4.671481890876668373e-09
4.085383555201335374e-09
3.572818900508960648e-09
3.124562167383810283e-09
2.732545088265017498e-09
2.389711664995686962e-09
2.089891166422575939e-09
1.827687060103545287e-09
1.598379878980982037e-09
1.397842274698005359e-09
1.222464728584179997e-09
1.069090583167011910e-09
9.349592248277915498e-10
8.176563949343351106e-10
7.150707350902436051e-10
6.253557843494436861e-10
5.468967443758628836e-10
4.782814143473012706e-10
4.182747724547450577e-10
3.657967464841255368e-10
3.199027733685476010e-10
2.797667977982681036e-10
2.446664038767985938e-10
2.139698122046964733e-10
1.871245083487926869e-10
1.636472980182794791e-10
1.431156099486764980e-10
1.251598899524381602e-10
1.094569492351263660e-10
9.572414725207772405e-11
8.371430440157787707e-11
7.321125298703512448e-11
6.402594636897723430e-11
5.599305627468351253e-11
4.896799701970508408e-11
4.282432307961011907e-11
3.745145317029917149e-11
3.275267987212937962e-11
2.864342897265526312e-11
2.504973719752619385e-11
2.190692092989866764e-11
1.915841195636275169e-11
1.675473928372837442e-11
1.465263870017576024e-11
1.281427405357464567e-11
1.120655623059529453e-11
9.800547578772927174e-12
8.570941051592797288e-12
7.495604701617733417e-12
6.555183322894606676e-12
5.732750072516699824e-12
5.013501800805166847e-12
4.384492606293281297e-12
3.834400819713102954e-12
3.353325222880544238e-12
2.932606834579231067e-12
2.564673055729779089e-12
2.242901368580520313e-12
1.961500136612504826e-12
1.715404359651291990e-12
1.500184507859646571e-12
1.311966793694976414e-12
1.147363446789644433e-12
1.003411736757022230e-12
8.775206463818391504e-13
7.674242353544123358e-13
6.711408551326968901e-13
5.869374808318741158e-13
5.132985181436387427e-13
4.488985238343075281e-13
3.925783488122810106e-13
3.433242743588597886e-13
3.002497659910424399e-13
2.625795165402340504e-13
2.296354912348541951e-13
2.008247236093634804e-13
1.756286425756814409e-13
1.535937385527076822e-13
1.343234006516437847e-13
1.174707779928828864e-13
1.027325366638140373e-13
8.984339994769865340e-14
7.857137355204907601e-14
6.871356989438814060e-14
6.009255628582338370e-14
5.255316128262713358e-14
4.595968172266573877e-14
4.019344017553916766e-14
3.515064884245978541e-14
3.074054145775416714e-14
2.688373956768686909e-14
2.351082378091637771e-14
2.056108427421667456e-14
1.798142806355384160e-14
1.572542337225943492e-14
1.375246389568066263e-14
1.202703791973175127e-14
1.051808913805595391e-14
9.198457663011818488e-15
8.044391169122551134e-15
7.035117369955735731e-15
6.152470133355210358e-15
5.380562505393716880e-15
4.705500757735601891e-15
4.115134311487792740e-15
3.598837036365351444e-15
3.147315988729513050e-15
2.752444145933486972e-15
2.407114126326327841e-15
2.105110261990310220e-15
1.840996721622064408e-15
1.610019669857459086e-15
1.408021701985443820e-15
1.231367013943069442e-15
1.076875960710683207e-15
9.417678252100526698e-16
8.236107675906758593e-16
7.202780540309984635e-16
6.299097772074287020e-16
5.508793794298147920e-16
4.817643758862441708e-16
4.213207510386241522e-16
3.684605673244399642e-16
3.222323831389049325e-16
2.818041276366726763e-16
2.464481241130684332e-16
2.155279923974610889e-16
1.884871945122540266e-16
1.648390174283414647e-16
1.441578126145559243e-16
1.260713346999150454e-16
1.102540413506041130e-16
9.642123376479900260e-17
8.432393231883231420e-17
7.374439513038919317e-17
6.449219887640926524e-17
5.640081132349434090e-17
4.932459387909022601e-17
4.313618021171526688e-17
3.772418375747370958e-17
3.299119284978211671e-17
2.885201738621780010e-17
2.523215547388465787e-17
2.206645245411561397e-17
1.929792817001755928e-17
1.687675136860078948e-17
1.475934277753648879e-17
1.290759071263609325e-17
1.128816509760178304e-17
9.871917548948357480e-18
8.633356728095683603e-18
7.550189517384552832e-18
6.602919761546564502e-18
5.774497352289605025e-18
5.050011339800000012e-18
4.416421547409127688e-18
3.862323858700872162e-18
3.377744952413205547e-18
2.953962790523315469e-18
2.583349628444308653e-18
2.259234721640180699e-18
1.975784257486765213e-18
1.727896351246980512e-18
1.511109216170382537e-18
1.321520854851714477e-18
1.155718826355900093e-18
1.010718824973310616e-18
8.839109650714063612e-19
7.730128052122613045e-19
6.760282660073764422e-19
5.912117022633952504e-19
5.170364827457748765e-19
4.521675120209732858e-19
3.954371997918870744e-19
3.458244451936559580e-19
3.024362577836422567e-19
2.644916844179498451e-19
2.313077527109533812e-19
2.022871780711460919e-19
1.769076130497108696e-19
1.547122454985223500e-19
1.353015763118623973e-19
1.183262287576951920e-19
1.034806599721098918e-19
9.049766142882358198e-20
7.914354939650910666e-20
6.921395881598590699e-20
6.053016489038501840e-20
5.293586617979934314e-20
4.629437129867695056e-20
4.048613857871709601e-20
3.540662441314799610e-20
3.096440155428279685e-20
2.707951349518715488e-20
2.368203531563500254e-20
2.071081508870745722e-20
1.811237319435317098e-20
1.583993972841748633e-20
1.385261268126477311e-20
1.211462173387389054e-20
1.059468442031461580e-20
9.265443068040716872e-21
8.102972381366603974e-21
7.086348805019819299e-21
6.197273916653406276e-21
5.419745069679074181e-21
4.739767358253661643e-21
4.145101720014540369e-21
3.625044642612571457e-21
3.170235508934169964e-21
2.772488113377743426e-21
2.424643316611243562e-21
2.120440186712039450e-21
1.854403307331602589e-21
1.621744224520967313e-21
1.418275258337204211e-21
1.240334127908255164e-21
1.084718033266410664e-21
9.486260074756027007e-22
8.296085014363287383e-22
7.255232939342819442e-22
6.344969333485666699e-22
5.548910170004888687e-22
4.852727011978870518e-22
4.243889111790900156e-22
3.711437867557436323e-22
3.245789576939819486e-22
2.838562938062766289e-22
2.482428192692684153e-22
2.170975196372146062e-22
1.898598040876549793e-22
1.660394152288768912e-22
1.452076048536288698e-22
1.269894168096323910e-22
1.110569380846560179e-22
9.712339663098210720e-23
8.493799969479218054e-23
7.428141974444881883e-23
6.496184674795515167e-23
5.681153574370410827e-23
4.968378756350150987e-23
4.345030836327504488e-23
3.799890043509038908e-23
3.323144273692509293e-23
2.906212479131996940e-23
2.541590216448123883e-23
2.222714572567725290e-23
1.943846037465942085e-23
1.699965197513867536e-23
1.486682389993047727e-23
1.300158692629585752e-23
1.137036826021858278e-23
9.943807252598090633e-24
8.696226930729287725e-24
7.605171833050459152e-24
6.651003828550409673e-24
5.816548645903426354e-24
5.086786750134001732e-24
4.448583002836705340e-24
3.890450240047207541e-24
3.402342512353219222e-24
2.975474265730650370e-24
2.602162208501998849e-24
2.275687018147766858e-24
1.990172398801991370e-24
1.740479312562505902e-24
1.522113480863055029e-24
1.331144491004586468e-24
1.164135051827506774e-24
1.018079125182490979e-24
8.903478196152774548e-25
7.786420723945097592e-25
6.809512681962764539e-25
5.955170496145240475e-25
5.208016681149185475e-25
4.554603057743667860e-25
3.983168696193713587e-25
3.483428228803145898e-25
3.046386721410529836e-25
2.664177771670379469e-25
2.329921920016797828e-25
2.037602824818716549e-25
1.781958972976764504e-25
1.558388976838465006e-25
1.362868752850530263e-25
1.191879091229529842e-25
1.042342312962206988e-25
9.115668740111859612e-26
7.971989196457517789e-26
6.971799169136542413e-26
6.097096026719591873e-26
5.332135802707606962e-26
4.663149816555065991e-26
4.078096848282787839e-26
3.566446406017479820e-26
3.118989185445893966e-26
2.727671309602410932e-26
2.385449365437418338e-26
2.086163627939195528e-26
1.824427189943039280e-26
1.595529002052216040e-26
1.395349077465370406e-26
1.220284335464387906e-26
1.067183748804054956e-26
9.332916277074545258e-27
8.161980196240411949e-27
7.137953319849441777e-27
6.242403971994219276e-27
5.459212970923633942e-27
4.774283496487598526e-27
4.175287358495819172e-27
3.651443099020083418e-27
3.193321934657122819e-27
2.792678045866022831e-27
2.442300158721523769e-27
2.135881747672584466e-27
1.867907523057691009e-27
1.633554160241994903e-27
1.428603483579165637e-27
1.249366542577426618e-27
1.092617213701043966e-27
9.555341326917735351e-28
8.356499122380073937e-28
7.308067309497653244e-28
6.391174942759573100e-28
5.589318682912569914e-28
4.888065749873958952e-28
4.274794144076260895e-28
3.738465460432897760e-28
3.269426205754699588e-28
2.859234043488477790e-28
2.500505838319234974e-28
2.186784765559095349e-28
1.912424093396925440e-28
1.672485546180374571e-28
1.462650419350109416e-28
1.279141846164775087e-28
1.118656817079245560e-28
9.783067281786643510e-29
8.555653885867631447e-29
7.482235510230932718e-29
6.543491470948278219e-29
5.722525115899666033e-29
5.004559698364977584e-29
4.376672407240492961e-29
3.827561766634252123e-29
3.347344218215598469e-29
2.927376224962714761e-29
2.560098694315119222e-29
2.238900920470995705e-29
1.958001596898164068e-29
1.712344757377305536e-29
1.497508772598842279e-29
1.309626764323592436e-29
1.145317004625069062e-29
1.001622047454760795e-29
8.759554969463520152e-30
7.660554543306279752e-30
6.699438055420364629e-30
5.858906167260844517e-30
5.123829967946885007e-30
4.480978665801823440e-30
3.918781444540557378e-30
3.427119197704868553e-30
2.997142392730310481e-30
2.621111786341378953e-30
2.292259124278415383e-30
2.004665318060302535e-30
1.753153906061497892e-30
1.533197881286574052e-30
1.340838208815619698e-30
1.172612566299156834e-30
1.025493024887221934e-30
8.968315488988637344e-31
7.843123332689655935e-31
6.859101208839950765e-31
5.998537495517831731e-31
5.245942724793076700e-31
4.587770784524156465e-31
4.012175099026439935e-31
3.508795400055548814e-31
3.068571250152669667e-31
2.683578961917942299e-31
2.346888977888416712e-31
2.052441143970569577e-31
1.794935631447431134e-31
1.569737544242967075e-31
1.372793494449111224e-31
1.200558644541221353e-31
1.049932903099217574e-31
9.182051256076611596e-32
8.030043159934273604e-32
7.022569505668331494e-32
6.141496562310683793e-32
5.370965711970535803e-32
4.697108007223115312e-32
4.107794540997907345e-32
3.592418135819691289e-32
3.141702422982211617e-32
2.747534875229747753e-32
2.402820787666426397e-32
2.101355578665448260e-32
1.837713112294504100e-32
1.607148032149787340e-32
1.405510348684415277e-32
1.229170742670482561e-32
1.074955240316302413e-32
9.400880842420562472e-33
8.221417720368096231e-33
7.189933631302130372e-33
6.287862675370078899e-33
5.498968287020443718e-33
4.809050989631677021e-33
4.205692816135303428e-33
3.678033795405141844e-33
3.216576481344979469e-33
2.813015006351234162e-33
2.460085582248760767e-33
2.151435757834223438e-33
1.881510079765837665e-33
1.645450098786183064e-33
1.439006921468324130e-33
1.258464733486168752e-33
1.100573917888064691e-33
9.624925645552704240e-34
8.417353180619361338e-34
7.361286432380981204e-34
6.437717032513662964e-34
5.630021460435432765e-34
4.923661833049944563e-34
4.305924234320379249e-34
3.765689874810593340e-34
3.293234962247117340e-34
2.880055680929495117e-34
2.518715129756271315e-34
2.202709463872498478e-34
1.926350830593127494e-34
1.684664992541943694e-34
1.473301795303055919e-34
1.288456868073213959e-34
1.126803147988800833e-34
9.854309956189578718e-35
8.617958237513035519e-35
7.536722968295784999e-35
6.591142766691842747e-35
5.764197935052618090e-35
5.041004118795820558e-35
4.408544399765561518e-35
3.855435001974805773e-35
3.371720392618189581e-35
2.948694090335918032e-35
2.578741955417700324e-35
2.255205141294918836e-35
1.972260240555667718e-35
1.724814468205384473e-35
1.508413995554890296e-35
1.319163784817540550e-35
1.153657481501943405e-35
1.008916102718444666e-35
8.823344178372113077e-36
7.716340563922868295e-36
6.748224992105752674e-36
5.901572146386653998e-36
5.161142943477819508e-36
4.513610241860679637e-36
3.947318963752931505e-36
3.452076312902974670e-36
3.018968312298688232e-36
2.640199359613602722e-36
2.308951912514914120e-36
2.019263778280181582e-36
1.765920799031806555e-36
1.544363001008792216e-36
1.350602518636487646e-36
1.181151816092240625e-36
1.032960914412075455e-36
9.033624942754221661e-37
7.900238863616503673e-37
6.909050851425807560e-37
6.042220303923227939e-37
5.284144955107390184e-37
4.621180046754823968e-37
4.041392733536566756e-37
3.534347301216271631e-37
3.090917332026607634e-37
2.703121436349719299e-37
2.363979594000500653e-37
2.067387519369945952e-37
1.808006789099963022e-37
1.581168754674369670e-37
1.382790510428923521e-37
1.209301404470307892e-37
1.057578769759013437e-37
9.248917185661519418e-38
8.088519886487134018e-38
7.073709564134067040e-38
6.186220433396640783e-38
5.410078390072957080e-38
4.731313489691516599e-38
4.137708499531504484e-38
3.618578998072589472e-38
3.164581063836327325e-38
2.767543092171168649e-38
2.420318712815442577e-38
2.116658160870367611e-38
1.851095785962615450e-38
1.618851674849356346e-38
1.415745616750883102e-38
1.238121862854313086e-38
1.082783325719152815e-38
9.469340342255025226e-39
8.281288082996974279e-39
7.242292476020258849e-39
6.333652420075828042e-39
5.539013110994413896e-39
4.844071668113528940e-39
4.236319693709396359e-39
3.704818131705999782e-39
3.240000373295456883e-39
2.833500065527035311e-39
2.478000523554128879e-39
2.167103036079300515e-39
1.895211693598984184e-39
1.657432666446987846e-39
1.449486119721483574e-39
1.267629179633067328e-39
1.108588564729383985e-39
9.695016694113294492e-40
8.478650392905573214e-40
7.414893109855818354e-40
6.484598053080689582e-40
5.671020645479746491e-40
4.959517135557730151e-40
4.337281021449995011e-40
3.793112543992607548e-40
3.317217099892716032e-40
2.901028946596447016e-40
2.537057025680591435e-40
2.218750129710628870e-40
1.940378985675470925e-40
1.696933132592993840e-40
1.484030737165220564e-40
1.297839724235856124e-40
1.135008802460573816e-40
9.926071437068087461e-41
8.680716304594599404e-41
7.591607217277135611e-41
6.639141070755983957e-41
5.806174225806127789e-41
5.077713936356636364e-41
4.440648491888939737e-41
3.883511216991588765e-41
3.396274080249109702e-41
2.970167197587563312e-41
2.597520981280194434e-41
2.271628093418775777e-41
1.986622719122815047e-41
1.737374986499347045e-41
1.519398632995779568e-41
1.328770256213373496e-41
1.162058695759178397e-41
1.016263275065873397e-41
8.887597915808395744e-42
7.772532831904271672e-42
6.797367207125152139e-42
5.944548829545483433e-42
5.198727641168018766e-42
4.546479448989778059e-42
3.976064300118245641e-42
3.477215171881521175e-42
3.040953173519718636e-42
2.659425933234922972e-42
2.325766261693697549e-42
2.033968548036556474e-42
1.778780663620608299e-42
1.555609427847310453e-42
1.360437934535348234e-42
1.189753250778378264e-42
1.040483186924040537e-42
9.099409995840144399e-43
7.957770323725586916e-43
6.959364239452622592e-43
6.086221221159586691e-43
5.322625383350571608e-43
4.654832603355507153e-43
4.070823137964638389e-43
3.560085277533368432e-43
3.113426143501525629e-43
2.722806223831470721e-43
2.381194668134179177e-43
2.082442737908769046e-43
1.821173134100351630e-43
1.592683209959287053e-43
1.392860327109573118e-43
1.218107831302735949e-43
1.065280315478702225e-43
9.316270049201961051e-44
8.147422454779599962e-44
7.125222036938710489e-44
6.231269994585102540e-44
5.449475896206464781e-44
4.765768064799281593e-44
4.167840298783817637e-44
3.644930370084635372e-44
3.187626312515393396e-44
2.787697013812789899e-44
2.437944062109485159e-44
2.132072180199263761e-44
1.864575915513970724e-44
1.630640546320450893e-44
1.426055420527786517e-44
1.247138167271516376e-44
1.090668417143069074e-44
9.538298380811139396e-45
8.341594436162183586e-45
7.295032610574990839e-45
6.379775616834918967e-45
5.579349551112248558e-45
4.879347375690304136e-45
4.267169603652043830e-45
3.731797518055549709e-45
3.263594843721928630e-45
2.854134301884078096e-45
2.496045925817558700e-45
2.182884407253614481e-45
1.909013085915169344e-45
1.669502494078698027e-45
1.460041630044022354e-45
1.276860363504865520e-45
1.116661576177536351e-45
9.765618162729884850e-46
8.540393986394214093e-46
7.468890164188870606e-46
6.531820472637188691e-46
5.712318396557345794e-46
4.995633545095439125e-46
4.368866156326943866e-46
3.820734911718598164e-46
3.341373881295181974e-46
2.922154944683042902e-46
2.555532491750272754e-46
2.234907607577195140e-46
1.954509297193645708e-46
1.709290612222523312e-46
1.494837809790463937e-46
1.307290908638214036e-46
1.143274212503166696e-46
9.998355502496986765e-47
8.743931391178380070e-47
7.646891146703122476e-47
6.687488910139561379e-47
5.848456198114169387e-47
5.114691083733812303e-47
4.472986373816300133e-47
3.911791889832062014e-47
3.421006573802796961e-47
2.991796677226751448e-47
2.616436760574571842e-47
2.288170641472743223e-47
2.001089788750719254e-47
1.750026973541211750e-47
1.530463263237095947e-47
1.338446684269433620e-47
1.170521089701135573e-47
1.023663951308593279e-47
8.952319564581916174e-48
7.829134305642565751e-48
6.846867287701766515e-48
5.987838479359557374e-48
5.236586039764455009e-48
4.579588017676278400e-48
4.005018967011531472e-48
3.502537098142903485e-48
3.063098133845115430e-48
2.678792519439751790e-48
2.342703057051068758e-48
2.048780401501317359e-48
1.791734176869833583e-48
1.566937753900295413e-48
1.370344974323987493e-48
1.198417323203062005e-48
1.048060238453251041e-48
9.165674111676285741e-49
8.015720741914219789e-49
7.010044021803326738e-49
6.130542563772666864e-49
5.361386035427570324e-49
4.688730226054958304e-49
4.100467861752867784e-49
3.586010684051468082e-49
3.136098869613896468e-49
2.742634360721425077e-49
2.398535106623024248e-49
2.097607592209213352e-49
1.834435359626057862e-49
1.604281516306957967e-49
1.403003474643462500e-49
1.226978388676373970e-49
1.073037945726719684e-49
9.384113392669650977e-50
8.206753965894750658e-50
7.177109636094016539e-50
6.276647617630577677e-50
5.489160304557947842e-50
4.800473546499501287e-50
4.198191525123921051e-50
3.671473639194212504e-50
3.210839382298095724e-50
2.807997701211622171e-50
2.455697763482123011e-50
2.147598448164365956e-50
1.878154210646004793e-50
1.642515267219705284e-50
1.436440302802331138e-50
1.256220130609509802e-50
1.098610929719755765e-50
9.607758588569083285e-51
8.402339954852808806e-51
7.348156811611823919e-51
6.426234693926179395e-51
5.619979730993608920e-51
4.914879969545876531e-51
4.298244170139115408e-51
3.758973374855771447e-51
3.287361134818282042e-51
2.874918801766862962e-51
2.514222739087465050e-51
2.198780702209583052e-51
1.922914983325619666e-51
1.681660217129611692e-51
1.470674008158983053e-51
1.286158771101901502e-51
1.124793377257763006e-51
9.836733768405692390e-52
8.602587211741608006e-52
7.523280438199328823e-52
6.579386777333600818e-52
5.753916887898591003e-52
5.032012963108086055e-52
4.400681301834973777e-52
3.848558432241912489e-52
3.365706578252811892e-52
2.943434787423853088e-52
2.574142500655661319e-52
2.251182748125756235e-52
1.968742509075654138e-52
1.721738082023062176e-52
1.505723582145977363e-52
1.316810918863177916e-52
1.151599813271157991e-52
1.007116595806402719e-52
8.807606825391500094e-53
7.702577667143805900e-53
6.736188830243940849e-53
5.891046078024059840e-53
5.151937507688065123e-53
4.505559748061832410e-53
3.940278509407750538e-53
3.445919175387548716e-53
3.013583667995184053e-53
2.635490289172570298e-53
2.304833656383460079e-53
2.015662211096884384e-53
1.762771095428688159e-53
1.541608468805837880e-53
1.348193578427129373e-53
1.179045108853153444e-53
1.031118521074963284e-53
9.017512532137044890e-54
7.886147965073448528e-54
6.896727839899587164e-54
6.031443374928148262e-54
5.274720132423595921e-54
4.612937691009366821e-54
4.034184488828528128e-54
3.528043424827581838e-54
3.085404359155479030e-54
2.698300137833724674e-54
2.359763190269934715e-54
2.063700118484033522e-54
1.804782020751794330e-54
1.578348575577738680e-54
1.380324159584965382e-54
1.207144489509566552e-54
1.055692467913813094e-54
9.232420778914063624e-55
8.074093169136996320e-55
7.061092866650364099e-55
6.175186665178136067e-55
5.400428951996399033e-55
4.722874699484087833e-55
4.130328465626941035e-55
3.612124885682811193e-55
3.158936704030050069e-55
2.762606890924824135e-55
2.416001822400748434e-55
2.112882880665548558e-55
1.847794163902350961e-55
1.615964284341252891e-55
1.413220487043693624e-55
1.235913543605414727e-55
1.080852068924236584e-55
9.452450787858528785e-56
8.266517543498385486e-56
7.229375093361272900e-56
6.322355691559267975e-56
5.529133704419110815e-56
4.835431761955117859e-56
4.228763776473157239e-56
3.698210202842638298e-56
3.234221495298511399e-56
2.828446223151590772e-56
2.473580751624466522e-56
2.163237782187500983e-56
1.891831386224342332e-56
1.654476462723527636e-56
1.446900810314368603e-56
1.265368231012553330e-56
1.106611281603992364e-56
9.677724622447068123e-57
8.463527837178975304e-57
7.401667875996150006e-57
6.473032097312028162e-57
5.660905789722784768e-57
4.950671320388580629e-57
4.329545029174187764e-57
3.786347132852200685e-57
3.311300497824500209e-57
2.895854659430875966e-57
2.532531920330745638e-57
2.214792757850124273e-57
1.936918117732838641e-57
1.693906475675589228e-57
1.481383813836297635e-57
1.295524891963685673e-57
1.132984396090441108e-57
9.908367255211639923e-58
8.665233343276627339e-58
7.578066795408371043e-58
6.627299471425122137e-58
5.795818309567117463e-58
5.068657304887255557e-58
4.432728132967610310e-58
3.876584570406070708e-58
3.390216471825446362e-58
2.964869595153009713e-58
2.592888032170359844e-58
2.267576408204664613e-58
1.983079370666934090e-58
1.734276197324915135e-58
1.516688627342308928e-58
1.326400256117102809e-58
1.159986043088092890e-58
1.014450663707002338e-58
8.871745959597314767e-59
7.758669710364721586e-59
6.785243395006433226e-59
5.933946107794062673e-59
5.189455169156819587e-59
4.538370329537853695e-59
3.968972575472792894e-59
3.471013196593786495e-59
3.035529316927325882e-59
2.654682570198070706e-59
2.321618015419864980e-59
2.030340753365389439e-59
1.775608023110097065e-59
1.552834836471195117e-59
1.358011451837724417e-59
1.187631201984993665e-59
1.038627376830710679e-59
9.083180250731608137e-60
7.943576811833678318e-60
6.946951488760499890e-60
6.075365811947480485e-60
5.313131926816556469e-60
4.646530224771632172e-60
4.063562401066226477e-60
3.553735494784219644e-60
