2.593884950304213843e-01
1.681260271827277886e-01
1.089730715039316095e-01
7.063231381833880163e-02
4.578125298737037441e-02
2.967371464687072052e-02
1.923340414441737645e-02
1.246638108456375738e-02
8.080247062799748511e-03
5.237317241707653039e-03
3.394635297300446861e-03
2.200277025403330963e-03
1.426138175246001059e-03
9.243700095087656159e-04
5.991424458796532852e-04
3.883419699492635948e-04
2.517088993797761756e-04
1.631483973654866563e-04
1.057467559888163072e-04
6.854113544926468534e-05
4.442582852538081242e-05
2.879517865045396252e-05
1.866396961033271203e-05
1.209729468408531144e-05
7.841018911249165400e-06
5.082258403397380861e-06
3.294131894242354138e-06
2.135134437361713122e-06
1.383915159431233403e-06
8.970026125709098389e-07
5.814039115589442876e-07
3.768445081862213309e-07
2.442566699789351199e-07
1.583181379406392160e-07
1.026159605105269382e-07
6.651186963458490290e-08
4.311053349088123031e-08
2.794265306446898063e-08
1.811139406211315338e-08
1.173913565459719968e-08
7.608873477349347912e-09
4.931790320664531018e-09
3.196604049128377819e-09
2.071920495907670507e-09
1.342942220990061245e-09
8.704454695437726808e-10
5.641905538502586365e-10
3.656874464757661045e-10
2.370250753001064915e-10
1.536308857808834209e-10
9.957785705134700775e-11
6.454268335782996617e-11
4.183417979040300697e-11
2.711536781067920922e-11
1.757517836353247055e-11
1.139158047446167272e-11
7.383601066342438495e-12
4.785777077124087286e-12
3.101963665985544762e-12
2.010578100490366052e-12
1.303182349457694908e-12
8.446745916131675081e-13
5.474868240916371513e-13
3.548607067503930446e-13
2.300075831127413334e-13
1.490824069360167253e-13
9.662970132137744983e-14
6.263179787180390421e-14
4.059561450581311222e-14
2.631257561019968800e-14
1.705483815606082977e-14
1.105431520039705756e-14
7.164998191806566219e-15
4.644086780404757315e-15
3.010125257057785414e-15
1.951051841108669144e-15
1.264599630121132695e-15
8.196667001906802707e-16
5.312776339631920843e-16
3.443545093192927049e-16
2.231978545830279453e-16
1.446685928084503815e-16
9.376883027964608238e-17
6.077748709185992861e-17
3.939371885289467145e-17
2.553355130848713414e-17
1.654990342134794143e-17
1.072703518389564721e-17
6.952867391848686634e-18
4.506591443011966244e-18
2.921005865585593481e-18
1.893287948259818718e-18
1.227159211577715488e-18
7.953992058863357132e-19
5.155483418579643165e-19
3.341593640344650032e-19
2.165897385480890149e-19
1.403854564419493760e-19
9.099265972860747720e-20
5.897807603674330073e-20
3.822740717075951544e-20
2.477759122031440164e-20
1.605991805666070056e-20
1.040944479603783514e-20
6.747017050738941307e-21
4.373166866717896587e-21
2.834524990872048134e-21
1.837234244369943983e-21
1.190827274254217780e-21
7.718501881038250032e-22
5.002847396563110431e-22
3.242660617183366339e-22
2.101772659596912278e-22
1.362291289202563830e-22
8.829868197986224032e-23
5.723193931559809874e-23
3.709562594118139300e-23
2.404401249413890016e-23
1.558443946288887702e-23
1.010125716045318743e-23
6.547261225826166692e-24
4.243692530374432690e-24
2.750604515567260188e-24
1.782840096662574651e-24
1.155570999857930212e-24
7.489983752398165327e-25
4.854730398918388217e-25
3.146656658452197595e-25
2.039546444924619546e-25
1.321958558723345017e-25
8.568446358898645665e-26
5.553749965976631905e-26
3.599735283696196974e-26
2.333215249528892321e-26
1.512303814475057104e-26
9.802193894187776150e-27
6.353419479577563155e-27
4.118051481047591609e-27
2.669168635105720441e-27
1.730056371422485057e-27
1.121358541732213607e-27
7.268231254695536847e-28
4.710998632973190168e-28
3.053495044690223399e-28
1.979162533117383029e-28
1.282819940810801737e-28
8.314764315742224492e-29
5.389322649805635015e-29
3.493159579847396438e-29
2.264136820741215702e-29
1.467529732283255347e-29
9.511984856243586276e-30
6.165316716591227631e-30
3.996130228374895406e-30
2.590143789232783288e-30
1.678835389613753229e-30
1.088158996089717554e-30
7.053044081012634659e-31
4.571522267193258971e-31
2.963091623899643388e-31
1.920566379963136244e-31
1.244840081924407550e-31
8.068592919945249885e-32
5.229763457419257075e-32
3.389739213754187675e-32
2.197103565164528939e-32
1.424081255711806334e-32
9.230367903562383984e-33
5.982783025434179269e-33
3.877818642050937022e-33
2.513458595558290651e-33
1.629130883811680832e-33
1.055942374097291782e-33
6.844227854826542374e-34
4.436175313906619246e-34
2.875364735532102362e-34
1.863705056115262922e-34
1.207984675219585237e-34
7.829709807232068842e-35
5.074928260519787604e-35
3.289380766785636236e-35
2.132054932297908808e-35
1.381919138165903436e-35
8.957088654235136039e-36
5.805653525162773781e-36
3.763009852347290151e-36
2.439043785077746678e-36
1.580897956409938906e-36
1.024679574787320063e-36
6.641593954430245372e-37
4.304835515500469522e-37
2.790235136725389858e-37
1.808527199281815468e-37
1.172220429558756974e-37
7.597899196763900885e-38
4.924677197949478459e-38
3.191993586113050820e-38
2.068932164331318765e-38
1.341005295006589876e-38
8.691900257720255688e-39
5.633768216387784640e-39
3.651600153578552739e-39
2.366832139602012102e-39
1.534093039064883628e-39
9.943423587711772591e-40
6.444959342552701010e-40
4.177384233986570548e-40
2.707625930724344065e-40
1.754982967830661551e-40
1.137515039439648403e-40
7.372951696225553019e-41
4.778874549355673099e-41
3.097489702824269347e-41
2.007678243070009673e-41
1.301302769149323792e-41
8.434563171866897370e-42
5.466971836747846999e-42
3.543488910425603768e-42
2.296758431040036616e-42
1.488673853340747624e-42
9.649033227307475599e-43
6.254146401023285612e-43
4.053706343837170537e-43
2.627462497420443799e-43
1.703023995767828412e-43
1.103837155814170288e-43
7.154664112683635717e-44
4.637388612595384322e-44
3.005783752462312130e-44
1.948237838430767369e-44
1.262775697680860043e-44
8.184844946537931833e-45
5.305113720663106745e-45
3.438578467032847606e-45
2.228759362478673446e-45
1.444599372519993876e-45
9.363358746653829386e-46
6.068982770330349917e-46
3.933690127992796317e-46
2.549672425948488924e-46
1.652603349049042384e-46
1.071156357770991470e-46
6.942839269044609566e-47
4.500091584770557030e-47
2.916792897916166936e-47
1.890557258462571359e-47
1.225389279464774135e-47
7.942520013640339364e-48
5.148047663239800426e-48
3.336774058796756654e-48
2.162773511007446624e-48
1.401829784544123449e-48
9.086142098715047046e-49
5.889301193931235265e-49
3.817227176949480831e-49
2.474185449278252779e-49
1.603675483184723145e-49
1.039443125056747161e-49
6.737285825945891180e-50
4.366859446784449249e-50
2.830436754595167968e-50
1.834584400847255941e-50
1.189109743705781788e-50
7.707369483372028640e-51
4.995631788205382916e-51
3.237983726765559436e-51
2.098741272235591624e-51
1.360326456051989663e-51
8.817132876335038668e-52
5.714939367170331306e-52
3.704212290833649305e-52
2.400933380743236612e-52
1.556196202099914003e-52
1.008668811410565404e-52
6.537818108921631029e-53
4.237571851316576384e-53
2.746637317818021358e-53
1.780268705836060934e-53
1.153904319445041545e-53
7.479180946499979410e-54
4.847728419752515411e-54
3.142118234573982576e-54
2.036604806452080525e-54
1.320051897482489828e-54
8.556088086047373929e-55
5.545739790671512886e-55
3.594543384375698291e-55
2.329850052448053981e-55
1.510122618212575425e-55
9.788056186882221769e-56
6.344255940683950557e-56
4.112112014114298037e-56
2.665318892352246703e-56
1.727561110579307221e-56
1.119741205958339919e-56
7.257748282493782647e-57
4.704203958178057315e-57
3.049090987836564872e-57
1.976307986379616461e-57
1.280969729210757109e-57
8.302771928580840055e-58
5.381549628069786124e-58
3.488121394697767665e-58
2.260871255499740720e-58
1.465413113693459589e-58
9.498265717523816301e-59
6.156424478371369476e-59
3.990366608502293262e-59
2.586408024039116689e-59
1.676414004808574790e-59
1.086589544030853046e-59
7.042871473338685246e-60
4.564928759203851953e-60
2.958817955927917699e-60
1.917796346475363610e-60
1.243044648686642325e-60
8.056955585864610437e-61
5.222220567956378463e-61
3.384850191830775507e-61
2.193934682008411890e-61
1.422027302873317802e-61
9.217054941061149595e-62
5.974154055613822535e-62
3.872225663016071312e-62
2.509833433443337208e-62
1.626781187830743366e-62
1.054419388082342589e-62
6.834356422860537869e-63
4.429777016870206235e-63
2.871217596078742598e-63
1.861017033732552633e-63
1.206242398546420258e-63
7.818417014339273168e-64
5.067608689909533766e-64
3.284636491881581219e-64
2.128979868805228343e-64
1.379925995762658373e-64
8.944169842480166525e-65
5.797280029275809049e-65
3.757582462065668862e-65
2.435525951467084436e-65
1.578617826795187384e-65
1.023201679117579117e-65
6.632014781401778358e-66
4.298626649896129256e-66
2.786210779718975038e-66
1.805918759939196187e-66
1.170529735668226967e-66
7.586940744386868802e-67
4.917574334493549730e-67
3.187389772769954885e-67
2.065948142826500485e-67
1.339071162652072441e-67
8.679363927272395344e-68
5.625642630735103631e-68
3.646333449540100289e-68
2.363418456870171238e-68
1.531880416196970151e-68
9.929082184775276416e-69
6.435663775686353861e-69
4.171359191405239203e-69
2.703720721001425617e-69
1.752451755349760444e-69
1.135874401144092972e-69
7.362317685698477674e-70
4.771981977105139743e-70
3.093022192461465005e-70
2.004782568114956292e-70
1.299425899760193276e-70
8.422397998777965414e-71
5.459086821565611188e-71
3.538378135266761003e-71
2.293445815639838996e-71
1.486526738578588553e-71
9.635116423679447775e-72
6.245126043721826560e-72
4.047859681915367359e-72
2.623672907442338747e-72
1.700567723728486593e-72
1.102245091140637953e-72
7.144344938406266980e-73
4.630700105555627538e-73
3.001448509620225006e-73
1.945427894389803628e-73
1.260954395898940402e-73
8.173039942123026627e-74
5.297462153492017765e-74
3.433619004239275064e-74
2.225544822156233839e-74
1.442515826395224022e-74
9.349853971418329009e-75
6.060229474591090659e-75
3.928016565496415716e-75
2.545995032614652303e-75
1.650219798724161530e-75
1.069611428622683102e-75
6.932825609805075085e-76
4.493601101276713757e-76
2.912586006611383974e-76
1.887830507140028028e-76
1.223621900125470219e-76
7.931064514551830206e-77
5.140622632492236053e-77
3.331961428532830920e-77
2.159654142099159403e-77
1.399807925009407865e-77
9.073037153137050422e-78
5.880807052985477450e-78
3.811721589003651527e-78
2.470616930834442279e-78
1.601362501535989725e-78
1.037943935913841404e-78
6.727568636501533659e-79
4.360561124044644295e-79
2.826354414782743268e-79
1.831938379194731936e-79
1.187394690352198892e-79
7.696253141966429813e-80
4.988426586921906696e-80
3.233313581828280771e-80
2.095714257045191293e-80
1.358364456780861348e-80
8.804415922842236075e-81
5.706696708341764567e-81
3.698869704293200261e-81
2.397470513780646722e-81
1.553951699833117064e-81
1.007214008069798965e-81
6.528388611827546091e-82
4.231460000116091329e-82
2.742675841959351319e-82
1.777701023727336940e-82
1.152240042885847808e-82
7.468393721492157687e-83
4.840736539543339142e-83
3.137586356465896074e-83
2.033667410705626159e-83
1.318147986219763806e-83
8.543747637536759924e-84
5.537741168444730450e-84
3.589358973333283086e-84
2.326489708991963198e-84
1.507944567890142540e-84
9.773938870396454292e-85
6.335105618365383044e-85
4.106181113676012080e-85
2.661474702083982975e-85
1.725069448651632976e-85
1.118126202868348456e-85
7.247280429886199516e-86
4.697419083344496544e-86
3.044693282955457035e-86
1.973457556755526625e-86
1.279122186171479308e-86
8.290796838043133316e-87
5.373787817365645098e-87
3.483090476124148815e-87
2.257610400183998452e-87
1.463299547903315127e-87
9.484566365922092280e-88
6.147545065429376998e-88
3.984611301500427000e-88
2.582677646940752497e-88
1.673996112367478355e-88
1.085022355593181484e-88
7.032713537619851703e-89
4.558344761033136230e-89
2.954550451868838198e-89
1.915030308207725448e-89
1.241251805002812766e-89
8.045335036314539470e-90
5.214688557605246872e-90
3.379968221345206155e-90
2.190770369333456811e-90
1.419976312451627491e-90
9.203761179849875670e-91
5.965537531359324034e-91
3.866640750736664015e-91
2.506213499900831382e-91
1.624434880817027789e-91
1.052898598670612002e-91
6.824499228463930033e-92
4.423387948099538195e-92
2.867076438045948355e-92
1.858332888285362101e-92
1.204502634759426575e-92
7.807140509045184202e-93
5.060299676318247811e-93
3.279899059646649883e-93
2.125909240477580487e-93
1.377935728069322291e-93
8.931269663531537904e-94
5.788918610484569202e-94
3.752162899710687648e-94
2.432013191628969102e-94
1.576340985812089202e-94
1.021725915017208335e-94
6.622449424417647129e-95
4.292426739340582616e-95
2.782192227043884091e-95
1.803314082749452751e-95
1.168841480266021742e-95
7.575998097389002002e-96
4.910481715499795993e-96
3.182792599508276525e-96
2.062968425176857244e-96
1.337139819897252025e-96
8.666845677977723571e-97
5.617528764617218231e-97
3.641074341670522260e-97
2.360009697693963898e-97
1.529670984595729375e-97
9.914761466448697533e-98
6.426381615818901681e-98
4.165342838744698756e-98
2.699821143763706663e-98
1.749924193637383734e-98
1.134236129141661948e-98
7.351699012608096478e-99
4.765099346013778373e-99
3.088561125590248127e-99
2.001891069592763728e-99
1.297551737380385615e-99
8.410250371521967136e-100
5.451213178943149916e-100
3.533274731380572076e-100
2.290137978025864076e-100
1.484382720600698062e-100
9.621219692261629247e-101
6.236118696484510619e-101
4.042021452635816990e-101
2.619888783191039673e-101
1.698114994371071552e-101
1.100655322702495524e-101
7.134040647477171495e-102
4.624021245351589920e-102
2.997119519500281939e-102
1.942622003132005377e-102
1.259135720981130073e-102
8.161251964069780416e-103
5.289821622178641700e-103
3.428666694480383348e-103
2.222334918166302296e-103
1.440435285369678899e-103
9.336368674124223607e-104
6.051488803733000793e-104
3.922351185980990640e-104
2.542322943186402466e-104
1.647839686194656556e-104
1.068068727726151084e-104
6.922826393269478517e-105
4.487119979009234648e-105
2.908385182907198629e-105
1.885107688611793575e-105
1.221857069877937903e-105
7.919625537733111479e-106
5.133208310868831070e-106
3.327155739527033327e-106
2.156539272257589574e-106
1.397788981603328836e-106
9.059951108826139105e-107
5.872325163141934855e-107
3.806223941769029854e-107
2.467053559265858986e-107
1.599052855901431210e-107
1.036446909051903125e-107
6.717865462162441638e-108
4.354271885377749503e-108
2.822277962930301075e-108
1.829296173900035060e-108
1.185682110620601981e-108
7.685152833663500207e-109
4.981231777702414513e-109
3.228650172642499556e-109
2.092691607719742860e-109
1.356405287301912021e-109
8.791717311015417391e-110
5.698465937902511486e-110
3.693534823367034672e-110
2.394012641312155067e-110
1.551710434812616047e-110
1.005761302992358121e-110
6.518972714900057502e-111
4.225356964040434510e-111
2.738720079738546247e-111
1.775137044987317888e-111
1.150578166713237079e-111
7.457622054902323305e-112
4.833754743725164358e-112
3.133061014687060115e-112
2.030734251566029576e-112
1.316246820968789016e-112
8.531424987658996170e-113
5.529754082633275515e-113
3.584182039768477359e-113
2.323134212160384246e-113
1.505769658970324595e-113
9.759841915320232180e-114
6.325968493559542980e-114
4.100258767377274840e-114
2.657636056292502281e-114
1.722581380448781496e-114
1.116513529097784799e-114
7.236827675065693808e-115
4.690643994338020851e-115
3.040301920885467939e-115
1.970611238307026865e-115
1.277277307844138591e-115
8.278839019182001905e-116
5.366037201523499600e-116
3.478066813645955662e-116
2.254354248000893461e-116
1.461189030509809189e-116
9.470886772899181924e-117
6.138678459267261072e-117
3.978864295379641432e-117
2.578952650166438521e-117
1.671581707253450125e-117
1.083457427511912509e-117
7.022570252694667385e-118
4.551770258965032121e-118
2.950289102832191715e-118
1.912268259397941937e-118
1.239461547138021647e-118
8.033731247086474284e-119
5.207167410674842131e-119
3.375093292127187718e-119
2.187610620547658419e-119
1.417928280174060773e-119
9.190486592234795178e-120
5.956933434720270807e-120
3.861063893577976052e-120
2.502598787389600893e-120
1.622091957882648449e-120
1.051380002693953469e-120
6.814656251102064501e-121
4.417008094284621999e-121
2.862941252806674674e-121
1.855652614181985930e-121
1.202765380234284163e-121
7.795880267858413113e-122
5.053001204519398388e-122
3.275168460211613659e-122
2.122843040918125971e-122
1.375948330939699701e-122
8.918388090515280242e-123
5.780569251370418489e-123
3.746751153992071126e-123
2.428505498245461773e-123
1.574067428717449768e-123
1.020252279411858952e-123
6.612897863551061101e-124
4.286235770917838197e-124
2.778179470328488373e-124
1.800713162286431319e-124
1.167155659835108756e-124
7.565071232974308806e-125
4.903399326192763456e-125
3.178202056750935163e-125
2.059993005174907985e-125
1.335211262718688199e-125
8.654345483757905330e-126
5.609426601131121104e-126
3.635822819013965299e-126
2.356605854972110374e-126
1.527464739658375517e-126
9.900461402898624487e-127
6.417112843613516109e-127
4.159335163471592791e-127
2.695927190887375151e-127
1.747400277428002190e-127
1.132600220019450090e-127
7.341095654833218775e-128
4.758226641743517154e-128
3.084106492917255846e-128
1.999003741479733192e-128
1.295680278105561801e-128
8.398120264792542384e-129
5.443350892477893969e-129
3.528178688135497314e-129
2.286834911307045513e-129
1.482241794940562752e-129
9.607343004103860078e-130
6.227124340546921079e-130
4.036191643836174696e-130
2.616110116783400372e-130
1.695665802585924250e-130
1.099067847187866668e-130
7.123751218430091633e-131
4.617352018069703719e-131
2.992796773084221632e-131
1.939820158812096978e-131
1.257319669138684423e-131
8.149480987820950629e-132
5.282192110805957350e-132
3.423721527439399998e-132
2.219129643821957321e-132
1.438357745109061495e-132
9.322902826678337355e-133
6.042760739547212213e-133
3.916693977644203772e-133
2.538656150013950281e-133
1.645463006502240734e-133
1.066528251867572081e-133
6.912841598607005596e-134
4.480648204466420020e-134
2.904190418052349647e-134
1.882388797205623247e-134
1.220094785045585969e-134
7.908203059353992984e-135
5.125804682923811483e-135
3.322356981767985137e-135
2.153428894993761801e-135
1.395772950119992331e-135
9.046883938520754578e-136
5.863855506730753432e-136
3.800734223792727595e-136
2.463495327149198953e-136
1.596746541469535717e-136
1.034952041352303397e-136
6.708176282714529128e-137
4.347991717681742189e-137
2.818207390545634261e-137
1.826657779458857467e-137
1.183972000943318781e-137
7.674068535338473766e-138
4.974047345558358751e-138
3.223993489493238779e-138
2.089673317962357275e-138
1.354448943533750733e-138
8.779037014400638284e-139
5.690247038705863732e-139
3.688207636941289613e-139
2.390559756134200907e-139
1.549472402369352050e-139
1.004310693151931424e-139
6.509570398523452425e-140
4.219262730375491023e-140
2.734770022914823518e-140
1.772576764274633821e-140
1.148918687465147641e-140
7.446865924290775814e-141
4.826783017753136113e-141
3.128542199810080636e-141
2.027805322922657989e-141
1.314348397769122205e-141
8.519120110743230581e-142
5.521778516598330748e-142
3.579012572896461917e-142
2.319783554962798602e-142
1.503597886922404645e-142
9.745765292287261439e-143
6.316844547231835670e-143
4.094344962880331370e-143
2.653802946980966177e-143
1.720096900787375985e-143
1.114903181287166117e-143
7.226389996256924565e-144
4.683878677044662013e-144
3.035916892478273498e-144
1.967769025104399665e-144
1.275435090385311284e-144
8.266898447087208594e-145
5.358297764397148357e-145
3.473050396797619276e-145
2.251102792167032020e-145
1.459081557116114009e-145
9.457226909958084107e-146
6.129824641414322114e-146
3.973125578167686615e-146
2.575233025956058747e-146
1.669170784436574707e-146
1.081894756526840817e-146
7.012441597432888506e-147
4.545205239303435841e-147
2.946033899940672000e-147
1.909510194291962403e-147
1.237673871362636079e-147
8.022144194007682578e-148
5.199657111497293160e-148
3.370225394021193793e-148
2.184455429068455557e-148
1.415883201774045545e-148
9.177231150561045496e-149
5.948341747772818647e-149
3.855495079922214147e-149
2.498989288379421500e-149
1.619752414146700735e-149
1.049863596988684972e-149
6.804827470269125000e-150
4.410637442135100934e-150
2.858812031746439655e-150
1.852976205838730396e-150
1.201030631351850435e-150
7.784636267320568201e-151
5.045713259308983344e-151
3.270444683721801013e-151
2.119781263739311135e-151
1.373963800233537100e-151
8.905525096595286840e-152
5.772231934539191154e-152
3.741347213636202476e-152
2.425002864009282109e-152
1.571797150774960775e-152
1.018780769231572791e-152
6.603360078903310944e-153
4.280053731731021832e-153
2.774172501213510909e-153
1.798115993131854605e-153
1.165472270863494913e-153
7.554160128379347921e-154
4.896327151817755425e-154
3.173618134935022465e-154
2.057021876622212155e-154
1.333285487098781382e-154
8.641863318571856274e-155
5.601336123397623486e-155
3.630578870629964127e-155
2.353206921613808728e-155
1.525261676788824831e-155
9.886181964334376283e-156
6.407857439760986114e-156
4.153336153070167587e-156
2.692038854260642630e-156
1.744880001463854659e-156
1.130966670369506692e-156
7.330507590284353043e-157
4.751363849976494154e-157
3.079658285162180374e-157
1.996120577761052771e-157
1.293811518037069550e-157
8.386007653320067825e-158
5.435499945790700961e-158
3.523089994914981153e-158
2.283536608602512947e-158
1.480103957138257569e-158
9.593486330298011443e-159
6.218142957171523057e-159
4.030370243371464630e-159
2.612336900347348800e-159
1.693220143270947657e-159
1.097482661289697796e-159
7.113476629829932243e-160
4.610692409816273266e-160
2.988480261366493169e-160
1.937022355593013464e-160
1.255506236588447737e-160
8.137726988855062300e-161
5.274573603479752685e-161
3.418783492814282190e-161
2.215928992445671598e-161
1.436283201285491038e-161
9.309456401028945964e-162
6.034045263851287347e-162
3.911044928700651826e-162
2.534994645458287967e-162
1.643089754695591803e-162
1.064989997837864196e-162
6.902871205017178669e-163
4.474185764166170273e-163
2.900001703308073758e-163
1.879673827257267953e-163
1.218335041957265978e-163
7.896797055619449359e-164
5.118411733233828346e-164
3.317565145258651857e-164
2.150323003827969100e-164
1.393759826359413000e-164
9.033835614999684810e-165
5.855398066107816934e-165
3.795252423638479367e-165
2.459942227071758324e-165
1.594443553435572857e-165
1.033459329700793548e-165
6.698501077973531950e-166
4.341720607873681489e-166
2.814142689148705974e-166
1.824023190374751635e-166
1.182264357757688271e-166
7.663000223900807946e-167
4.966873275523303415e-167
3.219343522679625846e-167
2.086659381485169434e-167
1.352495421400738057e-167
8.766375006581117097e-168
5.682039993630408912e-168
3.682888133918289532e-168
2.387111851053682165e-168
1.547237597840934030e-168
1.002862175526472075e-168
6.500181643111056860e-169
4.213177286425898760e-169
2.730825663259365155e-169
1.770020176255568487e-169
1.147261601684461776e-169
7.436125307249337972e-170
4.819821347103921905e-170
3.124029902421294298e-170
2.024880618674095430e-170
1.312452712665752759e-170
8.506832981154788121e-171
5.513814453724446630e-171
3.573850561948329308e-171
2.316437730419263924e-171
1.501429247221900066e-171
9.731708971971520382e-172
6.307733760374398843e-172
4.088439687865687281e-172
2.649975366164334575e-172
1.717616004491857085e-172
1.113295156081632528e-172
7.215967371715140475e-173
4.677123117370275447e-173
3.031538188599088346e-173
1.964930911226871573e-173
1.273595529957371024e-173
8.254975096882794200e-174
5.350569489863071525e-174
3.468041215129063197e-174
2.247856025909060182e-174
1.456977123332033544e-174
9.443586748641022007e-175
6.120983593425279800e-175
3.967395137909127858e-175
2.571518766560982481e-175
1.666763338894523396e-175
1.080334339382678878e-175
7.002327550733349014e-176
4.538649688371484762e-176
2.941784834329439677e-176
1.906756107144252672e-176
1.235888773952648141e-176
8.010573852938697712e-177
5.192157644426289820e-177
3.365364516885962636e-177
2.181304788323029825e-177
1.413841072991323899e-177
9.163994827215468662e-178
5.939762452617787837e-178
3.849934298167902990e-178
2.495384995350646530e-178
1.617416244735503830e-178
1.048349378395897110e-178
6.795012865490226990e-179
4.404275978378907177e-179
2.854688766262863803e-179
1.850303657680167300e-179
1.199298384498338056e-179
7.773408484008641818e-180
5.038435825503927411e-180
3.265727720336105236e-180
2.116723902562553970e-180
1.371982131816708044e-180
8.892680654975933749e-181
5.763906642622952469e-181
3.735951067384979554e-181
2.421505281623414573e-181
1.569530147254965243e-181
1.017311381410935820e-181
6.593836050605702014e-182
4.273880608901005733e-182
2.770171311351177848e-182
1.795522569875055761e-182
1.163791309844385314e-182
7.543264760874370062e-183
4.889265177642328860e-183
3.169040824510791984e-183
2.054055033329036566e-183
1.331362489025575114e-183
8.629399156417031956e-184
5.593257314562998670e-184
3.625342485594556915e-184
2.349812890538013935e-184
1.523061791397450202e-184
9.871923121009378849e-185
6.398615384980678499e-185
4.147345795043547916e-185
2.688156125782885019e-185
1.742363360494415415e-185
1.129335476788667878e-185
7.319934796904698720e-186
4.744510956416444140e-186
3.075216493058708862e-186
1.993241572430187917e-186
1.291945453281732368e-186
8.373912511870415820e-187
5.427660322526668539e-187
3.518008641118481474e-187
2.280243063040868944e-187
1.477969202739996347e-187
9.579649641976565269e-188
6.209174527648516767e-188
4.024557239114685018e-188
2.608569126022686115e-188
1.690778011331066332e-188
1.095899761705581076e-188
7.103216860271705547e-189
4.604042406718160687e-189
2.984169975355129054e-189
1.934228587646493653e-189
