5.453640523821885466e-01
2.436851665839317449e-01
1.088859086946633303e-01
4.865351994323782736e-02
2.173986543571051686e-02
9.714029934816433356e-03
4.340522615172559898e-03
1.939476890564109310e-03
8.666169819927730788e-04
3.872306997480243532e-04
1.730263979855809397e-04
7.731343206864989769e-05
3.454598169888424775e-05
1.543619031787326305e-05
6.897357082120505874e-06
3.081947924883599650e-06
1.377107622326283898e-06
6.153333702225926225e-07
2.749495757418606817e-07
1.228557930691819605e-07
5.489568714529831802e-08
2.452905468981423695e-08
1.096032412133545394e-08
4.897404582599411142e-09
2.188308610233263771e-09
9.778025263902801469e-10
4.369117665324630800e-10
1.952254024534243286e-10
8.723261922100159097e-11
3.897817476888895890e-11
1.741662834248905154e-11
7.782276738686791699e-12
3.477356813646642587e-12
1.553788282714703012e-12
6.942796373460785092e-13
3.102251575685930066e-13
1.386179908089190152e-13
6.193871421163858584e-14
2.767609237302681827e-14
1.236651581792740168e-14
5.525733597568681093e-15
2.469065033421563690e-15
1.103252994669780837e-15
4.929668331016431892e-16
2.202725029638403228e-16
9.842442189604780487e-17
4.397901097606153740e-17
1.965115333342086433e-17
8.780730142926870173e-18
3.923496017497275756e-18
1.753136783473187544e-18
7.833545816945307496e-19
3.500265389709644248e-19
1.564024527934261693e-19
6.988535015577457453e-20
3.122688985476407040e-20
1.395311961416833606e-20
6.234676199672446478e-21
2.785842047486716797e-21
1.244798553283773456e-21
5.562136732250441988e-22
2.485331055907575758e-22
1.110521145883348308e-22
4.962144630682697640e-23
2.217236423375534232e-23
9.907283489370599845e-24
4.426874153065041048e-24
1.978061371525382173e-24
8.838576960250483976e-25
3.949343726480414506e-25
1.764686322247997939e-25
7.885152652196191616e-26
3.523324885820659915e-26
1.574328208799553184e-26
7.034574980571875494e-27
3.143261035449566368e-27
1.404504176053625595e-27
6.275749797120883724e-28
2.804194974110161090e-28
1.252999196435813411e-28
5.598779688159783661e-29
2.501704237777359793e-29
1.117837179153277620e-29
4.994834881870484020e-30
2.231843417128749918e-30
9.972551958945865933e-31
4.456038080925069477e-31
1.991092697275177350e-31
8.896804868237401575e-32
3.975361718307397836e-32
1.776311948551828268e-32
7.937099469558277767e-33
3.546536296230075855e-33
1.584699769571762869e-33
7.080918253537363972e-34
3.163968612605271360e-34
1.413756948337929496e-34
6.317093984468993391e-35
2.822668808491421419e-35
1.261253864833881058e-35
5.635664045221749982e-36
2.518185284989228439e-36
1.125201409923088974e-36
5.027740494076959678e-37
2.246546640704002554e-37
1.003825041249470965e-37
4.485394138639893980e-38
2.004209872459784517e-38
8.955416377485384875e-39
4.001551114789386254e-39
1.788014163643848815e-39
7.989388508809100681e-40
3.569900621738315761e-40
1.595139657438847729e-40
7.127566832645026967e-41
3.184812609786787696e-41
1.423070677219152565e-41
6.358710544343620862e-42
2.841264347162110753e-42
1.269562914392412256e-42
5.672791393769575521e-43
2.534774908152318054e-43
1.132614155714461850e-43
5.060862886085028009e-44
2.261346728056455914e-44
1.010438168272027008e-44
4.514943591947212941e-45
2.017413462649106670e-45
9.014414015131956096e-46
4.027913045127779949e-46
1.799793472085500947e-46
8.042022024481852550e-47
3.593418869739055817e-47
1.605648322534739025e-47
7.174522729229827317e-48
3.205793925719436109e-48
1.432445764274972023e-48
6.400601271115161487e-49
2.859982391901358010e-49
1.277926703370572371e-49
5.710163334613734359e-50
2.551473822557098195e-50
1.140075736140829689e-50
5.094203486024470415e-51
2.276244317317693269e-51
1.017094862098776460e-51
4.544687714923123486e-52
2.030704037138996213e-52
9.073800324963175291e-53
4.054448645963245970e-53
1.811650381762165621e-53
8.095002285962490273e-54
3.617092054262581560e-54
1.616226217958885283e-54
7.221787967876948683e-55
3.226913465049296607e-55
1.441882613728619790e-55
6.442767970975461390e-56
2.878823749770230880e-56
1.286345592387713274e-56
5.747781479110731322e-57
2.568282748206427081e-57
1.147586472921280623e-57
5.127763731433267993e-58
2.291240050823262157e-58
1.023795409744700042e-58
4.574627790037435706e-59
2.044082168975668752e-59
9.133577867523514442e-60
4.081159061424501795e-60
1.823585403905236410e-60
8.148331577587174120e-61
3.640921196019538381e-61
1.626873799795723345e-61
7.269364586509706662e-62
3.248172138382011970e-62
1.451381632466341745e-62
6.485212462015338345e-63
2.897789233146822505e-63
1.294819944438938588e-63
5.785647449232238271e-64
2.585202409846492039e-64
1.155146689894283025e-64
5.161545069320086124e-65
2.306334575140403041e-65
1.030540100115553522e-65
4.604765108208780905e-66
2.057548434980730342e-66
9.193749220225601353e-67
4.108045443177761575e-67
1.835599053113935224e-67
8.202012198741567231e-68
3.664907322444993511e-68
1.637591527134247222e-68
7.317254636477106315e-69
3.269570862322548482e-69
1.460943230054880419e-69
6.527936574303154560e-70
2.916879659760907529e-70
1.303350124910700872e-70
5.823762877635936089e-71
2.602233536997909056e-71
1.162756713031845411e-71
5.195548956226017638e-72
2.321528541095830408e-72
1.037329224020486000e-72
4.635100968860004865e-73
2.071103415775673117e-73
9.254316977462792406e-74
4.135108950476098804e-74
1.847691847377807129e-74
8.256046463958940571e-75
3.689051467742573935e-75
1.648379862088059839e-75
7.365460182641880376e-76
3.291110559514123824e-76
1.470567818759153030e-76
6.570942149963447689e-77
2.936095852729695670e-77
1.311936501596574271e-77
5.862129407734845613e-78
2.619376863987580912e-78
1.170416870453323353e-78
5.229776858288253197e-79
2.336822603803822968e-79
1.044163074184388323e-79
4.665636679974919483e-80
2.084747695807078542e-80
9.315283750719332093e-81
4.162350750210073362e-81
1.859864308098666529e-81
8.310436703021364571e-82
3.713354672929117518e-82
1.659239269814995250e-82
7.413983303470652808e-83
3.312792158678261997e-83
1.480255813560173107e-83
6.614231043256440235e-84
2.955438640592783410e-84
1.320579444713241091e-84
5.900748693768670304e-85
2.636633129979880541e-85
1.178127492439833312e-85
5.264230251302199908e-86
2.352217422694706091e-86
1.051041945260601271e-86
4.696373558153843858e-87
2.098481863371998973e-87
9.376652168683727962e-88
4.189772016957283650e-88
1.872116960113496372e-88
8.365185261058396577e-89
3.737817985879918090e-89
1.670170218537312545e-89
7.462826091122214386e-90
3.334616594655118685e-90
1.490007632172652475e-90
6.657805120658653339e-91
2.974908857348126735e-91
1.329279326916233349e-91
5.939622400875625778e-92
2.654003079008743402e-92
1.185888911448258746e-92
5.298910620786297027e-93
2.367713661542816555e-93
1.057966133843709738e-93
4.727312928670761984e-94
2.112306510642967409e-94
9.438424877362906789e-95
4.217373933033357910e-95
1.884450331716707949e-95
8.420294498650096191e-96
3.762442461373281554e-96
1.681173179562028459e-96
7.511990651538342034e-97
3.356584808443228188e-97
1.499823695063345498e-97
6.701666260942065316e-98
2.994507342488251435e-98
1.338036523316110054e-98
5.978752205163237078e-99
2.671487460009970141e-99
1.193701462125685251e-99
5.333819462045018331e-100
2.383311988495657384e-100
1.064935938482122991e-100
4.758456125530871128e-101
2.126222233693706273e-101
9.500604540194686576e-102
4.245157688543294701e-102
1.896864954683078781e-102
8.475766791927134242e-103
3.787229161136316884e-103
1.692248627300953134e-103
7.561479104535240689e-104
3.378697747240351518e-104
1.509704425468884587e-104
6.745816355256629666e-105
3.014234941035862871e-105
1.346851411494745569e-105
6.018139793781103417e-106
2.689087026853072907e-106
1.201565481323930626e-106
5.368958280233798663e-107
2.399013076102237500e-107
1.071951659691186243e-107
4.789804491527159485e-108
2.140229632525008883e-108
9.563193838163426834e-109
4.273124481432058549e-109
1.909361364290840501e-109
8.531604532673956685e-110
3.812179153891033487e-110
1.703397039291287421e-110
7.611293583893679866e-111
3.400956364484609493e-111
1.519650249414152956e-111
6.790257307210487113e-112
3.034092503580954818e-112
1.355724371521381872e-112
6.057786864993981259e-113
2.706802538373998050e-113
1.209481308113866767e-113
5.404328590424226998e-114
2.414817601342269062e-114
1.079013599965927144e-114
4.821359378299518299e-115
2.154329311090188501e-115
9.626195469916425806e-116
4.301275517536708883e-116
1.921940099344383778e-116
8.587810128432638995e-117
3.837293515399785127e-117
1.714618896216308331e-117
7.661436237451608889e-118
3.423361619895016155e-118
1.529661595730742453e-118
6.834991032952606353e-119
3.054080886316889530e-119
1.364655785969168515e-119
6.097695128254679099e-120
2.724634758408082136e-120
1.217449283800173672e-120
5.439931917669082036e-121
2.430726245655562991e-121
1.086122063794219392e-121
4.853122146391250711e-122
2.168521877321604028e-122
9.689612151878666383e-123
4.329612010638027590e-123
1.934601702197920658e-123
8.644386002605247288e-124
3.862573328512076589e-124
1.725914681926001809e-124
7.711909227197439561e-125
3.445914479513241563e-125
1.539738896075356361e-125
6.880019461255993837e-126
3.074200951077656085e-126
1.373646039931540668e-126
6.137866304277410892e-127
2.742584455822519843e-127
1.225469751935952215e-127
5.475769797067770139e-128
2.446739694971001449e-128
1.093277357669880506e-128
4.885094165310192646e-129
2.182807943156444054e-129
9.753446618371012502e-130
4.358135182513832877e-130
1.947346718778490684e-130
8.701334594559283207e-131
3.888019683210926489e-131
1.737284883457823632e-131
7.762714729361949436e-132
3.468615915744971232e-132
1.549882584948334160e-132
6.925344533599686766e-133
3.094453565374767202e-133
1.382695521039136168e-133
6.178302125112502096e-134
2.760652404549826031e-134
1.233543058337816027e-134
5.511843773832975385e-135
2.462858639736384889e-135
1.100479790105824814e-135
4.917276813585436356e-136
2.197188124563357060e-136
9.817701621727278409e-137
4.386846262990191514e-137
1.960175698609715852e-137
8.758658359732129336e-138
3.913633676660745984e-138
1.748729991057847304e-138
7.813854934512991486e-139
3.491466907402620462e-139
1.560093099712516270e-139
6.970968204253243938e-140
3.114839602435366709e-140
1.391804619476040900e-140
6.219004334220904279e-141
2.778839383620970495e-141
1.241669551100383910e-141
5.548155403357131433e-142
2.479083774947992433e-142
1.107729671647615211e-142
4.949671478828001766e-143
2.211663041568949036e-143
9.882379932415131244e-144
4.415746489995419957e-144
1.973089194835439598e-144
8.816359769738910019e-145
3.939416413253321931e-145
1.760250498201850697e-145
7.865332047649266889e-146
3.514468439746359687e-146
1.570370880612057182e-146
7.016892440360410784e-147
3.135359941238828241e-147
1.400973727996923059e-147
6.259974686549005732e-148
2.797146177199593058e-148
1.249849580611566721e-148
5.584706251279487824e-149
2.495415800181113348e-149
1.115027314886478675e-149
4.982279557790389511e-150
2.226233318284389334e-150
9.947484339152201634e-151
4.444837109613219517e-151
1.986087764243464882e-151
8.874441312476070452e-152
3.965369004656318270e-152
1.771846901616495401e-152
7.917148288297194580e-153
3.537621504527378846e-153
1.580716370791408583e-153
7.063119222025529230e-154
3.156015466555354815e-154
1.410203241943891165e-154
6.301214948605725069e-155
2.815573574614878506e-155
1.258083499567605767e-155
5.621497893553289288e-156
2.511855419619363736e-156
1.122373034473033165e-156
5.015102456426516403e-157
2.240899582932826794e-157
1.001301764902855412e-157
4.474119376136397552e-158
1.999171967290010086e-158
8.932905492230645392e-159
3.991492569860983820e-159
1.783519701301142536e-159
7.969305890603934996e-160
3.560927100030452508e-160
1.591130016314335447e-160
7.109650542396532396e-161
3.176807068983950914e-161
1.419493559263457870e-161
6.342726898536543578e-162
2.834122370396207739e-162
1.266371662988279980e-162
5.658531916515007158e-163
2.528403342085612375e-163
1.129767147130792145e-163
5.048141589953483362e-164
2.255662467875719137e-164
1.007898268762715851e-164
4.503594552120699240e-165
2.012342368123202699e-165
8.991754829787725551e-166
4.017788235230172501e-166
1.795269400548812822e-166
8.021807103435489672e-167
3.584386231116781526e-167
1.601612266183510172e-167
7.156488407752464498e-168
3.197735644990822808e-168
1.428845080524020816e-168
6.384512326201594972e-169
2.852793364307267660e-169
1.274714428232140374e-169
5.695809916950824912e-170
2.545060281072401905e-170
1.137209971669756256e-170
5.081398382910879899e-171
2.270522609640602572e-171
1.014538229914514290e-171
4.533263908440262730e-172
2.025599534607846549e-172
9.050991862539152599e-173
4.044257134547820519e-173
1.807096505968284886e-173
8.074654190473233985e-174
3.607999909268128852e-174
1.612163572359330421e-174
7.203634837589592861e-175
3.218802096947849350e-175
1.438258208932651482e-175
6.426573033252481977e-176
2.871587361380367633e-176
1.283112155012207264e-176
5.733333502166759118e-177
2.561826954772712501e-177
1.144701829000417211e-177
5.114874269223346625e-178
2.285480648948410712e-178
1.021221934651873102e-178
4.563128724340885487e-179
2.038944038349801432e-179
9.110619144592407871e-180
4.070900409066468140e-180
1.819001527505839520e-180
8.127849430311046827e-181
3.631769152629217420e-181
1.622784389779767683e-181
7.251091864708480495e-182
3.240007333172218346e-182
1.447733350352801335e-182
6.468910833209959262e-183
2.890505171951798525e-183
1.291565205411047802e-183
5.771104290057639393e-184
2.578704086110781890e-184
1.152243042147208359e-184
5.148570692262115301e-185
2.300537230740969507e-185
1.027949671154323751e-185
4.593190287496199436e-186
2.052376454720506470e-186
9.170639246882802287e-187
4.097719207557369900e-187
1.830984978467247033e-187
8.181395116555404960e-188
3.655694986052435626e-188
1.633475176379890889e-188
7.298861535301217352e-189
3.261352267964499151e-189
1.457270913321720489e-189
6.511527551541751482e-190
2.909547611695801562e-190
1.300073943896674963e-190
5.809123909176541623e-191
2.595692402773858846e-191
1.159833936262688937e-191
5.182489104907244119e-192
2.315693004209328027e-192
1.034721729499961045e-192
4.623449894062937779e-193
2.065897362882257224e-193
9.231054757281226778e-194
4.124714686359805619e-194
1.843047375539794527e-194
8.235293557921516368e-195
3.679778441141827638e-195
1.644236393111520356e-195
7.346945909041307962e-196
3.282837821648786372e-196
1.466871309068073522e-196
6.554425025742747813e-197
2.928715501660382744e-197
1.308638737338190910e-197
5.847393998806322585e-198
2.612792637242704798e-198
1.167474838641499879e-198
5.216630969609964706e-199
2.330948622820966675e-199
1.041538401677893419e-199
4.653908848736559085e-200
2.079507345812478364e-200
9.291868280707800570e-201
4.151888009430932495e-201
1.855189238814981520e-201
8.289547078334699122e-202
3.704020556297570195e-202
1.655068503963472495e-202
7.395347059169988783e-203
3.304464920612207302e-203
1.476534951529585362e-203
6.597605105412008246e-204
2.948009668302553755e-204
1.317259955021530192e-204
5.885916209028326147e-205
2.630005526823757759e-205
1.175166078734409028e-205
5.250997758456918898e-206
2.346304744348493360e-206
1.048399981600832666e-206
4.684568464808550540e-207
2.093206990329324735e-207
9.353082439243664626e-208
4.179240348395738535e-208
1.867411091810318525e-208
8.344158017030122763e-209
3.728422376760533211e-209
1.665971975981009172e-209
7.444067072587278390e-210
3.326234497344669486e-210
1.486262257371225134e-210
6.641069652333992423e-211
2.967430943523965394e-211
1.325937968665680676e-211
5.924692200794841325e-212
2.647331813680777434e-212
1.182907988162782668e-212
5.285590953231862749e-213
2.361762030897873315e-213
1.055306765117706124e-213
4.715430064221478693e-214
2.106996887116867022e-214
9.414699872243508017e-215
4.206772882598503726e-215
1.879713461492317712e-215
8.399128728653669656e-216
3.752984954658192731e-216
1.676947279286345972e-216
7.493108049941538432e-217
3.348147490479824475e-217
1.496053646002668564e-217
6.684820540558455886e-218
2.986980164706606826e-218
1.334673152438264276e-218
5.963723646000392771e-219
2.664772244866693683e-219
1.190700900732483857e-219
5.320412045480730920e-220
2.377321148936980266e-220
1.062259050026652811e-220
4.746494977627035600e-221
2.120877630750559216e-221
9.476723236451506734e-222
4.234486799152230733e-222
1.892096878299106512e-222
8.454461583362982271e-223
3.777709349048731639e-223
1.687994887098830023e-223
7.542472105719624165e-224
3.370204844834599132e-224
1.505909539596716196e-224
6.728859656480880285e-225
3.006658174749759593e-225
1.343465882971966219e-225
6.003012227553485450e-226
2.682327572356573691e-226
1.198545152448531762e-226
5.355462536575352698e-227
2.392982769324328902e-227
1.069257136087503931e-227
4.777764544442879975e-228
2.134849819722876533e-228
9.539155206112666853e-229
4.262383292990531730e-229
1.904561876163302720e-229
8.510158966931565150e-230
3.802596625967325206e-230
1.699115275755342884e-230
7.592161368339764749e-231
3.392407511449535824e-231
1.515830363107412958e-231
6.773188898925330765e-232
3.026465822104297685e-232
1.352316539380701310e-232
6.042559639450524400e-233
2.699998553078530952e-233
1.206441081529522470e-233
5.390743937779398844e-234
2.408747567338001164e-234
1.076301325034947681e-234
4.809240112911471989e-235
2.148914056469119133e-235
9.601998473090263791e-236
4.290463566919884006e-236
1.917108992535032198e-236
8.566223280848795237e-237
3.827647858472761917e-237
1.710308924730839687e-237
7.642177980240769200e-238
3.414756447632293225e-238
1.525816544288369736e-238
6.817810179224042224e-239
3.046403960812346251e-239
1.361225503275959613e-239
6.082367586846821172e-240
2.717785948947566052e-240
1.214389028422211466e-240
5.426257770311722986e-241
2.424616222704488191e-241
1.083391920591477630e-241
4.840923040156580201e-242
2.163070947393387256e-242
9.665255746981374878e-243
4.318728831670039999e-243
1.929738768405103946e-243
8.622656942425360641e-244
3.852864126692414380e-244
1.721576316659021223e-244
7.692524097976105487e-245
3.437252616995856526e-245
1.535868513711207579e-245
6.862725421301349005e-246
3.066473450541192035e-246
1.370193158783259425e-246
6.122437786131466168e-247
2.735690526898895585e-247
1.222389335816193045e-247
5.462005565413164037e-248
2.440589419629095611e-248
1.090529228480490098e-248
4.872814692242880031e-249
2.177321102894480029e-249
9.728929755233709135e-250
4.347180305947193443e-250
1.942451748328114986e-250
8.679462384897020558e-251
3.878246517869673510e-251
1.732917937352948906e-251
7.743201892306459875e-252
3.459896989501809124e-252
1.545986704784122334e-252
6.907936561756262823e-253
3.086675156621892522e-253
1.379219892558711106e-253
6.162771965000999837e-254
2.753713058919322864e-254
1.230442348658676226e-254
5.497988864412265677e-255
2.456667846823798184e-255
1.097713556439464722e-255
4.904916444234581930e-256
2.191665137393203176e-256
9.793023243263199701e-257
4.375819216486287703e-257
1.955248480446810569e-257
8.736642057529516156e-258
3.903796126410611291e-258
1.744334275826774481e-258
7.794213548293336678e-259
3.482690541501772451e-259
1.556171553770395388e-259
6.953445549945969592e-260
3.107009950086244673e-260
1.388306093805529554e-260
6.203371862533899990e-261
2.771854322081753501e-261
1.238548414169356825e-261
5.534209218791729380e-262
2.472852197538030718e-262
1.104945214233233318e-262
4.937229680254718912e-263
2.206103669357379519e-263
9.857538974572387332e-264
4.404646798103906258e-264
1.968129516514398940e-264
8.794198425724177857e-265
3.929514053931166189e-265
1.755825824315650157e-265
7.845561265393269105e-266
3.505634255779500342e-266
1.566423499807909298e-266
6.999254348069877643e-267
3.127478707704341640e-267
1.397452154291445508e-267
6.244239229265571913e-268
2.790115098578394821e-268
1.246707881855247398e-268
5.570668190255318933e-269
2.489143169588306089e-269
1.112224513667210074e-269
4.969755793544829421e-270
2.220637321329499788e-270
9.922479730868438278e-271
4.433664293751518460e-271
1.981095411919219190e-271
8.852133971124216220e-272
3.955401409304645614e-272
1.767393078297734535e-272
7.897247257552644125e-273
3.528729121593256334e-273
1.576742984927024355e-273
7.045364931254224981e-274
3.148082312022370910e-274
1.406658468364654002e-274
6.285375827263815855e-275
2.808496175754476965e-275
1.254921103526313449e-275
5.607367350795185080e-276
2.505541465388301534e-276
1.119551768601339482e-276
5.002496186525024323e-277
2.235266719953321476e-277
9.987848312187587014e-278
4.462872954569063253e-278
1.994146725708468988e-278
8.910451191720719459e-279
3.981459308709533329e-279
1.779036536515360502e-279
7.949273753302270427e-280
3.551976134718465316e-280
1.587130454070343054e-280
7.091779287637240187e-281
3.168821651400673422e-281
1.415925432971445834e-281
6.326783430204815322e-282
2.826998346142207440e-282
1.263188433309792375e-282
5.644308282759650323e-283
2.522047791979144651e-283
1.126927294962874294e-283
5.035452270854457705e-284
2.249992496000884709e-284
1.005364753700912494e-284
4.492274039938904335e-285
2.007284020612308328e-285
8.969152601964398382e-286
4.007688875677616960e-286
1.790756700996539729e-286
8.001642995857069579e-287
3.575376297490649658e-287
1.597586355111716622e-287
7.138499418454051228e-288
3.189697620052043835e-288
1.425253447673164337e-288
6.368463823448875260e-289
2.845622407494935493e-289
1.271510227666029785e-289
5.681492578920789435e-290
2.538662861059899763e-290
1.134351410760498926e-290
5.068625467492193664e-291
2.264815284399711788e-291
1.011988024238140784e-291
4.521868817540123167e-292
2.020507863068123799e-292
9.028240732867948083e-293
4.034091241142429567e-293
1.802554077076607417e-293
8.054357243207383871e-294
3.598930618848645570e-294
1.608111138875557492e-294
7.185527338126210565e-295
3.210711118080285537e-295
1.434642914663435371e-295
6.410418804120298382e-296
2.864369162821554635e-296
1.279886845403704965e-296
5.718921842545682219e-297
2.555387389018252428e-297
1.141824436097916242e-297
5.102017206757889875e-298
2.279735724260179664e-298
1.018654928404305959e-298
4.551658563402661015e-299
2.033818823244949492e-299
9.087718132119201380e-300
4.060667543488013358e-300
1.814429173420012412e-300
8.107418768219942756e-301
3.622640114378105779e-301
1.618705259156276574e-301
7.232865074343704271e-302
3.231863051519020132e-302
1.444094238785506288e-302
6.452650181180543462e-303
2.883239420421121194e-303
1.288318647695304067e-303
5.756597687461676985e-304
2.572222096961399710e-304
1.149346693187649185e-304
5.135628928395789891e-305
2.294754458903080235e-305
1.025365753654610563e-305
4.581644561964409401e-306
2.047217475068052705e-306
9.147587364189979400e-307
4.087418928597537902e-307
1.826382502042247840e-307
8.160829858734954545e-308
3.646505806354873164e-308
1.629369172737849672e-308
7.280514668155603660e-309
3.253154332370386858e-309
1.453607827549705584e-309
6.495159775509111715e-310
2.902233993917709388e-310
1.296805998092658321e-310
5.794521738128487837e-311
2.589167710746882199e-311
1.156918506364979339e-311
5.169462081631914498e-312
2.309872135885521816e-312
1.032120789336363375e-312
4.611828106096903244e-313
2.060704396243670557e-313
9.207851010780643890e-314
4.114346549964627210e-314
1.838414578493035248e-314
8.214592816195422499e-315
3.670528721199598253e-315
1.640103341616354576e-315
7.328478145684874612e-316
3.274585876243605794e-316
1.463184105714218447e-316
6.537949446594444345e-317
2.921353840375664914e-317
1.305349103988740480e-317
5.832696922635294490e-318
2.606225925751325995e-318
1.164542371186568579e-318
5.203499382000008603e-319
2.325072929328906237e-319
1.038921240074973233e-319
4.642240808324352529e-320
2.074087581241552992e-320
9.268671515981785169e-321
4.140270112149646040e-321
1.847805515446262075e-321
8.250896285548817288e-322
3.705492343809349081e-322
1.630416631276113596e-322
7.410984687618698163e-323
3.458459520888725809e-323
1.482196937523739633e-323
9.881312916824930884e-324
4.940656458412465442e-324
0.000000000000000000e+00
0.000000000000000000e+00
0.000000000000000000e+00
0.000000000000000000e+00
0.000000000000000000e+00
0.000000000000000000e+00
0.000000000000000000e+00
0.000000000000000000e+00
0.000000000000000000e+00
0.000000000000000000e+00
0.000000000000000000e+00
0.000000000000000000e+00
0.000000000000000000e+00
0.000000000000000000e+00
0.000000000000000000e+00
0.000000000000000000e+00
0.000000000000000000e+00
0.000000000000000000e+00
0.000000000000000000e+00
0.000000000000000000e+00
0.000000000000000000e+00
0.000000000000000000e+00
0.000000000000000000e+00
0.000000000000000000e+00
0.000000000000000000e+00
0.000000000000000000e+00
0.000000000000000000e+00
0.000000000000000000e+00
0.000000000000000000e+00
0.000000000000000000e+00
0.000000000000000000e+00
0.000000000000000000e+00
0.000000000000000000e+00
0.000000000000000000e+00
0.000000000000000000e+00
0.000000000000000000e+00
0.000000000000000000e+00
0.000000000000000000e+00
0.000000000000000000e+00
0.000000000000000000e+00
0.000000000000000000e+00
0.000000000000000000e+00
0.000000000000000000e+00
0.000000000000000000e+00
0.000000000000000000e+00
0.000000000000000000e+00
0.000000000000000000e+00
0.000000000000000000e+00
0.000000000000000000e+00
0.000000000000000000e+00
0.000000000000000000e+00
0.000000000000000000e+00
0.000000000000000000e+00
0.000000000000000000e+00
0.000000000000000000e+00
0.000000000000000000e+00
0.000000000000000000e+00
0.000000000000000000e+00
0.000000000000000000e+00
0.000000000000000000e+00
0.000000000000000000e+00
0.000000000000000000e+00
0.000000000000000000e+00
0.000000000000000000e+00
0.000000000000000000e+00
0.000000000000000000e+00
0.000000000000000000e+00
0.000000000000000000e+00
0.000000000000000000e+00
0.000000000000000000e+00
0.000000000000000000e+00
0.000000000000000000e+00
0.000000000000000000e+00
0.000000000000000000e+00
0.000000000000000000e+00
