5.108099423390804333e-02
4.473005720320928635e-02
3.916873677596196396e-02
3.429885934763615696e-02
3.003445730909804975e-02
2.630025146635679364e-02
2.303032214216408496e-02
2.016694550051485041e-02
1.765957455176609889e-02
1.546394685012775910e-02
1.354130313177114367e-02
1.185770310022761335e-02
1.038342628068448376e-02
9.092447366500482769e-03
7.961976796269192025e-03
6.972058451269082593e-03
6.105217371481168331e-03
5.346151271329448000e-03
4.681460409492912804e-03
4.099411044199576144e-03
3.589728298295226123e-03
3.143414777548271186e-03
2.752591740272207661e-03
2.410360014444016142e-03
2.110678207098017501e-03
1.848256056034061883e-03
1.618461041185113121e-03
1.417236607061184411e-03
1.241030552656081660e-03
1.086732324688934785e-03
9.516181072224535673e-04
8.333027383287388169e-04
7.296976049908756104e-04
6.389737729619273570e-04
5.595297007152792192e-04
4.899629675429325280e-04
4.290455167198262924e-04
3.757019767034800155e-04
3.289906776745945335e-04
2.880870283049176222e-04
2.522689593036071365e-04
2.209041767780234647e-04
1.934390003934126270e-04
1.693885892922838597e-04
1.483283832323149213e-04
1.298866078537835931e-04
1.137377117725310230e-04
9.959661964391289452e-05
8.721369974747389278e-05
7.637035725546738546e-05
6.687517539349260268e-05
5.856053637342682923e-05
5.127966244821458459e-05
4.490402485445934726e-05
3.932107490306046421e-05
3.443225716499545330e-05
3.015126967915375032e-05
2.640254046979137716e-05
2.311989347967440179e-05
2.024538036872156630e-05
1.772825755596813709e-05
1.552409044664385983e-05
1.359396903134727397e-05
1.190382101034329064e-05
1.042381031761454876e-05
9.127810426853354782e-06
7.992943141701332966e-06
6.999174728532822328e-06
6.128962262341965628e-06
5.366943942701971534e-06
4.699667912965566465e-06
4.115354795570782513e-06
3.603689751504262531e-06
3.155640393162182036e-06
2.763297336237128937e-06
2.419734575904439813e-06
2.118887222538468769e-06
1.855444438635856730e-06
1.624755686968718408e-06
1.422748634972882958e-06
1.245857266143038238e-06
1.090958929390214529e-06
9.553192150982692870e-07
8.365436847802193274e-07
7.325356022213803735e-07
6.414589199401112513e-07
5.617058675687184163e-07
4.918685699944496286e-07
4.307141942375860617e-07
3.771631863361921812e-07
3.302702140547558501e-07
2.892074789996734629e-07
2.532501035515109053e-07
2.217633346505655006e-07
1.941913385450435763e-07
1.700473886963148612e-07
1.489052736290211257e-07
1.303917730494038759e-07
1.141800694132945391e-07
9.998397863863052604e-08
8.755289811766528124e-08
7.666738284648112206e-08
6.713527157752580635e-08
5.878829461041155826e-08
5.147910333854217171e-08
4.507866911436081655e-08
3.947400551556642746e-08
3.456617380362212375e-08
3.026853636505268027e-08
2.650522730365115481e-08
2.320981318506485440e-08
2.032412029197741761e-08
1.779720768750401295e-08
1.558446795835880094e-08
1.364683976327605932e-08
1.195011828585677899e-08
1.046435141931253296e-08
9.163311023997726123e-09
8.024029923876019981e-09
7.026396468551624785e-09
6.152799503697060935e-09
5.387817482564903502e-09
4.717946230490611767e-09
4.131360556631929515e-09
3.617705504693552377e-09
3.167913557600450177e-09
2.774044569246617088e-09
2.429145597645506772e-09
2.127128165126448483e-09
1.862660778859790687e-09
1.631074814383041837e-09
1.428282100696411010e-09
1.250702752063144041e-09
1.095201972534425758e-09
9.590347176134938541e-10
8.397972361751595966e-10
7.353846372135898789e-10
6.439537323470883898e-10
5.638904981411846027e-10
4.937815838646733647e-10
4.323893617069936269e-10
3.786300790201607333e-10
3.315547269082924015e-10
2.903322874392635135e-10
2.542350637426755753e-10
2.226258340273774781e-10
1.949466027492963873e-10
1.707087503547247605e-10
1.494844077131624778e-10
1.308989029731745344e-10
1.146241475061336677e-10
1.003728441803705310e-10
8.789341572479597686e-11
7.696556365274948045e-11
6.739637934806386752e-11
5.901693866261789907e-11
5.167931991004292372e-11
4.525399261443307041e-11
3.962753091782049093e-11
3.470061128135648742e-11
3.038625913375559946e-11
2.660831351520939067e-11
2.330008261323509225e-11
2.040316645672640914e-11
1.786642598530624506e-11
1.564508029503386527e-11
1.369991612420749901e-11
1.199659562437000411e-11
1.050505019664701053e-11
9.198949692852441303e-12
8.055237611205241966e-12
7.053724081499482288e-12
6.176729454723218020e-12
5.408772205438326647e-12
4.736295637483622621e-12
4.147428568555970824e-12
3.631775769050841591e-12
3.180234455793696820e-12
2.784833601238735700e-12
2.438593221471402458e-12
2.135401159035525492e-12
1.869905185440843427e-12
1.637418518643964026e-12
1.433837087609389398e-12
1.255567083427619809e-12
1.099461518055251398e-12
9.627646707528891095e-13
8.430634415376981948e-13
7.382447528964363350e-13
6.464582477744053866e-13
5.660836253504401552e-13
4.957020379786773268e-13
4.340710443692804321e-13
3.801026768583562581e-13
3.328442355900964566e-13
2.914614705721721009e-13
2.552238547183683677e-13
2.234916879045010177e-13
1.957048043864063943e-13
1.713726842328360219e-13
1.500657942110656782e-13
1.314080052664717278e-13
1.150699527423667480e-13
1.007632221285146728e-13
8.823525769974658312e-14
7.726490416722694184e-14
6.765850263944896207e-14
5.924647197522843373e-14
5.188031517955740384e-14
4.542999799643068425e-14
3.978165342312600100e-14
3.483557162388719600e-14
3.050443975909581234e-14
2.671180065775740864e-14
2.339070312435460199e-14
2.048252005402716388e-14
1.793591349234828682e-14
1.570592836996885843e-14
1.375319891389018050e-14
1.204325372619823428e-14
1.054590726286253949e-14
9.234726970416915979e-15
8.086566673922894627e-15
7.081157979145766627e-15
6.200752475994224255e-15
5.429808427065601572e-15
4.754716410431358546e-15
4.163559073453868443e-15
3.645900756585258787e-15
3.192603273391802967e-15
2.795664594781379934e-15
2.448077589737838421e-15
2.143706328922222486e-15
1.877177767536900422e-15
1.643786895337692224e-15
1.439413679413723291e-15
1.260450333531652117e-15
1.103737630135034544e-15
9.665091307189612813e-16
8.463423500826342976e-16
7.411159923658066076e-16
6.489725039598065459e-16
5.682852822422682679e-16
4.976299612736380883e-16
4.357592675638429948e-16
3.815810020397099140e-16
3.341387595303333374e-16
2.925950454127980596e-16
2.562164913775753654e-16
2.243609093285205572e-16
1.964659548808664520e-16
1.720392003347260101e-16
1.506494418829938672e-16
1.319190876003887610e-16
1.155174918393345232e-16
1.011551183652318655e-16
8.857842919335165038e-17
7.756540890034108375e-17
6.792164540132394015e-17
5.947689800682406200e-17
5.208209217565860564e-17
4.560668791238198871e-17
3.993637535378266985e-17
3.497105686478076185e-17
3.062308002180504502e-17
2.681569029062725673e-17
2.348167608388255348e-17
2.056218227957032591e-17
1.800567125565969971e-17
1.576701310001540397e-17
1.380668893518289075e-17
1.209009329438024132e-17
1.058692323358857633e-17
9.270643395778952933e-18
8.118017584091595078e-18
7.108698574861212529e-18
6.224868929486130724e-18
5.450926464418041548e-18
4.773208826895858512e-18
4.179752314378172440e-18
3.660080680130455617e-18
3.205020196766656952e-18
2.806537713074689169e-18
2.457598845354161805e-18
2.152043799927863354e-18
1.884478634730375187e-18
1.650180040422177865e-18
1.445011960136842908e-18
1.265352575955479871e-18
1.108030373205729321e-18
9.702681539327928743e-19
8.496340112161849273e-19
7.439983988852075955e-19
6.514965387878155196e-19
5.704955019909823198e-19
4.995653827992829548e-19
4.374540567286346562e-19
3.830650768394559045e-19
3.354383182347411000e-19
2.937330290417170059e-19
2.572129886772318743e-19
2.252335113967647678e-19
1.972300657016047746e-19
1.727083087033827775e-19
1.512353595232832075e-19
1.324321576758556017e-19
1.159667715405047035e-19
1.015485387955695923e-19
8.892293537647984954e-20
7.786708238006272435e-20
6.818581159869374115e-20
5.970822022943776940e-20
5.228465393869914786e-20
4.578406502463036120e-20
4.009169904112278425e-20
3.510706904551323436e-20
3.074218170954114881e-20
2.691998397921600596e-20
2.357300286258905936e-20
2.064215433369716338e-20
1.807570032634245256e-20
1.582833540559120130e-20
1.386038699406713161e-20
1.213711503468926244e-20
1.062809872684905693e-20
9.306699510123123633e-21
8.149590815610054023e-21
7.136346283624353343e-21
6.249079178582889056e-21
5.472126635699811562e-21
4.791773165518733438e-21
4.196008535326779886e-21
3.674315753347894424e-21
3.217485413015036317e-21
2.817453119953560205e-21
2.467157131785558509e-21
2.160413697680503634e-21
1.891807897029896254e-21
1.656598050228597838e-21
1.450632014132999363e-21
1.270273884565528854e-21
1.112339811949895643e-21
9.740417970349143396e-22
8.529384745367193780e-22
7.468920158864072272e-22
6.540303902902970685e-22
5.727143178999177761e-22
5.015083317183193430e-22
4.391554374005425431e-22
3.845549236194615725e-22
3.367429312849200134e-22
2.948754386059344922e-22
2.582133616324438731e-22
2.261095072575006188e-22
1.979971483621548888e-22
1.733800194208538897e-22
1.518235559604728964e-22
1.329472232237527246e-22
1.164177986155718320e-22
1.019434893475413756e-22
8.926878144011050395e-23
7.816992915197293990e-23
6.845100521198405103e-23
5.994044212860603340e-23
5.248800352085624880e-23
4.596213200587361254e-23
4.024762682554570692e-23
3.524361021550042873e-23
3.086174661691459055e-23
2.702468329500889179e-23
2.366468483657545307e-23
2.072243742141734233e-23
1.814600175958648419e-23
1.588989621069365199e-23
1.391429389965904538e-23
1.218431965564344107e-23
1.066943436307155279e-23
9.342895856738788061e-24
8.181286844220066827e-24
7.164101522027669081e-24
6.273383588081732268e-24
5.493409260352638628e-24
4.810409706025290117e-24
4.212327981246546997e-24
3.688606190730009596e-24
3.229999109961377143e-24
2.828410979890081677e-24
2.476752593055182802e-24
2.168816148296795047e-24
1.899165664871939517e-24
1.663041021462780728e-24
1.456273926084515949e-24
1.275214333515508290e-24
1.116666011301657876e-24
9.778301168861430866e-25
8.562557898355087583e-25
7.497968869700915739e-25
6.565740966470324796e-25
5.749417634019360728e-25
5.034588373068767232e-25
4.408634352157738586e-25
3.860505648285657815e-25
3.380526183386285523e-25
2.960222913191457305e-25
2.592176253167153347e-25
2.269889101101324702e-25
1.987672144208294991e-25
1.740543426083986983e-25
1.524140400574387923e-25
1.334642920050282731e-25
1.168705798605597326e-25
1.023399759722164646e-25
8.961597259541207387e-26
7.847395377933186429e-26
6.871723023710155927e-26
6.017356720342156311e-26
5.269214398617788436e-26
4.614089153920440175e-26
4.040416105655324537e-26
3.538068243212889101e-26
3.098177654551554634e-26
2.712978981560307883e-26
2.375672338729512212e-26
2.080303275242713553e-26
1.821657661468565347e-26
1.595169644291384835e-26
1.396841046422164418e-26
1.223170786851654430e-26
1.071093076509664806e-26
9.379232981028309489e-27
8.213106147513728291e-27
7.191964708283876832e-27
6.297782524198690540e-27
5.514774659060648891e-27
4.829118729228763679e-27
4.228710898036995909e-27
3.702952207603458573e-27
3.242561476160616229e-27
2.839411457996019500e-27
2.486385373746335128e-27
2.177251278383891254e-27
1.906552049122499972e-27
1.669509051206672410e-27
1.461937781003069330e-27
1.280173997247530816e-27
1.121009036447687530e-27
9.816331705684445498e-28
8.595860070974761770e-28
7.527130559065223141e-28
6.591276961862946617e-28
5.771778720599282847e-28
5.054169289549478346e-28
4.425780759102417790e-28
3.875520230029173184e-28
3.393673991300797250e-28
2.971736044619947506e-28
2.602257948621753125e-28
2.278717332054006631e-28
1.995402754808949776e-28
1.747312884266409677e-28
1.530068207115269709e-28
1.339833718108147824e-28
1.173251220979238093e-28
1.027380046438094072e-28
8.996451407382073829e-29
7.877916084314743105e-29
6.898449068549414278e-29
6.040759896658603713e-29
5.289707841062896378e-29
4.632034631815071229e-29
4.056130409278508512e-29
3.551828776078692990e-29
3.110227330394109815e-29
2.723530512473147319e-29
2.384911990157428550e-29
2.088394154112766231e-29
1.828742595505371253e-29
1.601373703345053867e-29
1.402273750317706305e-29
1.227928038734868081e-29
1.075258855818732539e-29
9.415711430515272803e-30
8.245049204940615202e-30
7.219936262232296996e-30
6.322276354574111679e-30
5.536223153755237995e-30
4.847900517034551090e-30
4.245157532554052358e-30
3.717354020132364802e-30
3.255172700901058222e-30
2.850454720025305408e-30
2.496055619004658283e-30
2.185719215041355921e-30
1.913967161078774735e-30
1.676002236919795741e-30
1.467623664230980639e-30
1.285152950493236163e-30
1.125368952828192885e-30
9.854510153857914723e-31
8.629291765019562009e-31
7.556405666361953910e-31
6.616912273854309654e-31
5.794226775673209219e-31
5.073826361668345508e-31
4.442993853199542142e-31
3.890593207663169955e-31
3.406872934702383644e-31
2.983293953823368071e-31
2.612378854598058239e-31
2.287579898455832284e-31
2.003163431907458626e-31
1.754108670757232140e-31
1.536019068546876987e-31
1.345044704625477133e-31
1.177814321766539221e-31
1.031375813597709555e-31
9.031441112711915341e-32
7.908555494224488719e-32
6.925279058421131656e-32
6.064254094446340345e-32
5.310280988213766964e-32
4.650049904671669770e-32
4.071905830205431702e-32
3.565642827489596293e-32
3.122323870782247177e-32
2.734123081228673228e-32
2.394187577163293964e-32
2.096516500664334851e-32
1.835855084824032801e-32
1.607601891712427991e-32
1.407727583511884109e-32
1.232703792895714914e-32
1.079440837003839276e-32
9.452331754852801330e-33
8.277116497815025025e-33
7.248016605344966955e-33
6.346865448278196969e-33
5.557755067619762529e-33
4.866755352444458775e-33
4.261668132613643168e-33
3.731811845321572206e-33
3.267832974207132915e-33
2.861540932376532983e-33
2.505763474540253323e-33
2.194220085863079790e-33
1.921411112470785728e-33
1.682520676440722316e-33
1.473331661442459612e-33
1.290151268274915850e-33
1.129745826137873535e-33
9.892837088650280340e-34
8.662853484234262956e-34
7.585794632705037414e-34
6.642647288714235034e-34
5.816762137485836380e-34
5.093559885615785780e-34
4.460273893814021163e-34
3.905724808305475927e-34
3.420123212471197354e-34
2.994896814954916232e-34
2.622539123596708911e-34
2.296476933846892917e-34
2.010954292440806624e-34
1.760930887954554310e-34
1.541993074536102105e-34
1.350275958120793313e-34
1.182395169723775077e-34
1.035387121408753598e-34
9.066566902751563162e-35
7.939314069333397661e-35
6.952213397596491915e-35
6.087839667713134223e-35
5.330934150064205005e-35
4.668135243942220000e-35
4.087742606138311440e-35
3.579510605594077262e-35
3.134467457985235934e-35
2.744756847434446980e-35
2.403499239510580211e-35
2.104670437283967028e-35
1.842995236594715589e-35
1.613854303239106023e-35
1.413202628182425180e-35
1.237498121294688749e-35
1.083639083078593847e-35
9.489094505831571994e-36
8.309308509323214660e-36
7.276206160733295306e-36
6.371550175816566339e-36
5.579370725094650988e-36
4.885683519560965124e-36
4.278242946995607571e-36
3.746325901019919318e-36
3.280542486842394738e-36
2.872670262095467868e-36
2.515509086629982407e-36
2.202754018939199761e-36
1.928884015463144256e-36
1.689064467988545340e-36
1.479061858644958217e-36
1.295169025906643489e-36
1.134139722326958192e-36
9.931313087567359008e-37
8.696545734323027460e-37
7.615297900924020748e-37
6.668482394214994056e-37
5.839385145597390478e-37
5.113370158734289505e-37
4.477621141319507541e-37
3.920915259957325789e-37
3.433425024260890238e-37
3.006544802845181914e-37
2.632738908711463442e-37
2.305408572286705593e-37
2.018775453800778218e-37
1.767779638654767835e-37
1.547990315098575669e-37
1.355527557418028030e-37
1.186993833874632839e-37
1.039414030313155294e-37
9.101829306772357597e-38
7.970192273108175513e-38
6.979252491919000448e-38
6.111516971843716783e-38
5.351667637813660860e-38
4.686290922134551924e-38
4.103640975703855034e-38
3.593432319350237712e-38
3.146658274981245073e-38
2.755431971318847790e-38
2.412847117506338298e-38
2.112856086834251704e-38
1.850163158404401448e-38
1.620131032135712310e-38
1.418698966826669637e-38
1.242311096172183485e-38
1.087853657301682221e-38
9.526000237388530690e-39
8.341625724530688830e-39
7.304505353154245525e-39
6.396330909135837571e-39
5.601070451882128480e-39
4.904685303591502551e-39
4.294882225447333004e-39
3.760896405923516557e-39
3.293301430312311372e-39
2.883842876877563104e-39
2.525292602119600473e-39
2.211321142858033479e-39
1.936385982656688484e-39
1.695633710164358235e-39
1.484814342180425402e-39
1.300206298995411009e-39
1.138550707602166416e-39
9.969938730361054516e-40
8.730369022956783439e-40
7.644915915570734702e-40
6.694417979636971282e-40
5.862096140888739562e-40
5.133257479522763108e-40
4.495035857102318081e-40
3.936164791506688504e-40
3.446778570501624650e-40
3.018238093004699716e-40
2.642978363631503689e-40
2.314374948356164396e-40
2.026627033835728965e-40
1.774655026054055872e-40
1.554010880600024604e-40
1.360799581647672400e-40
1.191610383511251953e-40
1.043456600987912210e-40
9.137228856104127324e-41
8.001190570818026724e-41
7.006396748810603426e-41
6.135286363604968971e-41
5.372481763871929702e-41
4.704517212816324713e-41
4.119601178456856199e-41
3.607408178528848880e-41
3.158896505460093373e-41
2.766148613733406496e-41
2.422231352003312040e-41
2.121073572655608528e-41
1.857358958258505750e-41
1.626432172979272506e-41
1.424216682262811534e-41
1.247142790049548030e-41
1.092084623177821139e-41
9.563049505614969408e-42
8.374068630389509012e-42
7.332914609016774041e-42
6.421208021629233380e-42
5.622854574951166424e-42
4.923760990852754490e-42
4.311586218687541560e-42
3.775523579579047504e-42
3.306109996867166414e-42
2.895058945070485208e-42
2.535114168425987462e-42
2.219921586708011994e-42
1.943917127090192149e-42
1.702228501952741568e-42
1.490589198726616756e-42
1.305263163442266536e-42
1.142978848427713760e-42
1.000871459903808180e-42
8.764323859780930340e-43
7.674649122925996485e-43
6.720454435774564445e-43
5.884895465566532534e-43
5.153222147641052710e-43
4.512518303565378804e-43
3.951473632731741309e-43
3.460184052403088603e-43
3.029976861626612020e-43
2.653257642643751704e-43
2.323376197159587317e-43
2.034509150852357812e-43
1.781557153749960669e-43
1.560054861757633564e-43
1.366092110247977319e-43
1.196244888195268172e-43
1.047514894346011805e-43
9.172766084143181057e-44
8.032309429541711172e-44
7.033646577277823373e-44
6.159148201151335310e-44
5.393376841863856604e-44
4.722814390619178968e-44
4.135623454883802690e-44
3.621438393716540992e-44
3.171182333826021866e-44
2.776906936155252111e-44
2.431652084402061338e-44
2.129323018568164315e-44
1.864582744582508871e-44
1.632757820714647541e-44
1.429755857631149304e-44
1.251993275730186843e-44
1.096332044458714839e-44
9.600242868764975518e-45
8.406637715745627453e-45
7.361434356388259165e-45
6.446181888142208659e-45
5.644723422542412298e-45
4.942910868774969492e-45
4.328355178410070737e-45
3.790207642387071445e-45
3.318968379504958354e-45
2.906318635676651972e-45
2.544973933539368304e-45
2.228555480079628572e-45
1.951477562242068175e-45
1.708848942723256132e-45
1.496386515298403405e-45
1.310339695443458093e-45
1.147424211526314164e-45
1.004764127786874316e-45
8.798410756423022476e-46
7.704497971006335791e-46
6.746592154942081413e-46
5.907783463168357556e-46
5.173264463914467857e-46
4.530068744132168762e-46
3.966842014304332441e-46
3.473641671957533611e-46
3.041761285589326543e-46
2.663576900635194221e-46
2.332412454326749377e-46
2.042421923617492442e-46
1.788486125742943616e-46
1.566122349641411123e-46
1.371405222966151236e-46
1.200897417758862113e-46
1.051588971537348826e-46
9.208441526360359598e-47
8.063549318174596120e-47
7.061002387917922107e-47
6.183102844030223617e-47
5.414353186634057460e-47
4.741182731242873039e-47
4.151708046406503322e-47
3.635523176318972169e-47
3.183515945200471325e-47
2.787707100689541290e-47
2.441109456653092024e-47
2.137604548873614881e-47
1.871834626223587060e-47
1.639108070655965606e-47
1.435316576395336742e-47
1.256862626300657112e-47
1.100595985144016298e-47
9.637580887263842921e-48
8.439333471346252308e-48
7.390065025000956264e-48
6.471252884978091539e-48
5.666677324173132025e-48
4.962135225906292147e-48
4.345189357287665612e-48
3.804948815605348974e-48
3.331876771974310035e-48
2.917622118355779277e-48
2.554872046025542342e-48
2.237222953067389451e-48
1.959067402032078793e-48
1.715495132231936504e-48
1.502206379249080217e-48
1.315435971491582911e-48
1.151886863880184155e-48
1.008671935339573314e-48
8.832630226500471675e-49
7.734462909570742854e-49
6.772831530979653701e-49
5.930760478567912832e-49
5.193384730338313457e-49
4.547687443250694422e-49
3.982270167793457080e-49
3.487151631942813924e-49
3.053591542459180468e-49
2.673936293095217105e-49
2.341483856014927835e-49
2.050365471359877156e-49
1.795442046437952779e-49
1.572213435675563155e-49
1.376738999859562522e-49
1.205568042305810831e-49
1.055678893949646852e-49
9.244255720309102406e-50
8.094910707435705400e-50
7.088464592925090327e-50
6.207150653187419709e-50
5.435411114251669227e-50
4.759622511459436050e-50
4.167855195385720989e-50
3.649662738564018108e-50
3.195897525424870791e-50
2.798549270071903793e-50
2.450603611258994868e-50
2.145918288357100751e-50
1.879114712452254546e-50
1.645483018488058316e-50
1.440898922343640261e-50
1.261750915131769215e-50
1.104876509482289861e-50
9.675064123716514707e-51
8.472156389847249252e-51
7.418807046258467898e-51
6.496421389903762914e-51
5.688716610642173304e-51
4.981434351917111593e-51
4.362089008975785590e-51
3.819747321352172245e-51
3.344835368777385523e-51
2.928969563427436013e-51
2.564808655028124198e-51
2.245924136271774860e-51
1.966686760823051991e-51
1.722167170622798068e-51
1.508048878271684150e-51
1.320552068376738837e-51
1.156366872732053285e-51
1.012594941444297291e-51
8.866982785628297680e-52
7.764544390127443223e-52
6.799172959259162098e-52
5.953826857980208212e-52
5.213583250082434849e-52
4.565374666397477592e-52
3.997758325668747084e-52
3.500714135925443044e-52
3.065467810493115934e-52
2.684335976117947570e-52
2.350590538910954349e-52
2.058339913771970078e-52
1.802425020645997002e-52
1.578328211639868967e-52
1.382093521296943733e-52
1.210256832212544494e-52
1.059784723209383612e-52
9.280209205633538399e-53
8.126394069874826421e-53
7.116033606096655457e-53
6.231291990972532418e-53
5.456550942015108189e-53
4.778134009117345368e-53
4.184065145124830238e-53
3.663857293504966127e-53
3.208327261063438892e-53
2.809433607670894303e-53
2.460134691276593868e-53
2.154264362289086740e-53
1.886423112964007588e-53
1.651882760267901812e-53
1.446502979590203202e-53
1.266658215879694441e-53
1.109173681971981451e-53
9.712693142916059367e-54
8.505106965820553850e-54
7.447660853242245340e-54
6.521687782155344630e-54
5.710841614034957671e-54
5.000808537604426453e-54
4.379054388116427914e-54
3.834603382609713403e-54
3.357844365172821992e-54
2.940361141873610804e-54
2.574783910270788309e-54
2.254659160801207184e-54
1.974335753422604797e-54
1.728865158429342806e-54
1.513914100400314297e-54
1.325688063187681952e-54
1.160864305586176452e-54
1.016533205212448220e-54
8.901468951426884414e-55
7.794742865940704996e-55
6.825616836690199698e-55
5.976982948966780780e-55
5.233860327495790376e-55
4.583130680081550023e-55
4.013306721303973584e-55
3.514329388263663298e-55
3.077390268641364626e-55
2.694776106404605774e-55
2.359732640233273552e-55
2.066345371011747434e-55
1.809435153585723156e-55
1.584466769671065212e-55
1.387468867959604576e-55
1.214963858129207255e-55
1.063906521182719590e-55
9.316302524076626083e-56
8.157999879879621733e-56
7.143709842839317191e-56
6.255527221144444021e-56
5.477772988456853640e-56
4.796717503145704218e-56
4.200338139873475440e-56
3.678107055023728701e-56
3.220805339405994222e-56
2.820360277490451407e-56
2.469702840319099181e-56
2.162642896427249721e-56
1.893759937880979913e-56
1.658307392426064734e-56
1.452128832576311354e-56
1.271584602487072119e-56
1.113487567362388716e-56
9.750468511852186039e-57
8.538185695761632740e-57
7.476626880718113358e-57
6.547052442443910909e-57
5.733052667728472759e-57
5.020258074896225871e-57
4.396085750341962105e-57
3.849517223227385184e-57
3.370903957178671342e-57
2.951797025341292047e-57
2.584797962059526489e-57
2.263428158274024780e-57
1.982014495084871690e-57
1.735589196576076472e-57
1.519802134011459259e-57
1.330844033313006009e-57
1.165379230209335520e-57
1.020486785985329106e-57
8.936089243529788702e-58
7.825058792037783502e-58
6.852163561725956073e-58
6.000229100440931369e-58
5.254216268111037194e-58
4.600955751848537266e-58
4.028915588980505978e-58
3.527997594110520568e-58
3.089359096550146808e-58
2.705256841265905523e-58
2.368910297733976211e-58
2.074381963704512775e-58
1.816472550885003681e-58
1.590629202264257260e-58
1.392865120842627118e-58
1.219689190980720607e-58
1.068044349976429830e-58
9.352536219488442161e-59
8.189728613682662779e-59
7.171493720175411773e-59
6.279856708876800815e-59
5.499077573348326564e-59
4.815373273558383250e-59
4.216674424831260900e-59
3.692412237834062696e-59
3.233331948470823787e-59
2.831329444172332467e-59
2.479308202558273691e-59
2.171054017018372126e-59
1.901125297753627626e-59
1.664757011768137946e-59
1.457776566071666899e-59
1.276530149184126139e-59
