1.124619247539867389e-01
8.609455743809577011e-02
6.362822998170782063e-02
4.788430269426487834e-02
3.724488145822689444e-02
2.976432196649694134e-02
2.413747420803284346e-02
1.965349948659145252e-02
1.644146636855613880e-02
1.364792419503770525e-02
1.154520357808617309e-02
9.682688637249574348e-03
8.120484965141694725e-03
6.924548901561794825e-03
5.920983238497034076e-03
5.129886376001234656e-03
4.450549619465089292e-03
3.836464946122546994e-03
3.260491389863193288e-03
2.842488007611766038e-03
2.426903475932854111e-03
2.101087283362252679e-03
1.788654674978434238e-03
1.554053256236998535e-03
1.288494342318323481e-03
1.057357324340881932e-03
9.257832296489230429e-04
7.852163198385431675e-04
6.465996590899895967e-04
5.527791358198840812e-04
4.810560178919710502e-04
4.006353308841634274e-04
3.389587043039080983e-04
2.923152475752301962e-04
2.513483699560929208e-04
2.108779932439456347e-04
1.753013873373559497e-04
1.435456443843941736e-04
1.234374930852644907e-04
1.099084528226206058e-04
8.866455231290236666e-05
7.612634692083631953e-05
6.540024794871718544e-05
5.742454188962355717e-05
4.592348978335372678e-05
4.126022758218694992e-05
3.477510771576414937e-05
2.862667668043162848e-05
2.486380654960049618e-05
1.955100306367547265e-05
1.818187404868839408e-05
1.470287350352308308e-05
1.088794255745819959e-05
1.152098798556849742e-05
1.049063348469615171e-05
8.077444051818889189e-06
7.382830344298439167e-06
7.035252622612960141e-06
6.093309412543404257e-06
5.892352498797723732e-06
3.761082402524457163e-06
4.431453430734706738e-06
3.371818107142441920e-06
2.418777438175244481e-06
1.799256445572861883e-06
1.683178704884664158e-06
1.258807217710523791e-06
1.158415438573764754e-06
1.055423327354570859e-06
9.697315505213272854e-07
7.472812669067699907e-07
4.442775710010309269e-07
2.876536105816149392e-07
2.717049071426802550e-07
2.652447071253807679e-07
2.628253148170151850e-07
2.323805726222811231e-07
1.433248870253124497e-07
1.217887200242455468e-07
1.203802068129265861e-07
6.236029722359551160e-08
5.249041176320313293e-08
1.194283769235852802e-08
0.000000000000000000e+00
0.000000000000000000e+00
0.000000000000000000e+00
0.000000000000000000e+00
0.000000000000000000e+00
0.000000000000000000e+00
0.000000000000000000e+00
0.000000000000000000e+00
0.000000000000000000e+00
0.000000000000000000e+00
0.000000000000000000e+00
0.000000000000000000e+00
0.000000000000000000e+00
0.000000000000000000e+00
0.000000000000000000e+00
0.000000000000000000e+00
0.000000000000000000e+00
0.000000000000000000e+00
0.000000000000000000e+00
0.000000000000000000e+00
0.000000000000000000e+00
0.000000000000000000e+00
0.000000000000000000e+00
0.000000000000000000e+00
0.000000000000000000e+00
0.000000000000000000e+00
0.000000000000000000e+00
0.000000000000000000e+00
0.000000000000000000e+00
0.000000000000000000e+00
0.000000000000000000e+00
0.000000000000000000e+00
0.000000000000000000e+00
0.000000000000000000e+00
0.000000000000000000e+00
0.000000000000000000e+00
0.000000000000000000e+00
0.000000000000000000e+00
0.000000000000000000e+00
0.000000000000000000e+00
0.000000000000000000e+00
0.000000000000000000e+00
0.000000000000000000e+00
0.000000000000000000e+00
0.000000000000000000e+00
0.000000000000000000e+00
0.000000000000000000e+00
0.000000000000000000e+00
0.000000000000000000e+00
0.000000000000000000e+00
0.000000000000000000e+00
0.000000000000000000e+00
0.000000000000000000e+00
0.000000000000000000e+00
0.000000000000000000e+00
0.000000000000000000e+00
0.000000000000000000e+00
0.000000000000000000e+00
0.000000000000000000e+00
0.000000000000000000e+00
0.000000000000000000e+00
0.000000000000000000e+00
0.000000000000000000e+00
0.000000000000000000e+00
0.000000000000000000e+00
0.000000000000000000e+00
0.000000000000000000e+00
0.000000000000000000e+00
0.000000000000000000e+00
0.000000000000000000e+00
0.000000000000000000e+00
0.000000000000000000e+00
0.000000000000000000e+00
0.000000000000000000e+00
0.000000000000000000e+00
0.000000000000000000e+00
0.000000000000000000e+00
0.000000000000000000e+00
0.000000000000000000e+00
0.000000000000000000e+00
0.000000000000000000e+00
0.000000000000000000e+00
0.000000000000000000e+00
0.000000000000000000e+00
0.000000000000000000e+00
0.000000000000000000e+00
0.000000000000000000e+00
0.000000000000000000e+00
0.000000000000000000e+00
0.000000000000000000e+00
0.000000000000000000e+00
0.000000000000000000e+00
0.000000000000000000e+00
0.000000000000000000e+00
0.000000000000000000e+00
0.000000000000000000e+00
0.000000000000000000e+00
0.000000000000000000e+00
0.000000000000000000e+00
0.000000000000000000e+00
0.000000000000000000e+00
0.000000000000000000e+00
0.000000000000000000e+00
0.000000000000000000e+00
0.000000000000000000e+00
0.000000000000000000e+00
0.000000000000000000e+00
0.000000000000000000e+00
0.000000000000000000e+00
0.000000000000000000e+00
0.000000000000000000e+00
0.000000000000000000e+00
0.000000000000000000e+00
0.000000000000000000e+00
0.000000000000000000e+00
0.000000000000000000e+00
0.000000000000000000e+00
