1.481682985748389303e-01
1.098380656438677216e-01
7.856859226844500887e-02
5.688015505248941728e-02
4.230837899238884536e-02
3.228898572952794421e-02
2.522703618941846831e-02
1.962320517334401396e-02
1.556253506632535206e-02
1.237653128568697372e-02
9.993490343114910454e-03
8.112152426264170740e-03
6.565864348478359265e-03
5.380335311086567075e-03
4.430423216768930236e-03
3.683721741783394735e-03
3.066175102753589034e-03
2.538654946870898092e-03
2.081631690305461250e-03
1.739787869619121305e-03
1.468280438704601051e-03
1.190712388746947197e-03
9.826781808339399033e-04
8.335066976001346932e-04
6.714252655826681787e-04
5.404605461318659531e-04
4.632167110944475038e-04
3.823669460966622538e-04
3.023280310439173109e-04
2.531949522240070443e-04
2.146350245987070171e-04
1.807564408881854863e-04
1.490740705441620539e-04
1.194215924686950427e-04
9.761996834914850850e-05
8.526045661008952164e-05
6.468451658835297903e-05
5.209503341436960071e-05
4.080429385542851334e-05
3.842681539882754062e-05
2.769453836176059689e-05
1.984515113099667119e-05
1.647118513784247732e-05
2.174929247292294328e-05
1.317658834749973118e-05
1.084111911330733366e-05
8.021464533093628662e-06
6.595973725277124102e-06
5.816146401001036099e-06
5.766748204690563240e-06
5.514748218358257780e-06
5.619356163486317454e-06
3.518756672760017295e-06
3.304753170200416737e-06
2.231896298891794918e-06
1.473707321783863720e-06
1.414327092190932845e-06
1.201693455579437818e-06
1.051605960974273218e-06
8.887413530713240261e-07
5.301298196989810923e-07
6.588750795732567290e-07
1.117207319155772375e-06
6.526733228263789097e-07
0.000000000000000000e+00
0.000000000000000000e+00
0.000000000000000000e+00
0.000000000000000000e+00
0.000000000000000000e+00
0.000000000000000000e+00
0.000000000000000000e+00
0.000000000000000000e+00
0.000000000000000000e+00
0.000000000000000000e+00
0.000000000000000000e+00
0.000000000000000000e+00
0.000000000000000000e+00
0.000000000000000000e+00
0.000000000000000000e+00
0.000000000000000000e+00
0.000000000000000000e+00
0.000000000000000000e+00
0.000000000000000000e+00
0.000000000000000000e+00
0.000000000000000000e+00
0.000000000000000000e+00
0.000000000000000000e+00
0.000000000000000000e+00
0.000000000000000000e+00
0.000000000000000000e+00
0.000000000000000000e+00
0.000000000000000000e+00
0.000000000000000000e+00
0.000000000000000000e+00
0.000000000000000000e+00
0.000000000000000000e+00
0.000000000000000000e+00
0.000000000000000000e+00
0.000000000000000000e+00
0.000000000000000000e+00
0.000000000000000000e+00
0.000000000000000000e+00
0.000000000000000000e+00
0.000000000000000000e+00
0.000000000000000000e+00
0.000000000000000000e+00
0.000000000000000000e+00
0.000000000000000000e+00
0.000000000000000000e+00
0.000000000000000000e+00
0.000000000000000000e+00
0.000000000000000000e+00
0.000000000000000000e+00
0.000000000000000000e+00
0.000000000000000000e+00
0.000000000000000000e+00
0.000000000000000000e+00
0.000000000000000000e+00
0.000000000000000000e+00
0.000000000000000000e+00
0.000000000000000000e+00
0.000000000000000000e+00
0.000000000000000000e+00
0.000000000000000000e+00
0.000000000000000000e+00
0.000000000000000000e+00
0.000000000000000000e+00
0.000000000000000000e+00
0.000000000000000000e+00
0.000000000000000000e+00
0.000000000000000000e+00
0.000000000000000000e+00
0.000000000000000000e+00
0.000000000000000000e+00
0.000000000000000000e+00
0.000000000000000000e+00
0.000000000000000000e+00
0.000000000000000000e+00
0.000000000000000000e+00
0.000000000000000000e+00
0.000000000000000000e+00
0.000000000000000000e+00
0.000000000000000000e+00
0.000000000000000000e+00
0.000000000000000000e+00
0.000000000000000000e+00
0.000000000000000000e+00
0.000000000000000000e+00
0.000000000000000000e+00
0.000000000000000000e+00
0.000000000000000000e+00
0.000000000000000000e+00
0.000000000000000000e+00
0.000000000000000000e+00
0.000000000000000000e+00
0.000000000000000000e+00
0.000000000000000000e+00
0.000000000000000000e+00
0.000000000000000000e+00
0.000000000000000000e+00
0.000000000000000000e+00
0.000000000000000000e+00
0.000000000000000000e+00
0.000000000000000000e+00
0.000000000000000000e+00
0.000000000000000000e+00
0.000000000000000000e+00
0.000000000000000000e+00
0.000000000000000000e+00
0.000000000000000000e+00
0.000000000000000000e+00
0.000000000000000000e+00
0.000000000000000000e+00
0.000000000000000000e+00
0.000000000000000000e+00
0.000000000000000000e+00
0.000000000000000000e+00
0.000000000000000000e+00
0.000000000000000000e+00
0.000000000000000000e+00
0.000000000000000000e+00
0.000000000000000000e+00
0.000000000000000000e+00
0.000000000000000000e+00
0.000000000000000000e+00
0.000000000000000000e+00
0.000000000000000000e+00
0.000000000000000000e+00
0.000000000000000000e+00
0.000000000000000000e+00
0.000000000000000000e+00
0.000000000000000000e+00
0.000000000000000000e+00
0.000000000000000000e+00
0.000000000000000000e+00
0.000000000000000000e+00
0.000000000000000000e+00
0.000000000000000000e+00
0.000000000000000000e+00
0.000000000000000000e+00
