1.033092856913580132e-01
7.978871421012324883e-02
5.951222994719788245e-02
4.522617142031529203e-02
3.572842856015984864e-02
2.891101549518161618e-02
2.366836662100687758e-02
1.953839404692837844e-02
1.646987393092997146e-02
1.380921258844936862e-02
1.182693845071068790e-02
1.004666173711950966e-02
8.515849695725373827e-03
7.306789927571503279e-03
6.318134894001530347e-03
5.559544408072457367e-03
4.860415438072033384e-03
4.204836125270254230e-03
3.606196043876684285e-03
3.179929959922481956e-03
2.709765392187021404e-03
2.374213002682269355e-03
2.028633190568070177e-03
1.788052863102063605e-03
1.485408236744827646e-03
1.230756781592456505e-03
1.066234065543306781e-03
9.162037523610625390e-04
7.739227558756566839e-04
6.681934186853795291e-04
5.849258301340336990e-04
4.959321190650101650e-04
4.130616561615632295e-04
3.575177310838093350e-04
3.039996834666208107e-04
2.560907672978640767e-04
2.180383487130741382e-04
1.795295039613409424e-04
1.543571044473590593e-04
1.390433491424677753e-04
1.164364349795410012e-04
9.905199141462544155e-05
8.767890318070949867e-05
7.399765628245134669e-05
6.102345403433754028e-05
5.675006006917663318e-05
4.723299758290718143e-05
3.970129500799184921e-05
3.431165597846641514e-05
2.809905454211261694e-05
2.767938933041403193e-05
2.225406265820578661e-05
1.703993706536324605e-05
1.700983064800226112e-05
1.649007903990752950e-05
1.397560286835620477e-05
1.108710410180062450e-05
9.963319016688831247e-06
8.283209197935941721e-06
7.582416593464589075e-06
5.396266734595099234e-06
6.272143450724588738e-06
4.560746570792634339e-06
3.412463126455726393e-06
2.694202360039631040e-06
2.067900330644777852e-06
1.664522637072857925e-06
1.568928053748217381e-06
1.577476988303662894e-06
1.407488428033093393e-06
1.096302916964626088e-06
6.022732444155640726e-07
4.197940092060117665e-07
4.046146862994970590e-07
3.558755628641192190e-07
3.141693199905187716e-07
2.368116587330740280e-07
1.262054575897138679e-07
1.072416345899787079e-07
1.060011535965755451e-07
1.047805288855673203e-07
1.035786871443921515e-07
6.752584986240136760e-08
5.501666028172595716e-08
5.469010493477123590e-08
5.382555166616966893e-08
3.135145993277664794e-08
0.000000000000000000e+00
0.000000000000000000e+00
0.000000000000000000e+00
0.000000000000000000e+00
0.000000000000000000e+00
0.000000000000000000e+00
0.000000000000000000e+00
0.000000000000000000e+00
0.000000000000000000e+00
0.000000000000000000e+00
0.000000000000000000e+00
0.000000000000000000e+00
0.000000000000000000e+00
0.000000000000000000e+00
0.000000000000000000e+00
0.000000000000000000e+00
0.000000000000000000e+00
0.000000000000000000e+00
0.000000000000000000e+00
0.000000000000000000e+00
0.000000000000000000e+00
0.000000000000000000e+00
0.000000000000000000e+00
0.000000000000000000e+00
0.000000000000000000e+00
0.000000000000000000e+00
0.000000000000000000e+00
0.000000000000000000e+00
0.000000000000000000e+00
0.000000000000000000e+00
0.000000000000000000e+00
0.000000000000000000e+00
0.000000000000000000e+00
0.000000000000000000e+00
0.000000000000000000e+00
0.000000000000000000e+00
0.000000000000000000e+00
0.000000000000000000e+00
0.000000000000000000e+00
0.000000000000000000e+00
0.000000000000000000e+00
0.000000000000000000e+00
0.000000000000000000e+00
0.000000000000000000e+00
0.000000000000000000e+00
0.000000000000000000e+00
0.000000000000000000e+00
0.000000000000000000e+00
0.000000000000000000e+00
0.000000000000000000e+00
0.000000000000000000e+00
0.000000000000000000e+00
0.000000000000000000e+00
0.000000000000000000e+00
0.000000000000000000e+00
0.000000000000000000e+00
0.000000000000000000e+00
0.000000000000000000e+00
0.000000000000000000e+00
0.000000000000000000e+00
0.000000000000000000e+00
0.000000000000000000e+00
0.000000000000000000e+00
0.000000000000000000e+00
0.000000000000000000e+00
0.000000000000000000e+00
0.000000000000000000e+00
0.000000000000000000e+00
0.000000000000000000e+00
0.000000000000000000e+00
0.000000000000000000e+00
0.000000000000000000e+00
0.000000000000000000e+00
0.000000000000000000e+00
0.000000000000000000e+00
0.000000000000000000e+00
0.000000000000000000e+00
0.000000000000000000e+00
0.000000000000000000e+00
0.000000000000000000e+00
0.000000000000000000e+00
0.000000000000000000e+00
0.000000000000000000e+00
0.000000000000000000e+00
0.000000000000000000e+00
0.000000000000000000e+00
0.000000000000000000e+00
0.000000000000000000e+00
0.000000000000000000e+00
0.000000000000000000e+00
0.000000000000000000e+00
0.000000000000000000e+00
0.000000000000000000e+00
0.000000000000000000e+00
0.000000000000000000e+00
0.000000000000000000e+00
0.000000000000000000e+00
0.000000000000000000e+00
0.000000000000000000e+00
0.000000000000000000e+00
0.000000000000000000e+00
0.000000000000000000e+00
0.000000000000000000e+00
0.000000000000000000e+00
0.000000000000000000e+00
0.000000000000000000e+00
0.000000000000000000e+00
0.000000000000000000e+00
0.000000000000000000e+00
0.000000000000000000e+00
0.000000000000000000e+00
0.000000000000000000e+00
0.000000000000000000e+00
