5.137913361543394725e-05
5.268047164956212900e-05
5.409368116554071228e-05
5.551323679647838974e-05
5.690999913821901882e-05
5.852235825558069156e-05
6.006391639594490384e-05
6.166850896844138755e-05
6.332244930035161787e-05
6.511370678095483241e-05
6.692200909717062893e-05
6.881007989529875106e-05
7.070997305220466504e-05
7.274500190890880401e-05
7.481013582156453639e-05
7.692792933781611117e-05
7.912463581417792876e-05
8.138187825823988200e-05
8.376659936153250247e-05
8.619024921309208426e-05
8.868613668179046289e-05
9.130951784689930273e-05
9.400756511151473545e-05
9.680147759692486872e-05
9.963059563768692558e-05
1.026048687238450527e-04
1.056712646749823824e-04
1.088766089352274295e-04
1.121368218289533586e-04
1.155485938738001517e-04
1.190514110674673466e-04
1.226498391423469286e-04
1.264037453222083317e-04
1.302707060837845782e-04
1.342568548123869682e-04
1.383988344564580052e-04
1.426622825703944349e-04
1.470683863016728962e-04
1.516412960750885663e-04
1.563431297956270497e-04
1.612129452730565941e-04
1.662709522102073496e-04
1.714675724657963821e-04
1.768543617590979901e-04
1.824032598473063595e-04
1.881738296810153536e-04
1.941176632079001088e-04
2.002563656951917681e-04
2.066075462107653745e-04
2.131759313843402490e-04
