3.788143712466065884e+08
3.603302233506609797e+08
3.417487432559438944e+08
3.244941705766744018e+08
3.087612865865516067e+08
2.919821910099259615e+08
2.771869036280020475e+08
2.629499567902634740e+08
2.493931898706257045e+08
2.358604707621808052e+08
2.232862904790619910e+08
2.112009540991083384e+08
2.000039885177993774e+08
1.889703558016346991e+08
1.786813041200066805e+08
1.689786805069521368e+08
1.597263442348378599e+08
1.509887473469825983e+08
1.425142298285343647e+08
1.346119845861253142e+08
1.271418500487812907e+08
1.199410650467898101e+08
1.131551674524106234e+08
1.067175944092051238e+08
1.007429227691397071e+08
9.498697603607355058e+07
8.955424767073269188e+07
8.435888448011748493e+07
7.952496993501470983e+07
7.489807750032006204e+07
7.055550512409950793e+07
6.647617678167250752e+07
6.258642077131610364e+07
5.892593275710815191e+07
5.547880043753980845e+07
5.220776897655383497e+07
4.913394815671276301e+07
4.623398690331024677e+07
4.348755836710784584e+07
4.091121678448214382e+07
3.847690891578830779e+07
3.617155939993504435e+07
3.401230000924942642e+07
3.197190025677287206e+07
3.005625099244588241e+07
2.824109635908485577e+07
2.653810394076281786e+07
2.493603159724192321e+07
2.342651251655435190e+07
2.200511597216783464e+07
