3.554425641748712283e-06
3.738972671238223123e-06
3.935774047139801154e-06
4.146127802995954730e-06
4.370817545636348060e-06
4.610277591928509321e-06
4.865403938619244323e-06
5.137507650632960566e-06
5.427687727374588236e-06
5.737163834288373837e-06
6.067117605559417109e-06
6.418669487932734908e-06
6.794081423976236753e-06
7.194224701666081519e-06
7.621241135473610649e-06
8.076625171150111847e-06
8.562828773818145387e-06
9.081224290443527835e-06
9.635132691749046039e-06
1.022565127829858744e-05
1.085636618256383370e-05
1.152978444822778118e-05
1.224831463645580225e-05
1.301566243479497224e-05
1.383501370940144635e-05
1.470988354410975344e-05
1.564435083293403851e-05
1.664264732984708522e-05
1.770926491653193436e-05
1.884860017692181923e-05
2.006609142025523034e-05
2.136675664224774632e-05
2.275659416358700066e-05
2.424164499955517714e-05
2.582829168655245884e-05
2.752458439409142006e-05
2.933774917972189496e-05
3.127632103385031122e-05
3.334857291522636154e-05
3.556388277207615323e-05
3.793162630861830997e-05
4.046306333598322932e-05
4.316954698576694203e-05
4.606401468044016371e-05
4.916012352851202154e-05
5.247199962428612390e-05
5.601436718500533133e-05
5.980370562814006896e-05
6.385731937972783279e-05
6.819355419526071632e-05
