4.853891976419763761e-19
5.857641115601658593e-19
7.068958189814429685e-19
8.530766720455157817e-19
1.029486649725618808e-18
1.242376912525315112e-18
1.499291314935761630e-18
1.809333725038937736e-18
2.183490623837533075e-18
2.635020415752112276e-18
3.179923245664033486e-18
3.837507970665284083e-18
4.631076377393630987e-18
5.588748890477271453e-18
6.744461031409185253e-18
8.139165937783340273e-18
9.822285554659234453e-18
1.185346192162075512e-17
1.430467061311043609e-17
1.726277122267134924e-17
2.083258526856016479e-17
2.514061058758970573e-17
3.033950383828243495e-17
3.661348995268791197e-17
4.418489022302577985e-17
5.332200034860414235e-17
6.434859760486315094e-17
7.765541402501039725e-17
9.371398215118267669e-17
1.130933439850526626e-16
1.364802152264535292e-16
1.647033193281558006e-16
1.987627536540877732e-16
2.398654283429610114e-16
2.894678336680856141e-16
3.493276513724547081e-16
4.215660388480994765e-16
5.087427932253599192e-16
6.139470588426601780e-16
7.409067923534825260e-16
8.941208644118740844e-16
1.079018479014325011e-15
1.302151559588329370e-15
1.571426919108220494e-15
1.896386441282332732e-15
2.288545201147725326e-15
2.761799506515528137e-15
3.332919319384269465e-15
4.022142506477576568e-15
4.853891976419764357e-15
