1.069910857357340705e-01
9.827392284124183974e-02
8.471408973777180829e-02
6.926079783528453493e-02
5.442604011725426377e-02
4.149821512450063005e-02
3.094875341981640285e-02
2.275097881616818668e-02
1.658202101628311609e-02
1.204248850998351252e-02
8.751579458067343387e-03
6.361884929988148932e-03
4.621977072682850393e-03
3.349880098629304335e-03
2.407085096330328043e-03
1.709823289424944369e-03
1.199559259233347677e-03
8.142270355892599959e-04
5.300872327595437849e-04
3.159259754431119663e-04
1.599428764988780562e-04
7.225215529483067743e-05
3.075870259057862454e-05
1.226935005229499561e-05
4.471190122912395961e-06
1.504781219465540458e-06
4.725338728352751508e-07
1.433376387982769300e-07
4.159056637722650583e-08
1.110462086254227319e-08
3.064970871187544703e-09
8.172823631226822534e-10
2.136995580867681309e-10
5.439641309986050518e-11
1.425004593798236295e-11
-5.346020181969218309e-10
-2.111612649644734951e-10
1.013624367965686480e-09
2.345733631566296541e-10
-6.025632287129563406e-10
6.341719893998894679e-09
4.299001975813640856e-09
5.917179993652841361e-10
-4.333330689110976510e-10
-3.615518152321070216e-09
-1.377154224330094182e-09
-5.208417443588312663e-10
-3.394716157815937844e-10
5.138962797777380706e-11
3.397009443130654272e-10
1.965163199642831155e-11
-2.200672475205014775e-10
-3.568075348588855325e-10
-2.744533987740856757e-10
-5.588880195509430351e-11
-4.639385827574966413e-11
-5.179417474398079807e-11
6.964705319313802469e-11
3.269835065739063223e-10
3.796052373959057067e-10
-1.184036504135529247e-11
-3.467779864444806724e-10
-2.599089098984195830e-09
-3.541327464987288705e-09
-3.588905607730377961e-09
-3.359915788380132803e-09
-3.439097479714756472e-09
-3.596676461497284570e-09
-3.756960539978450443e-09
-4.065520844773903599e-09
-4.574364499876708417e-09
-4.970571595184907439e-09
-4.561088377197596286e-09
-2.297869208264786464e-08
-4.235973123208468538e-08
-4.316504666257635366e-08
-3.973726302117830013e-08
-4.105747572712017128e-08
-4.263101963657128873e-08
-4.372498028697536110e-08
-4.492819236588587261e-08
-4.668454273521614483e-08
-4.856306811984417509e-08
-4.964458777604609004e-08
-5.078983825150304250e-08
-5.272062665324128440e-08
-5.450676946833443820e-08
-5.585682515140291305e-08
-5.696174716347895979e-08
-5.844191136444406789e-08
-6.042447300186502843e-08
-6.418006138468694070e-08
-7.051658625730616544e-08
-7.076747249481317496e-08
5.859103646108182723e-09
7.635065795411688375e-07
1.985357416681282345e-06
3.284640507095195858e-06
4.397754331408884922e-06
5.120300972411288338e-06
5.495708935245604479e-06
5.562097605315473362e-06
5.370826246472991687e-06
5.195381632470156354e-06
5.132518918511535693e-06
5.194008689390102105e-06
5.307963595799427170e-06
5.385660978561336000e-06
5.441365512950063863e-06
5.519688703805385246e-06
5.628330878550935173e-06
5.728940384044095122e-06
5.806093571602114915e-06
5.861910428102845757e-06
5.905387276154978482e-06
5.968385796867330437e-06
6.057008776880842538e-06
6.174012536064953281e-06
6.300689034590266249e-06
6.417513359618672692e-06
6.524850626412181722e-06
6.623065950232815158e-06
6.712524446342590580e-06
6.793591230003518796e-06
6.866631416477621623e-06
6.934757556732397899e-06
7.010918677103764885e-06
7.097232914351625572e-06
7.194292043664625171e-06
7.302687840231412280e-06
7.423012079240633801e-06
7.555856535880935792e-06
7.689325779955995935e-06
7.790966837783244917e-06
7.862038791480024653e-06
7.919138364085730699e-06
7.999325747601905974e-06
8.107142650515598462e-06
8.226346726778157101e-06
8.322425655312476098e-06
8.396550352507187767e-06
8.458794288282005055e-06
8.539346436689683044e-06
8.642888595766029601e-06
8.764280983552239475e-06
8.866466842447486173e-06
8.945593725245346012e-06
9.003870300208839084e-06
9.069948484714913050e-06
9.163057335450466008e-06
9.285821057766743264e-06
9.428094462165384897e-06
9.563565416376436815e-06
9.691485824030072755e-06
9.812037339449424097e-06
9.925401616957610362e-06
1.003176031087777648e-05
1.013129507553303690e-05
1.022418756524652807e-05
1.031061943434137968e-05
1.039181671218663337e-05
1.047790172693437115e-05
1.057161301352733753e-05
1.067324008201208723e-05
1.078307244243515632e-05
1.090139960484309274e-05
1.102851107928243425e-05
1.116469637579972541e-05
1.131024500444151077e-05
1.145764021642655519e-05
1.159401970387012675e-05
1.171947129619921986e-05
1.183429435923012858e-05
1.193878825877912496e-05
1.203325236066250304e-05
1.211798603069653488e-05
1.219328863469750438e-05
1.226507095434415794e-05
1.234468632313541959e-05
1.243272366973060973e-05
1.252947644064636337e-05
1.263523808239932397e-05
1.275030204150612148e-05
1.287496176448339257e-05
1.300909210270783243e-05
1.313964604588539719e-05
1.326049669948605918e-05
1.337188712348751809e-05
1.347406037786747528e-05
1.356725952260363212e-05
1.365172761767368491e-05
1.372770772305533501e-05
1.379544289872629396e-05
1.386311452556006872e-05
1.393899624186105652e-05
1.402335640414295131e-05
1.411646332416129944e-05
1.421858531367162692e-05
1.432999068442948689e-05
1.445094774819041384e-05
