2.728659609374507466e-01
2.088211454609855133e-01
1.346897690051228613e-01
7.890086880661525970e-02
4.278612171963365463e-02
2.250485057139568063e-02
1.151457638309725737e-02
5.918070456706662173e-03
2.952417665925397873e-03
1.534888767166508365e-03
7.774046867795152962e-04
4.076624770099644473e-04
2.068085453736249796e-04
1.142225670400097193e-04
5.813923011770987426e-05
3.122795704509896372e-05
1.687365213386167795e-05
8.968153572133313344e-06
4.245407453613416047e-06
1.945319827818249351e-06
5.763843669056956292e-07
1.310857057739906247e-07
1.927669274225161556e-08
2.188508538446014282e-09
1.146695669199346346e-10
4.401142852998810747e-11
5.717919045274176717e-11
5.613023070053981131e-11
5.085549542788260743e-11
4.904730046785749040e-11
4.922415414563688198e-11
4.957966377706549802e-11
4.986150549179690427e-11
5.018531345843546906e-11
5.053091966334752685e-11
5.084280282066360966e-11
5.108178657227279948e-11
6.062294260663682433e-11
9.930385953014687270e-11
1.379847764536569081e-10
1.766656933771669694e-10
2.153466103006769790e-10
2.540275272241870662e-10
2.707619106442733835e-10
2.718107210557261875e-10
2.728876440665723593e-10
2.739929030893098935e-10
2.750981621120473759e-10
2.762034211347848066e-10
2.773031980241576669e-10
2.783593735546855298e-10
2.792420112237246590e-10
2.798735853999855443e-10
2.805051595762464812e-10
2.811367337525073665e-10
2.817683079287682518e-10
2.824391155827411893e-10
2.831449425493371464e-10
2.837888853426771520e-10
2.843836761552422914e-10
2.849586799305201676e-10
2.855336837057980955e-10
2.861086874810759717e-10
2.866836912563538995e-10
2.872586950316318274e-10
2.876546413923341624e-10
2.880021973844539895e-10
2.883450907601083502e-10
2.886627901602791519e-10
2.889567641906154707e-10
2.892239074583941022e-10
2.894746660659118985e-10
2.897296414827867404e-10
2.899821990598652317e-10
2.902183021993053132e-10
2.904371435954005654e-10
2.906621532464798699e-10
2.908835612191534531e-10
2.911165327110003168e-10
2.913507824416470640e-10
2.915850321722937595e-10
2.918192819029405067e-10
2.920535316335872539e-10
2.922877813642340012e-10
2.925220310948807484e-10
2.927038275170902468e-10
2.928651327797690498e-10
2.930264380424478528e-10
2.931979239003081375e-10
2.933902911612563281e-10
2.935826584222045186e-10
2.937750256831527609e-10
2.939673929441009514e-10
2.941597602050491419e-10
2.943257143410332806e-10
2.944695587079078201e-10
2.946134030747824112e-10
2.947572474416570023e-10
2.949010918085315418e-10
2.950442995741384407e-10
2.951852450050092044e-10
2.953261904358799680e-10
2.954671358667507317e-10
2.956080812976215470e-10
2.957490267284923106e-10
2.958899721593630743e-10
2.960309175902338379e-10
2.961683424380589899e-10
2.963051683477753042e-10
2.964419942574916701e-10
2.965788201672079844e-10
2.967156460769243504e-10
2.968504011093534127e-10
2.969682862081922248e-10
2.970861713070309852e-10
2.972040564058697973e-10
2.973219415047085577e-10
2.974398266035473181e-10
2.975443634914583030e-10
2.976431496013999012e-10
2.977438236272149606e-10
2.978555443827466597e-10
2.979672651382783072e-10
2.980789858938100580e-10
2.981907066493417054e-10
nan
nan
nan
nan
nan
nan
nan
nan
nan
nan
nan
nan
nan
nan
nan
nan
nan
nan
nan
nan
nan
nan
nan
nan
nan
nan
nan
nan
nan
nan
nan
nan
nan
nan
nan
nan
nan
nan
nan
nan
nan
nan
nan
nan
nan
nan
nan
nan
nan
nan
nan
nan
nan
nan
nan
nan
nan
nan
nan
nan
nan
nan
nan
nan
nan
nan
nan
nan
nan
nan
nan
nan
nan
nan
nan
