2.882057053510377331e-01
2.308183512807011617e-01
1.483719356844981907e-01
7.856149725813596496e-02
3.701429225279755097e-02
1.613612122687799535e-02
6.791173802758308786e-03
2.958855068401277950e-03
1.172408779615962283e-03
5.814088893118747386e-04
2.547840406600752742e-04
1.205961605866094486e-04
5.984628459247845836e-05
2.648744242425312608e-05
1.417800525411503833e-05
7.606972637795158028e-06
3.633116067290912557e-06
2.123144022539059679e-06
1.020924836156918709e-06
4.191757816136278510e-07
1.460882939959694321e-07
3.472413297210886585e-08
3.269745796309729853e-09
7.466057135474260044e-11
4.991699437378591357e-11
5.396344419318209116e-11
5.418330121670699965e-11
5.433624297485829687e-11
5.673850690465025770e-11
6.204939334934782820e-11
6.736027979404539870e-11
7.267116623874299505e-11
7.798205268344055262e-11
8.329293912813812312e-11
8.860382557283568070e-11
9.391471201753325119e-11
9.922559846223084754e-11
1.045364849069284051e-10
1.060459990150549542e-10
1.062945036821867826e-10
1.064748574560277745e-10
1.065882195397661911e-10
1.067015816235046076e-10
1.068149437072430113e-10
1.069742377906985127e-10
1.071680040025415266e-10
1.073617702143845276e-10
1.075555364262275416e-10
1.077493026380705426e-10
1.078626592658582850e-10
1.079638114453731097e-10
1.080649636248879603e-10
1.081661158044027851e-10
1.083366361308038999e-10
1.085184779861742358e-10
1.087003198415445846e-10
1.088821616969149463e-10
1.090183504843036305e-10
1.091074330279292847e-10
1.091965155715549389e-10
1.092855981151805931e-10
1.093858514523158255e-10
1.094899913979530410e-10
1.095941313435902825e-10
1.096982712892274851e-10
1.098024112348647136e-10
1.099065511805019421e-10
1.099939064180549675e-10
1.100472293523718780e-10
1.101005522866887757e-10
1.101538752210056862e-10
1.102071981553225838e-10
1.102605210896394944e-10
1.103064803249160425e-10
1.103503013284343998e-10
1.103941223319527312e-10
1.104472210382841117e-10
1.105055808381295978e-10
1.105639406379751097e-10
1.106223004378205958e-10
1.106806602376660690e-10
1.107884590238087994e-10
1.109080363399686195e-10
1.110276136561284267e-10
1.111471909722882209e-10
1.112667682884480151e-10
1.113863456046078352e-10
1.115059229207676423e-10
1.116255002369274366e-10
1.117107659253228297e-10
1.117952756091351671e-10
1.118700147992237744e-10
1.119042574506215064e-10
1.119385001020192514e-10
1.119727427534169835e-10
1.120069854048147284e-10
1.120412280562124476e-10
1.120754707076101796e-10
1.121097133590079117e-10
1.121439560104056696e-10
1.121781986618034016e-10
1.122124413132011337e-10
1.122466839645988787e-10
1.122809266159966107e-10
1.123151692673943428e-10
1.123494119187920748e-10
1.123836545701898069e-10
1.124178972215875519e-10
1.124521398729852968e-10
1.125010106593005081e-10
1.125555154362351504e-10
1.126100202131698056e-10
1.126688791433832316e-10
1.127541181072092869e-10
1.128393570710353680e-10
1.129245960348614621e-10
1.130098349986875562e-10
1.130874767659370494e-10
1.131631919584905204e-10
1.132389071510440043e-10
1.133146223435974753e-10
1.133903375361509592e-10
1.134661550316833637e-10
1.135500008902921263e-10
1.136338467489008759e-10
1.137176926075096385e-10
1.138015384661183882e-10
1.138853843247271508e-10
1.139692301833359134e-10
1.140530760419446630e-10
1.141369219005534127e-10
1.142206695513599637e-10
1.143042136502105076e-10
1.143877577490610902e-10
1.144713018479116212e-10
1.145548459467622039e-10
1.146388273312732394e-10
1.147229471125630680e-10
1.148070668938529095e-10
1.148911866751427123e-10
1.149757557187034866e-10
1.150670304969097806e-10
1.151583052751160230e-10
1.152495800533222524e-10
nan
nan
nan
nan
nan
nan
nan
nan
nan
nan
nan
nan
nan
nan
nan
nan
nan
nan
nan
nan
nan
nan
nan
nan
nan
nan
nan
nan
nan
nan
nan
nan
nan
nan
nan
nan
nan
nan
nan
nan
nan
nan
nan
nan
nan
nan
nan
nan
nan
nan
nan
nan
nan
nan
nan
nan
