1.016816552276625374e-01
8.192818520778458180e-02
6.601217807098590240e-02
5.318813839979337488e-02
4.285539652082751005e-02
3.452997352816711968e-02
2.782191202632930752e-02
2.241701077961686869e-02
1.806210773069428718e-02
1.455322205455896259e-02
1.172599982943187819e-02
9.448015806009318895e-03
7.612570694956828123e-03
6.133693441627835821e-03
4.942114397806807516e-03
3.982020776461770925e-03
3.208442417118053790e-03
2.585145412804495512e-03
2.082934937428931616e-03
1.678287779121605868e-03
1.352250528298144534e-03
1.089551812287918153e-03
8.778869941754967321e-04
7.073418316143674327e-04
5.699281001667820231e-04
4.592094300691717634e-04
3.699998308606722340e-04
2.981207829645492321e-04
2.402055185502591911e-04
1.935413243190765679e-04
1.559424797783922050e-04
1.256478795161232323e-04
1.012385441691927477e-04
8.157115635351735463e-05
6.572450842171199449e-05
5.295635369633236027e-05
4.266864011849543983e-05
3.437949787860434891e-05
2.770066894802733479e-05
2.231932132568299155e-05
1.798339619067437079e-05
1.448980163113741611e-05
1.167489995124439627e-05
9.406842988013128969e-06
7.579396429148840078e-06
6.106963866984659854e-06
4.920577518445555347e-06
3.964667818967560936e-06
3.194460580253719632e-06
2.573879796429533813e-06
2.073857867403061801e-06
1.670974091391420811e-06
1.346357654489501035e-06
1.084803734026213941e-06
8.740613145646074746e-07
7.042593583107523885e-07
5.674444521267192596e-07
4.572082748346148502e-07
3.683874356226200298e-07
2.968216241792653070e-07
2.391587444656244158e-07
1.926979047181204804e-07
1.552629094358333049e-07
1.251003277993242105e-07
1.007973641120397572e-07
8.121568336921659836e-08
6.543809238699128427e-08
5.272557907050094763e-08
4.248269756824839445e-08
3.422967797588401847e-08
2.757995422608072158e-08
2.222205758548512486e-08
1.790502766192559216e-08
1.442665758294687836e-08
1.162402275748368518e-08
9.365849594033221317e-09
7.546366731050771647e-09
6.080350775202500676e-09
4.899134493077806464e-09
3.947390482659347228e-09
3.180539673815019270e-09
2.562663273661321636e-09
2.064820353677669010e-09
1.663692275446803647e-09
1.340490460805213562e-09
1.080076347067964983e-09
8.702523066034652148e-10
7.011903178924027501e-10
5.649716273950441453e-10
4.552158402882902104e-10
3.667820669240068492e-10
2.955281269031603864e-10
2.381165320413162649e-10
1.918581605938397291e-10
1.545863005432342875e-10
1.245551622181586434e-10
1.003581066412340509e-10
8.086175947467045361e-11
6.515292450378830060e-11
5.249581012055559444e-11
4.229756532345974568e-11
3.408051096237487348e-11
2.745976555800385462e-11
2.212521770383654526e-11
1.782700064966422631e-11
1.436378870559187401e-11
1.157336727772962295e-11
9.325034842170740221e-12
7.513480970661523886e-12
6.053853658669193087e-12
4.877784912704113935e-12
3.930188437993098746e-12
3.166679432277707962e-12
2.551495630558433675e-12
2.055822223873231059e-12
1.656442192396020460e-12
1.334648835335742419e-12
1.075369561244054114e-12
8.664598976399076718e-13
6.981346518211303416e-13
5.625095788056497394e-13
4.532320884269456140e-13
3.651836941443888277e-13
2.942402664643582704e-13
2.370788613984090706e-13
1.910220759291434358e-13
1.539126401951089821e-13
1.240123723742598430e-13
9.992076337847658020e-14
8.050937791921368937e-14
6.486899933287491925e-14
5.226704246393492669e-14
4.211323985295866264e-14
3.393199399289877614e-14
2.734010065134489677e-14
2.202879983363491817e-14
1.774931366562048625e-14
1.430119379992556553e-14
1.152293254579089696e-14
9.284397953934318661e-15
7.480738520725521311e-15
6.027472011984650715e-15
4.856528370107337492e-15
3.913061356860860831e-15
3.152879591274637647e-15
2.540376654111736985e-15
2.046863306361450160e-15
1.649223703952622403e-15
1.328832666659231113e-15
1.070683286778297067e-15
8.626840153383742086e-16
6.950923018138408959e-16
5.600582593979764524e-16
4.512569814129471198e-16
3.635922867967604204e-16
2.929580182984968842e-16
2.360457127446040658e-16
1.901896347767396501e-16
1.532419155422099369e-16
1.234719479145767345e-16
9.948532598198093916e-17
8.015853198159914193e-17
6.458631145872591867e-17
5.203927173717563275e-17
4.192971764096229425e-17
3.378412423467614088e-17
2.722095722364242218e-17
2.193280213582762364e-17
1.767196522801017722e-17
1.423887167202671562e-17
1.147271759968668295e-17
9.243938154225014551e-18
7.448138756720552978e-18
6.001205331951295298e-18
4.835364459844996307e-18
3.896008912584509780e-18
3.139139887590731674e-18
2.529306132240356046e-18
2.037943430261933138e-18
1.642036672432766443e-18
1.323041843839376386e-18
1.066017434285755243e-18
8.589245876785284721e-19
6.920632098414393037e-19
5.576176224161030412e-19
4.492904815735395954e-19
3.620078145269755624e-19
2.916813579482607755e-19
2.350170663738578138e-19
1.893608212588315864e-19
1.525741137912869886e-19
1.229338785311733067e-19
9.905178614631037831e-20
7.980921496987029104e-20
6.430485548941587724e-20
5.181249359583043040e-20
4.174699518700894712e-20
3.363689886727265939e-20
2.710233300238117287e-20
2.183722277937575429e-20
1.759495386150658182e-20
1.417682113317696718e-20
1.142272148162846856e-20
9.203654671321641371e-21
7.415681056846102786e-21
5.975053117564313688e-21
4.814292778241337884e-21
3.879030779909584412e-21
3.125460059157948136e-21
2.518283853787663440e-21
2.029062425438953154e-21
1.634880960752640282e-21
1.317276256423325599e-21
1.061371914770988620e-21
8.551815429538983511e-22
6.890473181276940739e-22
5.551876213078724306e-22
4.473325514001487795e-22
3.604302471131676157e-22
2.904102610629174372e-22
2.339929026659964147e-22
1.885356195668178944e-22
1.519092222048369627e-22
1.223981539610360184e-22
9.862013560222384210e-23
7.946142022123322652e-23
6.402462605651687298e-23
5.158670371438310837e-23
4.156506900589189278e-23
3.349031508254417946e-23
2.698422572494961618e-23
2.174205994122023274e-23
1.751827809721227778e-23
1.411504099983828674e-23
1.137294323800133278e-23
9.163546736866164403e-24
7.383364802011165233e-24
5.949014870002288442e-24
4.793312923379859365e-24
3.862126634998929921e-24
3.111839845050314757e-24
2.507309608517152830e-24
2.020220122498235655e-24
1.627756432425779315e-24
1.311535794439565128e-24
1.056746639626405879e-24
8.514548097704749731e-25
6.860445691481667717e-25
5.527682097239796266e-25
4.453831535476560969e-25
3.588595544651639091e-25
2.891447033978516790e-25
2.329732020863524331e-25
1.877140139609835978e-25
1.512472281008676955e-25
1.218647639858726407e-25
9.819036611651624394e-26
7.911514110192769726e-26
6.374561781499596093e-26
5.136189778616841414e-26
4.138393562759131427e-26
3.334437008458465997e-26
2.686663313859561576e-26
2.164731180624655480e-26
1.744193647263065388e-26
1.405353009363035115e-26
1.132338191934628962e-26
9.123613585848694360e-27
7.351189375822788359e-27
5.923090092617433229e-27
4.772424495095543359e-27
3.845296155426699785e-27
3.098278985478940293e-27
2.496383187108545578e-27
2.011416352783645662e-27
1.620662951560548059e-27
1.305820348395789671e-27
1.052141520630552041e-27
8.477443170453903882e-28
6.830549056291009088e-28
5.503593415171141133e-28
4.434422508336773330e-28
3.572957066239298157e-28
2.878846608140958921e-28
2.319579451853870173e-28
1.868959887702087256e-28
1.505881188526530583e-28
1.213336984319231372e-28
9.776246949185925232e-29
7.877037100710445588e-29
6.346782544311151109e-29
5.113807152328879794e-29
4.120359159721001628e-29
3.319906108967213715e-29
2.674955300038469338e-29
2.155297656724970428e-29
1.736592753163891041e-29
1.399228724130781538e-29
1.127403658034184474e-29
9.083854456593320726e-30
7.319154164574150733e-30
5.897278290926434456e-30
4.751627094967085714e-30
3.828539020172095713e-30
3.084777221786981555e-30
2.485504381153744842e-30
2.002650948374080310e-30
1.613600382857447539e-30
1.300129809276871309e-30
1.047556469946404131e-30
8.440499940055433396e-31
6.800782705463191073e-31
5.479609707410629768e-31
4.415098062378718422e-31
3.557386737609767445e-31
2.866301092778841605e-31
2.309471125983157161e-31
1.860815283916640589e-31
1.499318818884886619e-31
1.208049471697628940e-31
9.733643756664992963e-32
7.842710336069425192e-32
6.319124364231448143e-32
5.091522065653148557e-32
4.102403347490665014e-32
3.305438532621515185e-32
2.663298307715653430e-32
2.145905242490061264e-32
1.729024982445928651e-32
1.393131127473812364e-32
1.122490627978621399e-32
9.044268590743313092e-33
7.287258557232703858e-33
5.871578972600685074e-33
4.730920326309702695e-33
3.811854909613274068e-33
3.071334296444845185e-33
2.474672983152806751e-33
1.993923742080149866e-33
1.606568591606681016e-33
1.294464068542741264e-33
1.042991400119739724e-33
8.403717701862316004e-34
6.771146071241458695e-34
5.455730516498471497e-34
4.395857829012243738e-34
3.541884261778112303e-34
2.853810248601773537e-34
2.299406850447426278e-34
1.852706172905146690e-34
1.492785046914587126e-34
1.202785001141070991e-34
9.691226221484930990e-35
7.808533161528968340e-35
6.291586713714556916e-35
5.069334093528936588e-35
4.084525783582921437e-35
3.291034003470035153e-35
2.651692114548289673e-35
2.136553758771123109e-35
1.721490190763226639e-35
1.387060103087944819e-35
1.117599008057872774e-35
9.004855233246735420e-36
7.255501945428829095e-36
5.845991647457184690e-36
4.710303794166958132e-36
3.795243505521299883e-36
3.057949953045184018e-36
2.463888786510089670e-36
1.985234567441091815e-36
1.599567443685380621e-36
1.288823018126348168e-36
1.038446224077439469e-36
8.367095754298438304e-37
6.741638588343335902e-37
5.431955386968172417e-37
4.376701441253508239e-37
3.526449343053579708e-37
2.841373837362211320e-37
2.289386433282955691e-37
1.844632399996265279e-37
1.486279747991929168e-37
1.197543472236233542e-37
9.648993534583248969e-38
7.774504925201023427e-38
6.264169067513586759e-38
5.047242812747831085e-38
4.066726127005151321e-38
3.276692246764035014e-38
2.640136499162374085e-38
2.127243027200079658e-38
1.713988234398856054e-38
1.381015535175820241e-38
1.112728704970292189e-38
8.965613632342160714e-39
7.223883723444026186e-39
5.820515827449024220e-39
4.689777105303803531e-39
3.778704491053864915e-39
3.044623936298072395e-39
2.453151585530242309e-39
1.976583258721534079e-39
1.592596805555241074e-39
1.283206550431522949e-39
1.033920855125848002e-39
8.330633398844976317e-40
6.712259693949702533e-40
5.408283865338312670e-40
4.357628533717738750e-40
3.511081687033987460e-40
2.828991621850832303e-40
2.279409683362553327e-40
1.836593811192607415e-40
1.479802798036319200e-40
1.192324785007368115e-40
9.606944890423129523e-41
7.740624978038742783e-41
6.236870902670316972e-41
5.025247801945761604e-41
4.049004038250691061e-41
3.262412988952059490e-41
2.628631241148724135e-41
2.117972870186061917e-41
1.706518970262181411e-41
1.374997308444703070e-41
1.107879625820809078e-41
8.926543039543826275e-42
7.192403288199512988e-42
5.795151026656116889e-42
4.669339868198772804e-42
3.762237550749564060e-42
3.031355992025964663e-42
2.442461175414332718e-42
1.967969650908351893e-42
1.585656544259872047e-42
1.277614558331037154e-42
1.029415206949062287e-42
8.294329940027128167e-43
6.683008827694106832e-43
5.384715500103591853e-43
4.338638742612630582e-43
3.495781000600156552e-43
2.816663365892030657e-43
2.269476410391925427e-43
1.828590253167957349e-43
1.473354073507822248e-43
1.187128839914420530e-43
9.565079486978155972e-44
7.706892673823603459e-44
6.209691698505754610e-44
5.003348641594674795e-44
4.031359179292446931e-44
3.248195957674743080e-44
2.617176121058626225e-44
2.108743110912201442e-44
1.699082255886156006e-44
1.369005308104285406e-44
1.103051678119173798e-44
8.887642709628124882e-45
7.161060039244311455e-45
5.769896761276018958e-45
4.648991693036582536e-45
3.745842370521667264e-45
3.018145867159107206e-45
2.431817352255802623e-45
1.959393579707547279e-45
1.578746527422284055e-45
1.272046935164486008e-45
1.024929193607372865e-45
8.258184685400968684e-46
6.653885431652079536e-46
5.361249841726289621e-46
4.319731705731161652e-46
3.480546991910121241e-46
2.804388834339454122e-46
2.259586424906048113e-46
1.820621573264240744e-46
1.466933451404931935e-46
1.181955537851063696e-46
9.523396525717133395e-47
7.673307369153189960e-47
6.182630936609846646e-47
4.981544913994964083e-47
4.013791213576216435e-47
3.234040881759615649e-47
2.605770920399684457e-47
2.099553573332137242e-47
1.691677949424506651e-47
1.363039419864513631e-47
1.098244769778193658e-47
8.848911900618876275e-48
7.129853378744416333e-48
5.744752549614362916e-48
4.628732191700762487e-48
3.729518637652178850e-48
3.004993309730537557e-48
2.421219913036788712e-48
1.950854881541003307e-48
1.571866623242363918e-48
1.266503574736272000e-48
1.020462729535565914e-48
8.222196945539768968e-49
6.624888950330578994e-49
5.337886442627693448e-49
4.300907062444744974e-49
3.465379370393861789e-49
2.792167793071356462e-49
2.249739538265585196e-49
1.812687619488643588e-49
1.460540809262140404e-49
1.176804780142909880e-49
9.481895211588324603e-50
7.639868423429031281e-50
6.155688100831682421e-50
4.959836203267210866e-50
3.996299806014612240e-50
3.219947491215975578e-50
2.594415421631656694e-50
2.090404082166688196e-50
1.684305909649174563e-50
1.357099529933333292e-50
1.093458809111990355e-50
8.810349873773302250e-51
7.098782711470973283e-51
5.719717912076169571e-51
4.608560977765990301e-51
3.713266040785926543e-51
2.991898068871320482e-51
2.410668655624108448e-51
1.942353393543530792e-51
1.565016700494382406e-51
1.260984371313580150e-51
1.016015729541306203e-51
8.186366034021561572e-52
6.596018830657026428e-52
5.314624857179637758e-52
4.282164453696351061e-52
3.450277846747561255e-52
2.780000008986374282e-52
2.239935562653162446e-52
1.804788240510732872e-52
1.454176025147623050e-52
1.171676468545560306e-52
9.440574753005095541e-53
7.606575198843949444e-53
6.128862677269645445e-53
4.938222095344332093e-53
3.978884622980445347e-53
3.205915517229555061e-53
2.583109408162338518e-53
2.081294462900507988e-53
1.676965995947524353e-53
1.351185525014633051e-53
1.088693704834191509e-53
8.771955893568067870e-54
7.067847444789033943e-54
5.694792371156369845e-54
4.588477666491115598e-54
3.697084269924411832e-54
2.978859894805765039e-54
2.400163378765440904e-54
1.933888953559652513e-54
1.558196628524402188e-54
1.255489219624378338e-54
1.011588108803511811e-54
8.150691267415562687e-55
6.567274521969321383e-55
5.291464641695701152e-55
4.263503521993717952e-55
3.435242132928141513e-55
2.767885249998918557e-55
2.230174311069976832e-55
1.796923285659472354e-55
1.447838977660913581e-55
1.166570505242747891e-55
9.399434361830270323e-56
7.573427060370542096e-56
6.102154154261703564e-56
4.916702177963670132e-56
3.961545332300415104e-56
3.191944692157673399e-56
2.571852664343288395e-56
2.072224541778789796e-56
1.669658068319685831e-56
1.345297292306008252e-56
1.083949366056280692e-56
8.733729227684740930e-57
7.037046988646350037e-57
5.669975451430777576e-57
4.568481874811557147e-57
3.680973016420215919e-57
2.965878538846701574e-57
2.389703882085522681e-57
1.925461400140563054e-57
1.551406277247942760e-57
1.250018014855320446e-57
1.007179782870736366e-57
8.115171965269264420e-58
6.538655476004956896e-58
5.268405354423194621e-58
4.244923911402294549e-58
3.420271942147812385e-58
2.755823285034829401e-58
2.220455597332133982e-58
1.789092604920475082e-58
1.441529545930587291e-58
1.161486792844472358e-58
9.358473253361245898e-59
7.540423375748643096e-59
6.075562022375295609e-59
4.895276040659212987e-59
3.944281603248830364e-59
3.178034749523984668e-59
2.560644975465897120e-59
2.063194145803799944e-59
1.662381987375884273e-59
1.339434719496626920e-59
1.079225702285802685e-59
8.695669146996583794e-60
7.006380755561720416e-60
5.645266679547104513e-60
4.548573221332127349e-60
3.664931972970948781e-60
2.952953753390527344e-60
2.379289966082154347e-60
1.917070572540914029e-60
1.544645517147298539e-60
1.244570652649943260e-60
1.002790667659572615e-60
8.079807450095568068e-61
6.510161146890750758e-61
5.245446555534513762e-61
4.226425267538749001e-61
3.405366988868362347e-61
2.743813884026770845e-61
2.210779236066969331e-61
1.781296048933166745e-61
1.435247609611977013e-61
1.156425234385158239e-61
9.317690646315142528e-62
7.507563515473469777e-62
6.049085774398055624e-62
4.873943274753406732e-62
3.927093106541022892e-62
3.164185424013225148e-62
2.549486127757325044e-62
2.054203102731905847e-62
1.655137614333805123e-62
1.333597694765106698e-62
1.074522623424668106e-62
8.657774925554265791e-63
6.975848160614283241e-63
5.620665584215531147e-63
4.528751326319435261e-63
3.648960833613184578e-63
2.940085291912947691e-63
2.368921432122770200e-63
1.908716310716048147e-63
1.537914219269333718e-63
1.239147029106444107e-63
9.984206794529775674e-64
8.044597047359287786e-64
6.481790991131978562e-64
5.222587807118445259e-64
4.208007237564271453e-64
3.390526988796245507e-64
2.731856817910274354e-64
2.201145042709861787e-64
1.773533468987733307e-64
1.428993048884815642e-64
1.151385733321724369e-64
9.277085762813253284e-65
7.474846852783084674e-65
6.022724905328215676e-65
4.852703473350131458e-65
3.909979514327677678e-65
3.150396451466641296e-65
2.538375908376137411e-65
2.045251241069907585e-65
1.647924811015828590e-65
1.327786106777289116e-65
1.069840039767358636e-65
8.620045840571525333e-66
6.945448621432458018e-66
5.596171696200594432e-66
4.509015811695351960e-66
3.633059293717195392e-66
2.927272908963726036e-66
2.358598082440141054e-66
1.900398455318538170e-66
1.531212255222692210e-66
1.233747040775808238e-66
9.940697348988313806e-67
8.009540085465545632e-67
6.453544467603008101e-67
5.199828673172641004e-67
4.189669470177362681e-67
3.375751658876525745e-67
2.719951858618783151e-67
2.191552833500239450e-67
1.765804717022413257e-67
1.422765744450972148e-67
1.146368193531921184e-67
9.236657828367651758e-68
7.442272763647619825e-68
5.996478912364293311e-68
4.831556231326030262e-68
3.892940500187747979e-68
3.136667568876279995e-68
2.527314105408427230e-68
2.036338390071942752e-68
1.640743439846653862e-68
1.321999844684321739e-68
1.065177861999382235e-68
8.582481172412735839e-69
6.915181558182045822e-69
5.571784548311199421e-69
4.489366301028835600e-69
3.617227049980365207e-69
2.914516360162257094e-69
2.348319720129141272e-69
1.892116847695581066e-69
1.524539497175700446e-69
1.228370584659936764e-69
9.897377510081640392e-70
7.974635895745472898e-70
6.425421037535609634e-70
5.177168719594180342e-70
4.171411615607437174e-70
3.361040717287775410e-70
2.708098779079925103e-70
2.182002425478577383e-70
1.758109645620824183e-70
1.416565577532318214e-70
1.141372519312285959e-70
9.196406071864444387e-71
7.409840626755770347e-71
5.970347294895926861e-71
4.810501145323212866e-71
3.875975739123116533e-71
3.122998514380688067e-71
2.516300507863985394e-71
2.027464379736403428e-71
1.633593363850368658e-71
1.316238798120299818e-71
1.060536001195344939e-71
8.545080204577343086e-72
6.885046393555664182e-72
5.547503675392191200e-72
4.469802419529776255e-72
3.601463800422228798e-72
2.901815402193152423e-72
2.338086149142522727e-72
1.883871329885593901e-72
1.517895817853578924e-72
1.223017558209440855e-72
9.854246451536568283e-73
7.939883812444147338e-73
6.397420164510146269e-73
5.154607514172478526e-73
4.153233325608503539e-73
3.346393883436979204e-73
2.696297353210638579e-73
2.172493636482407018e-73
1.750448108008796612e-73
1.410392429868177368e-73
1.136398615376415048e-73
9.156329725551166950e-74
7.377549823504643805e-74
5.944329554494835526e-74
4.789537813741954571e-74
3.859084907551620086e-74
3.109389027259291877e-74
2.505334905671775888e-74
2.018629040802288056e-74
1.626474446647978360e-74
1.310502857200273732e-74
1.055914368817492959e-74
8.507842223688148133e-75
6.855042552762326690e-75
5.523328614315955227e-75
4.450323794040952476e-75
3.585769244377888729e-75
2.889169792801018210e-75
2.327897174287379294e-75
1.875661744615363015e-75
1.511281090536362968e-75
1.217687859321961898e-75
9.811303350681510271e-76
7.905283172708565983e-76
6.369541314444049394e-76
5.132144626580009542e-76
4.135134253451693274e-76
3.331810877953519447e-76
2.684547355913092443e-76
2.163026285143341488e-76
1.742819958051977833e-76
1.404246183713394473e-76
1.131446386853243769e-76
9.116428025020305800e-77
7.345399737986477510e-77
5.918425194904130338e-77
4.768665836732094092e-77
3.842267683301208812e-77
3.095838847927694555e-77
2.494417089676501329e-77
2.009832204746436492e-77
1.619386552454943146e-77
1.304791912518266271e-77
1.051312876713815776e-77
8.470766519475759965e-78
6.825169463515101152e-78
5.499258903972475502e-78
4.430930053031297730e-78
3.570143082493102346e-78
2.876579290786498187e-78
2.317752601221618013e-78
1.867487935297205507e-78
1.504695189056181494e-78
1.212381386339982595e-78
9.768547388428816292e-79
7.870833316573427611e-79
6.341783955582199615e-79
5.109779628364540341e-79
4.117114053919592334e-79
3.317291422684604938e-79
2.672848563070623511e-79
2.153600190883178779e-79
1.735225050252694177e-79
1.398126721835766557e-79
1.126515739285009723e-79
9.076700209195500507e-80
7.313389756977533731e-80
5.892633722030193031e-80
4.747884816186485983e-80
3.825523745604135566e-80
3.082347717932987037e-80
2.483546851634113156e-80
2.001073703779853444e-80
1.612329546078265154e-80
1.299105855144922975e-80
1.046731437116453502e-80
8.433852384766981652e-81
6.795426556021764041e-81
5.475294085261802384e-81
4.411620826589191306e-81
3.554585016717856070e-81
2.864043656001094745e-81
2.307652236449792772e-81
1.859349746025605475e-81
1.498137987794982390e-81
1.207098038048991363e-81
9.725977749261397801e-82
7.836533586950340365e-82
6.314147558487310927e-82
5.087512092941395157e-82
4.099172383298833236e-82
3.302835240689209978e-82
2.661200751542925281e-82
2.144215173910648293e-82
1.727663239747326581e-82
1.392033927514128168e-82
1.121606578625709978e-82
9.037145520317809571e-83
7.281519269927023686e-83
5.866954643932079802e-83
4.727194355732464830e-83
3.808852775090062907e-83
3.068915379948200700e-83
2.472723984208055535e-83
1.992353370844966721e-83
1.605303292914276790e-83
1.293444576625733133e-83
1.042169962640112809e-83
8.397099115469637061e-84
6.765813262972564245e-84
5.451433701084038323e-84
4.392395746414522963e-84
3.539094750300986806e-84
2.851562649342836584e-84
2.297595887319939926e-84
1.851247021574670425e-84
1.491609361682262762e-84
1.201837713675655064e-84
9.683593621215212694e-85
7.802383329613496479e-85
6.286631596028575596e-85
5.065341595584302515e-85
4.081308899373893390e-85
3.288442056233543580e-85
2.649603699162401081e-85
2.134871055218159631e-85
1.720134382303693384e-85
1.385967684535845090e-85
1.116718811239081303e-85
8.997763203929440553e-86
7.249787668943995595e-86
5.841387470812639199e-86
4.706594060724686170e-86
3.792254453780851242e-86
3.055541577768105077e-86
2.461948280965519431e-86
1.983671039612041887e-86
1.598307658945752743e-86
1.287807968978664588e-86
1.037628366280192347e-86
8.360506010559859963e-87
6.736329019529990858e-87
5.427677296331869287e-87
4.373254445812668837e-87
3.523671987784824224e-87
2.839136032751960205e-87
2.287583362019442145e-87
1.843179607394743202e-87
1.485109186192385683e-87
1.196600312885656024e-87
9.641394195864620548e-88
7.768381893188980189e-88
6.259235543373046599e-88
5.043267713418448675e-88
4.063523261420913386e-88
3.274111594785135418e-88
2.638057184729394299e-88
2.125567656577964185e-88
1.712638334317955983e-88
1.379927877194718463e-88
1.111852343896911623e-88
8.958552508861424874e-89
7.218194348787416822e-89
5.815931715009670191e-89
4.686083538238006299e-89
3.775728465083728342e-89
3.042226056303618500e-89
2.451219536373015237e-89
1.975026544476181985e-89
1.591342510739492343e-89
1.282195924692398885e-89
1.033106561411359137e-89
8.324072372069438151e-90
6.706973263318572723e-90
5.404024417880798841e-90
4.354196559686624459e-90
3.508316434998849495e-90
2.826763569205802603e-90
2.277614469571570157e-90
1.835147349609877087e-90
1.478637337342543935e-90
1.191385735782052750e-90
9.599378668307783631e-91
7.734528629140788057e-91
6.231958877974371506e-91
5.021290025411261822e-91
4.045815130200388173e-91
3.259843583007881165e-91
2.626560988008201519e-91
2.116304800539241074e-91
1.705174952812271148e-91
1.373914390288894235e-91
1.107007083777356461e-91
8.919512687217488614e-92
7.186738706852962987e-92
5.790586890985457063e-92
4.665662397059046983e-92
3.759274493785579436e-92
3.028968561577640188e-92
2.440537545793010345e-92
1.966419720554335123e-92
1.584407715443909572e-92
1.276608336724023533e-92
1.028604461785690241e-92
8.287797505070839250e-93
6.677745434412808401e-93
5.380474614580964818e-93
4.335221724530413211e-93
3.493027799054888085e-93
2.814445022714925559e-93
2.267689019832031253e-93
1.827150095014534228e-93
1.472193691690099662e-93
1.186193882903102184e-93
9.557546237149391249e-94
7.700822891759124112e-94
6.204801079563368654e-94
4.999408112365529544e-94
4.028184167951617533e-94
3.245637748757105105e-94
2.615114889723089957e-94
2.107082310424288517e-94
1.697744095431723188e-94
1.367927109118391610e-94
1.102182938462946227e-94
8.880642994360564990e-95
7.155420143163171741e-95
5.765352515318832940e-95
4.645330247679798765e-95
3.742892226047256821e-95
3.015768840719598479e-95
2.429902105479539472e-95
1.957850403681757548e-95
