2.200457378981804379e-01
1.501888961732294470e-01
1.025091635456740202e-01
6.996608190470723909e-02
4.775429286295044401e-02
3.259397160393245202e-02
2.224652321764728283e-02
1.518402854635884057e-02
1.036362943732934208e-02
7.073538803378714122e-03
4.827937114644471027e-03
3.295235585875057761e-03
2.249113297992272852e-03
1.535098324650551165e-03
1.047758184724861038e-03
7.151315300326691569e-04
4.881022288374324797e-04
3.331468069729570289e-04
2.273843232812649477e-04
1.551977368292045689e-04
1.059278721124201942e-04
7.229946982161007641e-05
4.934691155636833663e-05
3.368098944792255044e-05
2.298845083537293745e-05
1.569042004028637041e-05
1.070925930606000771e-05
7.309443251994639594e-06
4.988950134384829685e-06
3.405132591539909363e-06
2.324121839994500149e-06
1.586294272522492840e-06
1.082701205993406439e-06
7.389813616331752110e-07
5.043805713139163667e-07
3.442573438614481612e-07
2.349676524886981983e-07
1.603736236873703200e-07
1.094605955424243781e-07
7.471067686204414693e-08
5.099264451764705754e-08
3.480425963352697543e-08
2.375512194153309667e-08
1.621369982867010557e-08
1.106641602519389972e-08
7.553215178322055167e-09
5.155332982254737454e-09
3.518694692321435634e-09
2.401631937333365402e-09
1.639197619221218585e-09
1.118809586553032736e-09
7.636265916233249819e-10
5.212018009524068385e-10
3.557384201859082190e-10
2.428038877937830459e-10
1.657221277841366319e-10
1.131111362624771593e-10
7.720229831500702183e-11
5.269326312210814767e-11
3.596499118622747198e-11
2.454736173821656249e-11
1.675443114073692210e-11
1.143548401833632463e-11
7.805116964888685998e-12
5.327264743487088007e-12
3.636044120141548495e-12
2.481727017561731891e-12
1.693865306963343968e-12
1.156122191453981667e-12
7.890937467563863847e-13
5.385840231878419706e-13
3.676023935376018768e-13
2.509014636838653026e-13
1.712490059514981477e-13
1.168834235113397132e-13
7.977701602309175997e-14
5.445059782092374401e-14
3.716443345283537246e-14
2.536602294822696709e-14
1.731319598956216456e-14
1.181686052972454949e-14
8.065419744751198855e-15
5.504930475856184671e-15
3.757307183390108465e-15
2.564493290564078723e-15
1.750356177003946519e-15
1.194679181906527189e-15
8.154102384600724437e-16
5.565459472763616619e-16
3.798620336368360319e-16
2.592690959387414556e-16
1.769602070133650267e-16
1.207815175689581629e-16
8.243760126907382097e-17
5.626654011131143607e-17
3.840387744621920793e-17
2.621198673290609789e-17
1.789059579851580803e-17
1.221095605179963833e-17
8.334403693327644218e-18
5.688521408863492524e-18
3.882614402876202142e-18
2.650019841348085759e-18
1.808731032970015651e-18
1.234522058508263261e-18
8.426043923407071289e-19
5.751069064328915797e-19
3.925305360775673459e-19
2.679157910118453945e-19
1.828618781885498832e-19
1.248096141267225182e-19
8.518691775876538929e-20
5.814304457243674093e-20
3.968465723487822465e-20
2.708616364056668263e-20
1.848725204860151506e-20
1.261819476703753493e-20
8.612358329962709854e-21
5.878235149566656491e-21
4.012100652313492325e-21
2.738398725930693608e-21
1.869052706306074199e-21
1.275693705913026238e-21
8.707054786712953628e-22
5.942868786403630070e-22
4.056215365304198849e-22
2.768508557242849496e-22
1.889603717072864764e-22
1.289720488034744167e-22
8.802792470334801387e-23
6.008213096921475685e-23
4.100815137886102532e-23
2.798949458655594237e-23
1.910380694738361606e-23
1.303901500451529292e-23
8.899582829550154719e-24
6.074275895272475537e-24
4.145905303490864966e-24
2.829725070422184959e-24
1.931386123902451518e-24
1.318238438989549946e-24
8.997437438964362290e-25
6.141065081528755731e-25
4.191491254193444187e-25
2.860839072821974993e-25
1.952622516484242635e-25
1.332733018121259410e-25
9.096368000450305124e-26
6.208588642627023445e-26
4.237578441356901800e-26
2.892295186600518211e-26
1.974092412022437390e-26
1.347386971170457283e-26
9.196386344548009691e-27
6.276854653323625480e-27
4.284172376284299224e-27
2.924097173414510683e-27
1.995798377979020537e-27
1.362202050519557713e-27
9.297504431879007247e-28
6.345871277160338857e-28
4.331278630877735897e-28
2.956248836281626303e-28
2.017743010046287820e-28
1.377180027819147786e-28
9.399734354576897822e-29
6.415646767440342213e-29
4.378902838304779317e-29
2.988754020035275816e-29
2.039928932457249483e-29
1.392322694199839026e-29
9.503088337733311176e-30
6.486189468215402414e-30
4.427050693671920696e-30
3.021616611784497737e-30
2.062358798299433808e-30
1.407631860486505960e-30
9.607578740859769668e-31
6.557507815283411446e-31
4.475727954705777780e-31
3.054840541378555972e-31
2.085035289832225989e-31
1.423109357414727221e-31
9.713218059366030391e-32
6.629610337197597400e-32
4.524940442441435050e-32
3.088429781877212617e-32
2.107961118807464951e-32
1.438757035849858236e-32
9.820018926053589552e-33
6.702505656286175832e-33
4.574694041918833918e-33
3.122388350025500234e-33
2.131139026793945614e-33
1.454576767008206781e-33
9.927994112627396788e-34
6.776202489683155464e-34
4.624994702886375902e-34
3.156720306734358905e-34
2.154571785505030302e-34
