1.600682774464051994e-01
1.185017861791136107e-01
8.772927123141058270e-02
6.494775546388285858e-02
4.808213815739572489e-02
3.559618024171015693e-02
2.635257283385639138e-02
1.950934314435142855e-02
1.444316167243673774e-02
1.069256497016114402e-02
7.915922305246075527e-03
5.860317530691421667e-03
4.338511702896456941e-03
3.211888041491285217e-03
2.377825737841725295e-03
1.760352529883748175e-03
1.303224614046289039e-03
9.648035639590086957e-04
7.142636096611839789e-04
5.287838096210632343e-04
3.914693588407803615e-04
2.898126911658513547e-04
2.145542021718089090e-04
1.588388192539083241e-04
1.175915933903382151e-04
8.705543708414582632e-05
6.444890240371867532e-05
4.771282713828912871e-05
3.532277181801782079e-05
2.615016304297947621e-05
1.935949507862782509e-05
1.433222611589164167e-05
1.061043713189680312e-05
7.855121404001843682e-06
5.815305392660802707e-06
4.305188305896980910e-06
3.187218056101353862e-06
2.359562048244026597e-06
1.746831550748624703e-06
1.293214759476953058e-06
9.573930659841255206e-07
7.087774679939546182e-07
5.247223078846187178e-07
3.884625468851797609e-07
2.875866874059075544e-07
2.129062465256123258e-07
1.576188043281925310e-07
1.166883916431281564e-07
8.638677854647686501e-08
6.395388095211207573e-08
4.734635273656389523e-08
3.505146339959687136e-08
2.594930792851692605e-08
1.921079797132630774e-08
1.422214263716612889e-08
1.052894010409157969e-08
7.794787504510489894e-09
5.770638985481702184e-09
4.272120860445771389e-09
3.162737556824043830e-09
2.341438639051410235e-09
1.733414424037183975e-09
1.283281788959236235e-09
9.500394868290802169e-10
7.033334644813040081e-10
5.206920018770424901e-10
3.854788297591788301e-10
2.853777812158440756e-10
2.112709485565171017e-10
1.564081601370735762e-10
1.157921272404393432e-10
8.572325586539507805e-11
6.346266167910619471e-11
4.698269316462712627e-11
3.478223885665094569e-11
2.574999554925418095e-11
1.906324298212387852e-11
1.411290469159017110e-11
1.044806904159379014e-11
7.734917019808085595e-12
5.726315653652156786e-12
4.239307400620982167e-12
3.138445088247577618e-12
2.323454432793091795e-12
1.720100352075999287e-12
1.273425111959343930e-12
9.427423893097518738e-13
6.979312754669721978e-13
5.166926519890576735e-13
3.825180300751807753e-13
2.831858412720287632e-13
2.096482110429812523e-13
1.552068147054765229e-13
1.149027468976659206e-13
8.506482959322829875e-14
6.297521538079028739e-14
4.662182680223282375e-14
3.451508218327447283e-14
2.555221405569499157e-14
1.891682133859883251e-14
1.400450578476237066e-14
1.036781913646649546e-14
7.675506390481679865e-15
5.682332762066628292e-15
4.206745975600648857e-15
3.114339206138996208e-15
2.305608360274145639e-15
1.706888543318425716e-15
1.263644142479286685e-15
9.355013395999533224e-16
6.925705797806593205e-16
5.127240204517848244e-16
3.795799718080686056e-16
2.810107372595081307e-16
2.080379375102048781e-16
1.540146966111530993e-16
1.140201977394730908e-16
8.441146058529515970e-17
6.249151307756463956e-17
4.626373219519626122e-17
3.424997749650023684e-17
2.535595168935738699e-17
1.877152433570871886e-17
1.389693947216362582e-17
1.028818561770189028e-17
7.616552084457477972e-18
5.638687695859466214e-18
4.174434649546764611e-18
3.090418477358212098e-18
2.287899360511985236e-18
1.693778212297564019e-18
1.253938299021996164e-18
9.283159072056563459e-19
6.872510587189138996e-19
5.087858713226051951e-19
3.766644802847508299e-19
2.788523398642534460e-19
2.064400322243939422e-19
1.528317349804398194e-19
1.131444272966517825e-19
8.376310999757834426e-20
6.201152601241710150e-20
4.590838805411934581e-20
3.398690903535560852e-20
2.516119678207435683e-20
1.862734333527336410e-20
1.379019935877418955e-20
1.020916375093721474e-20
7.558050596791073542e-21
5.595377860249311934e-21
4.142371501490147187e-21
3.066681479772895943e-21
2.270326380673234908e-21
1.680768579579546708e-21
1.244307004556832202e-21
9.211856649393768973e-22
6.819723960261960488e-22
5.048779704711480043e-22
3.737713821737673636e-22
2.767105207654770279e-22
2.048544001870745881e-22
1.516578594840405568e-22
1.122753835030007780e-22
8.311973928441443545e-23
6.153522564921297109e-23
4.555577325312388412e-23
3.372586115992517592e-23
2.496793775529999038e-23
1.848426976546083497e-23
1.368427909869330706e-23
1.013074883817392915e-23
7.499998449458882486e-24
5.552400680384918620e-24
4.110554625216353819e-24
3.043126802173851418e-24
2.252888376011164844e-24
1.667858871717245005e-24
1.234749686485201480e-24
9.141101888947907742e-25
6.767342778760681841e-25
5.010000855653479036e-25
3.709005054749899574e-25
2.745851526279999022e-25
2.032809471294360212e-25
1.504930003328475070e-25
1.114130146922299645e-25
8.248131019620471519e-26
6.106258367099910165e-26
4.520586682859590784e-26
3.346681835042185588e-26
2.477616311942139264e-26
1.834229512027811088e-26
1.357917239476234299e-26
1.005293621749779948e-26
7.442392191151476985e-27
5.509753601192010410e-27
4.078982129152171020e-27
3.019753044191159461e-27
2.235584309803559562e-27
1.655048321204214544e-27
1.225265776606555245e-27
9.070890584215235853e-28
6.715363928525562471e-28
4.971519860576484065e-28
3.680516795093924315e-28
2.724761090946898084e-28
2.017195795067324065e-28
1.493370882737915396e-28
1.105572695948918915e-28
8.184778477713764878e-29
6.059357197832029364e-29
4.485864797794052569e-29
3.320976520626279500e-29
2.458586147307547803e-29
1.820141095906516700e-29
1.347487299818990932e-29
9.975721262802062393e-30
7.385228397068315623e-30
5.467434087221572387e-30
4.047652136253280401e-30
2.996558816210890881e-30
2.218413153291160350e-30
1.642336166429114502e-30
1.215854711084591022e-30
9.001218561001718064e-31
6.663784319316069957e-31
4.933334431712869823e-31
3.652247349089168659e-31
2.703832647789368522e-31
2.001702044927182242e-31
1.481900545857250179e-31
1.097080973353290486e-31
8.121912536293399882e-32
6.012816268754858979e-32
4.451409605834316812e-32
3.295468644515451206e-32
2.439702150247117813e-32
1.806160890599370085e-32
1.337137470818017366e-32
9.899099383512325909e-33
7.328503668714351738e-33
5.425439622498648762e-33
4.016562783892633884e-33
2.973542739292576673e-33
2.201373885616312832e-33
1.629721651630416785e-33
1.206515930413767205e-33
8.932081677174242267e-34
6.612600884627352333e-34
4.895442298867084750e-34
3.624195036063777284e-34
2.683064952572073121e-34
1.986327299741353540e-34
1.470518310753361869e-34
1.088654474286521827e-34
8.059529457860944049e-35
5.966632812922564342e-35
4.417219058554368907e-35
3.270156690218498740e-35
2.420963198071679589e-35
1.792288064956838449e-35
1.326867137156546839e-35
9.823066024313639583e-36
7.272214633697658879e-36
5.383767710373460994e-36
3.985712223749714587e-36
2.950703445087101856e-36
2.184465493762559724e-36
1.617204026851471896e-36
1.197248879385985856e-36
8.863475822414870531e-37
6.561810581507875270e-37
4.857841209280475414e-37
3.596358188254914513e-37
2.662456770616439762e-37
1.971070645452284167e-37
1.459223500730928371e-37
1.080292697777383019e-37
7.997625533624909575e-38
5.920804084641765490e-38
4.383291123261817162e-38
3.245039152892072986e-38
2.402368176715255016e-38
1.778521794213324623e-38
1.316675688243892176e-38
9.747616664879684631e-39
7.216357945529154399e-39
5.342415873372318342e-39
3.955098621700653152e-39
2.928039575755434600e-39
2.167686972494147684e-39
1.604782547895925473e-39
1.188053007057620467e-39
8.795396917976652842e-40
6.511410390378517702e-40
4.820528927497488972e-40
3.568735150709684607e-40
2.642006876727261997e-40
1.955931175023158461e-40
1.448015444292275394e-40
1.071995146702521421e-40
7.936197083280476296e-41
5.875327359308221747e-41
4.349623782877047054e-41
3.220114539251301596e-41
2.383915980668788945e-41
1.764861259938121379e-41
1.306562518179232889e-41
9.672746819603892699e-42
7.160930283423591829e-42
5.301381653050675893e-42
3.924720157709128831e-42
2.905549783887884651e-42
2.151037324296406237e-42
1.592456476283473477e-42
1.178927766716752172e-42
8.727840916440456864e-43
6.461397314853050084e-43
4.783503235232740945e-43
3.541324281186460334e-43
2.621714055119855582e-43
1.940907988383963673e-43
1.436893475097330836e-43
1.063761327756907298e-43
7.875240454790650849e-44
5.830199933245180243e-44
4.316215035813301511e-44
3.195381367480989018e-44
2.365605512914563106e-44
1.751305649986753109e-44
1.296527025715572708e-44
9.598452037333312561e-45
7.105928352102127254e-45
5.260662609846898703e-45
3.894575025718389763e-45
2.883232732423994288e-45
2.134515559316410538e-45
1.580225079205934881e-45
1.169872615850666467e-45
8.660803801474825894e-46
6.411768381559904179e-46
4.746761931239136852e-46
3.514123950057453845e-46
2.601577099347742467e-46
1.926000192377975980e-46
1.425856931924091255e-46
1.055590751424506078e-46
7.814752024169129561e-47
5.785419123542136518e-47
4.283062895857684288e-47
3.170838167147519375e-47
2.347435684860770321e-47
1.737854158452693452e-47
1.286568614223994998e-47
9.524727901103155589e-48
7.051348881596416104e-48
5.220256322937223642e-48
3.864661433543541622e-48
2.861087094573046836e-48
2.118120695304134508e-48
1.568087629483775583e-48
1.160887016113600362e-48
8.594281587597099755e-49
6.362520639965765635e-49
4.710302831176995957e-49
3.487132540211781351e-49
2.581594812231073343e-49
1.911206900708663258e-49
1.414905158629291121e-49
1.047482931949160976e-49
7.754728195264859770e-50
5.740982267895663253e-50
4.250165392053013855e-50
3.146483479111435409e-50
2.329405416276932179e-50
1.724505985619426937e-50
1.276686691658192937e-50
9.451570027874754973e-51
6.997188627054205921e-51
5.180160390091838667e-51
3.834977602765224482e-51
2.839111553735187395e-51
2.101851757554053528e-51
1.556043405522741568e-51
1.151970433294735991e-51
8.528270319936447933e-52
6.313651162199604098e-52
4.674123767484193701e-52
3.460348446959322533e-52
2.561766005785230439e-52
1.896527233886990446e-52
1.404037504109394575e-52
1.039437387305773054e-52
7.695165399548230934e-53
5.696886724451051458e-53
4.217520568580887711e-53
3.122315855440692162e-53
2.311513635229643982e-53
1.711260337913002569e-53
1.266880670519269127e-53
9.378974068274847425e-54
6.943444368546319265e-54
5.140372427532065622e-54
3.805521768623825385e-54
2.817304803423111030e-54
2.085707778847195402e-54
1.544091691271047623e-54
1.143122337286425518e-54
8.462766073998757995e-55
6.265157042878984084e-55
4.638222589247296018e-55
3.433770077935319375e-55
2.542089501150347129e-55
1.881960319179133785e-55
1.393253322261883786e-55
1.031453639171554155e-55
7.636060095898924776e-56
5.653129871645242689e-56
4.185126484645043351e-56
3.098333859324572688e-56
2.293759278018845508e-56
1.698116427854708076e-56
1.257149967820809512e-56
9.306935706336986668e-57
6.890112910875625215e-57
5.100890069788638539e-57
3.776292179914561266e-57
2.795665547184585155e-57
2.069687799393608948e-57
1.532231776176785608e-57
1.134342202052755204e-57
8.397764955433194955e-58
6.217035398937231994e-58
4.602597162073680331e-58
3.407395853005656755e-58
2.522564128521186052e-58
1.867505290554595376e-58
1.382551971946830360e-58
1.023531212897650358e-58
7.577408770395388267e-59
5.609709108050898498e-59
4.152981214356218433e-59
3.074536064988267266e-59
2.276141289114549076e-59
1.685073474014349866e-59
1.247494005054222729e-59
9.235450659244833233e-60
6.837191083386482204e-60
5.061710969561073852e-60
3.747287098883312370e-60
2.774192498524935247e-60
2.053790866775451277e-60
1.520462955145657699e-60
1.125629505598094117e-60
8.333263099801266265e-61
6.169283369451950230e-61
4.567245367964580600e-61
3.381224204173165716e-61
2.503188727077558251e-61
1.853161288634688795e-61
1.371932816948873973e-61
1.015669637480921912e-61
7.519207936105816175e-62
5.566621852222130483e-62
4.121082846617644991e-62
3.050921057608064849e-62
2.258658621094250483e-62
1.672130700963796230e-62
1.237912208154329822e-62
9.164514677078173440e-63
6.784675739776731995e-63
5.022832797578046806e-63
3.718504801123576438e-63
2.752884380831160040e-63
2.038016035890038012e-63
1.508784528499166800e-63
1.116983729936302975e-63
8.269256672345772517e-64
6.121898115475368522e-64
4.532165105189489874e-64
3.355253575483866572e-64
2.483962144915483964e-64
1.838927460641579971e-64
1.361395225939183599e-64
1.007868445535869768e-64
7.461454132881381634e-65
5.523865542540161203e-65
4.089429485011144536e-65
3.027487433227457785e-65
2.241310234580299448e-65
1.659287339230756141e-65
1.228404007465322604e-65
9.094123542558826972e-66
6.732563757910056762e-66
4.984253242459267297e-66
3.689943575473362418e-66
2.731739927295397476e-66
2.022362368894097186e-66
1.497195801932780310e-66
1.108404361059681304e-66
8.205741867764593902e-67
6.074876819864595320e-67
4.497354288160497952e-67
3.329482422935193707e-67
2.464883238978322260e-67
1.824802960347298032e-67
1.350938572438216925e-67
1.000127173266977656e-67
7.404143927149348037e-68
5.481437637062217896e-68
4.058019247684907843e-68
3.004233798673196181e-68
2.224095098178592279e-68
1.646542625253247460e-68
1.218968837706702567e-68
9.024273070801870453e-69
6.680852039631243282e-69
4.945970010577282042e-69
3.661601723914256740e-69
2.710757880840164368e-69
2.006828935147546167e-69
1.485696086474976716e-69
1.099890888908632481e-69
8.142714909982580824e-70
6.028216687115448363e-70
4.462810847309265172e-70
3.303909214383429084e-70
2.445950874989344765e-70
1.810786948023818652e-70
1.340562234778164242e-70
9.924453604410662771e-71
7.347273911710536072e-71
5.439335613369145944e-71
4.026850267241318583e-71
2.981158771473106793e-71
2.207012188416738457e-71
1.633895801334082098e-71
1.209606137939938247e-71
8.954959109064766031e-72
6.629537510581491480e-72
4.907980825922179549e-72
3.633477561469629243e-72
2.689936994043381580e-72
1.991414811158625034e-72
1.474284698445941552e-72
1.091442807341243838e-72
8.080172051928922042e-73
5.981914943194863183e-73
4.428532728962959376e-73
3.278532429453376585e-73
2.427163927383737280e-73
1.796878590392723664e-73
1.330265596066296841e-73
9.848225503598476650e-74
7.290840705535062198e-74
5.397556968416699330e-74
3.995920690625591252e-74
2.958260979773219902e-74
2.190060489683725074e-74
1.621346115595680321e-74
1.200315351534835934e-74
8.886177536502531192e-75
6.578617120015083183e-75
4.870283429965145572e-75
3.605569416105292289e-75
2.669276029063985617e-75
1.976119080528536116e-75
1.462960959417261619e-75
1.083059614103102433e-75
8.018109575312524529e-76
5.935968835377354924e-76
4.394517895223051725e-76
3.253350559447220953e-76
2.408521279242240979e-76
1.783077060576025037e-76
1.320048044147986974e-76
9.772582898329702287e-77
7.234840953562810378e-77
5.356099218385489819e-77
3.965228679016405963e-77
2.935539062256804229e-77
2.173238994169029704e-77
1.608892821935695223e-77
1.191095926136691348e-77
8.817924263920707732e-78
6.528087840619330625e-78
4.832875581525176135e-78
3.577875628629268232e-78
2.648773757568870624e-78
1.960940833897359273e-78
1.451724196171253531e-78
1.074740810797652325e-78
7.956523790402793892e-79
5.890375632079991053e-79
4.360764323843775094e-79
3.228362107255575615e-79
2.390021822224196116e-79
1.769381538046846947e-79
1.309908971570615671e-79
9.697521291508520260e-80
7.179271326503320584e-80
5.314959898534549598e-80
3.934772407715675680e-80
2.912991668063177641e-80
2.156546701803204905e-80
1.596535179982287231e-80
1.181947313633344035e-80
8.750195233534271422e-81
6.477946668333092012e-81
4.795755056635404538e-81
3.550394552593968278e-81
2.628428960659255251e-81
1.945879168889818544e-81
1.440573740661275183e-81
1.066485902856317842e-81
7.895411035808440135e-82
5.845132622701354990e-82
4.327270008111529067e-82
3.203565587267739034e-82
2.371664456502198369e-82
1.755791208580495515e-82
1.299847775547159344e-82
9.623036220581673695e-83
7.124128520637260430e-83
5.274136563053574914e-83
3.904550066040970042e-83
2.890617456707149803e-83
2.139982620197927748e-83
1.584272455050472109e-83
1.172868970122493744e-83
8.682986418724381273e-84
6.428190622169663111e-84
4.758919648410483355e-84
3.523124554197493302e-84
2.608240428798818696e-84
1.930933190061467908e-84
1.429508929971675466e-84
1.058294399509344666e-84
7.834767678261403325e-85
5.800237117459044294e-85
4.294032956726446598e-85
3.178959525284017250e-85
2.353448090696167296e-85
1.742305264206404065e-85
1.289863857920614051e-85
9.549123257270945243e-86
7.069409257621433928e-86
5.233626784918584227e-86
3.874559857216967336e-86
2.868415097999905079e-86
2.123545764587430393e-86
1.572103918098081600e-86
1.163860355879597787e-86
8.616293823800745719e-87
6.378816744038082677e-87
4.722367166916330340e-87
3.496064012187209813e-87
2.588206961741192428e-87
1.916102008845844405e-87
1.418529106278714305e-87
1.050165813756380099e-87
7.774590112400148964e-88
5.755686447231100237e-88
4.261051193683015310e-88
3.154542458427800193e-88
2.335371641809001550e-88
1.728922903159695855e-88
1.279956625128321017e-88
9.475778007312087496e-89
7.015110284292254677e-89
5.193428155747163394e-89
3.844799998269524594e-89
2.846383271969264743e-89
2.107235157769768831e-89
1.560028845682778266e-89
1.154920935325516071e-89
8.550113483763306401e-90
6.329822098568721162e-90
4.686095439038849564e-90
3.469211317763060304e-90
2.568327368459200155e-90
1.901384743501198771e-90
1.407633616811125067e-90
1.042099662337760693e-90
7.714874760554674363e-91
5.711477963395992013e-91
4.228322758153585955e-91
3.130312935058323042e-91
2.317434035161656652e-91
1.715643329833915843e-91
1.270125488166569566e-91
9.402996110191396465e-92
6.961228372473952520e-92
5.153538285654849086e-92
3.815268719918791190e-92
2.824520668781863992e-92
2.091049830048545809e-92
1.548046519918690478e-92
1.146050176994936467e-92
8.484441464065789408e-93
6.281203772937327908e-93
4.650102308355814313e-93
3.442564874481619644e-93
2.548600467073455547e-93
1.886780519058513515e-93
1.396821813811591076e-93
1.034095465705542429e-93
7.655618072535352844e-94
5.667609037676308696e-94
4.195845704370821442e-94
3.106269514684994621e-94
2.299634204329722056e-94
1.702465754733336651e-94
1.260369862555835243e-94
9.330773238888364076e-95
6.907760318785056059e-95
5.113954803114073752e-95
3.785964266474795091e-95
2.802825988664630823e-95
2.074988819175682751e-95
1.536156228434041234e-95
1.137247553504514021e-95
8.419273860383496115e-96
6.232958876693285012e-96
4.614385635007592188e-96
3.416123098161874391e-96
2.529025084782685527e-96
1.872288467269048381e-96
1.386093054498113100e-96
1.026152747995228838e-96
7.596816525420106542e-97
5.624077061982003660e-97
4.163618101512983028e-97
3.082410767881039140e-97
2.281971091079814675e-97
1.689389394426411653e-97
1.250689168305740571e-97
9.259105099617610392e-98
6.854702944449523252e-98
5.074675354812002387e-98
3.756884895732726467e-98
2.781297941828157216e-98
2.059051170293734409e-98
1.524357264328665564e-98
1.128512541521777808e-98
8.354606798379247717e-99
6.185084541586349654e-99
4.578943295570985907e-99
3.389884416790257211e-99
2.509600057793422691e-99
1.857907726553153756e-99
1.375446701025676446e-99
1.018271036997243186e-99
7.538466623346713196e-100
5.580879448254861116e-100
4.131638033588182797e-100
3.058735276199228496e-100
2.264443645306475502e-100
1.676413471498811490e-100
1.241082829880862512e-100
9.187987431572832697e-101
6.802053095106192685e-101
5.035697605511790854e-101
3.728028878869045014e-101
2.759935248389379064e-101
2.043235935879593096e-101
1.512648926131850734e-101
1.119844621733759697e-101
8.290436433474960430e-102
6.137577921397364559e-102
4.543773182931942623e-102
3.363847270427967273e-102
2.490324231251321970e-102
1.843637441948619167e-102
1.364882120448606155e-102
1.010449864129060345e-102
7.480564897303237706e-103
5.538013628315756050e-103
4.099903599321307433e-103
3.035241632086842337e-103
2.247050824970190922e-103
1.663537214507542065e-103
1.231550276166228969e-103
9.117416006675324484e-104
6.749807640622615740e-104
4.997019237912585974e-104
3.699394500339446871e-104
2.738736638296039707e-104
2.027542175687687328e-104
1.501030517760940080e-104
1.111243278816376660e-104
8.226758950621182286e-105
6.090436191768512025e-105
4.508873206161328044e-105
3.338010111117450597e-105
2.471196459172283017e-105
1.829476765060271117e-105
1.354398684682624127e-105
1.002688764407260332e-105
7.423107904923502783e-106
5.495477053710690829e-106
4.068412912040622612e-106
3.011928438802691773e-106
2.229791596034926101e-106
1.650759857934936086e-106
1.222090940433649253e-106
9.047386629320521605e-107
6.697963474908375304e-107
4.958637952512918400e-107
3.670980057776019280e-107
2.717700851250946289e-107
2.011968956694550484e-107
1.489501348479600514e-107
1.102708001403539173e-107
8.163570564072173688e-108
6.043656550034885819e-108
4.474241290389573472e-108
3.312371402791146709e-108
2.452215604374111867e-108
1.815424854009108352e-108
1.343995770467818544e-108
9.949872764197992217e-109
7.366092230280742750e-109
5.453267195560554434e-109
4.037164099565262493e-109
2.988794310333381706e-109
2.212664932407162232e-109
1.638080642143000542e-109
1.212704260307739227e-109
8.977895136130646681e-110
6.646517515729851138e-110
4.920551467472845071e-110
3.642783861886878584e-110
2.696826636636808183e-110
1.996515353042884972e-110
1.478060732857102849e-110
1.094238282056970966e-110
8.100867517158947518e-111
5.997236215059079151e-111
4.439875376684229682e-111
3.286929621179395109e-111
2.433380538409403453e-111
1.801480873382622571e-111
1.333672759331281783e-111
9.873449422987765709e-112
7.309514483685991612e-112
5.411381544409519030e-112
4.006155304094738415e-112
2.965837871311516125e-112
2.195669815874382583e-112
1.625498813328584385e-112
1.203389677732732461e-112
8.908937395705111631e-113
6.595466704528316894e-113
4.882757518479421421e-113
3.614804236355001013e-113
2.676112753442354253e-113
1.981180445986924241e-113
1.466707990727229509e-113
1.085833617235945871e-113
8.038646082067805118e-114
5.951172427064627460e-114
4.405773421927040799e-114
3.261683253720488855e-114
2.414690141497895115e-114
1.787643994184970899e-114
1.323429037550647245e-114
9.797613076930155515e-115
7.253371301485720702e-115
5.369817610076939348e-115
3.975384682097565137e-115
2.943057756933669446e-115
2.178805236045045545e-115
1.613013623478235652e-115
1.194146638939162065e-115
8.840509308376711021e-116
6.544808006236576287e-116
4.845253858610962834e-116
3.587039517738881792e-116
2.655557970188389671e-116
1.965963323837579497e-116
1.455442447148134369e-116
1.077493507267258290e-116
7.976902559616853477e-117
5.905462447472462627e-117
4.371933398692856472e-117
3.236630799470543390e-117
2.396143302460379281e-117
1.773913393787537079e-117
1.313263996117298034e-117
9.722359217411369214e-118
7.197659345862481897e-118
5.328572921508988406e-118
3.944850404202458974e-118
2.920452612878996145e-118
2.162070190288012714e-118
1.600624330323871433e-118
1.184974594411041733e-118
8.772606805967350991e-119
6.494538409099854310e-119
4.808038258204438707e-119
3.559488055373842745e-119
2.635161064854058370e-119
1.950863081908406452e-119
1.444263432362129040e-119
1.069217456315703196e-119
7.915633279037696483e-120
5.860103558738432749e-120
4.338353295128099658e-120
3.211770769013629810e-120
2.377738918652501159e-120
1.760288255880334964e-120
1.303177030700425388e-120
9.647683370448090721e-121
7.142375304634827966e-121
5.287645026630689424e-121
3.914550655089349440e-121
2.898021095229216551e-121
2.145463683673375872e-121
1.588330197298740218e-121
1.175872998852924432e-121
8.705225851544454351e-122
6.444654924496347251e-122
4.771108504722354676e-122
3.532148211273586692e-122
2.614920824805097356e-122
1.935878822461377630e-122
1.433170281755578001e-122
1.061004972354534521e-122
7.854834597756277105e-123
5.815093064191221360e-123
4.305031114832659076e-123
3.187101684374330798e-123
2.359475895898729343e-123
1.746767770423368763e-123
1.293167541610949630e-123
9.573581096420657862e-124
7.087515891062859164e-124
5.247031492201959222e-124
3.884483633380673963e-124
2.875761870388547926e-124
2.128984728913059770e-124
1.576130493493492666e-124
1.166841311157890463e-124
8.638362439183950807e-125
6.395154586758262767e-125
4.734462402621625364e-125
3.505018360032920800e-125
2.594836046721139388e-125
1.921009654654176766e-125
1.422162335819880077e-125
1.052855567136001471e-125
7.794502901176999308e-126
5.770428287872536968e-126
4.271964876740194419e-126
3.162622078929129164e-126
2.341353148428121901e-126
1.733351133598129516e-126
1.283234933765976123e-126
9.500047989809940713e-127
7.033077843651180105e-127
5.206729903671732087e-127
3.854647551535620779e-127
2.853673615003848848e-127
2.112632346302305774e-127
1.564024493612863909e-127
1.157878994375106769e-127
8.572012593730123015e-128
6.346034452997722963e-128
4.698097773221962032e-128
3.478096888731321683e-128
2.574905536524466922e-128
1.906254694486789439e-128
1.411238940111929597e-128
1.044768756162685297e-128
7.734634602466051775e-129
5.726106574376696934e-129
4.239152615000851592e-129
3.138330497319405800e-129
2.323369598809229929e-129
1.720037547760405141e-129
1.273378616653126739e-129
9.427079678933257151e-130
6.979057925955801089e-130
5.166737865034710586e-130
3.825040635742964267e-130
2.831755015886924545e-130
2.096405563660947205e-130
1.552011477932195501e-130
1.148985515678036273e-130
8.506172370559772099e-131
6.297291602930315816e-131
4.662012454577968902e-131
3.451382196836249844e-131
2.555128109308442297e-131
1.891613064749168468e-131
1.400399445215291072e-131
1.036744058658452026e-131
7.675226142340832224e-132
5.682125288694740351e-132
