8.419301115923921719e-02
6.971175816004343551e-02
5.772129015047210154e-02
4.779319048281642501e-02
3.957273045304743331e-02
3.276619492629578856e-02
2.713038796304069467e-02
2.246394348445983694e-02
1.860013050902381213e-02
1.540089589310313437e-02
1.275193172408816897e-02
1.055859112511938099e-02
8.742506544075887356e-03
7.238789699070345696e-03
5.993713135150507444e-03
4.962790554764897992e-03
4.109187332644209309e-03
3.402404423162997630e-03
2.817188636496133561e-03
2.332630347989274582e-03
1.931416402107877630e-03
1.599211517395766110e-03
1.324146090185487337e-03
1.096392096405592563e-03
9.078119385545018166e-04
7.516676912245915873e-04
6.223803565863627197e-04
5.153305280868180228e-04
4.266933401221324599e-04
3.533018064745985665e-04
2.925336646278257425e-04
2.422176829337494843e-04
2.005560830082112620e-04
1.660603055252496234e-04
1.374978243367977308e-04
1.138481085985854584e-04
9.426615943919715074e-05
7.805231834590660618e-05
6.462726852789912489e-05
5.351133606137438334e-05
4.430735125123240616e-05
3.668645784976247117e-05
3.037636309900072114e-05
2.515160877348929477e-05
2.082551561004600363e-05
1.724351330088306120e-05
1.427761773227345765e-05
1.182185814177963193e-05
9.788490807430200166e-06
8.104863984835637716e-06
6.710822077170778484e-06
5.556556289618713124e-06
4.600824972656417940e-06
3.809480067459450067e-06
3.154247003661135631e-06
2.611714455495355819e-06
2.162497860543639630e-06
1.790546813805059853e-06
1.482571590439154043e-06
1.227568306972275367e-06
1.016425755087087120e-06
8.415998602574612102e-07
6.968441337111641465e-07
5.769864868312976611e-07
4.777444336266915423e-07
3.955720784983004916e-07
3.275334222098684477e-07
2.711974593145320668e-07
2.245513188926752372e-07
1.859283451396921474e-07
1.539485481397101429e-07
1.274692971451890772e-07
1.055444946446838045e-07
8.739077251766377372e-08
7.235950247281547282e-08
5.991362070926972298e-08
4.960843875125898873e-08
4.107575483176655913e-08
3.401069812858344841e-08
2.816083580036998179e-08
2.331715361964044306e-08
1.930658794277581045e-08
1.598584218607914685e-08
1.323626687199529669e-08
1.095962031073018684e-08
9.074558447404830909e-09
7.513728457795431763e-09
6.221362247507525734e-09
5.151283870866473442e-09
4.265259675062328176e-09
3.531632220581299623e-09
2.924189168216536390e-09
2.421226718253077876e-09
2.004774138725782583e-09
1.659951675324119926e-09
1.374438901213418871e-09
1.138034511034720723e-09
9.422918306245885132e-10
7.802170193015747870e-10
6.460191815568833414e-10
5.349034596976837774e-10
4.428997146911448864e-10
3.667206740153881082e-10
3.036444781728583216e-10
2.514174292802454101e-10
2.081734669645547241e-10
1.723674944577424505e-10
1.427201726466838269e-10
1.181722095826648534e-10
9.784651222514999973e-11
8.101684811037755732e-11
6.708189723345964879e-11
5.554376702373875840e-11
4.599020275843605644e-11
3.807985779679083771e-11
3.153009734356568473e-11
2.610689997320611238e-11
2.161649609845160392e-11
1.789844462781649229e-11
1.481990044251251553e-11
1.227086787109148859e-11
1.016027056955431199e-11
8.412697384652805553e-12
6.965707930832095298e-12
5.767601609701720187e-12
4.775570359617439773e-12
3.954169133543217698e-12
3.274049455721638846e-12
2.710910807425631726e-12
2.244632375046792307e-12
1.858554138080547057e-12
1.538881610448266665e-12
1.274192966701315702e-12
1.055030942840469214e-12
8.735649304614076708e-13
7.233111909282022411e-13
5.989011928920252719e-13
4.958897959081810656e-13
4.105964265965178475e-13
3.399735726061326512e-13
2.814978957041832566e-13
2.330800734846701404e-13
1.929901483622781908e-13
1.597957165881177410e-13
1.323107487952014388e-13
1.095532134435742843e-13
9.070998906060590630e-14
7.510781159891083956e-14
6.218921886770896633e-14
5.149263253773031409e-14
4.263586605430863190e-14
3.530246920020983904e-14
2.923042140258870577e-14
2.420276979854526818e-14
2.003987755953109377e-14
1.659300550902804944e-14
1.373899770618541322e-14
1.137588111254866086e-14
9.419222118989075202e-15
7.799109752385188670e-15
6.457657772728895984e-15
5.346936411163162707e-15
4.427259850430378161e-15
3.665768259804108407e-15
3.035253720940049143e-15
2.513188095248741321e-15
2.080918098716252182e-15
1.722998824382182093e-15
1.426641899387496147e-15
1.181258559371197052e-15
9.780813143696392657e-16
8.098506884286825661e-16
6.705558402075222399e-16
5.552197970083134643e-16
4.597216286932201648e-16
3.806492078040653289e-16
3.151772950377140788e-16
2.609665940994750450e-16
2.160801691877294469e-16
1.789142387258971521e-16
1.481408726177778629e-16
1.226605456124612094e-16
1.015628515215132988e-16
8.409397461650430677e-17
6.962975596744944099e-17
5.765339238865075786e-17
4.773697118044761009e-17
3.952618090746516450e-17
3.272765193300698978e-17
2.709847438981269957e-17
2.243751906670517468e-17
1.857825110841001726e-17
1.538277976370859040e-17
1.273693158080120408e-17
1.054617101629098580e-17
8.732222702091375308e-18
7.230274684634939518e-18
5.986662708768583928e-18
4.956952806333109062e-18
4.104353680761789420e-18
3.398402162566567304e-18
2.813874767340621115e-18
2.329886466496469017e-18
1.929144470026904659e-18
1.597330359119036254e-18
1.322588492363024312e-18
1.095102406427586228e-18
9.067440760964438324e-19
7.507835018079239298e-19
6.216482483278058062e-19
5.147243429276841051e-19
4.261914192069405085e-19
3.528862162851803189e-19
2.921895562228699911e-19
2.419327613995663275e-19
2.003201681643054112e-19
1.658649681888330088e-19
1.373360851500360214e-19
1.137141886577577659e-19
9.415527381580333859e-20
7.796050512227935590e-20
6.455124723880074270e-20
5.344839048373461163e-20
4.425523235412617808e-20
3.664330343705512574e-20
3.034063127351097726e-20
2.512202284535986884e-20
2.080101848091032000e-20
1.722322969398492215e-20
1.426082291903151026e-20
1.180795204740259553e-20
9.776976570383502870e-21
8.095330204093672302e-21
6.702928112953550402e-21
5.550020092411148875e-21
4.595413005644583486e-21
3.804998962314201724e-21
3.150536651532447429e-21
2.608642286360142274e-21
2.159954106509538070e-21
1.788440587128966988e-21
1.480827636129258535e-21
1.226124313944591999e-21
1.015230129804836458e-21
8.406098833059447861e-22
6.960244334429599673e-22
5.763077755454828908e-22
4.771824611260558517e-22
3.951067656354208092e-22
3.271481434638151406e-22
2.708784487648527094e-22
2.242871783662398027e-22
1.857096369566076553e-22
1.537674579071969941e-22
1.273193545511387835e-22
1.054203422749039190e-22
8.728797443670743415e-23
7.227438572903491055e-23
5.984314410110396030e-23
4.955008416580407115e-23
4.102743727318588986e-23
3.397069122168843102e-23
2.812771010763372285e-23
2.328972556772594241e-23
1.928387753373424133e-23
1.596703798225016331e-23
1.322069700352677287e-23
1.094672846982417303e-23
9.063884011568591202e-24
7.504890031906334828e-24
6.214044036653529037e-24
5.145224397067019775e-24
4.260242434720541405e-24
3.527477948860622498e-24
2.920749433949567355e-24
2.418378620530331813e-24
2.002415915674599381e-24
1.657999068180504498e-24
1.372822143775927686e-24
1.136695836934174860e-24
9.411834093451056458e-25
7.792992472073019461e-25
6.452592668632398101e-25
5.342742508284879024e-25
4.423787301590879550e-25
3.662892991636775487e-25
3.032873000778512293e-25
2.511216860512476727e-25
2.079285917644223895e-25
1.721647379522323780e-25
1.425522903927670907e-25
1.180332031862518528e-25
9.773141501985922693e-26
8.092154769969412186e-26
6.700298855576011876e-26
5.547843069022630662e-26
4.593610431703118695e-26
3.803506432269954330e-26
3.149300837632237230e-26
2.607619033259248640e-26
2.159106853611404127e-26
1.787739062283592210e-26
1.480246774016232047e-26
1.225643360495019762e-26
1.014831900663234703e-26
8.402801498372234219e-27
6.957514143465733974e-27
5.760817159122820856e-27
4.769952838976557712e-27
3.949517830127613229e-27
3.270198179536441389e-27
2.707721953263827613e-27
2.241992005886986556e-27
1.856367914143580460e-27
1.537071418458705190e-27
1.272694128918197913e-27
1.053789906136607960e-27
8.725373528825075404e-28
7.224603573651232305e-28
5.981967032584165121e-28
4.953064789524362566e-28
4.101134405387722738e-28
3.395736604662941792e-28
2.811667687140231055e-28
2.328059005534437299e-28
1.927631333545883340e-28
1.596077483102657454e-28
1.321551111841105051e-28
1.094243456034100646e-28
9.060328657325706195e-29
7.501946200919169784e-29
6.211606546522036892e-29
5.143206156832735935e-29
4.258571333126904708e-29
3.526094277834340546e-29
2.919603755245035968e-29
2.417429999312493129e-29
2.001630457926825500e-29
1.657348709679200870e-29
1.372283647362308854e-29
1.136249962255987527e-29
9.408142254032616094e-30
7.789935631449783398e-30
6.450061606596172569e-30
5.340646790574727114e-30
4.422052048697940835e-30
3.661456203376640538e-30
3.031683341039079564e-30
2.510231823026512234e-30
2.078470307250265884e-30
1.720972054649706011e-30
1.424963735374936603e-30
1.179869040666667473e-30
9.769307937913206330e-31
8.088980581425154080e-31
6.697670629537948826e-31
5.545666899582521206e-31
4.591808564830442284e-31
3.802014487678149232e-31
3.148065508486266428e-31
2.606596181534547838e-31
2.158259933052510026e-31
1.787037812614891059e-31
1.479666139749311164e-31
1.225162595701856447e-31
1.014433827729015897e-31
8.399505457081132734e-32
6.954785023432999781e-32
5.758557449521131214e-32
4.768081800904680764e-32
3.947968611828176601e-32
3.268915427798020007e-32
2.706659835663602176e-32
2.241112573208846642e-32
1.855639744461413418e-32
1.536468494438245841e-32
1.272194908223695539e-32
1.053376551728147141e-32
8.721950957027220200e-33
7.221769686441685002e-33
5.979620575828614075e-33
4.951121924865839412e-33
4.099525714721504604e-33
3.394404609843756616e-33
2.810564796301348178e-33
2.327145812641363233e-33
1.926875210427836743e-33
1.595451413655577706e-33
1.321032726748502722e-33
1.093814233516558270e-33
9.056774697688401784e-34
7.499003524664513667e-34
6.209170012508305369e-34
5.141188708263368270e-34
4.256900887031301405e-34
3.524711149560001516e-34
2.918458525938758362e-34
2.416481750196114226e-34
2.000845308278816145e-34
1.656698606284301520e-34
1.371745362176635356e-34
1.135804262474400751e-34
9.404451862756883622e-35
7.786879989887764448e-35
6.447531537381848096e-35
5.338551894920460136e-35
4.420317476466644229e-35
3.660019978703899017e-35
3.030494147949684065e-35
2.509247171926473123e-35
2.077655016783600878e-35
1.720296994676677470e-35
1.424404786158898957e-35
1.179406231081457871e-35
9.765475877575413128e-36
8.085807637972427728e-36
6.695043434434858064e-36
5.543491583755896744e-36
4.590007404749043376e-36
3.800523128309085271e-36
3.146830663904341994e-36
2.605573731028597280e-36
2.157413344702479125e-36
1.786336838014910975e-36
1.479085733239111281e-36
1.224682019491118083e-36
1.014035910940921704e-36
8.396210708678918083e-37
6.952056973911420926e-37
5.756298626301978767e-37
4.766211496756963096e-37
3.946420001217380333e-37
3.267633179225395382e-37
2.705598134684326820e-37
2.240233485492612856e-37
1.854911860407478593e-37
1.535865806917775976e-37
1.271695883351029957e-37
1.052963359460046532e-37
8.718529727750488231e-38
7.218936910838748516e-38
5.977275039482609222e-38
4.949179822305817565e-38
4.097917655072346351e-38
3.393073137506213019e-38
2.809462338076922732e-38
2.326232977952776543e-38
1.926119383902898853e-38
1.594825589787397287e-38
1.320514544995069133e-38
1.093385179363714139e-38
9.053222132109763806e-39
7.496062002689520017e-39
6.206734434237381080e-39
5.139172051048419482e-39
4.255231096176638011e-39
3.523328563824731948e-39
2.917313745854413730e-39
2.415533873035202199e-39
2.000060466609719090e-39
1.656048757895739019e-39
1.371207288136042397e-39
1.135358737520802357e-39
9.400762919055754073e-40
7.783825546916568634e-40
6.445002460599940263e-40
5.336457820999584690e-40
4.418583584630120819e-40
3.658584317397584875e-40
3.029305421327235192e-40
2.508262907060761312e-40
2.076840046118705894e-40
1.719622199499329895e-40
1.423846056193512071e-40
1.178943603035643415e-40
9.761645320382622910e-41
8.082635939122781823e-41
6.692417269862305040e-41
5.541317121207882679e-41
4.588206951181840329e-41
3.799032353933313727e-41
3.145596303696480653e-41
2.604551681583980886e-41
2.156567088430970251e-41
1.785636138375729680e-41
1.478505554396294063e-41
1.224201631788823760e-41
1.013638150237695841e-41
8.392917252658393682e-42
6.949329994481033494e-42
5.754040689117631316e-42
4.764341926245487022e-42
3.944871998056965996e-42
3.266351433621289991e-42
2.704536850162657372e-42
2.239354742602939603e-42
1.854184261869710897e-42
1.535263355804505404e-42
1.271197054223388902e-42
1.052550329268698086e-42
8.715109840468202109e-43
7.216105246406337066e-43
5.974930423185071150e-43
4.947238481545324682e-43
4.096310226192700959e-43
3.391742187445460614e-43
2.808360312297339019e-43
2.325320501328236524e-43
1.925363853854702394e-43
1.594200011401765145e-43
1.319996566501043052e-43
1.092956293509526587e-43
9.049670960042898097e-44
7.493121634541365531e-44
6.204299811334323405e-44
5.137156184877439185e-44
4.253561960305863302e-44
3.521946520415694446e-44
2.916169414815875552e-44
2.414586367683923980e-44
1.999275932798698352e-44
1.655399164413463170e-44
1.370669425157687503e-44
1.134913387326615605e-44
9.397075422361405520e-45
7.780772302066041345e-45
6.442474375861164058e-45
5.334364568489772746e-45
4.416850372921420924e-45
3.657149219236663935e-45
3.028117160988845879e-45
2.507279028277945303e-45
2.076025395130196202e-45
1.718947669013771429e-45
1.423287545392753715e-45
1.178481156457998041e-45
9.757816265745223079e-46
8.079465484388016647e-46
6.689792135416058325e-46
5.539143511603776832e-46
4.586407203851634702e-46
3.797542164321313752e-46
3.144362427672639760e-46
2.603530033043452959e-46
2.155721164107784781e-46
1.784935713589543115e-46
1.477925603131534619e-46
1.223721432521012217e-46
1.013240545558098296e-46
8.389625088512610500e-47
6.946604084722087826e-47
5.751783637620538745e-47
4.762473089082476767e-47
3.943324602108604377e-47
3.265070190788365545e-47
2.703475981935196294e-47
2.238476344404631796e-47
1.853456948736167389e-47
1.534661141005746099e-47
1.270698420763972390e-47
1.052137461090511517e-47
8.711691294653839186e-48
7.213274692708588218e-48
5.972586726575109118e-48
4.945297902285542825e-48
4.094703427835145472e-48
3.390411759456586092e-48
2.807258718792928592e-48
2.324408382627256670e-48
1.924608620167007281e-48
1.593574678402433731e-48
1.319478791186676695e-48
1.092527575887964278e-48
9.046121180941070903e-49
7.490182419767455952e-49
6.201866143424386227e-49
5.135141109440137302e-49
4.251893479162058087e-49
3.520565019120158683e-49
2.915025532646962269e-49
2.413639233996401275e-49
1.998491706725053080e-49
1.654749825737532116e-49
1.370131773158819765e-49
1.134468211823273543e-49
9.393389372106110842e-50
7.777720254866103212e-50
6.439947282776383263e-50
5.332272137068820783e-50
4.415117841073759731e-50
3.655714684000237688e-50
3.026929366751570985e-50
2.506295535426546820e-50
2.075211063692647988e-50
1.718273403116224512e-50
1.422729253670695073e-50
1.178018891277373115e-50
9.753988713073688112e-51
8.076296273280005461e-51
6.687168030691949380e-51
5.536970754609005320e-51
4.584608162481401528e-51
3.796052559243708960e-51
3.143129035642896203e-51
2.602508785249720858e-51
2.154875571602684061e-51
1.784235563548513867e-51
1.477345879355606699e-51
1.223241421613804084e-51
1.012843096840957468e-51
8.386334215734709648e-52
6.943879244214903085e-52
5.749527471463204299e-52
4.760604984980275497e-52
3.941777813134111249e-52
3.263789450529409069e-52
2.702415529838651393e-52
2.237598290762449180e-52
1.852729920894871151e-52
1.534059162428780581e-52
1.270199982896064730e-52
1.051724754861966411e-52
8.708274089781443535e-53
7.210445249309709809e-53
5.970243949291883949e-53
4.943358084227768534e-53
4.093097259752353803e-53
3.389081853334803999e-53
2.806157557394129340e-53
2.323496621709440452e-53
1.923853682723537250e-53
1.592949590693127414e-53
1.318961218972308871e-53
1.092099026433067996e-53
9.042572794258138533e-54
7.487244357915265486e-54
6.199433430132878492e-54
5.133126824426272216e-54
4.250225652488400725e-54
3.519184059725477561e-54
2.913882099171601508e-54
2.412692471826846924e-54
1.997707788268042293e-54
1.654100741767973380e-54
1.369594332056661521e-54
1.134023210942285377e-54
9.389704767722763168e-55
7.774669404847191397e-55
6.437421180956525250e-55
5.330180526414576856e-55
4.413385988820395553e-55
3.654280711467497041e-55
3.025742038432579251e-55
2.505312428355182226e-55
2.074397051680715565e-55
1.717599401702878174e-55
1.422171180941381986e-55
1.177556807422597791e-55
9.750162661779143423e-56
8.073128305311156369e-56
6.684544955286257281e-56
5.534798849889052371e-56
4.582809826794158708e-56
3.794563538471159949e-56
3.141896127417399885e-56
2.601487938045589301e-56
2.154030310785510613e-56
1.783535688144871247e-56
1.476766382979255181e-56
1.222761598993296645e-56
1.012445804025081512e-56
8.383044633818380912e-57
6.941155472540255669e-57
5.747272190298512101e-57
4.758737613651266883e-57
3.940231630895343551e-57
3.262509212647281482e-57
2.701355493709792991e-57
2.236720581541207604e-57
1.852003178233914052e-57
1.533457419980928114e-57
1.269701740542925854e-57
1.051312210519507109e-57
8.704858225324905521e-58
7.207616915774486319e-58
5.967902090974954798e-58
4.941419027073416165e-58
4.091491721697040276e-58
3.387752468875409024e-58
2.805056827931405554e-58
2.322585218434445063e-58
1.923099041408061899e-58
1.592324748177629336e-58
1.318443849778235124e-58
1.091670645078857998e-58
9.039025799447658554e-59
7.484307448532770011e-59
6.197001671085612887e-59
5.131113329525940992e-59
4.248558480028172535e-59
3.517803642019037175e-59
2.912739114213792080e-59
2.411746081029497030e-59
1.996924177307002005e-59
1.653451912404853852e-59
1.369057101768487922e-59
1.133578384615122252e-59
9.386021608644079629e-60
7.771619751539707348e-60
6.434896070012945796e-60
5.328089736205318542e-60
4.411654815894880414e-60
3.652847301417719063e-60
3.024555175849069351e-60
2.504329706912527624e-60
2.073583358969073322e-60
1.716925664669987372e-60
1.421613327118892948e-60
1.177094904822546586e-60
9.746338111272386839e-61
8.069961579993732911e-61
6.681922908795224147e-61
5.532627797109764731e-61
4.581012196513295259e-61
3.793075101774576050e-61
3.140663702806377031e-61
2.600467491273888915e-61
2.153185381526157605e-61
1.782836087270862198e-61
1.476187113913281678e-61
1.222281964585615987e-61
1.012048667049317339e-61
8.379756342257040602e-62
6.938432769278794452e-62
5.745017793779319713e-62
4.756870974808154451e-62
3.938686055154473553e-62
3.261229476944876848e-62
2.700295873385454742e-62
2.235843216605868854e-62
1.851276720641433259e-62
1.532855913569609159e-62
1.269203693627864406e-62
1.050899827999662836e-62
8.701443700758438569e-63
7.204789691667058503e-63
5.965561151263769402e-63
4.939480730524016849e-63
4.089886813422188404e-63
3.386423605873777213e-63
2.803956530235408216e-63
2.321674172661983353e-63
1.922344696104477897e-63
1.591700150759761163e-63
1.317926683524857405e-63
1.091242431759395829e-63
9.035480195963921787e-64
7.481371691167801757e-64
6.194570865907840192e-64
5.129100624429145431e-64
4.246891961524754871e-64
3.516423765788458407e-64
2.911596577597600124e-64
2.410800061458747612e-64
1.996140873721315901e-64
1.652803337548349942e-64
1.368520082211605899e-64
1.133133732773346752e-64
9.382339894303128771e-65
7.768571294473790225e-65
6.432371949556876683e-65
5.325999766118844243e-65
4.409924322030681481e-65
3.651414453630266541e-65
3.023368778818440024e-65
2.503347370947318256e-65
2.072769985432532339e-65
1.716252191913847571e-65
1.421055692117401407e-65
1.176633183406121022e-65
9.742515060965005773e-66
8.066796096840294061e-66
6.679301890814873013e-66
5.530457595936884034e-66
4.579215271361785009e-66
3.791587248924797557e-66
3.139431761620126583e-66
2.599447444777620082e-66
2.152340783694571080e-66
1.782136760818851432e-66
1.475608072068522380e-66
1.221802518316969711e-66
1.011651685852536162e-66
8.376469340544776520e-67
6.935711134011426281e-67
5.742764281558292412e-67
4.755005068163546793e-67
3.937141085673318580e-67
3.259950243225306755e-67
2.699236668702536250e-67
2.234966195821353234e-67
1.850550548005609256e-67
1.532254643102214941e-67
1.268705842074218569e-67
1.050487607238943119e-67
8.698030515556462852e-68
7.201963576552758355e-68
5.963221129797997319e-68
4.937543194281080897e-68
4.088282534680706969e-68
3.385095264125363465e-68
2.802856664136734717e-68
2.320763484251823710e-68
1.921590646696646198e-68
1.591075798343381893e-68
1.317409720132552330e-68
1.090814386408769386e-68
9.031935983261044302e-69
7.478437085368472223e-69
6.192141014225841509e-69
5.127088708826079781e-69
4.245226096721509688e-69
3.515044430821294217e-69
2.910454489147161271e-69
2.409854412968948597e-69
1.995357877390413899e-69
1.652155017098606057e-69
1.367983273303355035e-69
1.132689255348500020e-69
9.378659624133209663e-70
7.765524033180761138e-70
6.429848819199794805e-70
5.323910615833832919e-70
4.408194506961433137e-70
3.649982167884485622e-70
3.022182847158033209e-70
2.502365420308348024e-70
2.071956930945865973e-70
1.715578983330795364e-70
1.420498275851052617e-70
1.176171643102251212e-70
9.738693510268399941e-71
8.063631855363595717e-71
6.676681900942242206e-71
5.528288246036366824e-71
4.577419051063363581e-71
3.790099979692807388e-71
3.138200303668934614e-71
2.598427798399737746e-71
2.151496517160745867e-71
1.781437708681170938e-71
1.475029257355848971e-71
1.221323260113541613e-71
1.011254860373632666e-71
8.373183628175523648e-72
6.932990566319224979e-72
5.740511653288969803e-72
4.753139893430236313e-72
3.935596722214351823e-72
3.258671511291617879e-72
2.698177879497923252e-72
2.234089519052666147e-72
1.849824660214666079e-72
1.531653608486196261e-72
1.268208185805357134e-72
1.050075548173896940e-72
8.694618669193607285e-73
7.199138569996372649e-73
5.960882026217454718e-73
4.935606418046653176e-73
4.086678885225657131e-73
3.383767443425607634e-73
2.801757229466088128e-73
2.319853153063722129e-73
1.920836893068499555e-73
1.590451690832389010e-73
1.316892959521746467e-73
1.090386508961091615e-73
9.028393160793483456e-74
7.475503630683079525e-74
6.189712115665425940e-74
5.125077582407063417e-74
4.243560885362260646e-74
3.513665636905232023e-74
2.909312848686597831e-74
2.408909135414541845e-74
1.994575188193717376e-74
1.651506950955830298e-74
1.367446674961107370e-74
1.132244952272166359e-74
9.374980797567836065e-75
7.762477967191351718e-75
6.427326678553326961e-75
5.321822285028564705e-75
4.406465370420875004e-75
3.648550443960119653e-75
3.020997380685304799e-75
2.501383854844400600e-75
2.071144195383924866e-75
1.714906038817157980e-75
1.419941078234047824e-75
1.175710283839894622e-75
9.734873458594340396e-76
8.060468855076585706e-76
6.674062938773860324e-76
5.526119747074293858e-76
4.575623535341418826e-76
3.788613293849679446e-76
3.136969328763427621e-76
2.597408551983292196e-76
2.150652581794668135e-76
1.780738930750218733e-76
1.474450669686167347e-76
1.220844189901562325e-76
1.010858190551525666e-76
8.369899204643527021e-77
6.930271065783430906e-77
5.738259908624453014e-77
4.751275450321127715e-77
3.934052964539744809e-77
3.257393280946983562e-77
2.697119505608795144e-77
2.233213186164865541e-77
1.849099057156819131e-77
1.531052809629038684e-77
1.267710724744678634e-77
1.049663650741098240e-77
8.691208161144704323e-78
7.196314671563066726e-78
5.958543840162096177e-78
4.933670401522477765e-78
4.085075864810198547e-78
3.382440143570318314e-78
2.800658226054239893e-78
2.318943178957689262e-78
1.920083435104017495e-78
1.589827828130671254e-78
1.316376401612898376e-78
1.089958799350501713e-78
9.024851728015915121e-79
7.472571326660088404e-79
6.187284169852729816e-79
5.123067244862533972e-79
4.241896327190570398e-79
3.512287383828040780e-79
2.908171656040348672e-79
2.407964228650026063e-79
1.993792806010864323e-79
1.650859139020269257e-79
1.366910287102228359e-79
1.131800823475956169e-79
9.371303414040746835e-80
7.759433096036698663e-80
6.424805527229255590e-80
5.319734773381593401e-80
4.404736912142850983e-80
3.647119281636687594e-80
3.019812379217782065e-80
2.500402674404530160e-80
2.070331778621609186e-80
1.714233358269450927e-80
1.419384099180619639e-80
1.175249105548003314e-80
9.731054905354824602e-81
8.057307095492399681e-81
6.671445003906604251e-81
5.523952098716882342e-81
4.573828723919577074e-81
3.787127191166575778e-81
3.135738836714039086e-81
2.596389705371397323e-81
2.149808977466557159e-81
1.780040426918436246e-81
1.473872308970376841e-81
1.220365307607291158e-81
1.010461676325129663e-81
8.366616069443234662e-82
6.927552631985445050e-82
5.736009047218144250e-82
4.749411738549237657e-82
3.932509812411876748e-82
3.256115551994652139e-82
2.696061546872166403e-82
2.232337197023063002e-82
1.848373738720486130e-82
1.530452246438264533e-82
1.267213458815575178e-82
1.049251914877146256e-82
8.687798990884546528e-83
7.193491880818170930e-83
5.956206571272016290e-83
4.931735144410552804e-83
4.083473473187587422e-83
3.381113364355095085e-83
2.799559653732025377e-83
2.318033561793592018e-83
1.919330272687223904e-83
1.589204210142291741e-83
1.315860046326496355e-83
1.089531257511134253e-83
