1.632296265720866169e-01
1.203125917849787868e-01
8.867948819098928070e-02
6.536349611577103869e-02
4.817784486165462010e-02
3.551071887896798535e-02
2.617408808804455936e-02
1.929228438251842995e-02
1.421987407714002394e-02
1.048112368449976954e-02
7.725381609840274548e-03
5.694191082385527576e-03
4.197049896074874463e-03
3.093543503419342051e-03
2.280175753092190342e-03
1.680662146578115615e-03
1.238775233492430588e-03
9.130711263049811222e-04
6.730025424720772597e-04
4.960538222326757061e-04
3.656292198359063338e-04
2.694964143126955705e-04
1.986392590832745215e-04
1.464121715674102423e-04
1.079168543117554137e-04
7.954289127651272223e-05
5.862913252038625653e-05
4.321410907913520653e-05
3.185206983668141322e-05
2.347738677252246577e-05
1.730461136412099571e-05
1.275480858941831905e-05
9.401259509936589387e-06
6.929439964038212844e-06
5.107521834117924794e-06
3.764630247375568537e-06
2.774817486786648604e-06
2.045250550261763790e-06
1.507504487507823400e-06
1.111144930172671662e-06
8.189979307388456874e-07
6.036634757000380022e-07
4.449456808340213796e-07
3.279586505764114856e-07
2.417303529866667929e-07
1.781735699069294952e-07
1.313274093267487000e-07
9.679824257595835171e-08
7.134763271299540951e-08
5.258860655196244440e-08
3.876178415339885515e-08
2.857036931127080303e-08
2.105852505013828986e-08
1.552172715920619911e-08
1.144068796039712955e-08
8.432653123241097203e-09
6.215503730462658827e-09
4.581296782731522040e-09
3.376762547595451531e-09
2.488929629231484911e-09
1.834529556624457255e-09
1.352187162948397225e-09
9.966643039574271359e-10
7.346170426710722218e-10
5.414683732927649679e-10
3.991031819929995561e-10
2.941692585077640971e-10
2.168250130677367340e-10
1.598164489733162737e-10
1.177968215062961500e-10
8.682517504379674376e-11
6.399672694889342413e-11
4.717043251689726872e-11
3.476817971656659803e-11
2.562678051278088303e-11
1.888887726662675866e-11
1.392253249352744770e-11
1.026196042767471625e-11
7.563841698205323802e-12
5.575123938425997221e-12
4.109288397215604679e-12
3.028856634935754801e-12
2.232496634018320169e-12
1.645519026359868451e-12
1.212872093445727244e-12
8.939785511405572248e-13
6.589298692072963057e-13
4.856811966904529869e-13
3.579838095705777108e-13
2.638611681653007063e-13
1.944856560666062518e-13
1.433506517031806450e-13
1.056602824050370859e-13
7.787962695159846361e-14
5.740318079853035403e-14
4.231048985168699816e-14
3.118603405920555563e-14
2.298646798349828902e-14
1.694276705249805145e-14
1.248810193898812967e-14
9.204676518028729831e-15
6.784543417045028588e-15
5.000722109854979113e-15
3.685910765515316123e-15
2.716795269340760334e-15
2.002483783537939654e-15
1.475982142852241563e-15
1.087910575819861420e-15
8.018724526663774742e-16
5.910407019075260244e-16
4.356417409648607500e-16
3.211009425550306008e-16
2.366757030246228404e-16
1.744479102318408818e-16
1.285813161019346001e-16
9.477416398128806345e-17
6.985573355954269279e-17
5.148896393436165732e-17
3.795126429778702751e-17
2.797295481875675355e-17
2.061818534298022311e-17
1.519716345991575528e-17
1.120145994351682227e-17
8.256323964479376428e-18
6.085535791777711821e-18
4.485500572934801635e-18
3.306153488897819827e-18
2.436885407641237056e-18
1.796169025399526026e-18
1.323912547421528608e-18
9.758237718358905677e-19
7.192559928030030834e-19
5.301461166597191523e-19
3.907578217236441994e-19
2.880180962189605348e-19
2.122911407983595364e-19
1.564746418822487303e-19
1.153336566947657028e-19
8.500963610829649677e-20
6.265853731136370739e-20
4.618408544883056142e-20
3.404116725779464153e-20
2.509091729351293173e-20
1.849390550747794626e-20
1.363140840641768696e-20
1.004737993645641958e-20
7.405679631752535055e-21
5.458546522079343651e-21
4.023362016087294559e-21
2.965522387144130159e-21
2.185814498792114294e-21
1.611110758712198085e-21
1.187510595374205600e-21
8.752852071158623902e-22
6.451514595155580356e-22
4.755254656782541952e-22
3.504982669934824438e-22
2.583437566066240933e-22
1.904189060622765308e-22
1.403531490840937510e-22
1.034508960542980201e-22
7.625114195353699431e-23
5.620286407347060916e-23
4.142576555752803576e-23
3.053392527797057157e-23
2.250581444502138211e-23
1.658848900764055879e-23
1.222697219995453426e-23
9.012204132010085043e-24
6.642676697778135905e-24
4.896155597993868676e-24
3.608837330256497612e-24
2.659986312851071798e-24
1.960611281986544106e-24
1.445118939327456795e-24
1.065162058379528373e-24
7.851050731778043863e-25
5.786818738805505844e-25
4.265323491064281599e-25
3.143866311454593921e-25
2.317267472210622056e-25
1.708001551529383405e-25
1.258926444621341358e-25
9.279240944176945527e-26
6.839503043880232930e-26
5.041231515450877333e-26
3.715769264130231620e-26
2.738803243203155727e-26
2.018705326348063906e-26
1.487938647925633490e-26
1.096723425204381889e-26
8.083681898234679939e-27
5.958285519402430321e-27
4.391707488944297402e-27
3.237020885562357063e-27
2.385929445425294107e-27
1.758610623718124619e-27
1.296229162091996510e-27
9.554190211277993795e-28
7.042161468266854558e-28
5.190606116110438162e-28
3.825869652948169837e-28
2.819955564711224872e-28
2.078520730788089102e-28
1.532027129214106944e-28
1.129219973552091869e-28
8.323206060476893901e-29
6.134832959715049414e-29
4.521836317656894113e-29
3.332935683489324656e-29
2.456625912552382297e-29
1.810719271937995215e-29
1.334637180620272949e-29
9.837286383921730997e-30
7.250824778784971124e-30
5.344406772437868641e-30
3.939232379859830930e-30
2.903512476363727185e-30
2.140108500199675753e-30
1.577421977660258580e-30
1.162679413391179777e-30
8.569827461950015978e-31
6.316611602624406713e-31
4.655820938701880349e-31
3.431692492260993109e-31
2.529417156821317417e-31
1.864371929492640950e-31
1.374183250914690965e-31
1.012877085962327729e-31
7.465670903678043647e-32
5.502764631018333868e-32
4.055954109826669561e-32
2.989545227555097949e-32
2.203521150780327741e-32
1.624161901677324832e-32
1.197130275752493255e-32
8.823756397950289301e-33
6.503776451683856303e-33
4.793775601432502990e-33
3.533375522299745962e-33
2.604365247688323280e-33
1.919614346270230699e-33
1.414901094106242933e-33
1.042889218864601186e-33
7.686883043305856878e-34
5.665814724385846086e-34
4.176134372048642939e-34
3.078127178840427282e-34
2.268812754812773168e-34
1.672286756631109829e-34
1.232601937057856626e-34
9.085209394945444354e-35
6.696487103291856466e-35
4.935817940476146215e-35
3.638071479231278458e-35
2.681534093763484192e-35
1.976493627754455737e-35
1.456825430502444073e-35
1.073790628594070486e-35
7.914649826361021163e-36
5.833696086166648245e-36
4.299875644833579772e-36
3.169333864490386945e-36
2.336038986772682959e-36
1.721837578824940612e-36
1.269124644169384954e-36
9.354409395207104569e-37
6.894907882780031898e-37
5.082069076042367581e-37
3.745869637819220443e-37
2.760989497305865149e-37
2.035058275191687483e-37
1.499992009193568832e-37
1.105607664936602165e-37
8.149165470712894090e-38
6.006551869633369412e-38
4.427283442980564755e-38
3.263243056899839979e-38
2.405257170802686587e-38
1.772856620491482543e-38
1.306729540181179940e-38
9.631585946915111440e-39
7.099207984534553949e-39
5.232653717202263732e-39
3.856861918089842687e-39
2.842799210333579070e-39
2.095358226948317681e-39
1.544437638536140312e-39
1.138367458437417411e-39
8.390629949018438587e-40
6.184529469772752055e-40
4.558466407753162842e-40
3.359934832904477320e-40
2.476526329592760801e-40
1.825387385821526535e-40
1.345448690975260746e-40
9.916975399894835252e-41
7.309561616268850919e-41
5.387700268228706022e-41
3.971142963712863291e-41
2.927032992396038368e-41
2.157444901093282911e-41
1.590200217539476691e-41
1.172097943535505542e-41
8.639249159240265290e-42
6.367780648970373541e-42
4.693536399518242914e-42
3.459491642062866953e-42
2.549907234709263147e-42
1.879474668060081282e-42
1.385315112564189036e-42
1.021082110715303261e-42
7.526148147571798641e-43
5.547340938087545584e-43
4.088810222704752887e-43
3.013762670058381402e-43
2.221371239242589872e-43
1.637318768182422820e-43
1.206827882383364442e-43
8.895235100216145365e-44
6.556461666418656889e-44
4.832608593130133005e-44
3.561998376961752397e-44
2.625462458415261438e-44
1.935164587701866862e-44
1.426362799244041985e-44
1.051337363238654674e-44
7.749152262856449567e-45
5.711711853172397836e-45
4.209964030522806053e-45
3.103062198148473275e-45
2.287191751702989476e-45
1.685833468687658082e-45
1.242586889372676448e-45
9.158806052431814102e-46
6.750733411360116628e-46
4.975801576140398807e-46
3.667542445604089619e-46
2.703256427025999188e-46
1.992504631818573975e-46
1.468626752581577721e-46
1.082489096363968879e-46
7.978764118841645697e-47
5.880953173380516081e-47
4.334707695621848647e-47
3.195007722818301630e-47
2.354962563953003380e-47
1.735785687781729279e-47
1.279405456386702694e-47
9.430186764150229596e-48
6.950761540278706986e-48
5.123237449918224186e-48
3.776213845942431684e-48
2.783355475845637177e-48
2.051543694551166029e-48
1.512143011260128056e-48
1.114563873329103974e-48
8.215179506699943891e-49
6.055209211628091204e-49
4.463147587546059605e-49
3.289677646474301917e-49
2.424741464501484903e-49
1.787218019970436201e-49
1.317314978800757870e-49
9.709608643054757603e-50
7.156716618155366801e-50
5.275041933767087120e-50
3.888105242620788654e-50
2.865827905731820589e-50
2.112332118802231083e-50
1.556948681810017973e-50
1.147589044455991580e-50
8.458600019009057717e-51
6.234628556906094151e-51
4.595393227630443625e-51
3.387152694631623398e-51
2.496587954164278114e-51
1.840174321859455202e-51
1.356347782253253671e-51
9.997309953572034167e-52
7.368774263909900091e-52
5.431344472125795077e-52
4.003312045989921761e-52
2.950744041335925708e-52
2.174921739163720514e-52
1.603081970249559213e-52
1.181592770472444648e-52
8.709233221651170372e-53
6.419364200983092334e-53
4.731557382390396483e-53
3.487515984748899515e-53
2.570563296800650191e-53
1.894699749550936596e-53
1.396537150209991954e-53
1.029353602004164863e-53
7.587115300152418176e-54
5.592278344946619580e-54
4.121932493464365495e-54
3.038176291069350732e-54
2.239365926116384167e-54
1.650582214663378977e-54
1.216604046524851798e-54
8.967292830805773432e-55
6.609573668862364825e-55
4.871756159678479149e-55
3.590853097103051891e-55
2.646730571553392489e-55
1.950840797148407823e-55
1.437917352345025186e-55
1.059853943590460786e-55
7.811925907371068360e-56
5.757980781344006801e-56
4.244067733290152488e-56
3.128199208846662439e-56
2.305719631539130865e-56
1.699489918746265228e-56
1.252652726902529435e-56
9.232998895185788613e-57
6.805419153103720116e-57
5.016109107689763394e-57
3.697252147764123554e-57
2.725154726636869384e-57
2.008645336402642626e-57
1.480523673762655992e-57
1.091258027909156291e-57
8.043397782689465821e-58
5.928593076610070311e-58
4.369821910794067376e-58
3.220889557657836021e-58
2.374039435566870195e-58
1.749846786340942287e-58
1.289769550494678967e-58
9.506577983674546856e-59
7.007067652126159718e-59
5.164739316901361935e-59
3.806803863732195065e-59
2.805902634718231803e-59
2.068162657531803377e-59
1.524392445085157793e-59
1.123592633379242596e-59
8.281728303327690888e-60
6.104260712698085685e-60
4.499302257189124710e-60
3.316326375024605298e-60
2.444383594836479106e-60
1.801695756999000939e-60
1.327986167001483351e-60
9.788263378522625110e-61
7.214691112608563734e-61
5.317773525032521858e-61
3.919601660300641837e-61
2.889043149940761767e-61
2.129443511251967546e-61
1.569561073432249224e-61
1.156885331879694428e-61
8.527120694906573097e-62
6.285133482275434501e-62
4.632619181011095163e-62
3.414591040396110699e-62
2.516812092162657413e-62
1.855081042595764247e-62
1.367335163922035477e-62
1.007829527426797317e-62
7.428466576108893971e-63
5.475342225114066208e-63
4.035741720711969400e-63
2.974647166635488385e-63
2.192540152052029384e-63
1.616068074318076346e-63
1.191164512260279860e-63
8.779784204740165936e-64
6.471365616453258749e-64
4.769886362264281449e-64
3.515767344541459519e-64
2.591386687685464636e-64
1.910048165029949813e-64
1.407850094341842138e-64
1.037692098255153108e-64
7.648576330028797652e-65
5.637579776760748677e-65
4.155323078173700545e-65
3.062787679773482804e-65
2.257506382751618742e-65
1.663953104493750962e-65
1.226459404548678493e-65
9.039934280260528581e-66
6.663115916299040956e-66
4.911220849357557601e-66
3.619941560998930613e-66
2.668170971533792647e-66
1.966643995040362350e-66
1.449565505543666181e-66
1.068439514300065169e-66
7.875208063050887810e-67
5.804624520740283177e-67
4.278447700304477607e-67
3.153539847208956317e-67
2.324397600378979193e-67
1.713256995762819066e-67
1.262800104875200702e-67
9.307792752731776069e-68
6.860547888247766156e-68
5.056743158911333237e-68
3.727202519641254665e-68
2.747230418048548352e-68
2.024916792173029048e-68
1.492516968466331076e-68
1.100097994036279602e-68
8.108555025181589930e-69
5.976618896937040864e-69
4.405220576082234220e-69
3.246981053766738848e-69
2.393270843408285860e-69
1.764021789798741988e-69
1.300217601135876473e-69
9.583588026406467046e-70
7.063829883524499369e-70
5.206577378523202360e-70
3.837641682421686046e-70
2.828632441613239824e-70
2.084916245932024564e-70
1.536741108035992635e-70
1.132694532806996114e-70
8.348816192537288659e-71
6.153709565811926833e-71
4.535749805369317426e-71
3.343190977228606699e-71
2.464184840396570509e-71
1.816290773993990304e-71
1.338743799415987018e-71
9.867555273287049186e-72
7.273135241698308324e-72
5.360851272577926075e-72
3.951353221363961630e-72
2.912446454138484286e-72
2.146693518150174309e-72
1.582275634396557143e-72
1.166256925843051682e-72
8.596196437010902657e-73
6.336047533459473441e-73
4.670146691089040693e-73
3.442251656275302462e-73
2.537200060062128526e-73
1.870108518371622201e-73
1.378411551196504639e-73
1.015993663365790068e-73
7.488642438489569661e-74
5.519696391192757588e-74
4.068434098863261216e-74
2.998743924249887809e-74
2.210301286614953811e-74
1.629159375065269273e-74
1.200813791964021795e-74
8.850906700968061282e-75
6.523788280372154601e-75
4.808525834134725666e-75
3.544247560440764402e-75
2.612378762846084193e-75
1.925520913590058777e-75
1.419254681366868778e-75
1.046098142256070654e-75
7.710535237957949175e-76
5.683248182390721831e-76
4.188984150366397032e-76
3.087598438229614032e-76
2.275793789987096866e-76
1.677432308041129428e-76
1.236394597981631522e-76
9.113164177118486066e-77
6.717091894019216427e-77
4.951005231090334987e-77
3.649265662140089259e-77
2.689785054002452658e-77
1.982575210074480750e-77
1.461308017067406765e-77
1.077094634238493073e-77
7.939002849197665236e-78
5.851646107598459249e-78
4.313106169502477843e-78
3.179085762764118963e-78
2.343226874050106834e-78
1.727135595894282034e-78
1.273029683826214670e-78
9.383192493717299472e-79
6.916123205354052764e-79
5.097706374846746915e-79
3.757395510831250842e-79
2.769484938260939040e-79
2.041320058307449388e-79
1.504607417386762190e-79
1.109009570176034475e-79
8.174240087677862842e-80
6.025033760564723307e-80
4.440905995734838013e-80
3.273283909550264403e-80
2.412658039330497568e-80
1.778311620865740928e-80
1.310750288417868624e-80
9.661221905253670858e-81
7.121051929366176832e-81
5.248754358199198148e-81
3.868729309374372758e-81
2.851546376109503020e-81
2.101805550313414743e-81
1.549189803939080318e-81
1.141870164093403897e-81
8.416447541362530368e-82
6.203558989804116475e-82
4.572492604611340939e-82
3.370273201816621246e-82
2.484146490128384932e-82
1.831004021006645207e-82
1.349588576303822063e-82
9.947489488791062763e-83
7.332052809798848109e-83
5.404277980515125023e-83
3.983361992653445093e-83
2.936039341744519173e-83
2.164083262372374371e-83
1.595093192347252921e-83
1.175704436382575502e-83
8.665831741752844614e-84
6.387374024668100178e-84
4.707978200688259518e-84
3.470136342815403208e-84
2.557753185001549807e-84
1.885257727388835794e-84
1.389577665085446381e-84
1.024223934612239016e-84
7.549305768152727132e-85
5.564409857561144750e-85
4.101391308528230918e-85
3.023035882738455368e-85
2.228206298999467046e-85
1.642356724658981688e-85
1.210541237695883414e-85
8.922605339997616568e-86
6.576635605151716033e-86
4.847478313207656208e-86
3.572958486343941124e-86
2.633540888745037778e-86
1.941119002417755009e-86
1.430751653657763976e-86
1.054572281191791546e-86
7.772996057106629239e-87
5.729286534585762510e-87
4.222917901183677571e-87
3.112610181474702086e-87
2.294229338227094435e-87
1.691020702723582909e-87
1.246410273547250951e-87
9.186987288221726285e-88
6.771505115546369203e-88
4.991111894609599798e-88
3.678827309355748011e-88
2.711574225911011508e-88
1.998635479280631992e-88
1.473145651285746383e-88
1.085819866803930711e-88
8.003314418483213253e-89
5.899048602752036819e-89
4.348045396950156049e-89
3.204838618403585731e-89
2.362208678229388721e-89
1.741126622557298964e-89
1.283342129642029332e-89
9.459203026228719376e-90
6.972148722053785141e-90
5.139001421964069115e-90
3.787833086722988656e-90
2.791919735914352321e-90
2.057856202563477981e-90
1.516795807542157893e-90
1.117993336420421447e-90
8.240457245895477917e-91
6.073840819020368468e-91
4.476880492666045021e-91
3.299799837172281631e-91
2.432202285327892298e-91
1.792717209727339649e-91
1.321368297957713838e-91
9.739484673732910642e-92
7.178737514475610550e-92
5.291273001406922897e-92
3.900068768214738717e-92
2.874645929771460393e-92
2.118831670071881903e-92
1.561739343132432505e-92
1.151120124518894245e-92
8.484626752212329226e-93
6.253812229583478890e-93
4.609533046658649072e-93
3.397574811684636816e-93
2.504269843419723349e-93
1.845836455784142098e-93
1.360521203597276094e-93
1.002807122829003501e-93
7.391447652103299060e-94
5.448056475671778078e-94
4.015630057755076731e-94
2.959823348519473574e-94
2.181613875890396116e-94
1.608014581633131694e-94
1.185228478476491520e-94
8.736031141987470497e-95
6.439116296958658509e-95
4.746116172420811083e-95
3.498246915147927307e-95
2.578472804870332559e-95
1.900529655773183758e-95
1.400834232438212013e-95
1.032520876909140718e-95
7.610460513929825829e-96
5.609485534807425345e-96
4.134615495030723339e-96
3.047524623367271515e-96
2.246256354718376919e-96
1.655660982170385178e-96
1.220347482656352147e-96
8.994884788995021451e-97
6.629911030846739968e-97
4.886746335063883416e-97
3.601901991165998723e-97
2.654874442914169792e-97
1.956843446858237549e-97
1.442341759600804414e-97
1.063115066679686797e-97
7.835962853312455845e-98
5.775697830175989166e-98
4.257126539516211330e-98
3.137824537628389907e-98
2.312814227519234992e-98
1.704719173067059119e-98
1.256507083208120971e-98
9.261408419028051028e-99
6.826359122866685801e-99
5.031543450627312030e-99
3.708628426937948578e-99
2.733539905608379376e-99
2.014825848089335118e-99
1.485079178760120388e-99
1.094615779958489828e-99
8.068146957218038090e-100
5.946835091828772859e-100
4.383267656988887603e-100
3.230800090489125827e-100
2.381344248522354331e-100
1.755230986486683813e-100
1.293738113603148199e-100
9.535829298112331416e-101
7.028628085284246635e-101
5.180630988332165120e-101
3.818517228626716303e-101
2.814536271384432236e-101
2.074526301348519855e-101
1.529082932326133759e-101
1.127049877560596820e-101
8.307210810187961223e-102
6.123043249360837995e-102
4.513146408607275895e-102
3.326530562666030492e-102
2.451904853617635326e-102
1.807239494103951049e-102
1.332072320926344229e-102
9.818381426297195518e-103
7.236890393850332304e-103
5.334136075863827210e-103
3.931662098960399181e-103
2.897932606246528944e-103
2.135995713509404168e-103
1.574390542518508822e-103
1.160445016202421910e-103
8.553358263159207281e-104
6.304472556344904736e-104
4.646873542629515413e-104
3.425097584009349849e-104
2.524556210184348077e-104
1.860789043832089688e-104
1.371542392947036547e-104
1.010930573718827628e-104
7.451323634871938591e-105
5.492189607774401276e-105
4.048159517133032532e-105
2.983800022664455383e-105
2.199286499845659829e-105
1.621040643361944674e-105
1.194829672084886643e-105
8.806799207289955191e-106
6.491277718453979615e-106
4.784563088848200100e-106
3.526585203108640907e-106
2.599360268395741508e-106
1.915925297638763558e-106
1.412181985992149403e-106
1.040885030339390905e-106
7.672110656640664505e-107
5.654926357096994198e-107
4.168108821072759521e-107
3.072211740211537091e-107
2.264452628725782388e-107
1.669073013629599346e-107
1.230233165175187655e-107
9.067749752934596397e-108
6.683618025379487565e-108
4.926332455824643850e-108
3.631079958961794971e-108
2.676380814044539133e-108
1.972695270481945526e-108
1.454025753644890224e-108
1.071727054805619834e-108
7.899439725349217821e-109
5.822485090267977038e-109
4.291612292148248783e-109
3.163243147999245839e-109
2.331549667632121758e-109
1.718528610762600056e-109
1.266685684208080038e-109
9.336432413922103543e-110
6.881657486658387080e-110
5.072302531003629645e-110
3.738670954767180239e-110
2.755683522933332761e-110
2.031147370400012674e-110
1.497109376294185709e-110
1.103482946265272011e-110
8.133504685625649410e-111
5.995008685452879231e-111
4.418775242383826141e-111
3.256971868962225583e-111
2.400634830543813457e-111
1.769449605794848875e-111
1.304218312427923615e-111
9.613076297294416901e-112
7.085564971524713229e-112
5.222597783794728238e-112
3.849449933902380269e-112
2.837336016876666611e-112
2.091331439789470403e-112
1.541469591559488012e-112
1.136179783125006061e-112
8.374505125826249154e-113
6.172644254379759976e-113
4.549706104259895263e-113
3.353477826047321325e-113
2.471767026723102277e-113
1.821879419312239900e-113
1.342863054093706046e-113
9.897917298668505774e-114
7.295514352906230257e-114
5.377346371707987029e-114
3.963511358154229868e-114
2.921407921362495518e-114
2.153298797905812689e-114
1.587144225617126788e-114
1.169845446140435323e-114
8.622646548226501865e-115
6.355543267782826977e-115
4.684516523174383134e-115
3.452843310364145640e-115
2.545006910947472147e-115
1.875862758477536589e-115
1.382652861768822359e-115
1.019119830338274169e-115
7.511684655684501631e-116
5.536680249634317739e-116
4.080952488266736628e-116
3.007970924922100743e-116
2.217102284623642455e-116
1.634172225454830356e-116
1.204508642189829833e-116
8.878140544251281229e-117
6.543861684560353286e-117
4.823321452641902529e-117
3.555153051355884386e-117
2.620416935230838881e-117
1.931445655152811759e-117
1.423621664420378365e-117
1.049316939360999300e-117
7.734260209352951135e-118
5.700735282364875663e-118
4.201873466876377558e-118
3.097098840259681819e-118
2.282796305493810980e-118
1.682593692082250189e-118
1.240198928753108332e-118
9.141204974903536402e-119
6.737760084764284645e-119
4.966239252317156202e-119
3.660494289048065449e-119
2.698061402076363860e-119
1.988675505150798787e-119
1.465804396350372659e-119
1.080408806160236603e-119
7.963430805194358331e-120
5.869651360441904734e-120
4.326377403902944126e-120
3.188867667191873151e-120
2.350436878134606190e-120
1.732449914724775131e-120
1.276946739115108354e-120
9.412064156531485905e-121
6.937403806524716936e-121
5.113391788918647933e-121
3.768956848437923397e-121
2.778006519307046364e-121
2.047601108649190695e-121
1.509237026984092877e-121
1.112421942925423176e-121
8.199391858115447956e-122
6.043572519446158639e-122
4.454570464473404898e-122
3.283355657454287389e-122
2.420081679999078845e-122
1.783783406031670872e-122
1.314783408316755870e-122
9.690949052108376020e-123
7.142963087037562792e-123
5.264904540147259880e-123
3.880633216090071050e-123
2.860320456522533029e-123
2.108272711803582275e-123
1.553956591542006341e-123
1.145383647417727190e-123
8.442344573281301560e-124
6.222647062815848256e-124
4.586561959448761270e-124
3.380643381426663040e-124
2.491790097556530864e-124
1.836637938326556772e-124
1.353741199874038095e-124
9.978097468171534859e-125
7.354613207723545051e-125
5.420906701679428895e-125
3.995618618998563118e-125
2.945073403226427602e-125
2.170742049591698320e-125
1.600001222619198458e-125
1.179322026246485015e-125
8.692496117680321978e-126
6.407027688304627979e-126
4.722464438633162571e-126
3.480813796835035752e-126
2.565623276931212936e-126
1.891058580931961594e-126
1.393853333289773999e-126
1.027375425760496284e-126
7.572534643694313727e-127
5.581531297334976384e-127
4.114011105788934746e-127
3.032337628678342305e-127
2.235062389929012536e-127
1.647410182701923453e-127
1.214266018836361260e-127
8.950059796780354341e-128
6.596871618190201199e-128
4.862393786747501024e-128
3.583952319491543837e-128
2.641644176042920357e-128
1.947091738600889087e-128
1.435154012379839908e-128
1.057817152842503858e-128
7.796913217643315953e-129
5.746915292506343412e-129
4.235911630324131273e-129
3.122187543517796458e-129
2.301288579089590892e-129
1.696223897646205498e-129
1.250245422103611023e-129
9.215255236411409860e-130
6.792340733335657542e-130
5.006469322242771471e-130
3.690146896127357775e-130
2.719917618290371565e-130
2.004785191085531922e-130
1.477678454438680315e-130
1.089160885875243658e-130
8.027940258296377721e-131
5.917199710948654956e-131
4.361424137787625197e-131
3.214699763213989232e-131
2.369477088474649555e-131
1.746483991149805071e-131
1.287290915864530416e-131
9.488308570045185569e-132
6.993601711228661199e-132
5.154813899045396277e-132
3.799488079386897670e-132
2.800510347827628043e-132
2.064188133880178308e-132
1.521462920269841592e-132
1.121433351815986378e-132
8.265812763561742442e-133
6.092529755033654874e-133
4.490655653319672132e-133
3.309953173397433426e-133
2.439686062765640963e-133
1.798233320244690392e-133
1.325434088996093162e-133
9.769452631618762524e-134
7.200826168107110161e-134
