8.920638657528590088e-02
7.327867892240232106e-02
6.019484692478500182e-02
4.944711953848512226e-02
4.061838771196394499e-02
3.336601678153017225e-02
2.740854914675599358e-02
2.251478116938377544e-02
1.849479038058588626e-02
1.519256477104699576e-02
1.247994811364530957e-02
1.025166634247929622e-02
8.421241966752434499e-03
6.917637961814662555e-03
5.682500889971887036e-03
4.667896259211087862e-03
3.834448231272458499e-03
3.149811482912736032e-03
2.587415914752496868e-03
2.125435491054744348e-03
1.745941192089809973e-03
1.434205205975585358e-03
1.178129356341838397e-03
9.677755836413146767e-04
7.949802585349833878e-04
6.530373592216843831e-04
5.364382171264505837e-04
4.406577307258132520e-04
3.619787506725136205e-04
2.973478207737664954e-04
2.442566762679911378e-04
2.006449004611295551e-04
1.648199619194289794e-04
1.353915289383832241e-04
1.112175120950091817e-04
9.135974084636273569e-05
7.504755402534415791e-05
6.164789121565434965e-05
5.064072428068352034e-05
4.159887556739341963e-05
3.417143954893140019e-05
2.807016451573384765e-05
2.305826580153548394e-05
1.894123639625422626e-05
1.555929831439859239e-05
1.278120176380470614e-05
1.049913146635360364e-05
8.624522449832808493e-06
7.084622925814577976e-06
5.819670862118354983e-06
4.780574675326879494e-06
3.927008033244316988e-06
3.225844828396276400e-06
2.649873585385557571e-06
2.176741409479075506e-06
1.788086492077526807e-06
1.468825506432232874e-06
1.206568238116503874e-06
9.911367326182344957e-07
8.141702986303007342e-07
6.688010375931421366e-07
5.493873071004428576e-07
4.512947741368324746e-07
3.707165610325585627e-07
3.045255041711118097e-07
2.501527917511222548e-07
2.054882706498000485e-07
1.687985533923433266e-07
1.386597470368827867e-07
1.139021932471395393e-07
9.356507496770350571e-08
7.685912803028338794e-08
6.313601056392628002e-08
5.186314146522227942e-08
4.260303143351454714e-08
3.499630442830227807e-08
2.874775062778616506e-08
2.361486961717664513e-08
1.939845917882850763e-08
1.593488444412027826e-08
1.308972738023417437e-08
1.075257015447476243e-08
8.832709923469243723e-09
7.255638742304326406e-09
5.960151982229946655e-09
4.895973037378324147e-09
4.021802137630593587e-09
3.303713543919192507e-09
2.713838922644090227e-09
2.229285802219118134e-09
1.831249138078442639e-09
1.504281506828267557e-09
1.235693606474533537e-09
1.015061796712197943e-09
8.338235673843231765e-10
6.849452356275112775e-10
5.626489753468269045e-10
4.621885852944223113e-10
3.796652935247631571e-10
3.118764497730308092e-10
2.561912336521897304e-10
2.104485550223379935e-10
1.728731841430489148e-10
1.420068566998920472e-10
1.166516799568917082e-10
9.582364368167432237e-11
7.871443164664004042e-11
6.466005164692488687e-11
5.311506659606865151e-11
4.363142663278369290e-11
3.584108073306824720e-11
2.944169300091379431e-11
2.418490930046938076e-11
1.986671886884284733e-11
1.631953685292402606e-11
1.340570050103385783e-11
1.101212660279757563e-11
9.045922837578643059e-12
7.430782712091112183e-12
6.104024178155864544e-12
5.014157002180202119e-12
4.118884478289948594e-12
3.383461933505730727e-12
2.779348320114849127e-12
2.283098564824492040e-12
1.875453687822863132e-12
1.540593380136766493e-12
1.265522032525603184e-12
1.039564388278470836e-12
8.539512466804275958e-13
7.014791386944999608e-13
5.762307671970959292e-13
4.733453623189778503e-13
3.888300396015604811e-13
3.194048399584161697e-13
2.623754375906805636e-13
2.155285757719376571e-13
1.770461724650783315e-13
1.454347622920421694e-13
1.194675365665689234e-13
9.813673201888600564e-14
8.061452046414459335e-14
6.622088157993012888e-14
5.439721196597055756e-14
4.468464627881871702e-14
3.670624910541814183e-14
3.015238645914224857e-14
2.476870918001974387e-14
2.034628188636735411e-14
1.671347439185330228e-14
1.372930090162084400e-14
1.127794848802502406e-14
9.264282501342105111e-15
7.610154484727841407e-15
6.251369307124787165e-15
5.135193811438056188e-15
4.218310290991295683e-15
3.465135370635604344e-15
2.846439049889885209e-15
2.338210314493955321e-15
1.920725291840491391e-15
1.577781786286483679e-15
1.296070487389663294e-15
1.064658448261153854e-15
8.745647883216263234e-16
7.184121538896015385e-16
5.901404101196083585e-16
4.847714529474085970e-16
3.982160136180331040e-16
3.271149580646635291e-16
2.687089221185475702e-16
2.207312232167596014e-16
1.813198926132849625e-16
1.489454141474486314e-16
1.223513651801576445e-16
1.005056560293213617e-16
8.256047555342241502e-17
6.781938840953140228e-17
5.571030706172072964e-17
4.576328960930327153e-17
3.759230178977006526e-17
3.088023535715977913e-17
2.536660141340639979e-17
2.083742108259043988e-17
1.711692119480007544e-17
1.406071269701349236e-17
1.155018705163032126e-17
9.487913152224812549e-18
7.793856115209329277e-18
6.402271202318333332e-18
5.259152330005959769e-18
4.320136144840537511e-18
3.548780324059659964e-18
2.915149283772824227e-18
2.394652407495241816e-18
1.967089707770065268e-18
1.615867883916501642e-18
1.327356351852763837e-18
1.090358254125014298e-18
8.956759205461843745e-19
7.357539153863049365e-19
6.043858181161949978e-19
4.964733581447400231e-19
4.078285557986532153e-19
3.350111908247163262e-19
2.751952907221243291e-19
2.260594574443904814e-19
1.856967761546950603e-19
1.525408096793711791e-19
1.253048065748545992e-19
1.029317635311142006e-19
8.455340408107966386e-20
6.945648161888586247e-20
5.705509897920436981e-20
4.686797032692833268e-20
3.849974291283694238e-20
3.162565381037873968e-20
2.597892617616502162e-20
2.134041589505875614e-20
1.753010680602750389e-20
1.440012444658533824e-20
1.182899718590670094e-20
9.716942026662049024e-21
7.981992122037509213e-21
6.556815720568336559e-21
5.386103085067669821e-21
4.424419974466068580e-21
3.634444384238562410e-21
2.985518114997048300e-21
2.452456957005526059e-21
2.014573315014285362e-21
1.654873342414589038e-21
1.359397426256008009e-21
1.116678427978739364e-21
9.172966547004726195e-22
7.535142899175790368e-22
6.189750962248884151e-22
5.084577358028837088e-22
4.176731352756509533e-22
3.430980308629254642e-22
2.818382338723508522e-22
2.315163099960224833e-22
1.901793133519655949e-22
1.562229945166563097e-22
1.283295411346018135e-22
1.054164348773988907e-22
8.659443993963255074e-23
7.113309264518027642e-23
5.843235284846479159e-23
4.799931694856280858e-23
3.942908877045394580e-23
3.238906593054915866e-23
2.660603185533324964e-23
2.185555250666672823e-23
1.795326631077144770e-23
1.474772926134728908e-23
1.211453752209476652e-23
9.951499432451164406e-24
8.174669546687889164e-24
6.715090791206183469e-24
5.516118306263778690e-24
4.531221112981093151e-24
3.722176290419819129e-24
3.057585580468041969e-24
2.511656851382408539e-24
2.063203129748711045e-24
1.694820354246218851e-24
1.392211940623183731e-24
1.143633944894315393e-24
9.394392920729309019e-25
7.717033823895868888e-25
6.339165451313662540e-25
5.207314045287123634e-25
4.277553532007163237e-25
3.513800792511679230e-25
2.886415311245002443e-25
2.371048855912594340e-25
1.947700545802444042e-25
1.599940636676185888e-25
1.314272898061528754e-25
1.079610837416747590e-25
8.868474439264563765e-26
7.285017540957563669e-26
5.984285226903180429e-26
4.915797316285454229e-26
4.038086812132866632e-26
3.317090606706091318e-26
2.724827524766861912e-26
2.238312400848133938e-26
1.838664046899334969e-26
1.510372491382008059e-26
1.240697052063687358e-26
1.019171882289137297e-26
8.371998014511738385e-27
6.877186466090513722e-27
5.649271966787112993e-27
4.640600325741799459e-27
3.812025958368314559e-27
3.131392683542748874e-27
2.572285772876045828e-27
2.113006820292708574e-27
1.735731647581077063e-27
1.425818565032918846e-27
1.171240141427202583e-27
9.621164308929807251e-28
7.903315416309739675e-28
6.492186658916658482e-28
5.333013475235390187e-28
4.380809459318313723e-28
3.598620481266594609e-28
2.956090532685855763e-28
2.428283638945786609e-28
1.994716117782181319e-28
1.638561627120055815e-28
1.345998150782229848e-28
1.105671579221255496e-28
9.082550673544162093e-29
7.460870685995025885e-29
6.128739975575456496e-29
5.034459819645999711e-29
4.135562248788372304e-29
3.397161905406991673e-29
2.790602176265080427e-29
2.292343056649925743e-29
1.883047585236300211e-29
1.546831395055802194e-29
1.270646256361072553e-29
1.043773687271303047e-29
8.574089797108292389e-30
7.043194970843148448e-30
5.785639825470524844e-30
4.752619844920101689e-30
3.904044508766395821e-30
3.206981417358719947e-30
2.634378216792903504e-30
2.164012722851609863e-30
1.777630499224470061e-30
1.460236420241124426e-30
1.199512724342230634e-30
9.853409734988876434e-31
8.094093662809121292e-31
6.648901647689448275e-31
5.461747165562789448e-31
4.486557882969978298e-31
3.685487633729727001e-31
3.027447645316745533e-31
2.486900013244230727e-31
2.042866599341996879e-31
1.678114890217456750e-31
1.378489219842664914e-31
1.132361401653597291e-31
9.301794497176041861e-32
7.640968752674159024e-32
6.276681719540028748e-32
5.155986718911792330e-32
4.235390646435860595e-32
3.479166046359101138e-32
2.857964563038407590e-32
2.347677959242839570e-32
1.928502498454721399e-32
1.584170380738921196e-32
1.301318404939290220e-32
1.068969355583980862e-32
8.781059876202559233e-33
7.213210757321544834e-33
5.925299469890440577e-33
4.867343404911256260e-33
3.998284296299228886e-33
3.284394788726539880e-33
2.697969511122212664e-33
2.216249857638867602e-33
1.820540747860885396e-33
1.495485088559874887e-33
1.228467779550005853e-33
1.009126133678649939e-33
8.289477108192792831e-34
6.809399581869749768e-34
5.593588360325020996e-34
4.594858969367799284e-34
3.774451673657468371e-34
3.100527248333766054e-34
2.546931329059733883e-34
2.092179386080881694e-34
1.718622930111640097e-34
1.411764591294627200e-34
1.159695490100231241e-34
9.526330650675209448e-35
7.825414209220597149e-35
6.428194631427290235e-35
5.280447157777509088e-35
4.337628803235150261e-35
3.563149686469785683e-35
2.926953011451924494e-35
2.404348591859287294e-35
1.975054648488568850e-35
1.622410692743923462e-35
1.332730948960905399e-35
1.094773222502797329e-35
8.993026009065090661e-36
7.387330557357923478e-36
6.068330360510928772e-36
4.984836278596016793e-36
4.094798939442516744e-36
3.363676842598752204e-36
2.763095836635996519e-36
2.269747945387245830e-36
1.864486807617127008e-36
1.531584624999057160e-36
1.258121781259180643e-36
1.033485444188087363e-36
8.489576917424018927e-37
6.973771778032118930e-37
5.728612071617115332e-37
4.705774337275164475e-37
3.865563217847015123e-37
3.175370920957533996e-37
2.608411741686266451e-37
2.142682534900548856e-37
1.760108794173664822e-37
1.445843197425073723e-37
1.187689396507896254e-37
9.756286885669779037e-38
8.014311997341969252e-38
6.583364915711990176e-38
5.407911948998484718e-38
4.442334888397673585e-38
3.649160608898202527e-38
2.997606773031342129e-38
2.462387197705838648e-38
2.022730521553373903e-38
1.661574088200061913e-38
1.364901760842400346e-38
1.121199969342790935e-38
9.210108795510917709e-39
7.565653437795625155e-39
6.214813875893364041e-39
5.105165314478162353e-39
4.193643350969133617e-39
3.444872687129680078e-39
2.829794247474481518e-39
2.324537424258727006e-39
1.909493681952975338e-39
1.568555568676662321e-39
1.288491601349617943e-39
1.058432764450395961e-39
8.694506938878741084e-40
7.142111757043239913e-40
5.866895122252162235e-40
4.819367092871692782e-40
3.958874104935171636e-40
3.252021246090106344e-40
2.671376230892956684e-40
2.194404779968688751e-40
1.802596086115428398e-40
1.480744427527643831e-40
1.216359048232043796e-40
9.991794037586151796e-41
8.207769591935324047e-41
6.742280857759958432e-41
5.538453614680190829e-41
4.549568475282310489e-41
3.737247750241889713e-41
3.069966046795543801e-41
2.521826798308315340e-41
2.071557243215827386e-41
1.701682849432272644e-41
1.397849144422722635e-41
1.148264631811526591e-41
9.432431746515632359e-42
7.748280856853969221e-42
6.364833358997401270e-42
5.228398974718484261e-42
4.294873769192180048e-42
3.528028519340041449e-42
2.898102692228327798e-42
2.380649467162531283e-42
1.955586977887093005e-42
1.606418954504770774e-42
1.319594518971680835e-42
1.083982288441635541e-42
8.904383769120383084e-43
7.314515297271366853e-43
6.008516189470261528e-43
4.935701865657996864e-43
4.054437424892353930e-43
3.330521834542830820e-43
2.735860620826093370e-43
2.247375549067483468e-43
1.846108979419176192e-43
1.516488138934439416e-43
1.245720757098741087e-43
1.023298610008942704e-43
8.405897062235701729e-44
6.905032874058757447e-44
5.672146427540267529e-44
4.659390575290119867e-44
3.827461228379628034e-44
3.144072002128117844e-44
2.582701212299634311e-44
2.121562593827070236e-44
1.742759796638859687e-44
1.431591845377475694e-44
1.175982608563686691e-44
9.660121354488484877e-45
7.935316721853603794e-45
6.518474164599624464e-45
5.354607374086872861e-45
4.398547789962220781e-45
3.613191651401114938e-45
2.968060035529782574e-45
2.438115999491190816e-45
2.002792920566339899e-45
1.645196325157515314e-45
1.351448230377413854e-45
1.110148552766417403e-45
9.119326819238905289e-46
7.491080489080080551e-46
6.153555849702564124e-46
5.054844845227149337e-46
4.152307549228553347e-46
3.410917349849073009e-46
2.801901600391555206e-46
2.301624980336781741e-46
1.890672231091194782e-46
1.553094668313993401e-46
1.275791228685480151e-46
1.048000030131931417e-46
8.608807134441376046e-47
7.071713563660770145e-47
5.809066453166567776e-47
4.771863672577263945e-47
3.919852370986408234e-47
3.219966802201006367e-47
2.645045074661186940e-47
2.172775024328546745e-47
1.784828300875228245e-47
1.466149061884400034e-47
1.204369669962320004e-47
9.893307165240432672e-48
8.126867448335849897e-48
6.675823707856719772e-48
5.483862319854675607e-48
4.504724399436898858e-48
3.700410537553373532e-48
3.039706080165017155e-48
2.496969717284755134e-48
2.051138368186780392e-48
1.684909743327953184e-48
1.384070858988949356e-48
1.136946444928678300e-48
9.339458382789931123e-49
7.671907790638005120e-49
6.302096624415782299e-49
5.176863818923780599e-49
4.252540161928433909e-49
3.493253533675880673e-49
2.869536744129258637e-49
2.357183939421430467e-49
1.936311195747507519e-49
1.590584843241977254e-49
1.306587571825933298e-49
1.073297718196774553e-49
8.816615255849615012e-50
7.242417760868559558e-50
5.949291593295202832e-50
4.887051759605868078e-50
4.014473744736718121e-50
3.297693627963574788e-50
2.708893856428688312e-50
2.225223672439392870e-50
1.827912297351030916e-50
1.501540455546330412e-50
1.233441967051499559e-50
1.013212185169079642e-50
8.323042020607995243e-51
6.836971514041404094e-51
5.616237352649934571e-51
4.613464007641581761e-51
3.789734801674910863e-51
3.113081589720242677e-51
2.557244105833462080e-51
2.100650827274866819e-51
1.725581804280813443e-51
1.417480965709971186e-51
1.164391211802031580e-51
9.564903705375141826e-52
7.857100085074644115e-52
6.454223027063787076e-52
5.301828210412147611e-52
4.355192291133181667e-52
3.577577231849074952e-52
2.938804533591486614e-52
2.414084037032529300e-52
1.983051840039585620e-52
1.628979994051216748e-52
1.338127308344158594e-52
1.099206067524046739e-52
9.029439660541801659e-53
7.417242589191004355e-53
6.092901630133684402e-53
5.005020373552962814e-53
4.111379185212771611e-53
3.377296702710759102e-53
2.774283884873702779e-53
2.278938379234572270e-53
1.872036299048297811e-53
1.537786162577819250e-53
1.263216040745588297e-53
1.037670128935244120e-53
8.523952053751235352e-54
7.002009269477979890e-54
5.751807788299227224e-54
4.724828482840056217e-54
3.881215265515339146e-54
3.188228311774471891e-54
2.618973458729463197e-54
2.151358468337495448e-54
1.767235648708250787e-54
1.451697559486089012e-54
1.192498468304595078e-54
9.795791055901630831e-55
8.046762739016979627e-55
6.610021611171683052e-55
5.429809119175583150e-55
4.460322341587054998e-55
3.663936421006550064e-55
3.009744379237278128e-55
2.472357646932595786e-55
2.030920757428280181e-55
1.668301965967753762e-55
1.370428383023781543e-55
1.125739818874898980e-55
9.247401436653537339e-56
7.596287516602888519e-56
6.239978271753142917e-56
5.125836633598669120e-56
4.210623827534627861e-56
3.458821317244256794e-56
2.841252364172334546e-56
2.333949706123196027e-56
1.917225410668290068e-56
1.574906805261797363e-56
1.293708831240322518e-56
1.062718463363922143e-56
8.729711857124840030e-57
7.171030873708367518e-57
5.890650760678733967e-57
4.838881186735232740e-57
3.974903977611172595e-57
3.265189001652095480e-57
2.682192897378430417e-57
2.203290141889810719e-57
1.809894975895926560e-57
1.486740108120107388e-57
1.221284206283223907e-57
1.003225179956137387e-57
8.241003662538544643e-58
6.769581019581569012e-58
5.560879360968659592e-58
4.567990127867540955e-58
3.752380235894911064e-58
3.082396642855319030e-58
2.532037924354838633e-58
2.079945183314382007e-58
1.708573131539836870e-58
1.403509173817822555e-58
1.152914068837914538e-58
9.470624595268707903e-59
7.779654412138001148e-59
6.390605198577121087e-59
5.249569279113839999e-59
4.312264137729998045e-59
3.542313855641092448e-59
2.909837396572799212e-59
2.390288952236676230e-59
1.963505342914992612e-59
1.612923503682784915e-59
1.324937687651052265e-59
1.088371439903956743e-59
8.940438499403248713e-60
7.344132492916905524e-60
6.032845265600562004e-60
4.955687010518897720e-60
4.070854242899536867e-60
3.344007446749041062e-60
2.746938390982161899e-60
2.256475394870056556e-60
1.853584057206905211e-60
1.522628549348471515e-60
1.250764803612198200e-60
1.027442047257306795e-60
8.439933370555713896e-61
6.932992034886118579e-61
5.695113509246594294e-61
4.678256908416705646e-61
3.842958997325291122e-61
3.156802660528101561e-61
2.593158824867234354e-61
2.130153010534421500e-61
1.749816403367057904e-61
1.437388502304978445e-61
1.180744278418499213e-61
9.699236140976561711e-62
7.967447603847676048e-62
6.544868110992130044e-62
5.376288708769855755e-62
4.416357944860681587e-62
3.627821821644202978e-62
2.980078004074162407e-62
2.447988172236614200e-62
2.010902427123533341e-62
1.651857887743331461e-62
1.356920377883734297e-62
1.114643654020122729e-62
9.156251875183729224e-63
7.521412614644861223e-63
6.178472205757630451e-63
5.075312411792330371e-63
4.169120653045871280e-63
3.424728491445690660e-63
2.813246777003544176e-63
2.310944487450359542e-63
1.898327749891039508e-63
1.559383302184874651e-63
1.280957033511545856e-63
1.052243485872673029e-63
8.643665045706047894e-64
7.100347631080423877e-64
5.832587937594327601e-64
4.791185420395301774e-64
3.935724240803460999e-64
3.233004766150420985e-64
2.655755123691603739e-64
2.181572805230517421e-64
1.792055247136511601e-64
1.472085644398309858e-64
1.209246281835444819e-64
9.933366144131991013e-65
8.159773938160611312e-65
6.702854778107563563e-65
5.506067020592876643e-65
4.522964473925106027e-65
3.715393865690072100e-65
3.052014150627972771e-65
2.507080194552559242e-65
2.059443630241440584e-65
1.691732109470520468e-65
1.389675098744009799e-65
1.141550053497332664e-65
9.377274773200605006e-66
7.702972103825704820e-66
6.327614436754220673e-66
5.197825452377821022e-66
4.269759117504858133e-66
3.507398062621625782e-66
2.881155782125520901e-66
2.366728410253614312e-66
1.944151511227700275e-66
1.597025278537901813e-66
1.311878074090296716e-66
1.077643606777745031e-66
8.852314602744449757e-67
7.271743026460715161e-67
5.973380863179885318e-67
4.906839915377259001e-67
4.030728745851569803e-67
3.311046315515574968e-67
2.719862435489391869e-67
2.234233823103311542e-67
1.835313694973882078e-67
1.507620341312425536e-67
1.238436295529999132e-67
1.017314781486008208e-67
8.356742840672223109e-68
6.864655087692633411e-68
5.638978052984140708e-68
4.632144379554803080e-68
3.805079812588783076e-68
3.125686764876231740e-68
2.567598640060001303e-68
2.109156570171811886e-68
1.732568855619541800e-68
1.423220486290496982e-68
1.169105946945298592e-68
9.603632946187381919e-69
7.888914260173008790e-69
6.480356814247717453e-69
5.323295837042984563e-69
4.372826895330264983e-69
3.592063195786046443e-69
2.950704043715985605e-69
2.423858901985814360e-69
1.991081413009898057e-69
1.635575895109005520e-69
1.343545518120108045e-69
1.103656861573075296e-69
9.066000754493790017e-70
7.447275737798464663e-70
6.117572391256658661e-70
5.025286195906047800e-70
4.128026566037427004e-70
3.390971710982993702e-70
2.785517234624877744e-70
2.288166026057231172e-70
1.879616359116686685e-70
1.544012810795401192e-70
1.268330927392322462e-70
1.041871757884708509e-70
8.558466378404206315e-71
7.030361097318725588e-71
5.775097426731612068e-71
4.743959780524345038e-71
3.896930689872234841e-71
3.201137763438028672e-71
2.629577941209235366e-71
2.160069531486711713e-71
1.774391360581500203e-71
1.457575626437906027e-71
1.197327012508485495e-71
9.835455182424639107e-72
8.079344876953645681e-72
6.636786242226913868e-72
5.451794953159840399e-72
4.478382627752869807e-72
3.678772061838998006e-72
3.021931131810821903e-72
2.482368467494043574e-72
2.039144156378035367e-72
1.675057085577707366e-72
1.375977383044808304e-72
1.130298050706614319e-72
9.284845079387506010e-73
7.627045635824120642e-73
6.265244560739923067e-73
5.146591652934125725e-73
4.227673059728704774e-73
3.472826426741308785e-73
2.852756875917553828e-73
2.343400099247553943e-73
1.924988445917603837e-73
1.581283758631830636e-73
1.298947186210678451e-73
1.067021515496088572e-73
8.765059323565725778e-74
7.200067086736290091e-74
5.914502588034081327e-74
4.858474295094309885e-74
3.990998756826558494e-74
3.278410074758335169e-74
2.693053361615978019e-74
2.212211481519903623e-74
1.817223419602808257e-74
1.492760065816120926e-74
1.226229306786317729e-74
1.007287337901515000e-74
8.274372301179702676e-75
6.796991722457447085e-75
5.583395911321226343e-75
4.586486371545360534e-75
3.767573994478586921e-75
3.094877571627588434e-75
2.542290396260363462e-75
2.088367087011735116e-75
1.715491313080940906e-75
1.409192121231566478e-75
1.157582331894541766e-75
9.508972090642619382e-76
7.811155002049148804e-76
6.416481390883524952e-76
5.270825304164710183e-76
4.329724921589523516e-76
3.556657034681157594e-76
2.921619615895446090e-76
2.399967468538969007e-76
1.971455770185829538e-76
1.619454390423544201e-76
1.330302491348719994e-76
1.092778363474516560e-76
8.976639218853987955e-77
7.373869611516054215e-77
6.057272852565427002e-77
4.975753077207399436e-77
4.087337534225891429e-77
3.357547663532482985e-77
2.758061016124882677e-77
2.265612086848044470e-77
1.861089402323678921e-77
1.528793822891411530e-77
1.255829273968708127e-77
1.031602261692777455e-77
8.474107495253381978e-78
6.961064405119873259e-78
5.718173586937651548e-78
4.697199633191356749e-78
3.858519518269779674e-78
3.169584866622573744e-78
2.603658781342131445e-78
2.138778210688379740e-78
1.756901582993629990e-78
1.443208630469512683e-78
1.185525228745370489e-78
9.738509307102520288e-79
7.999708586959925862e-79
6.571368929083316958e-79
5.398057833320511571e-79
4.434240214837329834e-79
3.642511230893028619e-79
2.992144634561471483e-79
2.457900318385573541e-79
2.019044769874615515e-79
1.658546423654705618e-79
1.362414682656373643e-79
1.119156956383247614e-79
9.193326444331087893e-80
7.551867557985077482e-80
6.203489450601737393e-80
5.095862853558292558e-80
4.186001834782786079e-80
3.438595555720229305e-80
2.824637891357284988e-80
2.320301730169719472e-80
1.906014266643427751e-80
1.565697399356096503e-80
1.286143755192109604e-80
1.056504123785286506e-80
8.678664100099929084e-81
7.129097640670292788e-81
5.856204662838253642e-81
4.810585403880515314e-81
3.951660377390756548e-81
3.246095522104874529e-81
2.666508538769515706e-81
2.190406209217221601e-81
1.799311456017781465e-81
1.478046264721785539e-81
1.214142639592225709e-81
9.973587325789825252e-82
8.192813669616348017e-82
6.729995299834492897e-82
5.528361630359651755e-82
4.541278404278427505e-82
3.730437862803735211e-82
3.064372057685210330e-82
2.517231610142401230e-82
2.067782521123354503e-82
1.698582100048146122e-82
1.395302030619965428e-82
1.146172302532253518e-82
9.415244285915198560e-83
7.734162199488919850e-83
6.353235573237927884e-83
5.218871961558328702e-83
4.287047794334776253e-83
3.521599864163631436e-83
2.892821866755355105e-83
2.376311527591919790e-83
1.952023572920467012e-83
1.603491791793146622e-83
1.317189998121415789e-83
1.082007092291285370e-83
8.888158499824557794e-84
7.301187032952830099e-84
5.997567672900105528e-84
4.926708195347741366e-84
4.047049565073171708e-84
3.324453069419596912e-84
2.730875427411245871e-84
2.243280456758064218e-84
1.842745061587531400e-84
1.513724845137123107e-84
1.243450846538329302e-84
1.021433989621059330e-84
8.390580118689108371e-85
6.892450754870730298e-85
5.661810832662518805e-85
4.650900390140948485e-85
3.820486956968941049e-85
3.138342979632782156e-85
2.577995100819332427e-85
2.117696753662763933e-85
1.739584198219970142e-85
1.428983246757356407e-85
1.173839772517320023e-85
9.642519005525077786e-86
7.920857254011904464e-86
6.506596419719969214e-86
5.344850388216616113e-86
4.390532903783201185e-86
3.606607814823318444e-86
2.962651736133432676e-86
2.433673346333798707e-86
1.999143498515017060e-86
1.642198503622355994e-86
1.348985666763154151e-86
1.108125677327286695e-86
9.102709887930089783e-87
7.477430493594206805e-87
6.142343046730690146e-87
5.045634076577651819e-87
4.144741353753074035e-87
