1.046359019655483114e-01
8.393049460423857022e-02
6.732228415091680296e-02
5.400051512466483294e-02
4.331486476591041301e-02
3.474369652507555001e-02
2.786859556760237083e-02
2.235394320664898030e-02
1.793053315779554249e-02
1.438242981789346168e-02
1.153642703461376685e-02
9.253592780226088318e-03
7.422486969781210038e-03
5.953721341001758441e-03
4.775595828003810148e-03
3.830598411683482606e-03
3.072597581551516407e-03
2.464590354697906473e-03
1.976895917949256318e-03
1.585706713066912903e-03
1.271926233968789484e-03
1.020236801248732830e-03
8.183518059647053875e-04
6.564159198197980563e-04
5.265239920683391405e-04
4.223351473554843422e-04
3.387632460794456207e-04
2.717285966201807746e-04
2.179587988829726625e-04
1.748289970264394909e-04
1.402337430648164347e-04
1.124842161680702899e-04
9.022578026101080184e-05
7.237185536808690960e-05
5.805087453128563325e-05
4.656373692103882018e-05
3.734968014793994665e-05
2.995890577938391461e-05
2.403062173338331873e-05
1.927542965505564480e-05
1.546119748832187557e-05
1.240172759055420573e-05
9.947667206662580837e-06
7.979217583353494507e-06
6.400285807697211688e-06
5.133793882957907357e-06
4.117916046967707158e-06
3.303060651921622527e-06
2.649449271387351661e-06
2.125174854894409243e-06
1.704644135915288200e-06
1.367328256975236706e-06
1.096760621723012512e-06
8.797330525613764429e-07
7.056510130288144108e-07
5.660164191157885722e-07
4.540127921499609797e-07
3.641725018468700831e-07
2.921098554809079751e-07
2.343070035116393918e-07
1.879422103174861570e-07
1.507521068070316439e-07
1.209212005561066558e-07
9.699324973711157952e-08
7.780017442185904626e-08
6.240503495322881583e-08
5.005629378665662319e-08
4.015112802250642090e-08
3.220600167384826097e-08
2.583306110937917107e-08
2.072120137852486472e-08
1.662087914209638596e-08
1.333193082822307756e-08
1.069380133800231932e-08
8.577706300018487285e-09
6.880345262063925752e-09
5.518858919791118546e-09
4.426784211614015726e-09
3.550809821559434483e-09
2.848173704922007995e-09
2.284575592912628239e-09
1.832502571985870918e-09
1.469885998411459754e-09
1.179024183297410897e-09
9.457182572678718826e-10
7.585790306933603686e-10
6.084710127835501531e-10
4.880664484746364091e-10
3.914876027321655377e-10
3.140198298243440970e-10
2.518814205985799761e-10
2.020389925000846998e-10
1.620594103107879015e-10
1.299910088903720111e-10
1.042683196238427751e-10
8.363564964980525952e-11
6.708578327127331304e-11
5.381081316357919606e-11
4.316270112874361638e-11
3.462164310853034617e-11
2.777069414537201157e-11
2.227541456938492969e-11
1.786754380861081708e-11
1.433190483428298829e-11
1.149589996135650873e-11
9.221085225558452241e-12
7.396412027143174018e-12
5.932806121738801889e-12
4.758819323338389763e-12
3.817141650592402454e-12
3.061803651428786312e-12
2.455932333149792286e-12
1.969951150262663327e-12
1.580136179665871969e-12
1.267458000649479144e-12
1.016652744290723971e-12
8.154769640841974252e-13
6.541099531639231290e-13
5.246743313081888049e-13
4.208514984402152221e-13
3.375731823925233930e-13
2.707740233620758770e-13
2.171931170836695355e-13
1.742148287446377526e-13
1.397411067259156197e-13
1.120890629672352399e-13
8.990882018356584045e-14
7.211761551761443396e-14
5.784694379625668669e-14
4.640016010720662557e-14
3.721847200013568598e-14
2.985366116893515988e-14
2.394620298185099934e-14
1.920771573051456177e-14
1.540688283081361406e-14
1.235816074606494595e-14
9.912721392294437860e-15
7.951186865128007182e-15
6.377801822749571615e-15
5.115759040787273225e-15
4.103449948859352154e-15
3.291457112921905857e-15
2.640141846792999985e-15
2.117709188378222674e-15
1.698655779419253664e-15
1.362524879614907303e-15
1.092907739203242456e-15
8.766425804627799360e-16
7.031720851759123972e-16
5.640280228113259063e-16
4.524178607529194696e-16
3.628931763142467905e-16
2.910836835581169469e-16
2.334838910291082861e-16
1.872819757662846158e-16
1.502225198163692231e-16
1.204964085179316578e-16
9.665251577106113993e-17
7.752686507237298076e-17
6.218580820168940496e-17
4.988044774011275733e-17
4.001007848421799473e-17
3.209286309244497094e-17
2.574231045002010344e-17
2.064840850741090286e-17
1.656249056263669631e-17
1.328509621160261240e-17
1.065623437997242943e-17
8.547573111418871371e-18
6.856174844686494669e-18
5.499471357327628893e-18
4.411233070216451534e-18
3.538335948207732497e-18
2.838168168195380798e-18
2.276549957060399682e-18
1.826065053180771345e-18
1.464722339216219757e-18
1.174882311701884877e-18
9.423959814039476077e-19
7.559141685262336012e-19
6.063334749448429178e-19
4.863518877486512489e-19
3.901123201851822265e-19
3.129166889117092271e-19
2.509965697904300370e-19
2.013292364356371584e-19
1.614901011499896136e-19
1.295343549259965238e-19
1.039020285863206730e-19
8.334184047560403250e-20
6.685011321112401717e-20
5.362177761898903101e-20
4.301107203722546849e-20
3.450001846145927727e-20
2.767313664748661255e-20
2.219716180053546297e-20
1.780477573885349963e-20
1.428155734321037901e-20
1.145551525832032167e-20
9.188691868817549168e-21
7.370428684886035322e-21
5.911964376925164235e-21
4.742101753959556850e-21
3.803732162642387207e-21
3.051047640013088784e-21
2.447304726934991445e-21
1.963030779307221845e-21
1.574585215357983843e-21
1.263005464080860307e-21
1.013081278002120076e-21
8.126122214248061664e-22
6.518120872899711584e-22
5.228311683429717165e-22
4.193730615327982558e-22
3.363872993585944839e-22
2.698228034871499687e-22
2.164301250983171698e-22
1.736028180149854475e-22
1.392502010016095099e-22
1.116952979260681406e-22
8.959297357602259230e-23
7.186426880303359214e-23
5.764372946291907574e-23
4.623715793312178515e-23
3.708772478206313437e-23
2.974878627920028179e-23
2.386208079050294655e-23
1.914023968267240764e-23
1.535275897883792702e-23
1.231474695040897701e-23
9.877898341375904502e-24
7.923254617856123542e-24
6.355396823271368446e-24
5.097787554399814572e-24
4.089034669658453428e-24
3.279894336757476948e-24
2.630867118862636429e-24
2.110269748492946576e-24
1.692688459814592892e-24
1.357738376354815668e-24
1.089068391727874326e-24
8.735629650868712741e-25
7.007018657116987894e-25
5.620466116750151426e-25
4.508285322952771535e-25
3.616183450084257308e-25
2.900611165421632840e-25
2.326636701125510524e-25
1.866240605964602498e-25
1.496947932466764306e-25
1.200731087596451013e-25
9.631297879176942868e-26
7.725451584927586571e-26
6.196735158622344945e-26
4.970521943471083303e-26
3.986952444812922846e-26
3.198012196300513380e-26
2.565187859462077621e-26
2.057587135516135045e-26
1.650430710025786542e-26
1.323842612338709242e-26
1.061879939338014418e-26
8.517545779679254694e-27
6.832089337157909233e-27
5.480151902707416629e-27
4.395736559446252118e-27
3.525905895146107877e-27
2.828197780576774285e-27
2.268552514992177686e-27
1.819650149158864871e-27
1.459576819778975296e-27
1.170754990359485220e-27
9.390853765814049263e-28
7.532586679286789419e-28
6.042034462033886904e-28
4.846433502158038075e-28
3.887418689587091604e-28
3.118174232953364853e-28
2.501148274328789219e-28
2.006219737199476763e-28
1.609227919527840364e-28
1.290793051713656925e-28
1.035370243166745122e-28
8.304906344297379677e-29
6.661527105182855897e-29
5.343340614979592971e-29
4.285997561351509035e-29
3.437882107760991185e-29
2.757592186575169006e-29
2.211918393098413610e-29
1.774222817117656037e-29
1.423138672115041117e-29
1.141527242536332764e-29
9.156412308830052924e-30
7.344536621220834176e-30
5.891195848447580520e-30
4.725442912829677137e-30
3.790369781764506087e-30
3.040329414097261969e-30
2.438707429205465405e-30
1.956134719378061791e-30
1.569053751397682940e-30
1.258568569120787958e-30
1.009522358152329362e-30
8.097575425083026945e-31
6.495222937401691337e-31
5.209944803461598792e-31
4.178998183236256331e-31
3.352055822911685829e-31
2.688749252150824916e-31
2.156698134776882261e-31
1.729929572580748041e-31
1.387610198123092144e-31
1.113029161680109020e-31
8.927823652679956253e-32
7.161181208678848876e-32
5.744122901457742376e-32
4.607472838009427281e-32
3.695743687449219620e-32
2.964427981136286425e-32
2.377825411753342177e-32
1.907300067587647623e-32
1.529882526210129868e-32
1.227148566593091512e-32
9.843197622643253449e-33
7.895420495612701334e-33
6.333070531789365680e-33
5.079879201228835947e-33
4.074670030839880473e-33
3.268372180229873467e-33
2.621624972734018666e-33
2.102856443105312558e-33
1.686742103199429818e-33
1.352968687916824901e-33
1.085242531748758369e-33
8.704941682943502850e-34
6.982403240439073071e-34
5.600721611682024667e-34
4.492447870941006609e-34
3.603479921413419261e-34
2.890421417691321233e-34
2.318463306039942175e-34
1.859684566601070637e-34
1.491689205623589092e-34
1.196512960389189933e-34
9.597463459426293066e-35
7.698312337967643032e-35
6.174966240136898467e-35
4.953060670034771201e-35
3.972946417355807223e-35
3.186777688929365569e-35
2.556176442323380635e-35
2.050358902344455937e-35
1.644632803439051183e-35
1.319191998559395613e-35
1.058149591461435681e-35
8.487623932928140825e-36
6.808088441192774149e-36
5.460900316669941554e-36
4.380294487387881567e-36
3.513519508435408006e-36
2.818262418588585478e-36
2.260583167664172531e-36
1.813257780475192103e-36
1.454449376375372333e-36
1.166642168155666396e-36
9.357864018002819042e-37
7.506124960138257595e-37
6.020809001799879487e-37
4.829408147168223154e-37
3.873762320804813544e-37
3.107220193614418071e-37
2.492361826060477634e-37
1.999171955939687392e-37
1.603574756933680763e-37
1.286258539909456090e-37
1.031733022945327639e-37
8.275731492603624221e-38
6.638125388500005152e-38
5.324569642312614933e-38
4.270940998636887240e-38
3.425804945602116706e-38
2.747904859621715179e-38
2.204147999501904981e-38
1.767990033096386779e-38
1.418139234676839736e-38
1.137517096410107934e-38
9.124246145831669384e-39
7.318735515488846682e-39
5.870500279099547797e-39
4.708842593638453044e-39
3.777054342473254263e-39
3.029648840942213655e-39
2.430140333488595054e-39
1.949262885071339252e-39
1.563541719280910041e-39
1.254147260820835152e-39
1.005975940666149111e-39
8.069128919811229057e-40
6.472405441567325861e-40
5.191642445713998391e-40
4.164317505674117733e-40
3.340280165553503337e-40
2.679303768069388701e-40
2.149121728057586266e-40
1.723852389211288780e-40
1.382735570997792667e-40
1.109119128336368913e-40
8.896460513805701614e-41
7.136024224234595411e-41
5.723943994337961732e-41
4.591286943652691342e-41
3.682760666388000941e-41
2.954014047116927474e-41
2.369472192479665567e-41
1.900599787740983016e-41
1.524508101266552380e-41
1.222837635686447801e-41
9.808618806347496579e-42
7.867684153687846814e-42
6.310822671805018032e-42
5.062033759489542019e-42
4.060355854505804102e-42
3.256890500643769970e-42
2.612415293948335738e-42
2.095469180405717668e-42
1.680816635931487980e-42
1.348215755231050099e-42
1.081430111884789896e-42
8.674361520799226183e-43
6.957874296877213008e-43
5.581046468384227437e-43
4.476666055355978606e-43
3.590821019803959508e-43
2.880267466195990924e-43
2.310318623811551021e-43
1.853151558379369558e-43
1.486448952507775475e-43
1.192309651318404280e-43
9.563747898834071973e-44
7.671268430253292376e-44
6.153273795116982820e-44
4.935660737454235706e-44
3.958989592593637166e-44
3.175582647998010666e-44
2.547196681984630908e-44
2.043156061708486160e-44
1.638855264699704392e-44
1.314557722227069965e-44
1.054432348169235002e-44
8.457807200600318965e-45
6.784171859553614166e-45
5.441716360795233858e-45
4.364906662800100849e-45
3.501176634677162637e-45
2.808361959186913470e-45
2.252641816380507994e-45
1.806887867963894016e-45
1.449339945504933573e-45
1.162543794155475986e-45
9.324990162046210618e-46
7.479756200103148395e-46
5.999658105881040672e-46
4.812442601667710385e-46
3.860153926378610227e-46
3.096304635440733868e-46
2.483606244284119711e-46
1.992148933294175621e-46
1.597941453706183975e-46
1.281739957690006896e-46
1.028108580154045986e-46
8.246659131165271674e-47
6.614805881246679758e-47
5.305864611429971402e-47
4.255937329111634915e-47
3.413770210100505472e-47
2.738251563916251283e-47
2.196404903032135616e-47
1.761779144631998180e-47
1.413157360091197680e-47
1.133521037789932899e-47
9.092192981462913492e-48
7.293025048158174313e-48
5.849877412578267341e-48
4.692300590800219035e-48
3.763785679864364726e-48
3.019005788274998438e-48
2.421603333685708460e-48
1.942415191283327150e-48
1.558049050744297471e-48
1.249741484425571988e-48
1.002441981623182511e-48
8.040782346138555620e-49
6.449668102814736772e-49
5.173404383522713030e-49
4.149688400829764468e-49
3.328545875676468320e-49
2.669891465650154671e-49
2.141571936995708608e-49
1.717796554778972267e-49
1.377878068270735607e-49
1.105222830805932743e-49
8.865207552564560381e-50
7.110955615415419260e-50
5.703835975028046509e-50
4.575157909788752949e-50
3.669823254235387297e-50
2.943636696891329914e-50
2.361148317779316218e-50
1.893923045748028231e-50
1.519152556493802472e-50
1.218541848932506982e-50
9.774161464249820889e-51
7.840045248582814090e-51
6.288652967791296210e-51
5.044251008176122334e-51
4.046091963383128659e-51
3.245449155805011452e-51
2.603237968448998073e-51
2.088107868907135767e-51
1.674911984627241830e-51
1.343479519435079101e-51
1.077631084921281231e-51
8.643888785717743882e-52
6.933431522654508421e-52
5.561440443191395493e-52
4.460939680748920562e-52
3.578206588482463770e-52
2.870149185184632595e-52
2.302202553573018412e-52
1.846641500391939640e-52
1.481227108221794549e-52
1.188121108328513248e-52
9.530150779851925886e-53
7.644319526860864701e-53
6.131657554913759443e-53
4.918321930241291193e-53
3.945081797679142871e-53
3.164426934862262737e-53
2.538248467236519080e-53
2.035978524405073450e-53
1.633098022256148653e-53
1.309939725948877735e-53
1.050728163425485757e-53
8.428095213432597096e-54
6.760339296046942923e-54
5.422599797500730834e-54
4.349572895113277636e-54
3.488877121011957296e-54
2.798496279760246376e-54
2.244728362792086165e-54
1.800540332737167506e-54
1.444248463890216325e-54
1.158459817602835968e-54
9.292231790820371891e-55
7.453480072619494174e-55
5.978581512335612132e-55
4.795536655547706995e-55
3.846593337776127625e-55
3.085427423249208514e-55
2.474881420566855743e-55
1.985150582286833703e-55
1.592327940080108486e-55
1.277237249095196063e-55
1.024496869906203501e-55
8.217688899937330476e-56
6.591568294624154144e-56
5.287225290680583482e-56
4.240986366963879942e-56
3.401777752212689703e-56
2.728632179908108827e-56
2.188689007795170875e-56
1.755590074806198731e-56
1.408192986660455319e-56
1.129539017186913315e-56
9.060252418763211922e-57
7.267404900819010506e-57
5.829326993481028993e-57
4.675816699451755465e-57
3.750563629613059732e-57
3.008400124287513028e-57
2.413096324070856670e-57
1.935591553209154195e-57
1.552575677764206830e-57
1.245351185371966723e-57
9.989204372573592963e-58
8.012535353008833220e-58
6.427010639554838195e-58
5.155230391019579326e-58
4.135110687529945653e-58
3.316852807958129816e-58
2.660512228327155017e-58
2.134048668091416985e-58
1.711761994285688307e-58
1.373037629784457019e-58
1.101340220835326940e-58
8.834064381906408224e-59
7.085975071760875808e-59
5.683798594501628929e-59
4.559085536668650732e-59
3.656931290768791722e-59
2.933295801941837282e-59
2.352853684565878900e-59
1.887269758921163530e-59
1.513815825566529365e-59
1.214261153130362511e-59
9.739825169615250129e-60
7.812503438005166582e-60
6.266561145188771010e-60
5.026530727059326373e-60
4.031878180821685337e-60
3.234048004019010866e-60
2.594092882579980490e-60
2.080772417443855446e-60
1.669028076160899031e-60
1.338759921873347019e-60
1.073845403809462305e-60
8.613523100311333606e-61
6.909074615060824565e-61
5.541903293293832837e-61
4.445268552357448353e-61
3.565636471226382300e-61
2.860066449348097620e-61
2.294114994811404755e-61
1.840154312015366608e-61
1.476023608096035757e-61
1.183947279546763648e-61
9.496671686398802307e-62
7.617465294043647642e-62
6.110117251822488669e-62
4.901044033664471468e-62
3.931222860372034979e-62
3.153310411364833570e-62
2.529331687260502546e-62
2.028826201544506073e-62
1.627361004808261364e-62
1.305337952533527255e-62
1.047036991355939608e-62
8.398487603458694615e-63
6.736590455520130421e-63
5.403550390038759294e-63
4.334292994427494539e-63
3.476620815117171025e-63
2.788665258127643510e-63
2.236842708895194892e-63
1.794215096184403514e-63
1.439174868476119205e-63
1.154390187920055521e-63
9.259588498631260919e-64
7.427296252272204007e-64
5.957578960141814063e-64
4.778690099437766531e-64
3.833080387057254178e-64
3.074588422331806477e-64
2.466187246856606867e-64
1.978176816246984399e-64
1.586734146535217154e-64
1.272750358361542014e-64
1.020897847472825443e-64
8.188820440139981794e-65
6.568412340847963465e-65
5.268651449226926828e-65
4.226087927034346497e-65
3.389827423418956085e-65
2.719046588466735485e-65
2.181000218234074613e-65
1.749422746970808110e-65
1.403246052903614901e-65
1.125570985285943776e-65
9.028424062166884052e-66
7.241874756180420520e-66
5.808848767302598461e-66
4.659390715449320935e-66
3.737388027971669940e-66
2.997831717634562046e-66
2.404619199289603444e-66
1.928791886341976469e-66
1.547121532556052784e-66
1.240976309288665529e-66
9.954112639563577982e-67
7.984387590599137183e-67
6.404432771187580956e-67
5.137120243129830516e-67
4.120584185237806444e-67
3.305200817586408014e-67
2.651165939943800683e-67
2.126551828173249604e-67
1.705748632996866532e-67
1.368214195592902283e-67
1.097471250340654116e-67
8.803030616140807632e-68
7.061082283901156562e-68
5.663831604607160279e-68
4.543069625244999246e-68
3.644084616328432856e-68
2.922991234202229818e-68
2.344588190114978320e-68
1.880639844863165552e-68
1.508497842392316942e-68
1.209995495266050742e-68
9.705609497208469113e-69
7.785058380865379093e-69
6.244546930402889379e-69
5.008872696683563212e-69
4.017714330791870258e-69
3.222686904088858947e-69
2.584979923084493332e-69
2.073462735170399117e-69
1.663164837663580267e-69
1.334056904096288260e-69
1.070073021665797674e-69
8.583264088518400114e-70
6.884803272449829682e-70
5.522434776735141481e-70
4.429652476103623974e-70
3.553110512361970825e-70
2.850019133817444534e-70
2.286055847366801680e-70
1.833689912909439140e-70
1.470838387688050827e-70
1.179788113282645395e-70
9.463310203854919596e-71
7.590705399227044205e-71
6.088652619078609647e-71
4.883826833746939990e-71
3.917412609037322843e-71
3.142232939833954420e-71
2.520446231627337843e-71
2.021699004549338116e-71
1.621644141306209736e-71
1.300752344990619872e-71
1.043358786247488156e-71
8.368984004005100712e-72
6.712925043857116274e-72
5.384567902493102091e-72
4.319066771509758355e-72
3.464407565205484501e-72
2.778868772537538738e-72
2.228984757030533048e-72
1.787912079971149312e-72
1.434119096429053188e-72
1.150334854706989837e-72
9.227059881209903370e-73
7.401204414789257243e-73
5.936650189194911613e-73
4.761902724702749204e-73
3.819614906871679972e-73
3.063787498453585972e-73
2.457523615481018163e-73
1.971227548808534922e-73
1.581160003795584521e-73
1.268279229921458159e-73
1.017311468282068646e-73
8.160053394253792834e-74
6.545337733144526652e-74
5.250142857042325827e-74
4.211241824814282123e-74
3.377919075721190831e-74
2.709494670879961195e-74
2.173338439127503230e-74
1.743277084747007566e-74
1.398316497555738106e-74
1.121616892945224231e-74
8.996707517497858130e-75
7.216434298066098139e-75
5.788442480431801922e-75
4.643022435366261591e-75
3.724258711767713659e-75
2.987300437432404271e-75
2.396171854357517667e-75
1.922016106471736341e-75
1.541686547573308200e-75
1.236616801995284145e-75
9.919144182610364847e-76
7.956338710315231027e-76
6.381934218099193159e-76
5.119073715569816999e-76
4.106108714051065692e-76
3.293589760257897036e-76
2.641852484751519112e-76
2.119081324397022103e-76
1.699756396440402514e-76
1.363407705960546339e-76
1.093615871406886217e-76
8.772105870931995270e-77
7.036276943553056639e-77
5.643934758064681347e-77
4.527109977170050826e-77
3.631283071815718278e-77
2.912722866056427581e-77
2.336351732063072991e-77
1.874033221466245056e-77
1.503198541110907230e-77
1.205744822511794257e-77
9.671514023287579968e-78
7.757709737271822573e-78
6.222610050799958771e-78
4.991276698364040992e-78
4.003600237882353228e-78
3.211365715313938987e-78
2.575898977103830830e-78
2.066178731560603027e-78
1.657322196522344708e-78
1.329370407859648101e-78
1.066313891771437042e-78
8.553111375598067513e-79
6.860617194234567802e-79
5.503034652408674711e-79
4.414091258591108731e-79
3.540628556762261782e-79
2.840007114162310304e-79
2.278025011431355378e-79
1.827248223016333228e-79
1.465671382781899688e-79
1.175643558027203135e-79
9.430065919056914321e-80
7.564039511004669254e-80
6.067263390854781649e-80
4.866670117263338923e-80
3.903650872642796801e-80
3.131194383081359257e-80
2.511591990295644848e-80
2.014596845153236173e-80
1.615947360949986938e-80
1.296182846530073132e-80
1.039693502547699392e-80
8.339584049686181249e-81
6.689342767974968912e-81
5.365652099776229626e-81
4.303894037791907565e-81
3.452237220022653338e-81
2.769106701665959653e-81
2.221154409881778383e-81
1.781631206038086912e-81
1.429081085136118965e-81
1.146293767740711971e-81
9.194645535708288240e-82
7.375204237038422641e-82
5.915794940303743367e-82
4.745174323440373725e-82
3.806196730456938403e-82
3.053024517851212725e-82
2.448890419145878148e-82
1.964302693908709209e-82
1.575605442828581617e-82
1.263823808402528547e-82
1.013737687918639739e-82
8.131387406015047912e-83
6.522344185748248369e-83
5.231699284908631570e-83
4.196447876442985451e-83
3.366052561641143755e-83
2.699976308852610879e-83
2.165703575588654772e-83
1.737153012024220995e-83
1.393404259567049913e-83
1.117676691195540975e-83
8.965102391964533611e-84
7.191083211410253531e-84
5.768107880148235237e-84
4.626711656490946304e-84
3.711175518402243453e-84
2.976806153257005522e-84
2.387754184658940362e-84
1.915264129684177601e-84
1.536270655506757650e-84
1.232272609501789495e-84
9.884298568649386286e-85
7.928388364787592302e-85
6.359514701657631800e-85
5.101090584843352071e-85
4.091684094699078981e-85
3.282019492176405196e-85
2.632571747408584893e-85
2.111637064244890438e-85
1.693785210405786615e-85
1.358618101361694395e-85
1.089774036287335170e-85
8.741289763294483258e-86
7.011558743516462437e-86
5.624107808462995803e-86
4.511206394792458233e-86
3.618526498690653898e-86
2.902490570336414593e-86
2.328144208406419448e-86
1.867449806911212903e-86
1.497917856093535813e-86
1.201509082225380229e-86
9.637538325599145041e-87
7.730457168527010729e-87
6.200750234704129735e-87
4.973742514184267539e-87
3.989535727298072054e-87
3.200084297487637784e-87
2.566849932175539972e-87
2.058920316406141740e-87
1.651500080379480285e-87
1.324700375123897353e-87
1.062567967571742576e-87
8.523064588125793100e-88
6.836516080883943272e-88
5.483702680054705347e-88
4.398584707103023470e-88
3.528190449845291068e-88
2.830030266389492970e-88
2.270022387547638324e-88
1.820829162559309642e-88
1.460522529387107082e-88
1.171513562452529755e-88
9.396938420293653839e-89
7.537467299135006610e-89
6.045949302257335540e-89
4.849573671737296630e-89
3.889937480757020871e-89
3.120194604400763247e-89
2.502768853610651890e-89
2.007519635399970974e-89
1.610270593188142719e-89
1.291629400561194988e-89
1.036041094864078140e-89
8.310287376400602368e-90
6.665843335820916732e-90
5.346802747626929315e-90
4.288774605368091946e-90
3.440109628845735954e-90
2.759378924615097506e-90
2.213351570474508730e-90
1.775372396600144390e-90
1.424060772204395466e-90
1.142266876974612041e-90
9.162345060692811090e-91
7.349295397021986864e-91
5.895012955188180095e-91
4.728504688479120671e-91
3.792825691636719207e-91
3.042299347231169392e-91
2.440287550933862321e-91
1.957402165787039021e-91
1.570070394844112117e-91
1.259384038626876549e-91
1.010176462123289723e-91
8.102822120411688326e-92
6.499431413896855292e-92
5.213320504412482722e-92
4.181705898706009762e-92
3.354227734218942395e-92
2.690491384505306605e-92
2.158095533064000101e-92
1.731050452959220494e-92
1.388509278102220837e-92
1.113750331239723456e-92
8.933608294155297141e-93
7.165821182254011805e-93
5.747844714619369320e-93
4.610458176823468073e-93
3.698138285847201945e-93
2.966348735142758328e-93
2.379366085945928768e-93
1.908535872359993695e-93
1.530873789283596006e-93
1.227943678007778988e-93
9.849575366137138790e-94
7.900536207866994538e-94
6.337173944209865611e-94
5.083170628239530325e-94
4.077310148541090803e-94
3.270489870050608802e-94
2.623323612978237569e-94
2.104218955523840787e-94
1.687835000943352735e-94
1.353845322479878717e-94
1.085945697403014481e-94
8.710581911587956374e-95
6.986927377670242966e-95
5.604350510256544304e-95
4.495358681155346444e-95
3.605814738970294857e-95
2.892294220320993738e-95
2.319965517499411299e-95
1.860889519666148590e-95
1.492655721941862008e-95
1.197288221949628540e-95
9.603681983373905136e-96
7.703300337123068189e-96
6.178967211393763403e-96
4.956269926993145492e-96
3.975520624858017349e-96
3.188842510895974734e-96
2.557832676232314690e-96
2.051687399815648044e-96
1.645698417131322491e-96
1.320046748053282198e-96
1.058835202675531429e-96
8.493123353989587253e-97
6.812499633919685166e-97
5.464438620257997787e-97
4.383132629599370586e-97
3.515796037572038598e-97
2.820088466941373808e-97
2.262047876607678646e-97
