8.557019046283539931e-02
7.069691520093505932e-02
5.840881961223335500e-02
4.825656393631858054e-02
3.986890983929886056e-02
3.293914531237145116e-02
2.721386910961002409e-02
2.248372460462203654e-02
1.857574423028193755e-02
1.534702456006413994e-02
1.267950074717609857e-02
1.047562923799525564e-02
8.654820889251606947e-03
7.150494058470603653e-03
5.907639907802253627e-03
4.880810891509576414e-03
4.032458871979693361e-03
3.331562094014771380e-03
2.752490809863361500e-03
2.274070074213263570e-03
1.878805438296461943e-03
1.552243229001449122e-03
1.282442020268758417e-03
1.059535970022568467e-03
8.753740551455114734e-04
7.232220123735633643e-04
5.975160859602136410e-04
4.936595773813371021e-04
4.078547574977711351e-04
3.369639946944022772e-04
2.783950208574672495e-04
2.300061397020144896e-04
1.900279111949628277e-04
1.569984483018755110e-04
1.297099600484903463e-04
1.071645861329188450e-04
8.853790808929822486e-05
7.314880271273726143e-05
6.043453537337093855e-05
4.993018245477382833e-05
4.125163045541496731e-05
3.408153007995708887e-05
2.815769170254813235e-05
2.326349785809693252e-05
1.921998217434511990e-05
1.587928509441973964e-05
1.311924708475713715e-05
1.083894161780573097e-05
8.954984583734286406e-06
7.398485177112060228e-06
6.112526761394037516e-06
5.050085593784027970e-06
4.172311304323617602e-06
3.447106251350227279e-06
2.847951804503264799e-06
2.352938635876516916e-06
1.943965559896849966e-06
1.606077625843956318e-06
1.326919258988019816e-06
1.096282453314235854e-06
9.057334945618800666e-07
7.483045639298681431e-07
6.182389452971847856e-07
5.107805189305211714e-07
4.219998440789280224e-07
3.486504708040033024e-07
2.880502267889887583e-07
2.379831381321489637e-07
1.966183976543582882e-07
1.624434176286079504e-07
1.342085188653118449e-07
1.108812335948334899e-07
9.160855113713472259e-08
7.568572579297198451e-08
6.253050635233639136e-08
5.166184486854271984e-08
4.268230614002779057e-08
3.526353466599387004e-08
2.913424764491747646e-08
2.407031495495310799e-08
1.988656337009317357e-08
1.643000531621012173e-08
1.357424456236897797e-08
1.121485427988323688e-08
9.265558458235516808e-09
7.655077043397252743e-09
6.324519434472093808e-09
5.225231026448793684e-09
4.317014053423015871e-09
3.566657673721619091e-09
2.946723546436126069e-09
2.434542491447095695e-09
2.011385543726942077e-09
1.661779089798916222e-09
1.372939042892811365e-09
1.134303366235957244e-09
9.371458502216076167e-10
7.742570204141361766e-10
6.396805081288254356e-10
5.284952434284443094e-10
4.366355059708054174e-10
3.607422534923793256e-10
2.980402914449693825e-10
2.462367922378088205e-10
2.034374532302500603e-10
1.680772276177149179e-10
1.388630952417783877e-10
1.147267806200708238e-10
9.478568923246798543e-11
7.831063361767748579e-11
6.469916911783605161e-11
5.345356423720009846e-11
4.416260005528852036e-11
3.648653315219106435e-11
3.014467218413959480e-11
2.490511382100624970e-11
2.057626271894329810e-11
1.699982543833515118e-11
1.404502211510979954e-11
1.160380422313567254e-11
9.586903555246491892e-12
7.920567945669906668e-12
6.543864368766023237e-12
5.406450796273514493e-12
4.466735336392411363e-12
3.690355339796813357e-12
3.048920857927091514e-12
2.518976505502238459e-12
2.081143765596548913e-12
1.719412373883115533e-12
1.420554870035578242e-12
1.173642908143330086e-12
9.696476390247667643e-13
8.011095515872857320e-13
6.618657002969219210e-13
5.468243442629873557e-13
4.517787571474154445e-13
3.732533994710040575e-13
3.083768282872183085e-13
2.547766969015152306e-13
2.104930050826949661e-13
1.739064275798756283e-13
1.436791001283539147e-13
1.187056976615304167e-13
9.807301580203774628e-14
8.102657764526021340e-14
6.694304474286338283e-14
5.530742343660085819e-14
4.569423304459956438e-14
3.775194727571468642e-14
3.119013993991910786e-14
2.576886491091137841e-14
2.128988199719253474e-14
1.758940787735110918e-14
1.453212702243351074e-14
1.200624360232555738e-14
9.919393438817116303e-15
8.195266517413417568e-15
6.770816553017660064e-15
5.593955571451873149e-15
4.621649204397805490e-15
3.818343048256838952e-15
3.154662543469911785e-15
2.606338832681719906e-15
2.153321319519916027e-15
1.779044476856491642e-15
1.469822093870883572e-15
1.214346811299684514e-15
1.003276644338733814e-15
8.288933735481109988e-16
6.848203121132323410e-16
5.657891290352409889e-16
4.674472016559054640e-16
3.861984529616629738e-16
3.190718535518641606e-16
2.636127797723962743e-16
2.177932552989470152e-16
1.799377939668434898e-16
1.486621321363342297e-16
1.228226102149119061e-16
1.014743523668135988e-16
8.383671516381826727e-17
6.926474173544857023e-17
5.722557758022556654e-17
4.727898563309655286e-17
3.906124808195843977e-17
3.227186626974131345e-17
2.666257233631749174e-17
2.202825078808375846e-17
1.819943802353076742e-17
1.503612554436275350e-17
1.242264025370035512e-17
1.026341462882462840e-17
8.479492096037719527e-18
7.005639819405782956e-18
5.787963326503650632e-18
4.781935744991375577e-18
3.950769584961992801e-18
3.264071527897308518e-18
2.696731031792725696e-18
2.228002111987634532e-18
1.840744721108272748e-18
1.520797987603872517e-18
1.256462394039889311e-18
1.038071959921392352e-18
8.576407850220326353e-19
7.085710283407590440e-19
5.854116443296085862e-19
4.836590540812831883e-19
3.995924626041305709e-19
3.301378002182479285e-19
2.727553128070888167e-19
2.253466904283935231e-19
1.861783382490741742e-19
1.538179840462358234e-19
1.270823041958581998e-19
1.049936529845174554e-19
8.674431296149371566e-20
7.166695907105172447e-20
5.921025652450246642e-20
4.891870009751116009e-20
4.041595763463628325e-20
3.339110868172541369e-20
2.758727503314853216e-20
2.279222744619734472e-20
1.883062503763012267e-20
1.555760357976684504e-20
1.285347823885273264e-20
1.061936705030355928e-20
8.773575094109261253e-21
7.248607150251333061e-21
5.988699595670255673e-21
4.947781291463358721e-21
4.087788895915580390e-21
3.377274999281230340e-21
2.790258183872122752e-21
2.305272959507997093e-21
1.904584833244333026e-21
1.573541810770439578e-21
1.300038615777988339e-21
1.074074035367672189e-21
8.873852049084034431e-22
7.331454592148036590e-22
6.057147013429983781e-22
5.004331607208935355e-22
4.134509989502313508e-22
3.415875324622691695e-22
2.822149242109052849e-22
2.331620913481783357e-22
1.926353150665712514e-22
1.591526495419174424e-22
1.314897315035882427e-22
1.086350088462203119e-22
8.975275112411578591e-23
7.415248933012628816e-23
6.126376746101801857e-23
5.061528260781988746e-23
4.181765078518242976e-23
3.454916829648028848e-23
2.854404796936761137e-23
2.358270009528893545e-23
1.948370267528898278e-23
1.609716734746989927e-23
1.329925840744271596e-23
1.098766449835881634e-23
9.077857383456179359e-24
7.500000995359674640e-24
6.196397735098616573e-24
5.119378639454961654e-24
4.229560266226326484e-24
3.494404556789137104e-24
2.887029014343230573e-24
2.385223689531338395e-24
1.970639027469457077e-24
1.628114878126504977e-24
1.345126133922549795e-24
1.111324723132252149e-24
9.181612111300184521e-25
7.585721725399063222e-25
6.267219024028582609e-25
5.177890214932607223e-25
4.277901725646242812e-25
3.534343606110099050e-25
2.920026107931307662e-25
2.412485434709822344e-25
1.993162306624127442e-25
1.646723301782360894e-25
1.360500157774855262e-25
1.124026530323565532e-25
9.286552696455587970e-26
7.672422194449612976e-26
6.338849759863000773e-26
5.237070544316888920e-26
4.326795700351851878e-26
3.574739135965820217e-26
2.953400339462852125e-26
2.440058766073466759e-26
2.015943014002250544e-26
1.665544409098090821e-26
1.376049897943599260e-26
1.136873511920313606e-26
9.392692692594580260e-27
7.760113600368831591e-27
6.411299194117961164e-27
5.296927271083241754e-27
4.376248505277498901e-27
3.615596363668183143e-27
2.987156019409290858e-27
2.467947244874519107e-27
2.038984091861439502e-27
1.684580630926493873e-27
1.391777362765981535e-27
1.149867327183085902e-27
9.500045808299897865e-28
7.848807268999511988e-28
6.484576684049111817e-28
5.357468126067663411e-28
4.426266527533531642e-28
3.656920566160043139e-28
3.021297507508279797e-28
2.496154473068252967e-28
2.062288516087676703e-28
1.703834425903664640e-28
1.407684583533350004e-28
1.163009654336850343e-28
9.608625908835743415e-29
7.938514655632365134e-29
6.558691693860043735e-29
5.418700928465079443e-29
4.476856227231416753e-29
3.698717080696700072e-29
3.055829213326723370e-29
2.524684093778287727e-29
2.085859296579622018e-29
1.723308280766505588e-29
1.423773614753523068e-29
1.176302190787751258e-29
9.718447017938314732e-30
8.029247346485313145e-30
6.633653795924985497e-30
5.480633586839500431e-30
4.528024138318006555e-30
3.740991305535155998e-30
3.090755596830422513e-30
2.553539791767048696e-30
2.109699477637299839e-30
1.743004710673877272e-30
1.440046534416211142e-30
1.189746653342317399e-30
9.829523319627172945e-31
8.121017060200525630e-31
6.709472672024696797e-31
5.543274100145118417e-31
4.579776869419374416e-31
3.783748700631515169e-31
3.126081168960042088e-31
2.582725293911711180e-31
2.133812138355450297e-31
1.762926259531458381e-31
1.456505444261309341e-31
1.203344778429161747e-31
9.941869160036992885e-32
8.213835649357229570e-32
6.786158114597503716e-32
5.606630558759879095e-32
4.632121104694380037e-32
3.826994788345928795e-32
3.161810492213634709e-32
2.612244369685490482e-32
2.158200393021019101e-32
1.783075500320391850e-32
1.473152470050472307e-32
1.217098322323345310e-32
1.005549904927050042e-32
8.307715102002855183e-33
6.863720028003420576e-33
5.670711145529894561e-33
4.685063604698203825e-33
3.870735154156163591e-33
3.197948181236158010e-33
2.642100831644512639e-33
2.182867391515473075e-33
1.803455035429450543e-33
1.489989761841535515e-33
1.231009061373098386e-33
1.017042766327304381e-33
8.402667543201729092e-34
6.942168429803645480e-34
5.735524136826531879e-34
4.738611207255114401e-34
3.914975447378643237e-34
3.234498903415191573e-34
2.672298535920353448e-34
2.207816319721719040e-34
1.824067496991225440e-34
1.507019494266266328e-34
1.245078792229297838e-34
1.028666984572722056e-34
8.498705236600385997e-35
7.021513452054671362e-35
5.801077903615602582e-35
4.792770828341804521e-35
3.959721381898252290e-35
3.271467379483891204e-35
2.702841382717861219e-35
2.233050399935392890e-35
1.844915547222158533e-35
1.524243866811296991e-35
1.259309332077566791e-35
1.040424060997044037e-35
8.595840586011838818e-36
7.101765342616325935e-36
5.867380912538038572e-36
4.847549462980839528e-36
4.004978736906487006e-36
3.308858384130835471e-36
2.733733316818996547e-36
2.258572891281130406e-36
1.866001878766227381e-36
1.541665104102071727e-36
1.273702518872870030e-36
1.052315514093443363e-36
8.694086137017965351e-37
7.182934466475611221e-37
5.934441727003636375e-37
4.902954186143692318e-37
4.050753357647534948e-37
3.346676746616429495e-37
2.764978328092442626e-37
2.284387090133597042e-37
1.887329215042792921e-37
1.559285456190232630e-37
1.288260211576947491e-37
1.064342879710558948e-37
8.793454578589116712e-38
7.265031307085728116e-38
6.002269008297335300e-38
4.958992153664720711e-38
4.097051156173384134e-38
3.384927351396764731e-38
2.796580452008688094e-38
2.310496330543043127e-38
1.908900310598424377e-38
1.577107198844295004e-38
1.302984290398465773e-38
1.076507711250902151e-38
8.893958744723328993e-39
7.348066467719453927e-39
6.070871516697361477e-39
5.015670603165596624e-39
4.143878112107578540e-39
3.423615138754624236e-39
2.828543770161344133e-39
2.336903984666008474e-39
1.930717951462506597e-39
1.595132633843442001e-39
1.317876657035748558e-39
1.088811579871534363e-39
8.995611616104289039e-40
7.432050672838917448e-40
6.140258112606919178e-40
5.072996854989661043e-40
4.191240273417171246e-40
3.462745105437256342e-40
2.860872410794426736e-40
2.363613463200957137e-40
1.952784955507147603e-40
1.613364089274878337e-40
1.332939234922444468e-40
1.101256074686899421e-40
9.098426321777106702e-41
7.516994769481043551e-41
6.210437757698823721e-41
5.130978313147602567e-41
4.239143757194022259e-41
3.502322305301877816e-41
2.893570549335305672e-41
2.390628215828589443e-41
1.975104172811209600e-41
1.631803919834584617e-41
1.348173969476008287e-41
1.113842802974111748e-41
9.202416140844380738e-42
7.602909728657883710e-42
6.281419516072434009e-42
5.189622466273939532e-42
4.287594750445042705e-42
3.542351849968558886e-42
2.926642408934098258e-42
2.417951731657487399e-42
1.997678486028244715e-42
1.650454507131304761e-42
1.363582828348848125e-42
1.126573390380592380e-42
9.307594504181664701e-43
7.689806646773887231e-43
6.353212555424587987e-43
5.248936888593719291e-43
4.336599510890918417e-43
3.582838909480117358e-43
2.960092261009243347e-43
2.445587539674853357e-43
2.020510810758889960e-43
1.669318259994209810e-43
1.379167801682516038e-43
1.139449481133938170e-43
9.413974996171359561e-44
7.777696747059401735e-44
6.425826148233935966e-44
5.308929240901352730e-44
4.386164367774508973e-44
3.623788712970008919e-44
2.993924425798929363e-44
2.473539209202097028e-44
2.043604095927518418e-44
1.688397614784084007e-44
1.394930902364804589e-44
1.152472738254327102e-44
9.521571356457594460e-45
7.866591381019560534e-45
6.499269672957992621e-45
5.369607271549531460e-45
4.436295722678495219e-45
3.665206549337853716e-45
3.028143272919198084e-45
2.501810350355932545e-45
2.066961324162939612e-45
1.707695035707853085e-45
1.410874166289605445e-45
1.165644843769358367e-45
9.630397481721201445e-46
7.956502029900718964e-46
6.573552615244689730e-46
5.430978817450195703e-46
4.487000050351802406e-46
3.707097767932221678e-46
3.062753221928440104e-46
2.530404614514754862e-46
2.090585512183706618e-46
1.727213015136921911e-46
1.426999652619915369e-46
1.178967498931196625e-46
9.740467427473730301e-47
8.047440306173667284e-47
6.648684569157774714e-47
5.493051805086946697e-47
4.538283899546044339e-47
3.749467779241679666e-47
3.097758742897943840e-47
2.559325694790021978e-47
2.114479711187832791e-47
1.746954073929149621e-47
1.443309444053848759e-47
1.192442424436347695e-47
9.851795409873201456e-48
8.139417955032760066e-48
6.724675238415392417e-48
5.555834251538334980e-48
4.590153893861515957e-48
3.792322055593751991e-48
3.133164356989359998e-48
2.588577326503346063e-48
2.138647007246693793e-48
1.766920761754289615e-48
1.459805647093510666e-48
1.206071360647946745e-48
9.964395807560621882e-49
8.232446855913221472e-49
6.801534437643640201e-49
5.619334265513541742e-49
4.642616732602289873e-49
3.835666131861382844e-49
3.168974637038770640e-49
2.618163287669045184e-49
2.163090521703698633e-49
1.787115657423362899e-49
1.476490392317120678e-49
1.219856067820435120e-49
1.007828316351624486e-49
8.326539024025787220e-50
6.879272093644479755e-50
5.683560048399905037e-50
4.695679191641658712e-50
3.879505606177951215e-50
3.205194208147029366e-50
2.648087399481872330e-50
2.187813411577521569e-50
1.807541369221805528e-50
1.493365834654255493e-50
1.233798326326957525e-50
1.019347218693827757e-50
8.421706611907842460e-51
6.957898246677261041e-51
5.748519895321695747e-51
4.749348124297478647e-51
3.923846140660471679e-51
3.241827748277250690e-51
2.678353526810654405e-51
2.212818869969666080e-51
1.828200535246190302e-51
1.510434153664043096e-51
1.247899936889359597e-51
1.030997775514309652e-51
8.517961910993334383e-52
7.037423051755767928e-52
5.814222196211722453e-52
4.803630462216917044e-52
3.968693462140558352e-52
3.278879988859135980e-52
2.708965578697577176e-52
2.238110126476961682e-52
1.849095823745027462e-52
1.527697553816727769e-52
1.262162720810656790e-52
1.042781491548588627e-52
8.615317353200644978e-53
7.117856779960089508e-53
5.880675436895178494e-53
4.858533216271907826e-53
4.014053362904238783e-53
3.316355715399788827e-53
2.739927508862833385e-53
2.263690447608782101e-53
1.870229933463463153e-53
1.545158264778454585e-53
1.276588520210318744e-53
1.054699888730449912e-53
8.713785512537525633e-54
7.199209819762601490e-54
5.947888200185151078e-54
4.914063477464857757e-54
4.059931701440236184e-54
3.354259768101925503e-54
2.771243316215377961e-54
2.289563137208710205e-54
1.891605593991681177e-54
1.562818541699115967e-54
1.291179198262242465e-54
1.066754506388558244e-54
8.813379106725451894e-55
7.281492678369981865e-55
6.015869166991377965e-55
4.970228417844075227e-55
4.106334403196284276e-55
3.392597042489159110e-55
2.802917045369531867e-55
2.315731536881504658e-55
1.913225566117522258e-55
1.580680665503678467e-55
1.305936639435284968e-55
1.078946901445181517e-55
8.914110998842573104e-56
7.364715983080597228e-56
6.084627117441696131e-56
5.027035291430284033e-56
4.153267461344597334e-56
3.431372490038000383e-56
2.834952787167130372e-56
2.342199026424460799e-56
1.935092642183137256e-56
1.598746943186846664e-56
1.320862749736706320e-56
1.091278648617319490e-56
9.015994198984304054e-57
7.448890482656451569e-57
6.154170932015532831e-57
5.084491435153740360e-57
4.200736937556105985e-57
3.470591118817507489e-57
2.867354679205994396e-57
2.368969024264060828e-57
1.957209646445445083e-57
1.617019708110890971e-57
1.335959456958378314e-57
1.103751340620135305e-57
9.119041865944145866e-58
7.534027048711766095e-58
6.224509592691215816e-58
5.142604269801333480e-58
4.248748962783003010e-58
3.510257994136209055e-58
2.900126906374446417e-58
2.396044987897449894e-58
1.979579435441119489e-58
1.635501320307101451e-58
1.351228710925734017e-58
1.116366588372570155e-58
9.223267308912839433e-59
7.620136677117423827e-59
6.295652184105955107e-59
5.201381300975605084e-59
4.297309738050822888e-59
3.550378239196218249e-59
2.933273701391575421e-59
2.423430414338922990e-59
2.002204898355333873e-59
1.654194166780580247e-59
1.366672483749560827e-59
1.129126021205465390e-59
9.328683989198362726e-60
7.707230489420512786e-60
6.367607894728994832e-60
5.260830120063628208e-60
4.346425535259280487e-60
3.590957035754824963e-60
2.966799345354069869e-60
2.451128840571859698e-60
2.025088957395026678e-60
1.673100661818486791e-60
1.382292770080764350e-60
1.142031287071982887e-60
9.435305521962972020e-61
7.795319734281165085e-61
6.440386018049085315e-61
5.320958405217771270e-61
4.396102697992203189e-61
3.631999624793896820e-61
3.000708168289111650e-61
2.479143844005132467e-61
2.048234568166294028e-61
1.692223247302047527e-61
1.398091587367972640e-61
1.155084052760416536e-61
9.543145677982717587e-62
7.884415788925052055e-62
6.513995953773701788e-62
5.381773922347299461e-62
4.446347642337331819e-62
3.673511307196731486e-62
3.035004549713535846e-62
2.507479042935425091e-62
2.071644720056064078e-62
1.711564393021654312e-62
1.414070976118098672e-62
1.168286004109596471e-62
9.652218385425766266e-63
7.974530160613712928e-63
6.588447209043792272e-63
5.443284526121234419e-63
4.497166857714253334e-63
3.715497444432697016e-63
3.069692919199811701e-63
2.536138097014486937e-63
2.095322436618426561e-63
1.731126596996041303e-63
1.430233000159845081e-63
1.181638846226430749e-63
9.762537731651286431e-64
8.065674488129441409e-64
6.663749399661498045e-64
5.505498160983444031e-64
4.548566907713042123e-64
3.757963459249589689e-64
3.104777756947635975e-64
2.565124707721796085e-64
2.119270775964792248e-64
1.750912385794870408e-64
1.446579746910420129e-64
1.195144303706258514e-64
9.874117965028642718e-65
8.157860543279398304e-65
6.739912251332091751e-65
5.568422862177790191e-65
4.600554430941858414e-65
3.800914836374437135e-65
3.140263594362915895e-65
2.594442618842556433e-65
2.143492831159098962e-65
1.770924314865053379e-65
1.463113327644896269e-65
1.208804120855558516e-65
9.986973496778775383e-66
8.251100232415778486e-66
6.816945600919908068e-66
5.632066756786540625e-66
4.653136141884366941e-66
3.844357123221245280e-66
3.176155014642942807e-66
2.624095616951520695e-66
2.167991730617239398e-66
1.791164968860749170e-66
1.479835877769057060e-66
1.222620061917237798e-66
1.010111890283380098e-66
8.345405597973582164e-67
6.894859397719610838e-67
5.696438064779876574e-67
4.706318831766811646e-67
3.888295930607903847e-67
3.212456653368244013e-67
2.654087531901606096e-67
2.192770638511113731e-67
1.811636961977392363e-67
1.496749557095154244e-67
1.236593911298456724e-67
1.021656892572071113e-67
8.440788820025733434e-68
6.973663704740037486e-68
5.761545100077540428e-68
4.760109369435677634e-68
3.932736933480746623e-68
3.249173199101659755e-68
2.684422237318839129e-68
2.217832755177238445e-68
1.832342938289024979e-68
1.513856550120860723e-68
1.250727473801237586e-68
1.033333847646516034e-68
8.537262217857152845e-69
7.053368700004670501e-69
5.827396271622471244e-69
4.814514702244042558e-69
3.977685871647504954e-69
3.286309393993355525e-69
2.715103651102577688e-69
2.243181317530337416e-69
1.853285572089998016e-69
1.531159066311367273e-69
1.265022574855352463e-69
1.045144263651731088e-69
8.634838251554434725e-70
7.133984677865984878e-70
5.894000084467517091e-70
4.869541856949399713e-70
4.023148550518521488e-70
3.323870034393653587e-70
2.746135735931535397e-70
2.268819599481034573e-70
1.874467568240320365e-70
1.548659340384921184e-70
1.279481060754230097e-70
1.057089665969939710e-70
8.733529523616091532e-71
7.215522050335032099e-71
5.961365140872935598e-71
4.925197940621066967e-71
4.069130841857008539e-71
3.361859971472427021e-71
2.777522499775500900e-71
2.294750912358944614e-71
1.895891662515005275e-71
1.566359632601193293e-71
1.294104798893378752e-71
1.069171597417703124e-71
8.833348780580004237e-72
7.297991348425998601e-72
6.029500141418065339e-72
4.981490141558108059e-72
4.115638684536737075e-72
3.400284111845647790e-72
2.809267996413307040e-72
2.320978605340290637e-72
1.917560621957360186e-72
1.584262229053375159e-72
1.308895678011571000e-72
1.081391618445005473e-72
8.934308914669696682e-73
7.381403223517171051e-73
6.098413886124907657e-73
5.038425730217598737e-73
4.162678085309528701e-73
3.439147418209011307e-73
2.841376325955927935e-73
2.347506065880468615e-73
1.939477245236580037e-73
1.602369441963399058e-73
1.323855608434747958e-73
1.093751307336912603e-73
9.036422965459196116e-74
7.465768448725389193e-74
6.168115275594687318e-74
5.096012060154219520e-74
4.210255119580949533e-74
3.478454909979284348e-74
2.873851635376343208e-74
2.374336720151486516e-74
1.961644363008888388e-74
1.620683609980573795e-74
1.338986522322899435e-74
1.106252260417388530e-74
9.139704121558188984e-75
7.551097920298276956e-75
6.238613312157245204e-75
5.154256568969151526e-75
4.258375932194984710e-75
3.518211663942009412e-75
2.906698119045068805e-75
2.401474033484747031e-75
1.984064838283347244e-75
1.639207098483588850e-75
1.354290373919386887e-75
1.118896092255468749e-75
9.244165722313868053e-76
7.637402659021348367e-76
6.309917101034443402e-76
5.213166779271255368e-76
4.307046738227553789e-76
3.558422814907586752e-76
2.939920019271878662e-76
2.428921510818209121e-76
2.006741566791578779e-76
1.657942299886200313e-76
1.369769139803496207e-76
1.131684435873758804e-76
9.349821259534812521e-77
7.724693811641400547e-77
6.382035851515101380e-77
5.272750299648517481e-77
4.356273823789714892e-77
3.599093556374369677e-77
2.973521626853644260e-77
2.456682697149339295e-77
2.029677477361763897e-77
1.676891633945948664e-77
1.385424819145686017e-77
1.144618942959477093e-77
9.456684379233262187e-78
7.812982652305966116e-78
6.454978878145130482e-78
5.333014825650741865e-78
4.406063546838819583e-78
3.640229141199431444e-78
3.007507281628846028e-78
2.484761177992901970e-78
2.052875532296859605e-78
1.696057548076868921e-78
1.401259433965752001e-78
1.157701284077587296e-78
9.564768883387598230e-79
7.902280584020314625e-79
6.528755601930385060e-79
5.393968140783318507e-79
4.456422338000164752e-79
3.681834882276898846e-79
3.041881373037589872e-79
2.513160579844048184e-79
2.076338727757429788e-79
1.715442517665540797e-79
1.417275029394141475e-79
1.170933148886689351e-79
9.674088731724650636e-80
7.992599140118884321e-80
6.603375551553436127e-80
5.455618117513124264e-80
4.507356701397424057e-80
3.723916153224560405e-80
3.076648340688860185e-80
2.541884570646626266e-80
2.100070094148268403e-80
1.735049046390799577e-80
1.433473673935856282e-80
1.184316246357216502e-80
9.784658043523790281e-81
8.083949985755773538e-81
6.678848364604069426e-81
5.517972718284375396e-81
4.558873215492690334e-81
3.766478389077272689e-81
3.111812674933837009e-81
2.570936860267205847e-81
2.124072696510023544e-81
1.754879666547050985e-81
1.449857459737768796e-81
1.197852304992158688e-81
9.896491099438862730e-82
8.176344919411125558e-82
6.755183788824788274e-82
5.581039996547633070e-82
4.610978533935994082e-82
3.809527086989346167e-82
3.147378917445852274e-82
2.600321200973796168e-82
2.148349634915010456e-82
1.774936939371529028e-82
1.466428502858796300e-82
1.211543073050273375e-82
1.000960234334371353e-82
8.269795874414977594e-83
6.832391683368660867e-83
5.644828097799804449e-83
4.663679386425179224e-83
3.853067806944423241e-83
3.183351661806880485e-83
2.630041387920761402e-83
2.172904044867599469e-83
1.795223455374798188e-83
1.483188943543200752e-83
1.225390318772021112e-83
1.012400638419741507e-83
8.364314920488284030e-84
6.910482020073434515e-84
5.709345260636174136e-84
4.716982579574301420e-84
3.897106172473588536e-84
3.219735554101187106e-84
2.660101259638912340e-84
2.197739097709123026e-84
1.815741834675530546e-84
1.500140946496973362e-84
1.239395830607738679e-84
