2.079148883105508827e-01
1.442186344472946580e-01
1.000361960167858583e-01
6.938937226704910977e-02
4.813142817632928144e-02
3.338601146840525918e-02
2.315796152329120325e-02
1.606334983805278449e-02
1.114222457620695633e-02
7.728722200429878793e-03
5.360971361048628460e-03
3.718598390350354513e-03
2.579378447940715996e-03
1.789166906263898581e-03
1.241042477122963244e-03
8.608399946540964617e-04
5.971153365467292374e-04
4.141846653890444855e-04
2.872961495773096669e-04
1.992808630044737403e-04
1.382297062394889490e-04
9.588201997412292921e-05
6.650785858135452333e-05
4.613268738258993962e-05
3.199959960425513230e-05
2.219628712154943529e-05
1.539629145599519542e-05
1.067952443126459974e-05
7.407773644968654321e-06
5.138347753992106297e-06
3.564177161229579977e-06
2.472265297100809449e-06
1.714868656287661386e-06
1.189506041995759863e-06
8.250921251353672645e-07
5.723190895425667522e-07
3.969849308658645428e-07
2.753656801148052139e-07
1.910053805309551492e-07
1.324894786327926686e-07
9.190035327588307030e-08
6.374600473476159724e-08
4.421694775694222301e-08
3.067076089043104434e-08
2.127454791246416930e-08
1.475693382686645221e-08
1.023603871003677685e-08
7.100153033322888938e-09
4.924968977224908936e-09
3.416168540704849608e-09
2.369600205091516522e-09
1.643655769633428981e-09
1.140109746464564744e-09
7.908287477209349803e-10
5.485525495779982173e-10
3.804994450640611970e-10
2.639306440293408429e-10
1.830735517788074092e-10
1.269876239046411883e-10
8.808403217320073342e-11
6.109884164551142996e-11
4.238076253233862350e-11
2.939710450229833647e-11
2.039108551809631420e-11
1.414412662899536223e-11
9.810969500349188421e-12
6.805306899576252131e-12
4.720451123181233789e-12
3.274306234114209458e-12
2.271198458577392584e-12
1.575400121253416281e-12
1.092764717531489629e-12
7.579882163088836522e-13
5.257729562874238444e-13
3.646985475702526964e-13
2.529704675931308119e-13
1.754711059329347050e-13
1.217142432090095608e-13
8.442619040427056879e-14
5.856160658155871624e-14
4.062082807469408110e-14
2.817633889835021341e-14
1.954431042751858732e-14
1.355676730980745728e-14
9.403552024710592138e-15
6.522704761441730076e-15
4.524426226720856607e-15
3.138335005142072019e-15
2.176883014763717062e-15
1.509978906714021528e-15
1.047385772803574796e-15
7.265114447582864930e-16
5.039393250033760127e-16
3.495538096710232936e-16
2.424654314380139111e-16
1.681843647985167221e-16
1.166598487665728672e-16
8.092024684068420194e-17
5.612973459154285881e-17
3.893397793904212418e-17
2.700626769730378885e-17
1.873269913699390624e-17
1.299379910213088152e-17
9.013053264337547261e-18
6.251838165826682058e-18
4.336541603092354189e-18
3.008010216602294088e-18
2.086484182863974187e-18
1.447274421248129772e-18
1.003891267234046350e-18
6.963418005824041554e-19
4.830123730175824123e-19
3.350379832044363593e-19
2.323966350766979026e-19
1.612002181914302866e-19
1.118153467944522064e-19
7.755989364677098331e-20
5.379885029160319217e-20
3.731717717251964085e-20
2.588478572640743458e-20
1.795479140891262618e-20
1.245420912287779462e-20
8.638770640319410217e-21
5.992219774032529751e-21
4.156459213388589659e-21
2.883097390290929432e-21
1.999839318795031755e-21
1.387173847982639899e-21
9.622029462278940225e-22
6.674250030564491467e-22
4.629544489041643527e-22
3.211249515356151266e-22
2.227459628973090753e-22
1.545061003506189485e-22
1.071720211448282322e-22
7.433908493064557259e-23
5.156475999326075910e-23
3.576751685392981541e-23
2.480987523384871969e-23
1.720918764455707109e-23
1.193702655068271922e-23
8.280030749549749528e-24
5.743382484942891984e-24
3.983855056352600992e-24
2.763371785116971457e-24
1.916792532550585593e-24
1.329569054960212345e-24
9.222458048474999526e-25
6.397090255565999281e-25
4.437294647778270591e-25
3.077896825681038381e-25
2.134960515700870242e-25
1.480899673299860693e-25
1.027215176229940175e-25
7.125202586653892507e-26
4.942344415820321417e-26
3.428220886005924557e-26
2.377960225844857800e-26
1.649454636596713839e-26
1.144132087921600450e-26
7.936188153150745259e-27
5.504878594623074982e-27
3.818418585439969598e-27
2.648617992751884273e-27
1.837194407726440771e-27
1.274356400590040094e-27
8.839479528649878779e-28
6.131440019545778052e-28
4.253028313651135810e-28
2.950081837065449812e-28
2.046302588075678730e-28
1.419402753291254256e-28
9.845582895662560490e-29
6.829316226884371748e-29
4.737105016639806278e-29
3.285858084933275070e-29
2.279211315011116551e-29
1.580958180237474121e-29
1.096620024303273393e-29
7.606624215210151816e-30
5.276278990818495372e-30
3.659852150088567256e-30
2.538629550070484812e-30
1.760901732692976408e-30
1.221436547177603389e-30
8.472404854185402373e-31
5.876821368993058869e-31
4.076413957719691508e-31
2.827574586895963715e-31
1.961326334220558189e-31
1.360459599239066927e-31
9.436728038923008578e-32
6.545717059911535305e-32
4.540388538452240258e-32
3.149407145378061855e-32
2.184563123476558985e-32
1.515306157686633348e-32
1.051080981294259909e-32
7.290745989742014142e-33
5.057172380903163437e-33
3.507870460190693189e-33
2.433208567685976656e-33
1.687777242931198362e-33
1.170714282197969223e-33
8.120573590398726321e-34
5.632776198243226236e-34
3.907133818355994608e-34
2.710154662154377757e-34
1.879878866265102905e-34
1.303964161595463169e-34
9.044851587185071797e-35
6.273894838804974780e-35
4.351841052223811461e-35
3.018622567066773205e-35
2.093845361780499502e-35
1.452380448911110428e-35
1.007433025801644832e-35
6.987985153867721680e-36
4.847164551888563071e-36
3.362200072803675230e-36
2.332165373910525481e-36
1.617689374068612774e-36
1.122098346990936756e-36
7.783352728299426380e-37
5.398865425261643202e-37
3.744883329533240279e-37
2.597610802854253989e-37
1.801813645272130528e-37
1.249814794703484445e-37
8.669248482818522740e-38
6.013360505520484932e-38
4.171123326435924234e-38
2.893269044549322845e-38
2.006894812026562467e-38
1.392067839016526970e-38
9.655976271458392453e-39
6.697796985299118205e-39
4.645877661162316528e-39
3.222578900175952117e-39
2.235318173501172733e-39
1.550512025170835024e-39
1.075501272570002508e-39
7.460135545690137375e-40
5.174668201654506093e-40
3.589370572855606573e-40
2.489740521945444893e-40
1.726990217587249862e-40
1.197914073917863686e-40
8.309242946930562754e-41
5.763645310994929546e-41
3.997910216745459618e-41
2.773121043841338894e-41
1.923555034223874001e-41
1.334259814552726505e-41
9.254995157695502828e-42
6.419659382283102220e-42
4.452949556679969608e-42
3.088755738203105859e-42
2.142492720576820041e-42
1.486124331862859685e-42
1.030839222249596103e-42
7.150340515562008151e-43
4.959781155485383898e-43
3.440315752343501101e-43
2.386349741002742719e-43
1.655273962136969993e-43
1.148168620320215589e-43
7.964187263515609284e-44
5.524299971780675340e-44
3.831890080990400232e-44
2.657962396647308691e-44
1.843676084822643867e-44
1.278852368278253342e-44
8.870665478140234947e-45
6.153071924244799451e-45
4.268033125387018297e-45
2.960489814465584914e-45
2.053522005117923993e-45
1.424410448871875763e-45
9.880318408075036907e-46
6.853410259820926169e-46
4.753817665535097757e-46
3.297450691029265399e-46
2.287252441043187543e-46
1.586535848220691120e-46
1.100488932713230320e-46
7.633460614095268244e-47
5.294893861702167804e-47
3.672764218488624667e-47
2.547585911433914074e-47
1.767114246938329340e-47
1.225745812032224861e-47
8.502295753190044330e-48
5.897554971439135133e-48
4.090795668698849865e-48
2.837550355034952772e-48
1.968245952484830467e-48
1.365259341600370725e-48
9.470021099110799669e-49
6.568810546462065868e-49
4.556407165699221602e-49
3.160518348457609231e-49
2.192270327843787171e-49
1.520652203360801836e-49
1.054789226591584852e-49
7.316467960752431676e-50
5.075014237080747386e-50
3.520246332620246723e-50
2.441793000654616288e-50
1.693731771778561694e-50
1.174844597377039553e-50
8.149223218128739138e-51
5.652648801990941347e-51
3.920918303914945117e-51
2.719716169269255421e-51
1.886511135414131209e-51
1.308564586354516994e-51
9.076762095471390067e-52
6.296029328388510326e-52
4.367194478271672715e-52
3.029272358222675524e-52
2.101232511157503276e-52
1.457504490793182652e-52
1.010987279799941716e-52
7.012638975548234437e-53
4.864265494132583332e-53
3.374062015727699065e-53
2.340393323454184010e-53
1.623396630807799527e-53
1.126057143689209815e-53
7.810812630691150350e-54
5.417912784770960105e-54
3.758095390490401815e-54
2.606775251850470699e-54
1.808170497974867748e-54
1.254224178868422555e-54
8.699833852062070031e-55
6.034575822144574492e-55
4.185839174914861052e-55
2.903476584709677558e-55
2.013975197250315122e-55
1.396979096197904361e-55
9.690042846001133744e-56
6.721427014397912676e-56
4.662268457205203864e-56
3.233948255405957058e-56
2.243204443210575929e-56
1.555982278203770656e-56
1.079295673389018101e-56
7.486455128145761598e-57
5.192924586619605055e-57
3.602033980132470138e-57
2.498524401348052815e-57
1.733083090987910644e-57
1.202140350779743146e-57
8.338558205821670914e-58
5.783979624906336629e-58
4.012014964166594626e-58
2.782904698243606707e-58
1.930341394206359282e-58
1.338967123286114839e-58
9.287647058815462265e-59
6.442308133557777254e-59
4.468659696570857076e-59
3.099652961295012367e-59
2.150051499297988606e-59
1.491367423178342061e-59
1.034476054012547723e-59
7.175567131838851446e-60
4.977279412492129702e-60
3.452453289733037361e-60
2.394768854622275607e-60
1.661113818432624740e-60
1.152219393726462515e-60
7.992285155583318081e-61
5.543789868140653376e-61
3.845409104382110780e-61
2.667339767880624335e-61
1.850180629470493897e-61
1.283364197875645988e-61
8.901961452597836595e-62
6.174780146953938001e-62
4.283090874549747254e-62
2.970934511522891040e-62
2.060766892480509108e-62
1.429435811753015843e-62
9.915176468419446976e-63
6.877589297229843995e-63
4.770589277158071570e-63
3.309084196187987015e-63
2.295321936409614300e-63
1.592133194384193921e-63
1.104371490748356199e-63
7.660391692602347875e-64
5.313574406409954960e-64
3.685721841054131996e-64
2.556573871109496387e-64
1.773348679120687186e-64
1.230070280102806406e-64
8.532292108184890363e-65
5.918361722657974727e-65
4.105228118786654465e-65
2.847561317983847012e-65
1.975189983370341962e-65
1.370076017596985368e-65
9.503431618215716523e-66
6.591985507527239517e-66
4.572482307144647326e-66
3.171668752195576492e-66
2.200004723459700093e-66
1.526017110044788676e-66
1.058510554689803230e-66
7.342280679649771570e-67
5.092919039863321370e-67
3.532665867499747773e-67
2.450407719760850354e-67
1.699707308382690965e-67
1.178989484432234929e-67
8.177973922606587734e-68
5.672591516882125679e-68
3.934751421553306376e-68
2.729311409668612468e-68
1.893166803408082378e-68
1.313181241550390162e-68
9.108785184990166808e-69
6.318241909116566594e-69
4.382602071668152962e-69
3.039959722161863246e-69
2.108645722619565610e-69
1.462646610449042564e-69
1.014554073313199299e-69
7.037379776652726059e-70
4.881426769014960796e-70
3.385965807942927406e-70
2.348650301451196218e-70
1.629124022920321256e-70
1.130029907141251286e-70
7.838369412443952083e-71
5.437027343937262608e-71
3.771354063995771719e-71
2.615972033298190806e-71
1.814549777845027011e-71
1.258649119473221846e-71
8.730527127407697886e-72
6.055865987043357274e-72
4.200606941349587648e-72
2.913720137378513536e-72
2.021080562286001217e-72
1.401907680442249051e-72
9.724229608443033770e-73
6.745140410949682502e-73
4.678717080469302264e-73
3.245357722062973736e-73
2.251118535916606007e-73
1.561471830453840919e-73
1.083103460968197963e-73
7.512867566879451093e-74
5.211245380659571683e-74
3.614742064290969731e-74
2.507339270541199465e-74
1.739197460229129035e-74
1.206381538073415234e-74
8.367976889827597311e-75
5.804385678888385892e-75
4.026169473560731718e-75
2.792722869672620871e-75
1.937151696670886735e-75
1.343691039546177383e-75
9.320414156824217103e-76
6.465036790307585685e-76
4.484425262307586705e-76
3.110588630117467735e-76
2.157636945617731612e-76
1.496629012277549814e-76
1.038125716627266819e-76
7.200882748376431000e-77
4.994839403875519460e-77
3.464633648719434546e-77
2.403217671127700975e-77
1.666974277916882743e-77
1.156284458383035757e-77
8.020482177859088292e-78
5.563348525440772531e-78
3.858975823294781697e-78
2.676750222761457390e-78
1.856708122347412965e-78
1.287891945343446583e-78
8.933367840194204234e-79
6.196564956925163085e-79
4.298201747904216672e-79
2.981416057785296760e-79
2.068037340023518131e-79
1.434478904265502489e-79
9.950157509048439907e-80
6.901853639009755037e-80
4.787420059530934278e-80
3.320758744702704149e-80
2.303419901198229412e-80
1.597750288153262340e-80
1.108267746564923255e-80
7.687417784764054738e-81
5.332320856640853141e-81
3.698725178501606725e-81
2.565593540576918362e-81
1.779605106567215524e-81
1.234410005026698994e-81
8.562394291221965337e-82
5.939241880720393638e-82
4.119711486992264752e-82
2.857607599910871111e-82
1.982158513005525565e-82
1.374909686971343465e-82
9.536960010636215014e-83
6.615242230551873051e-83
4.588614162172243951e-83
3.182858494893201208e-83
2.207766406255809463e-83
1.531400944280867912e-83
1.062245011745384289e-83
7.368184466595412452e-84
5.110887011328183026e-84
3.545129218871684117e-84
2.459052831854978648e-84
1.705703926859607242e-84
1.183148994773522237e-84
8.206826060434191144e-85
5.692604590270759798e-85
3.948633342846574025e-85
2.738940502364607710e-85
1.899845952798757007e-85
1.317814184444607666e-85
9.140921252931245016e-86
6.340532856497316408e-86
4.398064023517221722e-86
3.050684791442375981e-86
2.116085088114475485e-86
1.467806871657640779e-86
1.018133450581159835e-86
7.062207864047319061e-87
4.898648589390851065e-87
3.397911597094965302e-87
2.356936410314718704e-87
1.634871621444403615e-87
1.134016686622140113e-87
7.866023415351242698e-88
5.456209339842731063e-88
3.784659514499768989e-88
2.625201261267386943e-88
1.820951564006301513e-88
1.263089671401523693e-88
8.761328689551256459e-89
6.077231264284053320e-89
4.215426808908153104e-89
2.923999829609167420e-89
2.028210995263061746e-89
1.406853652879980256e-89
9.758536982810200885e-90
6.768937469077404195e-90
4.695223734970585426e-90
3.256807441661370148e-90
2.259060549779535623e-90
1.566980750009287012e-90
1.086924682536387464e-90
7.539373189491053558e-91
5.229630811011779930e-91
3.627494982952279572e-91
2.516185238857904947e-91
1.745333401148778107e-91
1.210637688403383171e-91
8.397499363834779114e-92
5.824863726042451165e-92
4.040373920489379148e-92
2.802575679905649424e-92
1.943986026087170609e-92
1.348431621924843944e-92
9.353296858139453612e-93
6.487845634441808673e-93
4.500246449434019146e-93
3.121562880308341337e-93
2.165249153620046757e-93
1.501909164421304831e-93
1.041788255361428500e-93
7.226287679169934667e-94
5.012461347436502795e-94
3.476856980378376227e-94
2.411696295311795744e-94
1.672855413278318364e-94
1.160363864709945361e-94
8.048778680076816886e-95
5.582976186271935516e-95
3.872590405999479895e-95
2.686193878010062685e-95
1.863258644415364404e-95
1.292435666840453620e-95
8.964885030469828635e-96
6.218426624360992249e-96
4.313365932873989119e-96
2.991934583258075269e-96
2.075333437923948869e-96
1.439539788959968261e-96
9.985261963840578229e-97
6.926203586116652364e-97
4.804310221410075804e-97
3.332474481375421062e-97
2.311546435850107253e-97
1.603387199197951129e-97
1.112177748489163673e-97
7.714539225791088464e-98
5.351133444911833806e-98
3.711774392114369114e-98
2.574645031709423937e-98
1.785883606877791610e-98
1.238765040630609502e-98
8.592602675665418670e-99
5.960195704608279807e-99
4.134245952956154139e-99
2.867689325422605143e-99
1.989151627822791408e-99
1.379760409676514462e-99
9.570606692233300074e-100
6.638581003994243872e-100
4.604802930869428488e-100
3.194087715339333906e-100
2.215555472502201203e-100
1.536803772845925748e-100
1.065992644077744920e-100
7.394179642879852103e-101
5.128918374336632047e-101
3.557636541321805398e-101
2.467728444164515885e-101
1.711721701586718906e-101
1.187323179992361491e-101
8.235779989471107843e-102
5.712688270384059722e-102
3.962564239975339320e-102
2.748603566789083567e-102
1.906548666429310225e-102
1.322463472500583910e-102
9.173170697886283440e-103
6.362902447010307994e-103
4.413580525597323878e-103
3.061447699089616725e-103
2.123550699914538233e-103
1.472985338422857605e-103
1.021725455999746250e-103
7.087123545680365829e-104
4.915931168866850056e-104
3.409899531350123832e-104
2.365251752819457895e-104
1.640639497668804279e-104
1.138017531580911281e-104
7.893774982411840451e-105
5.475459010406516352e-105
3.798011907033211656e-105
2.634463050230212667e-105
1.827375935861641789e-105
1.267545889730474943e-105
8.792238920532197588e-106
6.098671918864918047e-106
4.230298961405067373e-106
2.934315788902933585e-106
2.035366584622062875e-106
1.411817074857106584e-106
9.792965394625687756e-107
6.792818483941343844e-107
4.711788625445270680e-107
3.268297556214592764e-107
2.267030583306172735e-107
1.572509105198477359e-107
1.090759385489165910e-107
7.565972324735770286e-108
5.248081105714783834e-108
3.640292894294080619e-108
2.525062416016667689e-108
1.751490989852486589e-108
1.214908854559619874e-108
8.427125994017936527e-109
5.845414020362277798e-109
4.054628481133888971e-109
2.812463251149273595e-109
1.950844467223129405e-109
1.353188929220605107e-109
9.386295570613646610e-110
6.510734948863585032e-110
4.516123454184343859e-110
3.132575847983683882e-110
2.172888217721077390e-110
1.507207945100500662e-110
1.045463715642339486e-110
7.251782239323151857e-111
5.030145461743937885e-111
3.489123436318941446e-111
2.420204832336809422e-111
1.678757297462142465e-111
1.164457663304969572e-111
8.077175013205186422e-112
5.602673094080354887e-112
3.886253021361322416e-112
2.695670850758183800e-112
1.869832276922132246e-112
1.296995418723448766e-112
8.996513414340401232e-113
6.240365420416693575e-113
4.328583617544166795e-113
3.002490218404820984e-113
2.082655276677151106e-113
1.444618528607765356e-113
1.002049026820417357e-113
6.950639440569093432e-114
4.821259972288042816e-114
3.344231551519292920e-114
2.319701641160453197e-114
1.609043997434295928e-114
1.116101545017726821e-114
7.741756352077330526e-115
5.370012404559584624e-115
3.724869643745120275e-115
2.583728456774731570e-115
1.792184257926194268e-115
1.243135440931006959e-115
8.622917636197490178e-116
5.981223454216710587e-116
4.148831696952867520e-116
2.877806619564917921e-116
1.996169414559344430e-116
1.384628245877201412e-116
9.604372080334202152e-117
6.662002117331067107e-117
4.621048814029209529e-117
3.205356552812749108e-117
2.223372018808385062e-117
1.542225662752613048e-117
1.069753498169627350e-117
7.420266530927631538e-118
5.147013352535649473e-118
3.570187989981600141e-118
2.476434664295068859e-118
1.717760707203961272e-118
1.191512091862094039e-118
8.264836068840250604e-119
5.732842806324511906e-119
3.976544285727935581e-119
2.758300722795240750e-119
1.913275027435034843e-119
1.327129163384578110e-119
9.205533919852274880e-120
6.385350958111237422e-120
4.429151770363188874e-120
3.072248578598568038e-120
2.131042650617386283e-120
1.478182074974527902e-120
1.025330134121424572e-120
7.112127130587176811e-121
4.933274721802612190e-121
3.421929759397785845e-121
2.373596432102511336e-121
1.646427723133906011e-121
1.142032491640929749e-121
7.921624457835460502e-122
5.494776594386692293e-122
3.811411407208774604e-122
2.643757515062982010e-122
1.833822973094003387e-122
1.272017829731644035e-122
8.823258203736942481e-123
6.120188216719820558e-123
4.245223583303045104e-123
2.944668143211184450e-123
2.042547419115360626e-123
1.416798007936208298e-123
9.827515270912973831e-124
6.816783751743581338e-124
4.728411957351354627e-124
3.279828208237443695e-124
2.275028735350670167e-124
1.578056964590956604e-124
1.094607617389201257e-124
7.592665302529412630e-125
5.266596493612412101e-125
3.653135957051695067e-125
2.533970912123365340e-125
1.757670302714238081e-125
1.219195089518446210e-125
8.456857147842712410e-126
5.866036816738369286e-126
4.068933332296842208e-126
2.822385706041464172e-126
1.957727105145523920e-126
1.357963020439548069e-126
9.419410703537383891e-127
6.533705017474687861e-127
4.532056473484558672e-127
3.143627669740121765e-127
2.180554232669885639e-127
1.512525420037213016e-127
1.049152143057575369e-127
7.277366745050950066e-128
5.047891966138232035e-128
3.501433168684692917e-128
2.428743387736281821e-128
1.684680003670777330e-128
1.168565904944496011e-128
8.105671529450191870e-129
5.622439493171768366e-129
3.899963838840857225e-129
2.705181258551036322e-129
1.876429101401933215e-129
1.301571257548189329e-129
9.028253384100015700e-130
6.262381617203998880e-130
4.343854990663425012e-130
3.013083094149751155e-130
2.090002947097567821e-130
1.449715186201623690e-130
1.005584285908480498e-130
6.975161505450582143e-131
4.838269522396337797e-131
3.356030100960142973e-131
2.327885618280344934e-131
1.614720753024861211e-131
1.120039184818327739e-131
7.769069501203473677e-132
5.388957969744623712e-132
3.738011095817266277e-132
2.592843928436568331e-132
1.798507137860943027e-132
1.247521260135073149e-132
8.653339548821581853e-133
6.002325390357510371e-133
4.163468899892964859e-133
2.887959607825170177e-133
2.003211960258457761e-133
1.389513255950369785e-133
9.638256593739581019e-134
6.685505861059778093e-134
4.637352013152863151e-134
3.216665147083601099e-134
2.231216142124964372e-134
1.547666681249872324e-134
1.073527620667735774e-134
7.446445454300823820e-135
5.165172170361830867e-135
3.582783720529560833e-135
2.485171600231808716e-135
1.723821018614601532e-135
1.195715782338855176e-135
8.293994658930830468e-136
5.753068448073277704e-136
3.990573653502297981e-136
2.768032090659360866e-136
1.920025119244471776e-136
1.331811314966299252e-136
9.238011320238459938e-137
6.407878668234128651e-137
4.444777950948402581e-137
3.083087563935186694e-137
2.138561033147581105e-137
1.483397145768965509e-137
1.028947529655813780e-137
7.137218928893344392e-138
4.950679463314617407e-138
3.434002430451627875e-138
2.381970551664780002e-138
1.652236369632488550e-138
1.146061616600761170e-138
7.949572187045526129e-139
5.514162331383520118e-139
3.824858181223851851e-139
2.653084771047071507e-139
1.840292755667413051e-139
1.276505546871599064e-139
8.854386923905520363e-140
6.141780424720331671e-140
4.260200859715469193e-140
2.955057020936708227e-140
2.049753587808662997e-140
1.421796513896939238e-140
9.862187040201801747e-141
6.840833569731211084e-141
4.745093936872231808e-141
3.291399540747240501e-141
2.283055105115874140e-141
1.583624396998184979e-141
1.098469425967088187e-141
7.619452453951095113e-142
5.285177204354662583e-142
3.666024330520883351e-142
2.542910837672115545e-142
1.763871416377414576e-142
1.223496446443085619e-142
8.486693194072136777e-143
5.886732370959993716e-143
4.083288651404468119e-143
2.832343167652861722e-143
1.964634025221455374e-143
1.362753954795819753e-143
9.452642667644973180e-144
6.556756125178514258e-144
4.548045704955938176e-144
3.154718482655933285e-144
2.188247293549747956e-144
1.517861655185387586e-144
1.052853583355635941e-144
7.303041513684022696e-145
5.065701080733629878e-145
3.513786330156358799e-145
2.437312067415870672e-145
1.690623605364855358e-145
1.172688640584052892e-145
8.134268582261341887e-146
5.642275628713351667e-146
3.913723028496383278e-146
2.714725219348539729e-146
1.883049199676851484e-146
1.306163240069852704e-146
9.060105333426522988e-147
6.284475487795730510e-147
4.359180241646103669e-147
3.023713341878729128e-147
2.097376540319978323e-147
1.454829824956759985e-147
1.009132017496875911e-147
6.999770084913705052e-148
4.855339082708996196e-148
3.367870276038083032e-148
2.336098468717524303e-148
1.620417536379700062e-148
1.123990716730573781e-148
7.796479011940763005e-149
5.407970375453136869e-149
3.751198911327138948e-149
2.601991559756585266e-149
1.804852325106166479e-149
1.251922552641128362e-149
8.683868790867396953e-150
6.023501774763675809e-150
4.178157743325026670e-150
2.898148416133202513e-150
2.010279352270381019e-150
1.394415500485918925e-150
9.672260652726816653e-151
6.709092526702501798e-151
4.653712730453359360e-151
3.228013638414975854e-151
2.239087939744397886e-151
1.553126895823857675e-151
1.077315058383527862e-151
7.472716737702610625e-152
5.183395053043153940e-152
3.595423889193316938e-152
2.493939360341305000e-152
1.729902710986070535e-152
1.199934303561980656e-152
8.323256121403278951e-153
5.773365446494439592e-153
4.004652517307888902e-153
2.777797791081829342e-153
1.926799025580828338e-153
1.336509985319545084e-153
9.270603301869470608e-154
6.430485856795147029e-154
4.460459261168695931e-154
3.093964789537891934e-154
2.146105940757344031e-154
1.488630615489845598e-154
1.032577687470445249e-154
7.162399251818191350e-155
4.968145609277860602e-155
3.446117694251654265e-155
2.390374215372724717e-155
1.658065509210524939e-155
1.150104956434566024e-155
7.977618516683896489e-156
5.533616461843519520e-156
3.838352395861863234e-156
2.662444933870648979e-156
1.846785363828326979e-156
1.281009096812523795e-156
8.885625467134580288e-157
6.163448810679376621e-157
4.275230976409533258e-157
2.965482550935135707e-157
2.056985180081732147e-157
1.426812654736872657e-157
9.896981132535470853e-158
6.864968236199635650e-158
4.761834770918316586e-158
3.303011697265776842e-158
2.291109792155010776e-158
1.589211471474302091e-158
1.102344859121723371e-158
7.646334111247778485e-159
5.303823468403246632e-159
3.678958174559092442e-159
2.551882303546789470e-159
1.770094407756099845e-159
1.227812978684253216e-159
8.516634502769524992e-160
5.907500939718681289e-160
4.097694616509656642e-160
