1.169479891464379334e-01
9.209249519043104237e-02
7.251965367082915948e-02
5.710671817135708900e-02
4.496956473489897854e-02
3.541197633487144086e-02
2.788570615112740889e-02
2.195902878149396525e-02
1.729197540894926097e-02
1.361683235260839966e-02
1.072278435135188591e-02
8.443821681007329313e-03
6.649217427529490777e-03
5.236028669104661644e-03
4.123191416508142221e-03
3.246870582943821044e-03
2.556798246178424317e-03
2.013390156664021918e-03
1.585475087449934699e-03
1.248506775800159929e-03
9.831558890818167286e-04
7.742012466186032208e-04
6.096566952628198425e-04
4.800835541174021544e-04
3.780491885431324804e-04
2.977006559220107427e-04
2.344289664472694746e-04
1.846047001116860964e-04
1.453698142332208695e-04
1.144736990846713907e-04
9.014407737430554009e-05
7.098534205358704582e-05
5.589850085814988899e-05
4.401813540364128631e-05
3.466275865483789317e-05
2.729572315014837703e-05
2.149443758093845145e-05
1.692612591281897626e-05
1.332873853236652850e-05
1.049592043561755761e-05
8.265174196590265994e-06
6.508538714543155708e-06
5.125249049945341302e-06
4.035956299264246286e-06
3.178175946346346378e-06
2.502703596611258896e-06
1.970792491740903336e-06
1.551930900151906872e-06
1.222091888892251510e-06
9.623550795657463146e-07
7.578213288081561918e-07
5.967580767129154579e-07
4.699263382863303067e-07
3.700507325038417363e-07
2.914021485282078254e-07
2.294691097955714605e-07
1.806989846036598580e-07
1.422941984037966669e-07
1.120517580316773369e-07
8.823688259137458762e-08
6.948349214871718656e-08
5.471584602029896817e-08
4.308683563729517284e-08
3.392939231071301787e-08
2.671822252775993772e-08
2.103967582164745992e-08
1.656801676159742729e-08
1.304673996593351025e-08
1.027385632136910476e-08
8.090306389775855768e-09
6.370836366896525933e-09
5.016813215512325189e-09
3.950566831400128587e-09
3.110934694778144014e-09
2.449753437469237777e-09
1.929096073429573492e-09
1.519096413378593145e-09
1.196235866592754345e-09
9.419943565927472644e-10
7.417879639239022456e-10
5.841323566020639450e-10
4.599840205340481905e-10
3.622215012663794263e-10
2.852368998108660666e-10
2.246141897409935061e-10
1.768759030351832559e-10
1.392836539427314028e-10
1.096810584298734273e-10
8.637003867836173818e-11
6.801341715781561236e-11
5.355821282782351505e-11
4.217523955096283508e-11
3.321154193287491288e-11
2.615294019198826054e-11
2.059453554032886870e-11
1.621748419138730992e-11
1.277070769490625380e-11
1.005649045832591249e-11
7.919138293231643457e-12
6.236047413082065338e-12
4.910671577922146191e-12
3.866983964173242201e-12
3.045116078705523585e-12
2.397923554558478431e-12
1.888281833890123584e-12
1.486956611865790790e-12
1.170926884900619418e-12
9.220644091710850669e-13
7.260938198820002752e-13
5.717737611679281599e-13
4.502520542224795974e-13
3.545579145105666462e-13
2.792020903917198272e-13
2.198619861206987655e-13
1.731337071048373279e-13
1.363368041231461830e-13
1.073605161544755926e-13
8.454269192450970324e-14
6.657444481319797924e-14
5.242507189318180989e-14
4.128293027027136147e-14
3.250887924717828552e-14
2.559961763830172651e-14
2.015881317360798167e-14
1.587436790307421186e-14
1.250051548927827970e-14
9.843723444725285414e-15
7.751591631508686133e-15
6.104110213891975107e-15
4.806775598431314182e-15
3.785169475002472319e-15
2.980689999168310973e-15
2.347190245989223825e-15
1.848331108704431250e-15
1.455496798029994690e-15
1.146153369977352279e-15
9.025561233033910576e-16
7.107317197248537965e-16
5.596766388047105296e-16
4.407259889076010447e-16
3.470564676657172016e-16
2.732949605426066770e-16
2.152103257442434166e-16
1.694706855003367011e-16
1.334523013458254821e-16
1.050890700177273735e-16
8.275400668117579784e-17
6.516591707047094631e-17
5.131590502918148603e-17
4.040949974073557931e-17
3.182108292483413892e-17
2.505800183139655770e-17
1.973230946493787388e-17
1.553851098902141065e-17
1.223603978971455254e-17
9.635457981865854800e-18
7.587589785246109160e-18
5.974964434230480576e-18
4.705077765239413131e-18
3.705085949988856679e-18
2.917626994015519841e-18
2.297530311336961180e-18
1.809225628340892166e-18
1.424702585247176500e-18
1.121903992854298538e-18
8.834605778188063827e-19
6.956946383390833441e-19
5.478354574786797488e-19
4.314014683042524965e-19
3.397137303079847253e-19
2.675128089234401222e-19
2.106570813997694482e-19
1.658851631159435206e-19
1.306288265229592434e-19
1.028656812836157502e-19
8.100316497968937379e-20
6.378718980760625812e-20
5.023020501201185940e-20
3.955454854115334142e-20
3.114783843546552389e-20
2.452784508948363901e-20
1.931482937347882734e-20
1.520975986131592877e-20
1.197715965104738505e-20
9.431598829612766598e-21
7.427057756132796826e-21
5.848551015522476620e-21
4.605531571761972382e-21
3.626696766806144601e-21
2.855898224432368468e-21
2.248921041032781722e-21
1.770947509799741834e-21
1.394559891273731829e-21
1.098167664251852271e-21
8.647690402933332396e-22
6.809756992429047995e-22
5.362448021983626616e-22
4.222742282939918580e-22
3.325263445916381666e-22
2.618529913468777177e-22
2.062001708812358365e-22
1.623755002864417025e-22
1.278650884749170043e-22
1.006893331928575935e-22
7.928936615729191492e-23
6.243763253038512914e-23
4.916747534928875744e-23
3.871768570095114486e-23
3.048883790327280277e-23
2.400890497102228314e-23
1.890618198490623464e-23
1.488796418153221358e-23
1.172375668696849407e-23
9.232052762844034692e-24
7.269922132610855250e-24
5.724812148706052244e-24
4.508091495362747199e-24
3.549966077953412651e-24
2.795475461752090538e-24
2.201340205978349193e-24
1.733479248435096059e-24
1.365054931806701845e-24
1.074933529508330787e-24
8.464729630564486187e-25
6.665681714415401705e-25
5.248993725382407221e-25
4.133400949751238319e-25
3.254910237134950078e-25
2.563129195691402521e-25
2.018375560362106333e-25
1.589400920373087061e-25
1.251598233397962197e-25
9.855903049792988938e-26
7.761182649099571210e-26
6.111662808406886058e-26
4.812723005300968463e-26
3.789852852139053312e-26
2.984377996624058499e-26
2.350094416385266119e-26
1.850618042410439599e-26
1.457297679198274732e-26
1.147571501589009887e-26
9.036728528818915692e-27
7.116111056303975748e-27
5.603691247796118949e-27
4.412712976536385265e-27
3.474858794361802273e-27
2.736331074547078972e-27
2.154766047380375225e-27
1.696803709950118981e-27
1.336174214180115536e-27
1.052190963616143063e-27
8.285639792822873353e-28
6.524654663490838708e-28
5.137939802148856884e-28
4.045949827539453033e-28
3.186045504098800319e-28
2.508900601063897653e-28
1.975672418338327202e-28
1.555773673507672194e-28
1.225117939954490173e-28
9.647379900794692357e-29
7.596977883918190702e-29
5.982357237117654135e-29
4.710899341730809021e-29
3.709670240056155325e-29
2.921236963832492153e-29
2.300373037667116104e-29
1.811464176970926056e-29
1.426465364842177570e-29
1.123292120795268540e-29
8.845536805447444289e-30
6.965554189156906476e-30
5.485132924007660062e-30
4.319352398531041026e-30
3.401340569348398019e-30
2.678438015992852428e-30
2.109177266800416005e-30
1.660904122561387770e-30
1.307904531194840687e-30
1.029929566362910465e-30
8.110338991634362405e-31
6.386611347755696607e-31
5.029235467143185107e-31
3.960348924764172990e-31
3.118637754853488834e-31
2.455819330761776914e-31
1.933872754524692758e-31
1.522857884473466356e-31
1.199197894937502610e-31
9.443268514315619950e-32
7.436247229078977276e-32
5.855787407522675569e-32
4.611229980091475014e-32
3.631184066207476575e-32
2.859431817455634685e-32
2.251703623280455826e-32
1.773138697045710959e-32
1.396285375417440121e-32
1.099526423315315587e-32
8.658390160443507891e-33
6.818182681269330288e-33
5.369082960426422554e-33
4.227967067402581609e-33
3.329377782909377046e-33
2.621769811499556821e-33
2.064553016414935006e-33
1.625764069329214460e-33
1.280232955078887934e-33
1.008139157575455429e-33
7.938747061657398561e-34
6.251488639777083203e-34
4.922831009696236216e-34
3.876559095993393015e-34
3.052656163725632671e-34
2.403861110633763504e-34
1.892957453866971903e-34
1.490638500826642160e-34
1.173826245068273764e-34
9.243475549886697478e-35
7.278917182191951763e-35
5.731895439033066242e-35
4.513669341421850529e-35
3.554358438738041451e-35
2.798934293899486969e-35
2.204063916622898270e-35
1.735624076330504773e-35
1.366743909565832370e-35
1.076263541057009074e-35
8.475203011342029973e-36
6.673929139411056962e-36
5.255488287215391825e-36
4.138515192490510027e-36
3.258937526345364013e-36
2.566300546605132503e-36
2.020872889481670155e-36
1.591367480650126246e-36
1.253146831575457391e-36
9.868097724644070760e-37
7.770785533623386510e-37
6.119224747720920890e-37
4.818677770876629505e-37
3.794542024002026720e-37
2.988070557226317094e-37
2.353002180101305893e-37
1.852907805731655033e-37
1.459100788590613141e-37
1.148991387850019765e-37
9.047909641860416409e-38
7.124915795970845563e-38
5.610624675650217034e-38
4.418172811083068202e-38
3.479158225163483906e-38
2.739716727548152349e-38
2.157432131979122859e-38
1.698903159328264722e-38
1.337827457926934593e-38
1.053492835866473511e-38
8.295891586361792547e-39
6.532727596202873099e-39
5.144296957345604791e-39
4.050955867306825864e-39
3.189987587212516318e-39
2.512004855124526486e-39
1.978116911007560000e-39
1.557698626908131892e-39
1.226633774156236358e-39
9.659316570672633346e-40
7.606377598452488733e-40
5.989759187094344174e-40
4.716728121238719182e-40
3.714260202249716481e-40
2.924851400252647724e-40
2.303219281292787619e-40
1.813705495349459423e-40
1.428230325518302177e-40
1.124681966262160446e-40
8.856481357628966105e-41
6.974172645331364666e-41
5.491919660056636172e-41
4.324696718356552392e-41
3.405549036303830003e-41
2.681752038112266102e-41
2.111786944558200411e-41
1.662959153503872673e-41
1.309522796960402606e-41
1.031203894663190462e-41
8.120373886096631127e-42
6.394513479949229570e-42
5.035458122841146083e-42
3.965249050829774144e-42
3.122496434591527406e-42
2.458857907549752489e-42
1.936265528614053818e-42
1.524742111281678559e-42
1.200681658356946082e-42
9.454952637879107386e-43
7.445448072128340047e-43
5.863032753085739659e-43
4.616935439041983263e-43
3.635676917728804131e-43
2.862969782581361119e-43
2.254489648407548029e-43
1.775332595440115053e-43
1.398012994496738313e-43
1.100886863566682057e-43
8.669103156726748443e-44
6.826618795185357201e-44
5.375726108255708217e-44
4.233198316473070197e-44
3.333497210557343329e-44
2.625013718244996242e-44
2.067107480741623953e-44
1.627775621605031054e-44
1.281816982898740971e-44
1.009386524678111178e-44
7.948569646016519201e-45
6.259223585110064118e-45
4.928922011525980233e-45
3.881355549192842221e-45
3.056433204668579943e-45
2.406835399695175825e-45
1.895299603595943201e-45
1.492482862702569417e-45
1.175278616232839197e-45
9.254912470304371716e-46
7.287923361316924376e-46
5.738987493490813481e-46
4.519254088930548954e-46
3.558756234175519646e-46
2.802397405647969446e-46
2.206790997305249540e-46
1.737771558014083820e-46
1.368434977091319193e-46
1.077595198224389670e-46
8.485689350797489957e-47
6.682186768917264831e-47
5.261990884747219776e-47
4.143635763064684333e-47
3.262969798506828192e-47
2.569475821420428215e-47
2.023373308537954458e-47
1.593336474145379773e-47
1.254697345828136307e-47
9.880307487924286275e-48
7.780400299763159157e-48
6.126796043396432898e-48
4.824639904263200720e-48
3.799236997761173092e-48
2.991767686621094020e-48
2.355913541583380334e-48
1.855200402169090998e-48
1.460906128963983856e-48
1.150413030931403178e-48
9.059104589254585315e-49
7.133731429711786487e-49
5.617566682210686147e-49
4.423639401064204434e-49
3.483462975636067713e-49
2.743106569606026603e-49
2.160101515315164950e-49
1.701005206347884927e-49
1.339482747226540185e-49
1.054796318918856494e-49
8.306156064409558513e-50
6.540810517526570775e-50
5.150661978228552812e-50
4.055968101029937019e-50
3.193934547852095955e-50
2.515112950068015441e-50
1.980564428239141315e-50
1.559625962046794752e-50
1.228151483894412420e-50
9.671268009751116255e-51
7.615788943221000146e-51
5.997170295478209653e-51
4.722564112675411247e-51
3.718855843587696231e-51
2.928470308802540475e-51
2.306069046565830962e-51
1.815949586903492138e-51
1.429997469974184110e-51
1.126073531380054956e-51
8.867439451467280261e-52
6.982801765091924697e-52
5.498714793310717595e-52
4.330047650690551068e-52
3.409762710380911973e-52
2.685070160659779675e-52
2.114399851261273908e-52
1.665016727129055274e-52
1.311143065000614998e-52
1.032479799685495886e-52
8.130421196699092863e-53
6.402425389423671517e-53
5.041688477809540360e-53
3.970155239804456273e-53
3.126359888660741848e-53
2.461900243958308638e-53
1.938661263274542459e-53
1.526628669437221803e-53
1.202167257631751003e-53
9.466651218168247697e-54
7.454660299349074849e-54
5.870287063289879362e-54
4.622647957337171881e-54
3.640175328239875190e-54
2.866512125219135562e-54
2.257279120673921225e-54
1.777529208337436019e-54
1.399742751153165035e-54
1.102248987086063633e-54
8.679829408163342430e-55
6.835065347076034784e-55
5.382377475628891691e-55
4.238436038149991575e-55
3.337621735158883963e-55
2.628261638665063818e-55
2.069665105698214067e-55
1.629789662767541213e-55
1.283402970630770677e-55
1.010635435143781032e-55
7.958404383825387356e-56
6.266968100864228641e-56
4.935020549731280499e-56
3.886157937027237101e-56
3.060214918931258819e-56
2.409813368834185773e-56
1.897644651258696344e-56
1.494329506601106325e-56
1.176732784411221027e-56
9.266363541584232911e-57
7.296940683756264101e-57
5.746088322923080621e-57
4.524845746428142451e-57
3.563159470990124986e-57
2.805864802292634541e-57
2.209521452195092266e-57
1.739921696769367763e-57
1.370128136968822973e-57
1.078928503046590630e-57
8.496188664964589647e-58
6.690454615559978919e-58
5.268501527920622546e-58
4.148762669303110182e-58
3.267007059784684850e-58
2.572655024992264635e-58
2.025876821354142174e-58
1.595307903869539343e-58
1.256249778526752547e-58
9.892532358302499467e-59
7.790026962219915337e-59
6.134376707009969023e-59
4.830609414576779595e-59
3.803937780595105159e-59
2.995469390461277782e-59
2.358828505283008050e-59
1.857495835228244529e-59
1.462713703078772065e-59
1.151836433006868122e-59
9.070313388118554105e-60
7.142557971005950750e-60
5.624517278091850977e-60
4.429112754838207470e-60
3.487773052361514963e-60
2.746500605903827346e-60
2.162774201470032646e-60
1.703109854223032465e-60
1.341140084609886687e-60
1.056101414766324755e-60
8.316433242660610634e-61
6.548903439821038132e-61
5.157034874529813033e-61
4.060986536372489191e-61
3.197886392052416707e-61
2.518224890646694955e-61
1.983014973775352053e-61
1.561555681870577416e-61
1.229671071489613247e-61
9.683234236303948983e-62
7.625211932614041663e-62
6.004590573600833905e-62
4.728407324964112732e-62
3.723457171096800580e-62
2.932093695015543157e-62
2.308922337843684082e-62
1.818196455064265096e-62
1.431766800911806247e-62
1.127466818276670561e-62
8.878411103717305812e-63
6.991441561632503349e-63
5.505518334159659950e-63
4.335405203714611120e-63
3.413981598022444572e-63
2.688392388708953675e-63
2.117015990904799156e-63
1.667076846582988036e-63
1.312765337792885290e-63
1.033757283380684999e-63
8.140480938804427172e-64
6.410347088276328393e-64
5.047926541574576073e-64
3.975067499189891587e-64
3.130228122968396662e-64
2.464946344639209662e-64
1.941059962169263866e-64
1.528517561824664473e-64
1.203654695033414901e-64
9.478364273070567107e-65
7.463883924826669923e-65
5.877550349226930552e-65
4.628367543711479470e-65
3.644679304618808874e-65
2.870058850785238353e-65
2.260072044344708842e-65
1.779728539096318793e-65
1.401474648031536701e-65
1.103612795956193720e-65
8.690568931153720389e-66
6.843522349856137874e-66
5.389037072715909628e-66
4.243680240441939341e-66
3.341751363020582940e-66
2.631513577725865402e-66
2.072225895195341806e-66
1.631806195896235303e-66
1.284990920699951078e-66
1.011885890882048131e-66
7.968251290121314837e-67
6.274722198880937363e-67
4.941126633636940121e-67
3.890966266839647505e-67
3.064001312295951456e-67
2.412795022604140336e-67
1.899992600440834256e-67
1.496178435345769706e-67
1.178188751826891099e-67
9.277828781234963188e-68
7.305969163297454793e-68
5.753197938187197767e-68
4.530444322464337177e-68
3.567568155914455110e-68
2.809336489135289600e-68
2.212255285467415654e-68
1.742074495883868790e-68
1.371823391787184072e-68
1.080263457562234097e-68
8.506700969896778629e-69
6.698732691980732707e-69
5.275020226690443440e-69
4.153895919045061300e-69
3.271049316352088412e-69
2.575838162181789054e-69
2.028383431758045515e-69
1.597281772836851536e-69
1.257804132044974621e-69
9.904772354470527003e-70
7.799665535712816544e-70
6.141966750152536829e-70
4.836586310945017369e-70
3.808644379691533272e-70
2.999175674406941789e-70
2.361747075657101041e-70
1.859794108418752622e-70
1.464523513698757456e-70
1.153261596252795401e-70
9.081536055590568534e-71
7.151395433349317462e-71
5.631476473921485875e-71
4.434592880774082862e-71
3.492088461930128266e-71
2.749898841630954455e-71
2.165450194530200548e-71
1.705217106171713457e-71
1.342799472611042274e-71
1.057408125404368548e-71
8.326723136828750719e-72
6.557006375460440732e-72
5.163415655993833830e-72
4.066011181007898716e-72
3.201843125856027179e-72
2.521340681618647552e-72
1.985468551363074426e-72
1.563487789330020544e-72
1.231192539265286799e-72
9.695215268627487858e-73
7.634646581039467938e-73
6.012020032808158391e-73
4.734257767039360255e-73
3.728064191812667799e-73
2.935721564431725708e-73
2.311779159488928003e-73
1.820446103267238373e-73
1.433538321036475174e-73
1.128861829082341816e-73
8.889396331154945401e-74
7.000092048163741320e-74
5.512330293006386753e-74
4.340769385620672728e-74
3.418205705679008269e-74
2.691718727339358850e-74
2.119635367488852372e-74
1.669139515015591682e-74
1.314389617817667723e-74
1.035036347702058819e-74
8.150553127794088298e-75
6.418278588619835507e-75
5.054172323674538618e-75
3.979985836496810164e-75
3.134101143428928707e-75
2.467996214249941949e-75
1.943461628965827173e-75
1.530408791332121791e-75
1.205143972836228696e-75
9.490091820495453944e-76
7.473118962664469744e-76
5.884822622002789416e-76
4.634094206910414043e-76
3.649188853752078187e-76
2.873609964702610362e-76
2.262868423690289367e-76
1.781930591079538823e-76
1.403208687779923121e-76
1.104978292262350678e-76
8.701321742119102893e-77
6.851989816456807999e-77
5.395704909699586919e-77
4.248930931367176077e-77
3.345886100456498514e-77
2.634769540399613273e-77
2.074789853148452893e-77
1.633825224074391348e-77
1.286580835534293811e-77
1.013137893804916272e-77
7.978110379960667737e-78
6.282485891016555542e-78
4.947240272579015152e-78
3.895780545981839970e-78
3.067792390552052362e-78
2.415780365563986712e-78
1.902343454732370671e-78
1.498029651763613555e-78
1.179646520706040031e-78
9.289308206787434257e-79
7.315008813745450656e-79
5.760316350153594053e-79
4.536049825599222694e-79
3.571982295689385909e-79
2.812812471484021342e-79
2.214992501302155457e-79
1.744229958649289388e-79
1.373520744138524164e-79
1.081600063812526313e-79
8.517226281667844132e-80
6.707021010837083442e-80
5.281546991023618702e-80
4.159035520139095159e-80
3.275096574389508569e-80
2.579025237855906769e-80
2.030893143582356074e-80
1.599258084065474820e-80
1.259360408759479527e-80
9.917027495143878246e-81
7.809316034979679606e-81
6.149566184429132782e-81
4.842570602506379870e-81
3.813356802246681836e-81
3.002886544124862867e-81
2.364669257168252072e-81
1.862095225254805787e-81
1.466335563591222732e-81
1.154688522848324403e-81
9.092772608830599259e-82
7.160243830254158946e-82
5.638444280339959935e-82
4.440079787250753143e-82
3.496409210940017600e-82
2.753301281983426617e-82
2.168129498587352233e-82
1.707326965416011003e-82
1.344460913767287281e-82
1.058716452831008391e-82
8.337025762647690962e-83
6.565119336833977189e-83
5.169804332376605198e-83
4.071042042618669599e-83
3.205804755312635777e-83
2.524460327748023395e-83
1.987925164753940889e-83
1.565422287379403918e-83
1.232715889547827055e-83
9.707211125041274389e-84
7.644092902922634537e-84
6.019458684459563618e-84
4.740115447846275844e-84
3.732676912779271969e-84
2.939353922598225108e-84
2.314639515869806912e-84
1.822698534952225629e-84
1.435312033056924965e-84
1.130258565930103706e-84
8.900395150576355217e-85
7.008753237911930914e-85
5.519150680266144333e-85
4.346140204610382218e-85
3.422435039809406781e-85
2.695049181637155377e-85
2.122257985018579798e-85
1.671204735580780697e-85
1.316015907558560077e-85
1.036316994605276673e-85
8.160637779068214659e-86
6.426219902581179692e-86
5.060425833659007103e-86
3.984910259245515656e-86
3.137978955964319138e-86
2.471049857453895936e-86
1.945866267336489894e-86
1.532302360851369280e-86
1.206635093317365895e-86
9.501833878374053541e-87
7.482365426982522601e-87
5.892103892736504131e-87
4.639827955689841308e-87
3.653703982534937032e-87
2.877165472401067418e-87
2.265668262986454482e-87
1.784135367654133651e-87
1.404944873049749473e-87
1.106345478092346434e-87
8.712087857500159095e-88
6.860467759824505460e-88
5.402380996774814133e-88
4.254188118954184351e-88
3.350025953788877688e-88
2.638029531664822407e-88
2.077356983477955713e-88
1.635846750389195214e-88
1.288172717564740840e-88
1.014391445826653934e-88
7.987981668417648517e-89
6.290259189141499079e-89
4.953361475905466948e-89
3.900600781815121823e-89
3.071588159496291332e-89
2.418769402278449652e-89
1.904697217727867844e-89
1.499883158685103463e-89
1.181106093277561672e-89
9.300801835793285215e-90
7.324059648921560475e-90
5.767443569706567460e-90
4.541662264403804568e-90
3.576401897064336953e-90
2.816292754653804653e-90
2.217733103884669943e-90
1.746388088361404746e-90
1.375220196618035307e-90
1.082938323841091405e-90
8.527764616370619956e-91
6.715319584801577649e-91
5.288081830899793601e-91
4.164181480443954311e-91
3.279148840085432928e-91
2.582216256887836620e-91
2.033405960664509247e-91
1.601236840577119946e-91
1.260918611049760119e-91
9.929297799060237875e-92
7.818978474775778985e-92
6.157175021459549495e-92
4.848562298411190820e-92
3.818075055466114199e-92
3.006602005289173107e-92
2.367595054284575317e-92
1.864399189254730897e-92
1.468149855526728729e-92
1.156117214975175478e-92
9.104023065018940519e-93
7.169103175249972005e-93
5.645420708001443370e-93
4.445573482658009359e-93
3.500735305997855098e-93
2.756707932163690615e-93
2.170812117738234585e-93
1.709439435181825868e-93
1.346124410618906207e-93
1.060026399046630678e-93
8.347341135869787080e-94
6.573242336346640559e-94
5.176200913446778730e-94
4.076079128897276060e-94
3.209771286479798357e-94
2.527583833804867177e-94
1.990384817704025865e-94
1.567359178976507062e-94
1.234241124666382867e-94
9.719221823886551668e-95
7.653550912707286817e-95
6.026906539929173917e-95
4.745980376341585771e-95
3.737295341049724043e-95
2.942990775069040048e-95
2.317503411359704901e-95
1.824953753563116610e-95
1.437087939685099695e-95
1.131657030955517940e-95
8.911407578799100970e-96
7.017425144120523664e-96
5.525979506367690918e-96
4.351517668896028501e-96
3.426669606880435697e-96
2.698383756694491241e-96
2.124883847503870764e-96
1.673272511436204781e-96
1.317644209502102750e-96
1.037599226048490895e-96
8.170734908046582891e-97
6.434171042303083099e-97
5.066687081089955948e-97
3.989840774965616611e-97
3.141861566503874528e-97
2.474107278919983467e-97
1.948273880957860122e-97
1.534198273277608524e-97
1.208128058756697243e-97
9.513590464660365689e-98
7.491623331919198380e-98
5.899394172561552897e-98
4.645568798816989508e-98
3.658224697871170641e-98
2.880725379316854786e-98
2.268471566514059109e-98
1.786342872191129282e-98
1.406683206495581982e-98
1.107714355536653926e-98
8.722867293758891682e-99
6.868956192922484956e-99
5.409065344149707421e-99
4.259451811241383289e-99
3.354170929347411275e-99
2.641293556505905804e-99
2.079927290108901437e-99
1.637870777931489822e-99
1.289766569225333714e-99
1.015646548864013700e-99
7.997865170586018260e-100
6.298042105141580373e-100
4.959490252975823987e-100
3.905426981709464788e-100
3.075388624932266460e-100
2.421762137317662107e-100
1.907053893026147294e-100
1.501738958944314897e-100
1.182567471773192138e-100
9.312309685826928177e-101
7.333121682665026906e-101
5.774579607743874646e-101
4.547281647459691240e-101
3.580826966796724834e-101
2.819777343965870596e-101
2.220477097405244592e-101
1.748548888319920227e-101
1.376921751824238045e-101
1.084278239694205285e-101
8.538315990118820099e-102
6.723628426563208241e-102
5.294624756310960180e-102
4.169333807827632764e-102
3.283206119635633373e-102
2.585411224156536115e-102
2.035921886846513603e-102
1.603218045397371758e-102
1.262478741298396229e-102
9.941583284981596339e-103
7.828652869875536321e-103
6.164793272877955474e-103
4.854561407820540950e-103
3.822799146563872483e-103
3.010322063580681883e-103
2.370524471479512713e-103
1.866706003941366550e-103
1.469966392279430834e-103
1.157547674817900905e-103
9.115287441358180761e-104
7.177973481882998950e-104
5.652405767572651227e-104
4.451073975395518651e-104
3.505066753718086919e-104
2.760118797380394636e-104
2.173498056084478262e-104
1.711554518699196473e-104
1.347789965709480527e-104
1.061337966054217707e-104
8.357669272267832304e-105
6.581375386418770874e-105
5.182605408984502263e-105
4.081122447545246202e-105
3.213742725422202983e-105
2.530711204564910607e-105
