1.964084880103484365e-01
1.383557990597323595e-01
9.746181199892167690e-02
6.865490902923576666e-02
4.836249641926205350e-02
3.406793618948839031e-02
2.399843602260354203e-02
1.690518992191536798e-02
1.190850295522819478e-02
8.388692661230460687e-03
5.909236856147998852e-03
4.162636734021903095e-03
2.932281274425628179e-03
2.065583432268327645e-03
1.455056495730323689e-03
1.024983727450801563e-03
7.220280756257680104e-04
5.086173838958555878e-04
3.582847425660854986e-04
2.523860977231771581e-04
1.777880405057547962e-04
1.252390192329250380e-04
8.822197428919455013e-05
6.214610107260514404e-05
4.377750452360362461e-05
3.083813576776326841e-05
2.172327152906242673e-05
1.530249848691167452e-05
1.077952092200546523e-05
7.593405181992896317e-06
5.349013437156473547e-06
3.767999213150275684e-06
2.654287232048655688e-06
1.869756417577981886e-06
1.317110303234116578e-06
9.278104541192803976e-07
6.535764215489644823e-07
4.603980661224941384e-07
3.243176655408955815e-07
2.284587098024672594e-07
1.609328989142794783e-07
1.133657717639530844e-07
7.985811660847656997e-08
5.625435869242533726e-08
3.962719140261000584e-08
2.791453560149698484e-08
1.966380331955392277e-08
1.385174973032205419e-08
9.757571690145904449e-09
6.873514692509788590e-09
4.841901830540515467e-09
3.410775183493681810e-09
2.402648331066582373e-09
1.692494723989394228e-09
1.192242057937926089e-09
8.398496636760937143e-10
5.916143059042915622e-10
4.167501662364223725e-10
2.935708270147592736e-10
2.067997506814140667e-10
1.456757039409260012e-10
1.026181639424560984e-10
7.228719193415434016e-11
5.092118117271606829e-11
3.587034746606937913e-11
2.526810646776527827e-11
1.779958237288529795e-11
1.253853877231779589e-11
8.832508047178007485e-12
6.221873203893514357e-12
4.382866786936776080e-12
3.087417670294618281e-12
2.174865980243397434e-12
1.532038271831453379e-12
1.079211908999389516e-12
7.602279694578313563e-13
5.355264899567580576e-13
3.772402923427490208e-13
2.657389332474165376e-13
1.871941626514130158e-13
1.318649627382148571e-13
9.288947984094384494e-14
6.543402649156167109e-14
4.609361394024224189e-14
3.246966998654882556e-14
2.287257125037320438e-14
1.611209833115419142e-14
1.134982638336059157e-14
7.995144784050028368e-15
5.632010390188477519e-15
3.967350422280043087e-15
2.794715968668330727e-15
1.968678466532095431e-15
1.386793845255735982e-15
9.768975492615569756e-16
6.881547859604490741e-16
4.847560624942054530e-16
3.414761401345420358e-16
2.405456337796274770e-16
1.694472764851017205e-16
1.193635446924085230e-16
8.408312070326666980e-17
5.923057333308030458e-17
4.172372276412347306e-17
2.939139271044581387e-17
2.070414402720650988e-17
1.458459570535978998e-17
1.027380951413807373e-17
7.237167492685797217e-18
5.098069342740954597e-18
3.591226961330126745e-18
2.529763763638893323e-18
1.782038497909383704e-18
1.255319272762125954e-18
8.842830715591824087e-19
6.229144789003151457e-19
4.387989101040730055e-19
3.091025975964454652e-19
2.177407774741475435e-19
1.533828785125403502e-19
1.080473198162709774e-19
7.611164578923374925e-20
5.361523668145122816e-20
3.776811780378863059e-20
2.660495058365274348e-20
1.874129389332715111e-20
1.320190750558578722e-20
9.299804099870462138e-21
6.551050009960657549e-21
4.614748415356761817e-21
3.250761771724841295e-21
2.289930272545690991e-21
1.613092875255148420e-21
1.136309107484844761e-21
8.004488814996292961e-22
5.638592594863569038e-22
3.971987116939361964e-22
2.797982190006740053e-22
1.970979286968927928e-22
1.388414609476547906e-22
9.780392622859248151e-23
6.889590415167314280e-23
4.853226032851096593e-23
3.418752277942430699e-23
2.408267626280401532e-23
1.696453117475025352e-23
1.195030464382293264e-23
8.418138975318801935e-24
5.929979688376510282e-24
4.177248582811203795e-24
2.942574281797469156e-24
2.072834123285220288e-24
1.460164091433235737e-24
1.028581665054765376e-24
7.245625665594693592e-25
5.104027523485842850e-25
3.595424075549843476e-25
2.532720331847815482e-25
1.784121189758212635e-25
1.256786380919512463e-25
8.853165448244090697e-26
6.236424872510019943e-26
4.393117401660614760e-26
3.094638498708611755e-26
2.179952539868239982e-26
1.535621391015808321e-26
1.081735961411277081e-26
7.620059847149745095e-27
5.367789751427863587e-27
3.781225790019387050e-27
2.663604413959111585e-27
1.876319709018509604e-27
1.321733674865945595e-27
9.310672903331908716e-28
6.558706308336380224e-28
4.620141732572039312e-28
3.254560979796047649e-28
2.292606544196731282e-28
1.614978118131011894e-28
1.137637126895584533e-28
8.013843766434546393e-29
5.645182492247922752e-29
3.976629230564746081e-29
2.801252228620999522e-29
1.973282796404903986e-29
1.390037267905847877e-29
9.791823096453323767e-30
6.897642370170684580e-30
4.858898061996933257e-30
3.422747818729451031e-30
2.411082200354383685e-30
1.698435784563199683e-30
1.196427112215758243e-30
8.427977365144209042e-31
5.936910133692517562e-31
4.182130588213534724e-31
2.946013307092637023e-31
2.075256671809062853e-31
1.461870604426500845e-31
1.029783781985560062e-31
