4.235795660577583721e-01
2.221801687899795652e-01
1.165401529232707178e-01
6.112880063664738461e-02
3.206388676815294381e-02
1.681846893728487086e-02
8.821790678083482953e-03
4.627293427131922050e-03
2.427153991986347268e-03
1.273114963117145818e-03
6.677869285031696068e-04
3.502742445095782483e-04
1.837293321116174655e-04
9.637153746614656954e-05
5.054975777055921877e-05
2.651486193794336295e-05
1.390783921812690737e-05
7.295078215755999038e-06
3.826487014937255749e-06
2.007107044289046130e-06
1.052787758460686780e-06
5.522187107650143069e-07
2.896552529874062082e-07
1.519328554930119450e-07
7.969333316135002359e-08
4.180154009320276574e-08
2.192615975323625918e-08
1.150092748861686809e-08
6.032580925572276792e-09
3.164269373891595020e-09
1.659754057853522014e-09
8.705907137018634541e-10
4.566509039080817512e-10
2.395270759934623176e-10
1.256391252989316196e-10
6.590148416587119720e-11
3.456730222318349119e-11
1.813158532183272505e-11
9.510559550187086162e-12
4.988573329478292746e-12
2.616656121257608388e-12
1.372514505591318210e-12
7.199249655905100064e-13
3.776222065188303889e-13
1.980741572688563786e-13
1.038958278948864028e-13
5.449647345621211277e-14
2.858503252092391952e-14
1.499370569141171828e-14
7.864647703168210674e-15
4.125243269939450348e-15
2.163813647917789102e-15
1.134985065495061918e-15
5.953336601497310103e-16
3.122703352512218594e-16
1.637951434719570065e-16
8.591545848700398306e-17
4.506523118187455785e-17
2.363806347821561449e-17
1.239887226463158524e-17
6.503579854429520719e-18
3.411322418700494593e-18
1.789340779202204296e-18
9.385628302280488885e-19
4.923043148205918797e-19
2.582283578522765849e-19
1.354485077454247360e-19
7.104679905433801498e-20
3.726617398660848737e-20
1.954722439413530205e-20
1.025310464261719181e-20
5.378060470007132954e-21
2.820953791774680906e-21
1.479674752581824422e-21
7.761337246331472616e-22
4.071053841135369591e-22
2.135389669513029538e-22
1.120075837511219254e-22
5.875133235343269670e-23
3.081683344739511055e-23
1.616435212075667299e-23
8.478686816730635965e-24
4.447325175742101006e-24
2.332755254004786456e-24
1.223599997762452773e-24
6.418148461798356067e-25
3.366511094557992047e-25
1.765835897570753064e-25
9.262338158309061840e-26
4.858373775099338205e-26
2.548362555452425875e-26
1.336692484904432889e-26
7.011352428550980575e-27
3.677664341837185372e-27
1.929045094944122953e-27
1.011841928039852817e-27
5.307413963638123234e-28
2.783897583290467562e-28
1.460237661382253694e-28
7.659383881496163923e-29
4.017576247731492110e-29
2.107339070095456956e-29
1.105362457989035480e-29
5.797957153028057486e-30
3.041202178107868170e-30
1.595201627748780167e-30
8.367310307384966933e-31
4.388904860815282367e-31
2.302112049111766493e-31
1.207526719018734158e-31
6.333839300770443196e-32
3.322288414502719211e-32
1.742639777393213972e-32
9.140667560638672367e-33
4.794553902533771245e-33
2.514887120858812636e-33
1.319133616856211969e-33
6.919250906680523741e-34
3.629354335135394761e-34
1.903705049523255986e-34
9.985503152711995811e-35
5.237695473770634901e-35
2.747328147255781075e-35
1.441055896911506991e-35
7.558769781825007036e-36
3.964801139017817250e-36
2.079656944937618326e-36
1.090842354252015532e-36
5.721794860093091391e-37
3.001252774369597984e-37
1.574246968985997603e-37
8.257396846162511163e-38
4.331251958448018182e-38
2.271871375090573568e-38
1.191664579773246268e-38
6.250637629647996574e-39
3.278646646072670070e-39
1.719748362761660666e-39
9.020595234817686380e-40
4.731572371422153830e-40
2.481851421466452526e-40
1.301805403091318266e-40
6.828359235608083200e-41
3.581678931412721616e-41
1.878697872371586227e-41
9.854333018792899169e-42
5.168892809927293074e-42
2.711239089400206447e-42
1.422126105183240620e-42
7.459477354655091248e-43
3.912719287115711646e-43
2.052338453740791601e-43
1.076512987418557529e-43
5.646633039343760632e-44
2.961828148257272395e-44
1.553567571805341555e-44
8.148927214380351739e-45
4.274356387865510801e-45
2.242027944272902885e-45
1.176010806485596458e-45
6.168528900381009182e-46
3.235578158379894481e-46
1.697157651046815295e-46
8.902100185856668905e-47
4.669418169263720289e-47
2.449249680888864414e-47
1.284704813722047110e-47
6.738661522665179227e-48
3.534629794488558535e-48
1.854019190912698173e-48
9.724885943168333247e-49
5.100993941765854481e-49
2.675624099448826153e-49
1.403444976269264287e-49
7.361489238421725768e-50
3.861321585364507491e-50
2.025378819788708084e-50
1.062371851957898612e-50
5.572458548520798155e-51
2.922921406262329225e-51
1.533159820355107720e-51
8.041882445813337353e-52
4.218208200714620872e-52
2.212576538449575781e-52
1.160562662048815954e-52
6.087498756023482398e-53
3.193075420776218918e-53
1.674863692198164916e-53
8.785161694557621648e-54
4.608080428218568797e-54
2.417076198618594826e-54
1.267828858661450786e-54
6.650142083950327561e-55
3.488198697686833452e-55
1.829664690008600086e-55
9.597139291647132378e-56
5.033986996975074129e-56
2.640476950018812788e-56
1.385009243720791959e-56
7.264788299622608779e-57
