1.115104656063069105e-01
8.852373234234293953e-02
7.027547724072592816e-02
5.578891186278553405e-02
4.428860263975494677e-02
3.515896364149254799e-02
2.791130563316039995e-02
2.215767762927781104e-02
1.759010074181924926e-02
1.396408275651199807e-02
1.108553100933227023e-02
8.800363038636340937e-03
6.986258894282918949e-03
5.546113623229595620e-03
4.402839457745301270e-03
3.495239478954406762e-03
2.774731882115377170e-03
2.202749500852721216e-03
1.748675392668139206e-03
1.388203982222817150e-03
1.102040038042105367e-03
8.748658417642464751e-04
6.945212648041924897e-04
5.513528637630804455e-04
4.376971531108617380e-04
3.474703958800435958e-04
2.758429547803197403e-04
2.189807724748028405e-04
1.738401430330190252e-04
1.380047891337941196e-04
1.095565241236917599e-04
8.697257575915462034e-05
6.904407560102673923e-05
5.481135098035219092e-05
4.351255585854610131e-05
3.454289090633409342e-05
2.742222994314285432e-05
2.176941985236999745e-05
1.728187830425750537e-05
1.371939719793000341e-05
1.089128485693592771e-05
8.646158728666254633e-06
6.863842213591957404e-06
5.448931879643439006e-06
4.325690729049682375e-06
3.433994165588798834e-06
2.726111658909230341e-06
2.164151835583153225e-06
1.718034238308459336e-06
1.363879186048319914e-06
1.082729547908959055e-06
8.595360101591902716e-07
6.823515199961102398e-07
5.416917864264582146e-07
4.300276073006481456e-07
3.413818478966844107e-07
2.710094982154865796e-07
2.151436831674703769e-07
1.707940301415600275e-07
1.355866010218360762e-07
1.076368205692990976e-07
8.544859930813995952e-08
6.783425118937055490e-08
5.385091940277454348e-08
4.275010735253063265e-08
3.393761330208100779e-08
2.694172407904856101e-08
2.138796532009151881e-08
1.697905669255862952e-08
1.347899914061983970e-08
1.070044238161098777e-08
8.494656462817409898e-09
6.743570578473764717e-09
5.353453002591950267e-09
4.249893838502259052e-09
3.373822022869106706e-09
2.678343383280382249e-09
2.126230497677948678e-09
1.687929993397173016e-09
1.339980620972789247e-09
1.063757425726439176e-09
8.444747954389403304e-10
6.703950194703825433e-10
5.321999952610670532e-10
4.224924510621202358e-10
3.353999864598198586e-10
2.662607358650940072e-10
2.113738292351254393e-10
1.678012927454589947e-10
1.332107855969533767e-10
1.057507550092317876e-10
8.395132672559159653e-11
6.664562591890497610e-11
5.290731698190823872e-11
4.200101884601083308e-11
3.334294167111497566e-11
2.646963787615278470e-11
2.101319482262804546e-11
1.668154127078294877e-11
1.324281345686548253e-11
1.051294394244581758e-11
8.345808894537452442e-12
6.625406402379800319e-12
5.259647153606203418e-12
4.175425098526961076e-12
3.314704246168944125e-12
2.631412126982375908e-12
2.088973636194808971e-12
1.658353249941600317e-12
1.316500818364277928e-12
1.045117742444107393e-12
8.296774907657021098e-13
6.586480266553199715e-13
5.228745239509622765e-13
4.150893295547949843e-13
3.295229421550632770e-13
2.615951836752648907e-13
2.076700325463032738e-13
1.648609955729108712e-13
1.308766003839832836e-13
1.038977380219299998e-13
8.248029009313006972e-14
6.547782832780210133e-14
5.198024882895293934e-14
4.126505623847345074e-14
3.275869017033092853e-14
2.600582380099127504e-14
2.064499123901852293e-14
1.638923906124847792e-14
1.301076633537591556e-14
1.032873094358634936e-14
8.199569506903743949e-15
6.509312757371628622e-15
5.167485017061693488e-15
4.102261236613164048e-15
3.256622360365906448e-15
2.585303223348887535e-15
2.052369607849518560e-15
1.629294764800571649e-15
1.293432440459905070e-15
1.026804672903280276e-15
8.151394717772176980e-16
6.471068704532807078e-16
5.137124581574454255e-16
4.078159292008627334e-16
3.237488783248279729e-16
2.570113835964448293e-16
2.040311356133390599e-16
1.619722197404033708e-16
1.285833159177815149e-16
1.020771905139707361e-16
8.103502969147358008e-17
6.433049346317198622e-17
5.106942522229598230e-17
4.054198953143027399e-17
3.218467621305877383e-17
2.555013690525415041e-17
2.028323950055338749e-17
1.610205871547418796e-17
1.278278525821806109e-17
1.014774581592400339e-17
8.055892598086167065e-18
6.395253362580386926e-18
5.076937791016782693e-18
4.030379388042609822e-18
3.199558214067772754e-18
2.540002262710126158e-18
2.016406973377215144e-18
1.600745456795790373e-18
1.270768278072698365e-18
1.008812494016574621e-18
8.008561951415924764e-19
6.357679440934196945e-19
5.047109346083132113e-19
4.006699769621733609e-19
3.180759904943481320e-19
2.525079031277477080e-19
2.004560012306383171e-19
1.591340624655575754e-19
1.263302155152502040e-19
1.002885435390921106e-19
7.961509385676744576e-20
6.320326276700973322e-20
5.017456151696914437e-20
3.983159275654030940e-20
3.162072041200173687e-20
2.510243478048747573e-20
1.992782655481354094e-20
1.581991048563229302e-20
1.255879897815371646e-20
9.969931999104609681e-21
7.914733267064594309e-21
6.283192572868544961e-21
4.987977178211650244e-21
3.959757088744032816e-21
3.143493973940032525e-21
2.495495087889718494e-21
1.981074493957518691e-21
1.572696403873847375e-21
1.248501248338613499e-21
9.911355829793704418e-22
7.868231971374325692e-22
6.246277040045008798e-22
4.958671402030218569e-22
3.936492396298671854e-22
3.125025058077631166e-22
2.480833348692712063e-22
1.969435121192890746e-22
1.563456367849906436e-22
1.241165950513700779e-22
9.853123812038842166e-23
7.822003883943628633e-23
6.209578396414046365e-23
4.929537805569524657e-23
3.913364390499122753e-23
3.106664652317670286e-23
2.466257751358844660e-23
1.957864133034074747e-23
1.554270619650068801e-23
1.233873749637430977e-23
9.795233923852397984e-24
7.776047399596734778e-24
6.173095367690244305e-24
4.900575377225029763e-24
3.890372268272638879e-24
3.088412119132618713e-24
2.451767789780280192e-24
1.946361127702177708e-24
1.545138840317996630e-24
1.226624392503045667e-24
9.737684155126288902e-25
7.730360922588736136e-25
6.136826687075104188e-25
4.871783111335657038e-25
3.867515231264838182e-25
3.070266824740621442e-25
2.437362960822761181e-25
1.934925705778883738e-25
1.536060712771344150e-25
1.219417627391457023e-25
9.680472507562592908e-26
7.684942866550231568e-26
6.100771095212885526e-26
4.843160008148905591e-26
3.844792485811867466e-26
3.052228139083405473e-26
2.423042764308070340e-26
1.923557470192531882e-26
1.527035921790703032e-26
1.212253204062471419e-26
9.623596994603879816e-27
7.639791654432022346e-27
6.064927340146916341e-27
4.814705073786001026e-27
3.822203242912875620e-27
3.034295435804535334e-27
2.408806702996676758e-27
1.912256026204411176e-27
1.518064154008678792e-27
1.205130873746153533e-27
9.567055641364381409e-28
7.594905718450689204e-28
6.029294177276170365e-28
4.786417320207592473e-28
3.799746718202637009e-28
3.016468092227572216e-28
2.394654282570491393e-28
1.901020981394997116e-28
1.509145097898966752e-28
1.198050389134152903e-28
9.510846484561129945e-29
7.550283500033925407e-29
5.993870369311871893e-29
4.758295765179302380e-29
3.777422131924216221e-29
2.998745489334479716e-29
2.380585011615631247e-29
1.889851945650342481e-29
1.500278443765599173e-29
1.191011504371133543e-29
9.454967572446278804e-30
7.505923449766477656e-30
5.958654686234799563e-30
4.730339432237693285e-30
3.755228708902077655e-30
2.981127011744126491e-30
2.366598401605460066e-30
1.878748531148541812e-30
1.491463883732160440e-30
1.184013975046196561e-30
9.399416964738709641e-31
7.461824027336396349e-31
5.923645905252438580e-31
4.702547350656191484e-31
3.733165678514924813e-31
2.963612047690940523e-31
2.352693966883574104e-31
1.867710352346200043e-31
1.482701111731052680e-31
1.177057558184483579e-31
9.344192732557473938e-32
7.417983701481292522e-32
5.888842810756357387e-32
4.674918555411750529e-32
3.711232274669269091e-32
2.946199989003602755e-32
2.338871224646870708e-32
1.856737025965191923e-32
1.473989823492986252e-32
1.170142012238633294e-32
9.289292958353815277e-33
7.374400949935745577e-33
5.854244194280463548e-33
4.647452087150908571e-33
3.689427735772422946e-33
2.928890231083952714e-33
2.325129694928968662e-33
1.845828170979179732e-33
1.465329716536255320e-33
1.163267097080442253e-33
9.234715735845642172e-34
7.331074259377753871e-34
5.819848854458410217e-34
4.620146992156674627e-34
3.667751304706483637e-34
2.911682172886140169e-34
2.311468900583326080e-34
1.834983408600463997e-34
1.456720490156402790e-34
1.156432573992578959e-34
9.180459169950418833e-35
7.288002125376516781e-35
5.785655596982548268e-35
4.593002322315614542e-35
3.646202228801671010e-35
2.894575216895463026e-35
2.297888367266771600e-35
1.824202362266907302e-35
1.448161845415633464e-35
1.149638205660176981e-35
9.126521376719751007e-36
7.245183052340500242e-36
5.751663234561874507e-36
4.566017135084465117e-36
3.624779759810355760e-36
2.877568769107951126e-36
2.284387623423131952e-36
1.813484657628704303e-36
1.439653485132496226e-36
1.142883756162727736e-36
9.072900483274368602e-37
7.202615553464880375e-37
5.717870586881060603e-37
4.539190493457931451e-37
3.603483153881227169e-37
2.860662239009453430e-37
2.270966200266630198e-37
1.802829922535460336e-37
1.431195113871626208e-37
1.136168990965773336e-37
9.019594627738178152e-38
7.160298150680235460e-38
5.684276480559707422e-38
4.512521465935697757e-38
3.582311671533106998e-38
2.843855039555256132e-38
2.257623631765867097e-38
1.792237787023346553e-38
1.422786437933343594e-38
1.129493676912811903e-38
8.966601959174647429e-39
7.118229374601525100e-39
5.650879749111110095e-39
4.486009126490273296e-39
3.561264577629683464e-39
2.827146587149821506e-39
2.244359454627413568e-39
1.781707883302073750e-39
1.414427165343617755e-39
1.122857582217250942e-39
8.913920637521637052e-40
7.076407764476353621e-40
5.617679232902010855e-40
4.459652554535033290e-40
3.540341141353623402e-40
2.810536301626238211e-40
2.231173208279820330e-40
1.771239845742326574e-40
1.406117005843788345e-40
1.116260476454244887e-40
8.861548833527891440e-41
7.034831868135064827e-41
5.584673779112557856e-41
4.433450834891870084e-41
3.519540636181354059e-41
2.794023606226400601e-41
2.218064434857721093e-41
1.760833310862888991e-41
1.397855670880546355e-41
1.109702130552823537e-41
8.809484728689906078e-42
6.993500241939605904e-42
5.551862241695728334e-42
4.407403057759605042e-42
3.498862339857985628e-42
2.777607927580700338e-42
2.205032679185711538e-42
1.750487917318101265e-42
1.389642873595974756e-42
1.103182316787825428e-42
8.757726515187892780e-43
6.952411450733708115e-43
5.519243481338164056e-43
4.381508318682587836e-43
3.478305534371926769e-43
2.761288695688237125e-43
2.192077488762797757e-43
1.740203305885384755e-43
1.381478328817468402e-43
1.096700808772039425e-43
8.706272395824020278e-44
6.911564067793348800e-44
5.486816365420059168e-44
4.355765718518850274e-44
3.457869505930110535e-44
2.745065343897146274e-44
2.179198413746461032e-44
1.729979119452597036e-44
1.373361753047892033e-44
1.090257381448389643e-44
8.655120583959119917e-45
6.870956674776518663e-45
5.454579767976070074e-45
4.330174363409386646e-45
3.437553544933352801e-45
2.728937308884645321e-45
2.166395006937138181e-45
1.719815003005828169e-45
1.365292864455794896e-45
1.083851811082027579e-45
8.604269303451045448e-46
6.830587861674757056e-46
5.422532569656451419e-46
4.304733364746679163e-46
3.417356945951369335e-46
2.712904030637788695e-46
2.153666823762780356e-46
1.709710603616902547e-46
1.357271382865488005e-46
1.077483875252610527e-46
8.553716788593348201e-47
6.790456226763512045e-47
5.390673657687643250e-47
4.279441839144031872e-47
3.397279007698673092e-47
2.696964952433749208e-47
2.141013422263202126e-47
1.699665570431197019e-47
1.349297029747470728e-47
1.071153352846624338e-47
8.503461284053239396e-48
6.750560376553761935e-48
5.359001925834253525e-48
4.254298908405076806e-48
3.377319033009881066e-48
2.681119520820602753e-48
2.128434363074982674e-48
1.689679554655530934e-48
1.341369528208624404e-48
1.064860024049597498e-48
8.453501044811009227e-49
6.710898925743913158e-49
5.327516274360106244e-49
4.229303699492857647e-49
3.357476328815655821e-49
2.665367185598228538e-49
2.115929209415993053e-49
1.679752209545886799e-49
1.333488602982655948e-49
1.058603670338592181e-49
8.403834336099791607e-50
6.671470497171122726e-50
5.296215609990285860e-50
4.204455344499996807e-50
3.337750206118782112e-50
2.649707399798970523e-50
2.103497527070323976e-50
1.669883190395560924e-50
1.325653980420596911e-50
1.052384074474508643e-50
8.354459433344489485e-51
6.632273721763769380e-51
5.265098845873405251e-51
4.179752980618137024e-51
3.318139979969906076e-51
2.634139619668763855e-51
2.091138884373296422e-51
1.660072154523028199e-51
1.317865388481167244e-51
1.046201020494588818e-51
8.305374622102842755e-52
6.593307238494202380e-52
5.234164901543333846e-52
4.155195750108167014e-52
3.298644969444134576e-52
2.618663304648365056e-52
2.078852852196294444e-52
1.650318761260114080e-52
1.310122556721482791e-52
1.040054293704961521e-52
8.256578198005075666e-53
6.554569694330811525e-53
5.203412702882282708e-53
4.130782800270609757e-53
3.279264497617060040e-53
2.603277917354319696e-53
2.066639003931953955e-53
1.640622671940236954e-53
1.302425216287530627e-53
1.033943680673083138e-53
8.208068466695062500e-54
6.516059744191806485e-54
5.172841182082987418e-54
4.106513283415604579e-54
3.259997891541397966e-54
2.587982923560600878e-54
2.054496915479438447e-54
1.630983549886505995e-54
1.294773099904891705e-54
1.027868969220445908e-54
8.159843743771853916e-55
6.477776050897851967e-55
5.142449277611854416e-55
4.082386356833944442e-55
3.240844482223757200e-55
2.572777792179800075e-55
2.042426165229505862e-55
1.621401060400103233e-55
1.287165941869515494e-55
1.021829948415106821e-55
8.111902354730362290e-56
6.439717285125924050e-56
5.112235934172317508e-56
4.058401182767398207e-56
3.221803604601088304e-56
2.557661995244798156e-56
2.030426334050104950e-56
1.611874870748730213e-56
1.279603478038381880e-56
1.015826408564407158e-56
8.064242634904157105e-57
6.401882125363417008e-57
5.082200102667758730e-57
4.034556928379805775e-57
3.202874597517958466e-57
2.542635007890504808e-57
2.018497005271615892e-57
1.602404650154892144e-57
1.272085445820404846e-57
1.009858141207736131e-57
8.016862929406731053e-58
6.364269257861715693e-58
5.052340740165300685e-58
4.010852765728267955e-58
3.184056803703273199e-58
2.527696308335560221e-58
2.006637764672500389e-58
1.592990069784597663e-58
1.264611584167258695e-58
1.003924939109204005e-58
7.969761593074961999e-59
6.326877376590936641e-59
5.022656809859804607e-59
3.987287871734283797e-59
3.165349569747636239e-59
2.512845377864145376e-59
1.994848200464831136e-59
1.583630802735778978e-59
1.257181633564458264e-59
9.980265962505052072e-60
7.922936990411185835e-60
6.289705183194317252e-60
4.993147281037442515e-60
3.963861428155057317e-60
3.146752246080527945e-60
2.498081700808079099e-60
1.983127903280222874e-60
1.574326524027033893e-60
1.249795336022132270e-60
9.921629078237218216e-61
7.876387495526858021e-61
6.252751386943840265e-61
4.963811129040051329e-61
3.940572621555257870e-61
3.128264186948107006e-61
2.483404764528877526e-61
1.971476466155273748e-61
1.565076910586273144e-61
1.242452435066208151e-61
9.863336702243247893e-62
7.830111492085996747e-62
6.216014704694344357e-62
4.934647335230045540e-62
3.917420643278716882e-62
3.109884750390249310e-62
2.468814059399881284e-62
1.959893484517664975e-62
1.555881641239680358e-62
1.235152675729470959e-62
9.805386810439344069e-63
7.784107373248822538e-63
6.179493860839691322e-63
4.905654886954204153e-63
3.894404689420238659e-63
3.091613298218619835e-63
2.454309078788843960e-63
1.948378556172053354e-63
1.546740396700293068e-63
1.227895804542675854e-63
9.747777390634063196e-64
7.738373541616861946e-64
6.143187587268284259e-64
4.876832777509068615e-64
3.871523960798130043e-64
3.073449195994416623e-64
2.439889319039913733e-64
1.936931281286052846e-64
1.537652859557094991e-64
1.220681569525885735e-64
9.690506442458149640e-65
7.692908409176145519e-65
6.107094623318871077e-65
4.848180006105847481e-65
3.848777662925783553e-65
3.055391813006262578e-65
2.425554279456432677e-65
1.925551262376570202e-65
1.528618714263948029e-65
1.213509720179512639e-65
9.633571977294808134e-66
7.647710397242953048e-66
6.071213715737460887e-66
4.819695577835668076e-66
3.826165005984538018e-66
3.037440522248645714e-66
2.411303462283474620e-66
1.914238104295673325e-66
1.519637647128594489e-66
1.206380007475758372e-66
9.576972018211756635e-67
7.602777936408778733e-67
6.035543618632763337e-67
4.791378503634891016e-67
3.803685204796137495e-67
3.019594700399629611e-67
2.397136372690498322e-67
1.902991414217090534e-67
1.510709346301937048e-67
1.199292183849935005e-67
9.520704599890919649e-68
7.558109466485625164e-68
6.000083093433621532e-68
4.763227800251316226e-68
3.781337478795471753e-68
3.001853727799556254e-68
2.383052518754434335e-68
1.891810801622515560e-68
1.501833501766950268e-68
1.192246003191832145e-68
9.464767768561302914e-69
7.513703436452676107e-69
5.964830908845842712e-69
4.735242490209214773e-69
3.759121052003365326e-69
2.984216988429443833e-69
2.369051411442197133e-69
1.880695878287994054e-69
1.493009805328089221e-69
1.185241220837308338e-69
9.409159581930864958e-70
7.469558304401164284e-70
5.929785840809258169e-70
4.707421601775947723e-70
3.737035153000056392e-70
2.966683869889597716e-70
2.355132564593976491e-70
1.869646258270657794e-70
1.484237950600545505e-70
1.178277593559591455e-70
9.353878109118815632e-71
7.425672537481686026e-71
5.894946672455910742e-71
4.679764168928073079e-71
3.715079014897776956e-71
2.949253763378256880e-71
2.341295494906288635e-71
1.858661557895001554e-71
1.475517632999565867e-71
1.171354879560969512e-71
9.298921430589628053e-72
7.382044611850758621e-72
5.860312194066776610e-72
4.652269231317681109e-72
3.693251875314545861e-72
2.931926063670799133e-72
2.327539721915194835e-72
1.847741395739775736e-72
1.466848549730044301e-72
1.164472838464360351e-72
9.244287638084794634e-73
7.338673012617701626e-73
5.825881203030444327e-73
4.624935834239574193e-73
3.671552976347590934e-73
2.914700169098212249e-73
2.313864767979551221e-73
1.836885392624687878e-73
1.458230399775755900e-73
1.157631231304932270e-73
9.189974834557633991e-74
7.295556233792876100e-74
5.791652503801185307e-74
4.597763028597319304e-74
3.649981564546930295e-74
2.897575481526547039e-74
2.300270158264688614e-74
1.826093171597185990e-74
1.449662883889073511e-74
1.150829820521938115e-74
9.135981134107150117e-75
7.252692778234126375e-75
5.757624907857273198e-75
4.570749870870827352e-75
3.628536890889624080e-75
2.880551406336057579e-75
2.286755420725528281e-75
1.815364357919575781e-75
1.441145704580534033e-75
1.144068369950268639e-75
9.082304661912284488e-76
7.210081157595644335e-76
5.723797233660376190e-76
4.543895423083454518e-76
3.607218210753144646e-76
2.863627352400476944e-76
2.273320086090455693e-76
1.804698579055697510e-76
1.432678566108468157e-76
1.137346644812384439e-76
9.028943554167862611e-77
7.167719892276069171e-77
5.690168306613542627e-77
4.517198752769309457e-77
3.586024783889934342e-77
2.846802732066816217e-77
2.259963687844959573e-77
1.794095464658198815e-77
1.424261174468895340e-77
1.130664411710130165e-77
8.975895958018320673e-78
7.125607511366918359e-78
5.656736959021073974e-78
4.490658932941383019e-78
3.564955874401599806e-78
2.830076961134469759e-78
2.246685762215369288e-78
1.783554646555622053e-78
1.415893237385068533e-78
1.124021438616598980e-78
8.923160031494394665e-79
7.083742552602317861e-79
5.623502030047813414e-79
4.464275042058595615e-79
3.544010750713256894e-79
2.813449458835257222e-79
2.233485848153007747e-79
1.773075758739621609e-79
1.407574464297490534e-79
1.117417494868203637e-79
8.870733943448915210e-80
7.042123562307011386e-80
5.590462365678680274e-80
4.438046163994306895e-80
3.523188685548535653e-80
2.796919647813174529e-80
2.220363487317796795e-80
1.762658437352204468e-80
1.399304566353783096e-80
1.110852351156474351e-80
8.818615873492971707e-81
7.000749095346698850e-81
5.557616818679237272e-81
4.411971388004382276e-81
3.502488955903715308e-81
2.780486954104269893e-81
2.207318224062600826e-81
1.752302320673295484e-81
1.391083256398657356e-81
1.104325779520226234e-81
8.766804011933701552e-82
6.959617715077652789e-82
5.524964248554893367e-82
4.386049808695440541e-82
3.481910843023028086e-82
2.764150807117027704e-82
2.194349605417338745e-82
1.742007049107877963e-82
1.382910248963904179e-82
1.097837553337609568e-82
8.715296559709949224e-83
6.918727993296636751e-83
5.492503521511947639e-83
4.360280525993916532e-83
3.461453632373600591e-83
2.747910639612082991e-83
2.181457181073195802e-83
1.731772265173706929e-83
1.374785260258637797e-83
1.091387447318243254e-83
8.664091728330803315e-84
6.878078510192102929e-84
5.460233510418056696e-84
4.334662645114057560e-84
3.441116613620543329e-84
2.731765887682840577e-84
2.168640503367233370e-84
1.721597613488847582e-84
1.366708008159206732e-84
1.084975237495359472e-84
8.613187739813239304e-85
6.837667854293705807e-85
5.428153094762944698e-85
4.309195276527355016e-85
3.420899080602678419e-85
2.715715990735815958e-85
2.155899127266475430e-85
1.711482740759285025e-85
1.358678212199555664e-85
1.078600701218151409e-85
8.562582826620389905e-86
6.797494622424086590e-86
5.396261160620111613e-86
4.283877535931532566e-86
3.400800331307431185e-86
2.699760391471092751e-86
2.143232610352700726e-86
1.701427295766852642e-86
1.350695593561445511e-86
1.072263617143855143e-86
8.512275231599920248e-87
6.757557419649949484e-87
5.364556600607229040e-87
4.258708544219718806e-87
3.380819667846848785e-87
2.683898535863281218e-87
2.130640512807020643e-87
1.691430929356744064e-87
1.342759875064735453e-87
1.065963765230190528e-87
8.462263207923989836e-88
6.717854859233433182e-88
5.333038313848307868e-88
4.233687427450404547e-88
3.360956396433263309e-88
2.668129873141815271e-88
2.118122397394546844e-88
1.681493294425584832e-88
1.334870781157911511e-88
1.059700926727686549e-88
8.412545019027141308e-89
6.678385562584728708e-89
5.301705205935314119e-89
4.208813316816373939e-89
3.341209827355115859e-89
2.652453855772139719e-89
2.105677829449449556e-89
1.671614045909330952e-89
1.327028037908286657e-89
1.053474884172058037e-89
8.363118938546973655e-90
6.639148159213056488e-90
5.270556188890024016e-90
4.184085348615019022e-90
3.321579274953378154e-90
2.636869939436617969e-90
2.093306376859504226e-90
1.661792840771239467e-90
1.319231372992646041e-90
1.047285421376773336e-90
8.313983250263946436e-91
6.600141286679852928e-91
5.239590181126839717e-91
4.159502664218228080e-91
3.302064057597181260e-91
2.621377583015560807e-91
2.081007610051326770e-91
1.652029337990148107e-91
1.311480515687749774e-91
1.041132323425368701e-91
8.265136248041565609e-92
6.561363590551261988e-92
5.208806107414337168e-92
4.135064410042455581e-92
3.282663497660523283e-92
2.605976248568731886e-92
2.068781101975398819e-92
1.642323198548347606e-92
1.303775196860895508e-92
1.035015376664104407e-92
8.216576235768071881e-93
6.522813724351111638e-93
5.178202898838530208e-93
4.110769737519552364e-93
3.263376921498646901e-93
2.590665401316224476e-93
2.056626428091180393e-93
1.632674085420001570e-93
1.296115148960724286e-93
1.028934368694517627e-93
8.168301527296142873e-94
6.484490349513972918e-94
5.147779492765603038e-94
4.086617803066596412e-94
3.244203659424555799e-94
2.575444509620188126e-94
2.044543166352602432e-94
1.623081663559394684e-94
1.288500106007704879e-94
1.022889088366016690e-94
8.120310446385279052e-95
6.446392135339420606e-95
5.117534832805017058e-95
4.062607768057069948e-95
3.225143045686131888e-95
2.560313044966294257e-95
2.032530897193059599e-95
1.613545599889254911e-95
1.280929803585048951e-95
1.016879325768667513e-95
8.072601326643366449e-96
6.408517758944718115e-96
5.087467868772680237e-96
4.038738798791622064e-96
3.206194418442462129e-96
2.545270481945315112e-96
2.020589203511079011e-96
1.604065563289370831e-96
1.273403978829490807e-96
1.010904872225728408e-96
8.025172511468590037e-97
6.370865905219622224e-97
5.057577556655061871e-97
4.015010066469124988e-97
3.187357119741226134e-97
2.530316298235166737e-97
2.008717670655775623e-97
1.594641224584818386e-97
1.265922370422125171e-97
1.004965520286521486e-97
7.978022353992825732e-98
6.333435266780534432e-98
5.027862858572075207e-98
3.991420747157773912e-98
3.168630495495762688e-98
2.515449974582337403e-98
1.996915886412399583e-98
1.585272256534714724e-98
1.258484718579476636e-98
9.990610637192006389e-99
7.931149217023077251e-99
6.296224543924927368e-99
4.998322742741612902e-99
3.967970021766939329e-99
3.150013895462351574e-99
2.500670994784149576e-99
1.985183440988248669e-99
1.575958333820809930e-99
1.251090765044263806e-99
9.931912975035620361e-100
7.884551472985549508e-100
6.259232444586927472e-100
4.968956183443583002e-100
3.944657076018039992e-100
3.131506673217551354e-100
2.485978845670763039e-100
1.973519926998099328e-100
1.566699133036145918e-100
1.243740253076575866e-100
9.873560178240372859e-101
7.838227503868900518e-101
6.222457684291378811e-101
4.939762160984146542e-101
3.921481100416725269e-101
3.113108186136107234e-101
2.471373017087283789e-101
1.961924939450287398e-101
1.557494332674006792e-101
1.236432927444920866e-101
9.815550220624487399e-102
7.792175701167848503e-102
