4.455422452743129647e-01
2.271378842337312132e-01
1.157951215656593119e-01
5.903246930225027750e-02
3.009481215445780969e-02
1.534236546966834085e-02
7.821553329416766620e-03
3.987435744889272771e-03
2.032798748532764141e-03
1.036322844156858675e-03
5.283184270437633672e-04
2.693372648569620728e-04
1.373084082009889549e-04
6.999996444124437396e-05
3.568605219429084443e-05
1.819278525894936491e-05
9.274700201531287542e-06
4.728251480128346111e-06
2.410467354583039030e-06
1.228858678928142310e-06
6.264733890321590707e-07
3.193767630853738824e-07
1.628185946676415929e-07
8.300508312954299991e-08
4.231607476656127392e-08
2.157277742683057513e-08
1.099782360426592126e-08
5.606701521896668724e-09
2.858302068369702144e-09
1.457165265912489760e-09
7.428643164341642440e-10
3.787129748015414268e-10
1.930682550098551262e-10
9.842639036089009935e-11
5.017787268538688965e-11
2.558072990383029712e-11
1.304108180343979365e-11
6.648356604497956758e-12
3.389338875929216585e-12
1.727888363887273658e-12
8.808792237508301846e-13
4.490731132017089190e-13
2.289379242502366524e-13
1.167127837743986483e-13
5.950029441815123143e-14
3.033330986852242632e-14
1.546395184389390856e-14
7.883538185142943015e-15
4.019035686608626139e-15
2.048908430566673778e-15
1.044535576241573601e-15
5.325052861110827875e-16
2.714717298156111448e-16
1.383965605811971361e-16
7.055470561783529252e-17
3.596885980341131181e-17
1.833696086218823329e-17
9.348201068901644797e-18
4.765722296152915386e-18
2.429570014235641923e-18
1.238597234009620638e-18
6.314381141960741396e-19
3.219077849615134761e-19
1.641089121627689627e-19
8.366288828481521036e-20
4.265142449555172054e-20
2.174373905556310080e-20
1.108498001434229591e-20
5.651133947311158809e-21
2.880953763482938577e-21
1.468713122837158201e-21
7.487514254953671407e-22
3.817142289151474765e-22
1.945982973720391465e-22
9.920640749421601094e-23
5.057552620356365633e-23
2.578345406688056068e-23
1.314443078542003440e-23
6.701044019336135147e-24
3.416198972943633133e-24
1.741581668328945833e-24
8.878600841115235703e-25
4.526319628265806445e-25
2.307522293642257444e-25
1.176377183441658836e-25
5.997182699101042627e-26
3.057369764786888484e-26
1.558650177529891176e-26
7.946014263287190666e-27
4.050886054010192548e-27
2.065145779864953276e-27
1.052813393225919448e-27
5.367253255256186584e-28
2.736231101486039339e-28
1.394933364362390805e-28
7.111384305055903626e-29
3.625390862832503707e-29
1.848227903948989990e-29
9.422284421677116442e-30
4.803490063822143302e-30
2.448824060135028726e-30
1.248412965951782938e-30
6.364421842011026362e-31
3.244588648771763057e-31
1.654094552665964948e-31
8.432590646567484034e-32
4.298943183022403659e-32
2.191605553434193059e-32
1.117282712833339981e-32
5.695918494275219856e-33
2.903784970515908549e-33
1.480352495118855648e-33
7.546851891775250838e-34
3.847392676013832724e-34
1.961404651332451674e-34
9.999260616814382574e-35
5.097633107734962815e-35
2.598778479418607721e-35
1.324859879547165418e-35
6.754148975507853470e-36
3.443271932949375107e-36
1.755383490537426244e-36
8.948962669387591934e-37
4.562190159004695082e-37
2.325809126248554479e-37
1.185699829075356688e-37
6.044709640197129233e-38
3.081599047103381795e-38
1.571002289995628059e-38
8.008985456727212874e-39
4.082988831686909485e-39
2.081511808175091731e-39
1.061156810899774554e-39
5.409788082375726538e-40
2.757915399082158933e-40
1.405988041061003468e-40
7.167741157920997305e-41
3.654121643039367794e-41
1.862874884561465359e-41
9.496954875983459942e-42
4.841557136441647140e-42
2.468230691998731270e-42
1.258306486371850732e-42
6.414859108503093646e-43
3.270301617898826324e-43
1.667203050158256819e-43
8.499417898471491174e-44
4.333011783177895367e-44
2.208973760018866588e-44
1.126137041998351405e-44
5.741057953309266364e-45
2.926797112078682611e-45
1.492084108005614388e-45
7.606659772128032703e-46
3.877882793500830868e-46
1.976948543857773991e-46
1.007850353706281992e-46
5.138031228085258791e-47
2.619373481757243539e-47
1.335359232429175549e-47
6.807674781977208300e-48
3.470559442859565619e-48
1.769294690502768905e-48
9.019882106563055156e-49
4.598344959322660548e-49
2.344240879771858277e-49
1.195096355538123871e-49
6.092613226502063673e-50
3.106020343525704206e-50
1.583452291445425072e-50
8.072455689191314190e-51
4.115346019959466603e-51
2.098007535262555888e-51
1.069566349140613630e-51
5.452659992809962498e-52
2.779771542090763728e-52
1.417130324723527903e-52
7.224544631968214126e-53
3.683080111173556224e-53
1.877637940708025586e-53
9.572217084528666306e-54
4.879925885966603054e-54
2.487791119051898062e-54
1.268278411734010721e-54
6.465696084177602985e-55
3.296218359168647594e-55
1.680415430893636961e-55
8.566774748192374833e-56
4.367350372832467241e-56
2.226479607521402522e-56
1.135061540641563917e-56
5.786555137048106253e-57
2.949991622055289415e-57
1.503908692492952826e-57
7.666941622634674330e-58
3.908614541448418447e-58
1.992615619834618989e-58
1.015837444778462367e-58
5.178749498609830079e-59
2.640131696976349697e-59
